1.925000000000000000e+03
4.075000000000000000e+03
5.969000000000000000e+03
7.412000000000000000e+03
9.591000000000000000e+03
1.227600000000000000e+04
1.376300000000000000e+04
1.584500000000000000e+04
1.797500000000000000e+04
2.046700000000000000e+04
2.220300000000000000e+04
2.452100000000000000e+04
2.656200000000000000e+04
2.861000000000000000e+04
3.066700000000000000e+04
3.209200000000000000e+04
3.439400000000000000e+04
3.671300000000000000e+04
3.823600000000000000e+04
4.091900000000000000e+04
4.254700000000000000e+04
4.505000000000000000e+04
4.701400000000000000e+04
4.914800000000000000e+04
5.112000000000000000e+04
5.322000000000000000e+04
5.432700000000000000e+04
5.728400000000000000e+04
5.905300000000000000e+04
6.059800000000000000e+04
6.335100000000000000e+04
6.513000000000000000e+04
6.733300000000000000e+04
6.928400000000000000e+04
7.131900000000000000e+04
7.370500000000000000e+04
7.574400000000000000e+04
7.780300000000000000e+04
7.980700000000000000e+04
8.187000000000000000e+04
8.368300000000000000e+04
8.595500000000000000e+04
8.745300000000000000e+04
9.007700000000000000e+04
9.212500000000000000e+04
9.415800000000000000e+04
9.624200000000000000e+04
9.818700000000000000e+04
1.002720000000000000e+05
1.019910000000000000e+05
1.044370000000000000e+05
1.064780000000000000e+05
1.085250000000000000e+05
1.105740000000000000e+05
1.126270000000000000e+05
1.146880000000000000e+05
1.164880000000000000e+05
1.187100000000000000e+05
1.207970000000000000e+05
1.226100000000000000e+05
1.245050000000000000e+05
1.268820000000000000e+05
1.289170000000000000e+05
1.310550000000000000e+05
1.330600000000000000e+05
1.346590000000000000e+05
1.372160000000000000e+05
1.392390000000000000e+05
1.413000000000000000e+05
1.433530000000000000e+05
1.454010000000000000e+05
1.474310000000000000e+05
1.495020000000000000e+05
1.514770000000000000e+05
1.532300000000000000e+05
1.556020000000000000e+05
1.576950000000000000e+05
1.592190000000000000e+05
1.617120000000000000e+05
1.638060000000000000e+05
1.658060000000000000e+05
1.675220000000000000e+05
1.698080000000000000e+05
1.720280000000000000e+05
1.738080000000000000e+05
1.761160000000000000e+05
1.773320000000000000e+05
1.797510000000000000e+05
1.818110000000000000e+05
1.842930000000000000e+05
1.857060000000000000e+05
1.883890000000000000e+05
1.896890000000000000e+05
1.924610000000000000e+05
1.939670000000000000e+05
1.965880000000000000e+05
1.986450000000000000e+05
2.000360000000000000e+05
2.027050000000000000e+05
2.047440000000000000e+05
2.064220000000000000e+05
2.088750000000000000e+05
2.109230000000000000e+05
2.129650000000000000e+05
2.144990000000000000e+05
2.169590000000000000e+05
2.189410000000000000e+05
2.210890000000000000e+05
2.222640000000000000e+05
2.252570000000000000e+05
2.273100000000000000e+05
2.293700000000000000e+05
2.313580000000000000e+05
2.334540000000000000e+05
2.348420000000000000e+05
2.375010000000000000e+05
2.394910000000000000e+05
2.407780000000000000e+05
2.430650000000000000e+05
2.456460000000000000e+05
2.470470000000000000e+05
2.497690000000000000e+05
2.513070000000000000e+05
2.539480000000000000e+05
2.556590000000000000e+05
2.575700000000000000e+05
2.600370000000000000e+05
2.620870000000000000e+05
2.636370000000000000e+05
2.662120000000000000e+05
2.682850000000000000e+05
2.699770000000000000e+05
2.723800000000000000e+05
2.743710000000000000e+05
2.764530000000000000e+05
2.785110000000000000e+05
2.805740000000000000e+05
2.821420000000000000e+05
2.837910000000000000e+05
2.866970000000000000e+05
2.887200000000000000e+05
2.904980000000000000e+05
2.919960000000000000e+05
2.946000000000000000e+05
2.968890000000000000e+05
2.981020000000000000e+05
3.003760000000000000e+05
3.026810000000000000e+05
3.042220000000000000e+05
3.071470000000000000e+05
3.083680000000000000e+05
3.112640000000000000e+05
3.132470000000000000e+05
3.151750000000000000e+05
3.174010000000000000e+05
3.192250000000000000e+05
3.213510000000000000e+05
3.235710000000000000e+05
3.246790000000000000e+05
3.276330000000000000e+05
3.291130000000000000e+05
3.311300000000000000e+05
3.336430000000000000e+05
3.358160000000000000e+05
3.374620000000000000e+05
3.399410000000000000e+05
3.412060000000000000e+05
3.439520000000000000e+05
3.451250000000000000e+05
3.479770000000000000e+05
3.496920000000000000e+05
3.520840000000000000e+05
3.533840000000000000e+05
3.557390000000000000e+05
3.578510000000000000e+05
3.595510000000000000e+05
3.624710000000000000e+05
3.645130000000000000e+05
3.663800000000000000e+05
3.678820000000000000e+05
3.699580000000000000e+05
3.721170000000000000e+05
3.742250000000000000e+05
3.767500000000000000e+05
3.780790000000000000e+05
3.805140000000000000e+05
3.822000000000000000e+05
3.847210000000000000e+05
3.870680000000000000e+05
3.883350000000000000e+05
3.908780000000000000e+05
3.931710000000000000e+05
3.951700000000000000e+05
3.972010000000000000e+05
3.986840000000000000e+05
4.013800000000000000e+05
4.033720000000000000e+05
4.054780000000000000e+05
4.075030000000000000e+05
4.095490000000000000e+05
4.108230000000000000e+05
4.133810000000000000e+05
4.156320000000000000e+05
4.177560000000000000e+05
4.191690000000000000e+05
4.208960000000000000e+05
4.234220000000000000e+05
4.254500000000000000e+05
4.275340000000000000e+05
4.294310000000000000e+05
4.312140000000000000e+05
4.336020000000000000e+05
4.361690000000000000e+05
4.376560000000000000e+05
4.402500000000000000e+05
4.415570000000000000e+05
4.442460000000000000e+05
4.456370000000000000e+05
4.478270000000000000e+05
4.502790000000000000e+05
4.525240000000000000e+05
4.541390000000000000e+05
4.561040000000000000e+05
4.580600000000000000e+05
4.607960000000000000e+05
4.628320000000000000e+05
4.646290000000000000e+05
4.668860000000000000e+05
4.689740000000000000e+05
4.709650000000000000e+05
4.730000000000000000e+05
4.744620000000000000e+05
4.764620000000000000e+05
4.789520000000000000e+05
4.810660000000000000e+05
4.824560000000000000e+05
4.849520000000000000e+05
4.874150000000000000e+05
4.890000000000000000e+05
4.913460000000000000e+05
4.935620000000000000e+05
4.952160000000000000e+05
4.975920000000000000e+05
4.988610000000000000e+05
5.016700000000000000e+05
5.030840000000000000e+05
5.052610000000000000e+05
5.069610000000000000e+05
5.099200000000000000e+05
5.117770000000000000e+05
5.132270000000000000e+05
5.157680000000000000e+05
5.179790000000000000e+05
5.197970000000000000e+05
5.217970000000000000e+05
5.241710000000000000e+05
5.258850000000000000e+05
5.281580000000000000e+05
5.303710000000000000e+05
5.324080000000000000e+05
5.336690000000000000e+05
5.363340000000000000e+05
5.377850000000000000e+05
5.405840000000000000e+05
5.417460000000000000e+05
5.441380000000000000e+05
5.462860000000000000e+05
5.481620000000000000e+05
5.506330000000000000e+05
5.528660000000000000e+05
5.542910000000000000e+05
5.565010000000000000e+05
5.590310000000000000e+05
5.609060000000000000e+05
5.623550000000000000e+05
5.651740000000000000e+05
5.671890000000000000e+05
5.692010000000000000e+05
5.708860000000000000e+05
5.733080000000000000e+05
5.746050000000000000e+05
5.768520000000000000e+05
5.788130000000000000e+05
5.815090000000000000e+05
5.836620000000000000e+05
5.848600000000000000e+05
5.875900000000000000e+05
5.893870000000000000e+05
5.918350000000000000e+05
5.932990000000000000e+05
5.959350000000000000e+05
5.970380000000000000e+05
5.999050000000000000e+05
6.019050000000000000e+05
6.036740000000000000e+05
6.052660000000000000e+05
6.078950000000000000e+05
6.101380000000000000e+05
6.122130000000000000e+05
6.143840000000000000e+05
6.160930000000000000e+05
6.184670000000000000e+05
6.199600000000000000e+05
6.221720000000000000e+05
6.237020000000000000e+05
6.258060000000000000e+05
6.278460000000000000e+05
6.302910000000000000e+05
6.325930000000000000e+05
6.348710000000000000e+05
6.368710000000000000e+05
6.387710000000000000e+05
6.410070000000000000e+05
6.428610000000000000e+05
6.451180000000000000e+05
6.471600000000000000e+05
6.492060000000000000e+05
6.511140000000000000e+05
6.531540000000000000e+05
6.552880000000000000e+05
6.568680000000000000e+05
6.586570000000000000e+05
6.606570000000000000e+05
6.625910000000000000e+05
6.655880000000000000e+05
6.673380000000000000e+05
6.689810000000000000e+05
6.715750000000000000e+05
6.730320000000000000e+05
6.748780000000000000e+05
6.769130000000000000e+05
6.798790000000000000e+05
6.811870000000000000e+05
6.833590000000000000e+05
6.860220000000000000e+05
6.875070000000000000e+05
6.898280000000000000e+05
6.921080000000000000e+05
6.934270000000000000e+05
6.958130000000000000e+05
6.982190000000000000e+05
6.994930000000000000e+05
7.023330000000000000e+05
7.044440000000000000e+05
7.060660000000000000e+05
7.080520000000000000e+05
7.105030000000000000e+05
7.123940000000000000e+05
7.147040000000000000e+05
7.167730000000000000e+05
7.184100000000000000e+05
7.207800000000000000e+05
7.227560000000000000e+05
7.244230000000000000e+05
7.261640000000000000e+05
7.284220000000000000e+05
7.310140000000000000e+05
7.322570000000000000e+05
7.351020000000000000e+05
7.367880000000000000e+05
7.392600000000000000e+05
7.406090000000000000e+05
7.429520000000000000e+05
7.454140000000000000e+05
7.468530000000000000e+05
7.495110000000000000e+05
7.514560000000000000e+05
7.534560000000000000e+05
7.554540000000000000e+05
7.574540000000000000e+05
7.595570000000000000e+05
7.612740000000000000e+05
7.638040000000000000e+05
7.659370000000000000e+05
7.679640000000000000e+05
7.694270000000000000e+05
7.720290000000000000e+05
7.740290000000000000e+05
7.760050000000000000e+05
7.780050000000000000e+05
7.797480000000000000e+05
7.817480000000000000e+05
7.842870000000000000e+05
7.858430000000000000e+05
7.884730000000000000e+05
7.902310000000000000e+05
7.925660000000000000e+05
7.939800000000000000e+05
7.966420000000000000e+05
7.985150000000000000e+05
7.997810000000000000e+05
8.027370000000000000e+05
8.047860000000000000e+05
8.066940000000000000e+05
8.084690000000000000e+05
8.107960000000000000e+05
8.130060000000000000e+05
8.150470000000000000e+05
8.168230000000000000e+05
8.189620000000000000e+05
8.207330000000000000e+05
8.223740000000000000e+05
8.245470000000000000e+05
8.265680000000000000e+05
8.289110000000000000e+05
8.305020000000000000e+05
8.334690000000000000e+05
8.352650000000000000e+05
8.372650000000000000e+05
8.390510000000000000e+05
8.411270000000000000e+05
8.432730000000000000e+05
8.456840000000000000e+05
8.473910000000000000e+05
8.496970000000000000e+05
8.515560000000000000e+05
8.536790000000000000e+05
8.556790000000000000e+05
8.576790000000000000e+05
8.601560000000000000e+05
8.619510000000000000e+05
8.636130000000000000e+05
8.656150000000000000e+05
8.683170000000000000e+05
8.703820000000000000e+05
8.719490000000000000e+05
8.744890000000000000e+05
8.760520000000000000e+05
8.784360000000000000e+05
8.802030000000000000e+05
8.825350000000000000e+05
8.847340000000000000e+05
8.863850000000000000e+05
8.886800000000000000e+05
8.908320000000000000e+05
8.923240000000000000e+05
8.945960000000000000e+05
8.963510000000000000e+05
8.989080000000000000e+05
9.010870000000000000e+05
9.027770000000000000e+05
9.050190000000000000e+05
9.072170000000000000e+05
9.085080000000000000e+05
9.105080000000000000e+05
9.127750000000000000e+05
9.149800000000000000e+05
9.170230000000000000e+05
9.190850000000000000e+05
9.214540000000000000e+05
9.232440000000000000e+05
9.254450000000000000e+05
9.276900000000000000e+05
9.296900000000000000e+05
9.315210000000000000e+05
9.337590000000000000e+05
9.357590000000000000e+05
9.378500000000000000e+05
9.393310000000000000e+05
9.412740000000000000e+05
9.438840000000000000e+05
9.458960000000000000e+05
9.481330000000000000e+05
9.495890000000000000e+05
9.516230000000000000e+05
9.537030000000000000e+05
9.560700000000000000e+05
9.582020000000000000e+05
9.602030000000000000e+05
9.624810000000000000e+05
9.645960000000000000e+05
9.656700000000000000e+05
9.685940000000000000e+05
9.704180000000000000e+05
9.721720000000000000e+05
9.748410000000000000e+05
9.765640000000000000e+05
9.786190000000000000e+05
9.805730000000000000e+05
9.823590000000000000e+05
9.846700000000000000e+05
9.870500000000000000e+05
9.890050000000000000e+05
9.909740000000000000e+05
9.929160000000000000e+05
9.953090000000000000e+05
9.968980000000000000e+05
9.993250000000000000e+05
1.001415000000000000e+06
1.003366000000000000e+06
1.005366000000000000e+06
1.007157000000000000e+06
1.009191000000000000e+06
1.011694000000000000e+06
1.013251000000000000e+06
1.015808000000000000e+06
1.016986000000000000e+06
1.018920000000000000e+06
1.021770000000000000e+06
1.023646000000000000e+06
1.025529000000000000e+06
1.028072000000000000e+06
1.029559000000000000e+06
1.031598000000000000e+06
1.033325000000000000e+06
1.036283000000000000e+06
1.038217000000000000e+06
1.040181000000000000e+06
1.042204000000000000e+06
1.044303000000000000e+06
1.046371000000000000e+06
1.048529000000000000e+06
1.049654000000000000e+06
1.051935000000000000e+06
1.054472000000000000e+06
1.056145000000000000e+06
1.058385000000000000e+06
1.060800000000000000e+06
1.062908000000000000e+06
1.064750000000000000e+06
1.066839000000000000e+06
1.068863000000000000e+06
1.070740000000000000e+06
1.072966000000000000e+06
1.074852000000000000e+06
1.076755000000000000e+06
1.078841000000000000e+06
1.080674000000000000e+06
1.083126000000000000e+06
1.085218000000000000e+06
1.087272000000000000e+06
1.089303000000000000e+06
1.091485000000000000e+06
1.093623000000000000e+06
1.095221000000000000e+06
1.097342000000000000e+06
1.099687000000000000e+06
1.101337000000000000e+06
1.103722000000000000e+06
1.104941000000000000e+06
1.107378000000000000e+06
1.109273000000000000e+06
1.111910000000000000e+06
1.113694000000000000e+06
1.115875000000000000e+06
1.117721000000000000e+06
1.120073000000000000e+06
1.121308000000000000e+06
1.123433000000000000e+06
1.125817000000000000e+06
1.128114000000000000e+06
1.130450000000000000e+06
1.132441000000000000e+06
1.134211000000000000e+06
1.136531000000000000e+06
1.138283000000000000e+06
1.140229000000000000e+06
1.142229000000000000e+06
1.143924000000000000e+06
1.146671000000000000e+06
1.148331000000000000e+06
1.150940000000000000e+06
1.152755000000000000e+06
1.155061000000000000e+06
1.157016000000000000e+06
1.158642000000000000e+06
1.160719000000000000e+06
1.163088000000000000e+06
1.164538000000000000e+06
1.166843000000000000e+06
1.168519000000000000e+06
1.171444000000000000e+06
1.172930000000000000e+06
1.175187000000000000e+06
1.176612000000000000e+06
1.179623000000000000e+06
1.181674000000000000e+06
1.182756000000000000e+06
1.185301000000000000e+06
1.187363000000000000e+06
1.189874000000000000e+06
1.191145000000000000e+06
1.193727000000000000e+06
1.196017000000000000e+06
1.197986000000000000e+06
1.199800000000000000e+06
1.201179000000000000e+06
1.204109000000000000e+06
1.206105000000000000e+06
1.207576000000000000e+06
1.209377000000000000e+06
1.212024000000000000e+06
1.214447000000000000e+06
1.215751000000000000e+06
1.217834000000000000e+06
1.220505000000000000e+06
1.222142000000000000e+06
1.224613000000000000e+06
1.226447000000000000e+06
1.228756000000000000e+06
1.230756000000000000e+06
1.232177000000000000e+06
1.234516000000000000e+06
1.236124000000000000e+06
1.238187000000000000e+06
1.240599000000000000e+06
1.242531000000000000e+06
1.245136000000000000e+06
1.246419000000000000e+06
1.248567000000000000e+06
1.250448000000000000e+06
1.252729000000000000e+06
1.255101000000000000e+06
1.257101000000000000e+06
1.259281000000000000e+06
1.260874000000000000e+06
1.262874000000000000e+06
1.265068000000000000e+06
1.267686000000000000e+06
1.269305000000000000e+06
1.271499000000000000e+06
1.273612000000000000e+06
1.275713000000000000e+06
1.277713000000000000e+06
1.279956000000000000e+06
1.281956000000000000e+06
1.283956000000000000e+06
1.285804000000000000e+06
1.287407000000000000e+06
1.289697000000000000e+06
1.292010000000000000e+06
1.294010000000000000e+06
1.296291000000000000e+06
1.297596000000000000e+06
1.300191000000000000e+06
1.302244000000000000e+06
1.303856000000000000e+06
1.306437000000000000e+06
1.308437000000000000e+06
1.310293000000000000e+06
1.312310000000000000e+06
1.314310000000000000e+06
1.315938000000000000e+06
1.318400000000000000e+06
1.320684000000000000e+06
1.322542000000000000e+06
1.324700000000000000e+06
1.326817000000000000e+06
1.328915000000000000e+06
1.330915000000000000e+06
1.332527000000000000e+06
1.335261000000000000e+06
1.336957000000000000e+06
1.338957000000000000e+06
1.341373000000000000e+06
1.343117000000000000e+06
1.344776000000000000e+06
1.346799000000000000e+06
1.348799000000000000e+06
1.351345000000000000e+06
1.353315000000000000e+06
1.355315000000000000e+06
1.357667000000000000e+06
1.359042000000000000e+06
1.361111000000000000e+06
1.363095000000000000e+06
1.365759000000000000e+06
1.367851000000000000e+06
1.370083000000000000e+06
1.372083000000000000e+06
1.373488000000000000e+06
1.375513000000000000e+06
1.377613000000000000e+06
1.379613000000000000e+06
1.382226000000000000e+06
1.384226000000000000e+06
1.386256000000000000e+06
1.388198000000000000e+06
1.389691000000000000e+06
1.392336000000000000e+06
1.394292000000000000e+06
1.396491000000000000e+06
1.398382000000000000e+06
1.400382000000000000e+06
1.402504000000000000e+06
1.404804000000000000e+06
1.406284000000000000e+06
1.408397000000000000e+06
1.410397000000000000e+06
1.412409000000000000e+06
1.414409000000000000e+06
1.417109000000000000e+06
1.419173000000000000e+06
1.420809000000000000e+06
1.422378000000000000e+06
1.424513000000000000e+06
1.427384000000000000e+06
1.429225000000000000e+06
1.431228000000000000e+06
1.433328000000000000e+06
1.435586000000000000e+06
1.437387000000000000e+06
1.439068000000000000e+06
1.441719000000000000e+06
1.443734000000000000e+06
1.445734000000000000e+06
1.447423000000000000e+06
1.449936000000000000e+06
1.451841000000000000e+06
1.453234000000000000e+06
1.456028000000000000e+06
1.458028000000000000e+06
1.459711000000000000e+06
1.461711000000000000e+06
1.463711000000000000e+06
1.465711000000000000e+06
1.468061000000000000e+06
1.470061000000000000e+06
1.472512000000000000e+06
1.474473000000000000e+06
1.475754000000000000e+06
1.478360000000000000e+06
1.480360000000000000e+06
1.482244000000000000e+06
1.484644000000000000e+06
1.486135000000000000e+06
1.488583000000000000e+06
1.490699000000000000e+06
1.492699000000000000e+06
1.494148000000000000e+06
1.496148000000000000e+06
1.498249000000000000e+06
1.500463000000000000e+06
1.502358000000000000e+06
1.505247000000000000e+06
1.506871000000000000e+06
1.508871000000000000e+06
1.510871000000000000e+06
1.513280000000000000e+06
1.515280000000000000e+06
1.517552000000000000e+06
1.519552000000000000e+06
1.521095000000000000e+06
1.523624000000000000e+06
1.525683000000000000e+06
1.527683000000000000e+06
1.529005000000000000e+06
1.531005000000000000e+06
1.533744000000000000e+06
1.535208000000000000e+06
1.538020000000000000e+06
1.539189000000000000e+06
1.541225000000000000e+06
1.543200000000000000e+06
1.545955000000000000e+06
1.547955000000000000e+06
1.549955000000000000e+06
1.551955000000000000e+06
1.554342000000000000e+06
1.556342000000000000e+06
1.557799000000000000e+06
1.559799000000000000e+06
1.562543000000000000e+06
1.564543000000000000e+06
1.566543000000000000e+06
1.568358000000000000e+06
1.570036000000000000e+06
1.572267000000000000e+06
1.574472000000000000e+06
1.576472000000000000e+06
1.578472000000000000e+06
1.580518000000000000e+06
1.583090000000000000e+06
1.585090000000000000e+06
1.586495000000000000e+06
1.588989000000000000e+06
1.590989000000000000e+06
1.592655000000000000e+06
1.594655000000000000e+06
1.597281000000000000e+06
1.598582000000000000e+06
1.601266000000000000e+06
1.603266000000000000e+06
1.605483000000000000e+06
1.607297000000000000e+06
1.609461000000000000e+06
1.611258000000000000e+06
1.613708000000000000e+06
1.615101000000000000e+06
1.617823000000000000e+06
1.619446000000000000e+06
1.621253000000000000e+06
1.623749000000000000e+06
1.625749000000000000e+06
1.628131000000000000e+06
1.630131000000000000e+06
1.631919000000000000e+06
1.634223000000000000e+06
1.635919000000000000e+06
1.637940000000000000e+06
1.639774000000000000e+06
1.641774000000000000e+06
1.644380000000000000e+06
1.646084000000000000e+06
1.648507000000000000e+06
1.650507000000000000e+06
1.652507000000000000e+06
1.654776000000000000e+06
1.656776000000000000e+06
1.658358000000000000e+06
1.660358000000000000e+06
1.662795000000000000e+06
1.664795000000000000e+06
1.666696000000000000e+06
1.668853000000000000e+06
1.670853000000000000e+06
1.673006000000000000e+06
1.674500000000000000e+06
1.676462000000000000e+06
1.678369000000000000e+06
1.680930000000000000e+06
1.682491000000000000e+06
1.685392000000000000e+06
1.687392000000000000e+06
1.689264000000000000e+06
1.690790000000000000e+06
1.693550000000000000e+06
1.695550000000000000e+06
1.697550000000000000e+06
1.699550000000000000e+06
1.701550000000000000e+06
1.703507000000000000e+06
1.705247000000000000e+06
1.707742000000000000e+06
1.709874000000000000e+06
1.711525000000000000e+06
1.713348000000000000e+06
1.715519000000000000e+06
1.718151000000000000e+06
1.719940000000000000e+06
1.722237000000000000e+06
1.724215000000000000e+06
1.726215000000000000e+06
1.727955000000000000e+06
1.729955000000000000e+06
1.731910000000000000e+06
1.733910000000000000e+06
1.735910000000000000e+06
1.737910000000000000e+06
1.740102000000000000e+06
1.742072000000000000e+06
1.744072000000000000e+06
1.746337000000000000e+06
1.748603000000000000e+06
1.750748000000000000e+06
1.752748000000000000e+06
1.754457000000000000e+06
1.756457000000000000e+06
1.758457000000000000e+06
1.761044000000000000e+06
1.763106000000000000e+06
1.765178000000000000e+06
1.766982000000000000e+06
1.768982000000000000e+06
1.770743000000000000e+06
1.773469000000000000e+06
1.775469000000000000e+06
1.777143000000000000e+06
1.779677000000000000e+06
1.781255000000000000e+06
1.783679000000000000e+06
1.785317000000000000e+06
1.787317000000000000e+06
1.789594000000000000e+06
1.791287000000000000e+06
1.793073000000000000e+06
1.795409000000000000e+06
1.797409000000000000e+06
1.799409000000000000e+06
1.801409000000000000e+06
1.803409000000000000e+06
1.805409000000000000e+06
1.807911000000000000e+06
1.809722000000000000e+06
1.811722000000000000e+06
1.814115000000000000e+06
1.815680000000000000e+06
1.817680000000000000e+06
1.820278000000000000e+06
1.822300000000000000e+06
1.824340000000000000e+06
1.826340000000000000e+06
1.828342000000000000e+06
1.830771000000000000e+06
1.832771000000000000e+06
1.834274000000000000e+06
1.837019000000000000e+06
1.838731000000000000e+06
1.840612000000000000e+06
1.842316000000000000e+06
1.845032000000000000e+06
1.847226000000000000e+06
1.848589000000000000e+06
1.850589000000000000e+06
1.853091000000000000e+06
1.854810000000000000e+06
1.857188000000000000e+06
1.859188000000000000e+06
1.861188000000000000e+06
1.863188000000000000e+06
1.865188000000000000e+06
1.867762000000000000e+06
1.869816000000000000e+06
1.871084000000000000e+06
1.873084000000000000e+06
1.875084000000000000e+06
1.877084000000000000e+06
1.879084000000000000e+06
1.881371000000000000e+06
1.883935000000000000e+06
1.885935000000000000e+06
1.887935000000000000e+06
1.890122000000000000e+06
1.891369000000000000e+06
1.893669000000000000e+06
1.895830000000000000e+06
1.897728000000000000e+06
1.899756000000000000e+06
1.902103000000000000e+06
1.903643000000000000e+06
1.906643000000000000e+06
1.908561000000000000e+06
1.910561000000000000e+06
1.912415000000000000e+06
1.914415000000000000e+06
1.916415000000000000e+06
1.918415000000000000e+06
1.920415000000000000e+06
1.922199000000000000e+06
1.924199000000000000e+06
1.926727000000000000e+06
1.928795000000000000e+06
1.930795000000000000e+06
1.933009000000000000e+06
1.935009000000000000e+06
1.937094000000000000e+06
1.939338000000000000e+06
1.941338000000000000e+06
1.943338000000000000e+06
1.945338000000000000e+06
1.947338000000000000e+06
1.949621000000000000e+06
1.951532000000000000e+06
1.953579000000000000e+06
1.955579000000000000e+06
1.957888000000000000e+06
1.959888000000000000e+06
1.961267000000000000e+06
1.963763000000000000e+06
1.966047000000000000e+06
1.967383000000000000e+06
1.969911000000000000e+06
1.972143000000000000e+06
1.973796000000000000e+06
1.976129000000000000e+06
1.978129000000000000e+06
1.980129000000000000e+06
1.981646000000000000e+06
1.984282000000000000e+06
1.986282000000000000e+06
1.987824000000000000e+06
1.989824000000000000e+06
1.992644000000000000e+06
1.994060000000000000e+06
1.996060000000000000e+06
1.998345000000000000e+06
2.000689000000000000e+06
