1.905000000000000000e+03
3.319000000000000000e+03
6.110000000000000000e+03
7.438000000000000000e+03
1.005700000000000000e+04
1.213800000000000000e+04
1.418400000000000000e+04
1.555500000000000000e+04
1.800100000000000000e+04
2.045700000000000000e+04
2.249800000000000000e+04
2.429900000000000000e+04
2.596100000000000000e+04
2.832500000000000000e+04
3.069800000000000000e+04
3.269000000000000000e+04
3.476300000000000000e+04
3.685600000000000000e+04
3.822700000000000000e+04
4.082000000000000000e+04
4.289700000000000000e+04
4.496300000000000000e+04
4.624500000000000000e+04
4.914600000000000000e+04
5.101300000000000000e+04
5.321800000000000000e+04
5.466700000000000000e+04
5.673600000000000000e+04
5.887100000000000000e+04
6.143700000000000000e+04
6.338100000000000000e+04
6.528700000000000000e+04
6.661100000000000000e+04
6.962600000000000000e+04
7.165200000000000000e+04
7.367200000000000000e+04
7.576100000000000000e+04
7.722400000000000000e+04
7.986800000000000000e+04
8.164100000000000000e+04
8.317400000000000000e+04
8.591800000000000000e+04
8.801400000000000000e+04
8.963800000000000000e+04
9.192800000000000000e+04
9.409700000000000000e+04
9.553100000000000000e+04
9.799100000000000000e+04
9.967400000000000000e+04
1.018990000000000000e+05
1.043340000000000000e+05
1.064500000000000000e+05
1.085000000000000000e+05
1.104820000000000000e+05
1.120740000000000000e+05
1.144110000000000000e+05
1.167310000000000000e+05
1.187160000000000000e+05
1.199390000000000000e+05
1.224070000000000000e+05
1.248340000000000000e+05
1.268960000000000000e+05
1.283090000000000000e+05
1.301220000000000000e+05
1.331110000000000000e+05
1.347640000000000000e+05
1.372050000000000000e+05
1.387130000000000000e+05
1.406970000000000000e+05
1.429410000000000000e+05
1.453230000000000000e+05
1.474190000000000000e+05
1.493820000000000000e+05
1.515270000000000000e+05
1.528010000000000000e+05
1.555690000000000000e+05
1.573330000000000000e+05
1.596870000000000000e+05
1.617010000000000000e+05
1.629550000000000000e+05
1.650270000000000000e+05
1.678730000000000000e+05
1.696170000000000000e+05
1.719910000000000000e+05
1.730810000000000000e+05
1.757990000000000000e+05
1.777910000000000000e+05
1.801210000000000000e+05
1.815960000000000000e+05
1.837720000000000000e+05
1.863580000000000000e+05
1.883900000000000000e+05
1.903440000000000000e+05
1.919680000000000000e+05
1.942650000000000000e+05
1.956770000000000000e+05
1.986420000000000000e+05
1.999680000000000000e+05
2.027440000000000000e+05
2.047650000000000000e+05
2.064310000000000000e+05
2.087380000000000000e+05
2.108430000000000000e+05
2.125720000000000000e+05
2.142470000000000000e+05
2.164680000000000000e+05
2.186700000000000000e+05
2.211320000000000000e+05
2.225230000000000000e+05
2.249500000000000000e+05
2.273150000000000000e+05
2.289310000000000000e+05
2.313460000000000000e+05
2.334040000000000000e+05
2.348490000000000000e+05
2.375610000000000000e+05
2.396020000000000000e+05
2.416300000000000000e+05
2.431050000000000000e+05
2.456720000000000000e+05
2.477230000000000000e+05
2.498000000000000000e+05
2.518660000000000000e+05
2.539470000000000000e+05
2.559930000000000000e+05
2.578540000000000000e+05
2.600570000000000000e+05
2.620190000000000000e+05
2.633880000000000000e+05
2.660880000000000000e+05
2.682390000000000000e+05
2.702700000000000000e+05
2.722260000000000000e+05
2.742950000000000000e+05
2.761500000000000000e+05
2.784920000000000000e+05
2.805440000000000000e+05
2.825770000000000000e+05
2.837090000000000000e+05
2.860580000000000000e+05
2.885920000000000000e+05
2.902160000000000000e+05
2.926560000000000000e+05
2.944210000000000000e+05
2.966440000000000000e+05
2.989670000000000000e+05
3.001960000000000000e+05
3.030900000000000000e+05
3.051390000000000000e+05
3.063900000000000000e+05
3.091240000000000000e+05
3.110010000000000000e+05
3.132880000000000000e+05
3.149570000000000000e+05
3.174070000000000000e+05
3.186080000000000000e+05
3.213480000000000000e+05
3.226430000000000000e+05
3.253290000000000000e+05
3.271170000000000000e+05
3.297160000000000000e+05
3.317030000000000000e+05
3.337150000000000000e+05
3.356780000000000000e+05
3.369910000000000000e+05
3.392760000000000000e+05
3.418990000000000000e+05
3.433370000000000000e+05
3.459100000000000000e+05
3.477700000000000000e+05
3.502070000000000000e+05
3.522240000000000000e+05
3.542730000000000000e+05
3.554270000000000000e+05
3.580680000000000000e+05
3.595660000000000000e+05
3.624570000000000000e+05
3.636220000000000000e+05
3.665200000000000000e+05
3.685450000000000000e+05
3.698370000000000000e+05
3.727130000000000000e+05
3.745670000000000000e+05
3.759150000000000000e+05
3.785090000000000000e+05
3.802780000000000000e+05
3.820210000000000000e+05
3.843870000000000000e+05
3.868390000000000000e+05
3.890460000000000000e+05
3.910460000000000000e+05
3.930240000000000000e+05
3.949690000000000000e+05
3.972640000000000000e+05
3.993150000000000000e+05
4.013280000000000000e+05
4.028110000000000000e+05
4.054180000000000000e+05
4.075240000000000000e+05
4.092950000000000000e+05
4.115300000000000000e+05
4.127250000000000000e+05
4.150800000000000000e+05
4.177670000000000000e+05
4.192580000000000000e+05
4.216670000000000000e+05
4.239040000000000000e+05
4.257990000000000000e+05
4.279580000000000000e+05
4.300540000000000000e+05
4.320590000000000000e+05
4.341310000000000000e+05
4.361410000000000000e+05
4.377440000000000000e+05
4.399810000000000000e+05
4.414000000000000000e+05
4.442240000000000000e+05
4.464340000000000000e+05
4.481640000000000000e+05
4.505200000000000000e+05
4.517070000000000000e+05
4.545520000000000000e+05
4.566280000000000000e+05
4.577920000000000000e+05
4.606950000000000000e+05
4.627890000000000000e+05
4.648100000000000000e+05
4.669170000000000000e+05
4.688480000000000000e+05
4.701480000000000000e+05
4.725510000000000000e+05
4.750350000000000000e+05
4.762590000000000000e+05
4.791060000000000000e+05
4.811560000000000000e+05
4.826420000000000000e+05
4.851330000000000000e+05
4.873000000000000000e+05
4.888200000000000000e+05
4.914430000000000000e+05
4.930760000000000000e+05
4.954650000000000000e+05
4.972880000000000000e+05
4.993930000000000000e+05
5.014880000000000000e+05
5.033360000000000000e+05
5.055530000000000000e+05
5.077790000000000000e+05
5.096860000000000000e+05
5.118520000000000000e+05
5.133020000000000000e+05
5.159900000000000000e+05
5.174850000000000000e+05
5.194850000000000000e+05
5.212500000000000000e+05
5.234510000000000000e+05
5.258050000000000000e+05
5.281030000000000000e+05
5.302370000000000000e+05
5.323230000000000000e+05
5.343310000000000000e+05
5.358740000000000000e+05
5.385610000000000000e+05
5.406480000000000000e+05
5.426110000000000000e+05
5.438690000000000000e+05
5.467080000000000000e+05
5.480870000000000000e+05
5.505690000000000000e+05
5.526190000000000000e+05
5.550080000000000000e+05
5.569700000000000000e+05
5.587810000000000000e+05
5.609160000000000000e+05
5.630850000000000000e+05
5.648770000000000000e+05
5.672910000000000000e+05
5.692550000000000000e+05
5.713900000000000000e+05
5.733770000000000000e+05
5.751380000000000000e+05
5.775240000000000000e+05
5.789140000000000000e+05
5.811230000000000000e+05
5.835510000000000000e+05
5.857030000000000000e+05
5.874730000000000000e+05
5.891300000000000000e+05
5.913670000000000000e+05
5.938880000000000000e+05
5.959640000000000000e+05
5.970340000000000000e+05
5.994750000000000000e+05
6.014980000000000000e+05
6.035660000000000000e+05
6.061540000000000000e+05
6.080930000000000000e+05
6.095110000000000000e+05
6.115550000000000000e+05
6.141680000000000000e+05
6.161680000000000000e+05
6.183420000000000000e+05
6.199960000000000000e+05
6.223720000000000000e+05
6.245920000000000000e+05
6.266570000000000000e+05
6.286950000000000000e+05
6.302500000000000000e+05
6.327900000000000000e+05
6.348660000000000000e+05
6.368380000000000000e+05
6.386320000000000000e+05
6.405110000000000000e+05
6.430600000000000000e+05
6.449710000000000000e+05
6.471070000000000000e+05
6.491840000000000000e+05
6.511110000000000000e+05
6.527220000000000000e+05
6.550080000000000000e+05
6.567630000000000000e+05
6.593770000000000000e+05
6.613690000000000000e+05
6.633830000000000000e+05
6.651770000000000000e+05
6.675090000000000000e+05
6.696750000000000000e+05
6.709180000000000000e+05
6.735330000000000000e+05
6.749090000000000000e+05
6.771680000000000000e+05
6.799220000000000000e+05
6.814850000000000000e+05
6.836680000000000000e+05
6.856760000000000000e+05
6.879670000000000000e+05
6.901410000000000000e+05
6.919090000000000000e+05
6.935860000000000000e+05
6.963050000000000000e+05
6.977250000000000000e+05
6.998980000000000000e+05
7.023090000000000000e+05
7.043090000000000000e+05
7.063880000000000000e+05
7.077950000000000000e+05
7.106530000000000000e+05
7.117290000000000000e+05
7.144850000000000000e+05
7.167350000000000000e+05
7.188430000000000000e+05
7.208590000000000000e+05
7.220680000000000000e+05
7.244710000000000000e+05
7.269600000000000000e+05
7.289850000000000000e+05
7.305450000000000000e+05
7.330740000000000000e+05
7.352250000000000000e+05
7.366110000000000000e+05
7.391070000000000000e+05
7.409670000000000000e+05
7.429230000000000000e+05
7.454410000000000000e+05
7.470990000000000000e+05
7.491200000000000000e+05
7.509890000000000000e+05
7.532080000000000000e+05
7.552080000000000000e+05
7.568560000000000000e+05
7.594990000000000000e+05
7.610420000000000000e+05
7.637670000000000000e+05
7.656300000000000000e+05
7.679300000000000000e+05
7.699130000000000000e+05
7.711790000000000000e+05
7.731790000000000000e+05
7.754700000000000000e+05
7.781850000000000000e+05
7.801600000000000000e+05
7.820200000000000000e+05
7.836610000000000000e+05
7.861930000000000000e+05
7.875330000000000000e+05
7.896190000000000000e+05
7.916190000000000000e+05
7.944650000000000000e+05
7.961360000000000000e+05
7.985530000000000000e+05
8.006900000000000000e+05
8.020980000000000000e+05
8.046070000000000000e+05
8.067000000000000000e+05
8.083600000000000000e+05
8.108770000000000000e+05
8.123490000000000000e+05
8.144440000000000000e+05
8.163700000000000000e+05
8.183700000000000000e+05
8.212120000000000000e+05
8.232530000000000000e+05
8.249200000000000000e+05
8.269690000000000000e+05
8.291510000000000000e+05
8.314860000000000000e+05
8.334570000000000000e+05
8.350840000000000000e+05
8.371600000000000000e+05
8.391660000000000000e+05
8.416510000000000000e+05
8.433990000000000000e+05
8.456820000000000000e+05
8.476820000000000000e+05
8.499190000000000000e+05
8.515160000000000000e+05
8.539360000000000000e+05
8.552760000000000000e+05
8.572940000000000000e+05
8.599710000000000000e+05
8.621070000000000000e+05
8.641070000000000000e+05
8.655480000000000000e+05
8.675480000000000000e+05
8.697160000000000000e+05
8.721550000000000000e+05
8.744380000000000000e+05
8.759260000000000000e+05
8.784730000000000000e+05
8.800790000000000000e+05
8.826840000000000000e+05
8.838870000000000000e+05
8.858870000000000000e+05
8.883370000000000000e+05
8.907520000000000000e+05
8.928630000000000000e+05
8.948430000000000000e+05
8.968950000000000000e+05
8.983070000000000000e+05
9.003350000000000000e+05
9.026110000000000000e+05
9.042490000000000000e+05
9.070580000000000000e+05
9.091210000000000000e+05
9.111210000000000000e+05
9.132480000000000000e+05
9.149110000000000000e+05
9.172680000000000000e+05
9.194300000000000000e+05
9.213430000000000000e+05
9.231830000000000000e+05
9.251830000000000000e+05
9.273410000000000000e+05
9.297700000000000000e+05
9.317700000000000000e+05
9.332440000000000000e+05
9.354240000000000000e+05
9.375430000000000000e+05
9.392100000000000000e+05
9.416220000000000000e+05
9.437400000000000000e+05
9.461530000000000000e+05
9.481440000000000000e+05
9.498550000000000000e+05
9.515690000000000000e+05
9.540670000000000000e+05
9.556030000000000000e+05
9.575240000000000000e+05
9.598820000000000000e+05
9.623130000000000000e+05
9.642200000000000000e+05
9.664240000000000000e+05
9.686350000000000000e+05
9.706120000000000000e+05
9.719590000000000000e+05
9.747210000000000000e+05
9.766680000000000000e+05
9.779960000000000000e+05
9.799960000000000000e+05
9.827650000000000000e+05
9.848430000000000000e+05
9.870320000000000000e+05
9.890580000000000000e+05
9.912090000000000000e+05
9.929430000000000000e+05
9.949050000000000000e+05
9.971650000000000000e+05
9.991650000000000000e+05
1.000630000000000000e+06
1.003256000000000000e+06
1.005532000000000000e+06
1.007569000000000000e+06
1.009422000000000000e+06
1.011249000000000000e+06
1.013085000000000000e+06
1.015179000000000000e+06
1.017179000000000000e+06
1.019352000000000000e+06
1.021352000000000000e+06
1.023950000000000000e+06
1.026036000000000000e+06
1.027296000000000000e+06
1.030044000000000000e+06
1.031420000000000000e+06
1.033829000000000000e+06
1.036198000000000000e+06
1.038244000000000000e+06
1.040012000000000000e+06
1.042429000000000000e+06
1.043580000000000000e+06
1.045945000000000000e+06
1.048467000000000000e+06
1.049664000000000000e+06
1.051937000000000000e+06
1.054532000000000000e+06
1.056486000000000000e+06
1.058486000000000000e+06
1.060018000000000000e+06
1.062396000000000000e+06
1.064951000000000000e+06
1.066133000000000000e+06
1.068612000000000000e+06
1.070915000000000000e+06
1.072604000000000000e+06
1.074962000000000000e+06
1.077077000000000000e+06
1.079169000000000000e+06
1.081331000000000000e+06
1.083331000000000000e+06
1.084658000000000000e+06
1.087457000000000000e+06
1.088571000000000000e+06
1.091571000000000000e+06
1.092904000000000000e+06
1.095493000000000000e+06
1.097558000000000000e+06
1.099672000000000000e+06
1.101732000000000000e+06
1.103592000000000000e+06
1.105795000000000000e+06
1.107747000000000000e+06
1.109856000000000000e+06
1.111182000000000000e+06
1.113504000000000000e+06
1.115504000000000000e+06
1.117802000000000000e+06
1.120178000000000000e+06
1.121508000000000000e+06
1.124166000000000000e+06
1.126331000000000000e+06
1.128443000000000000e+06
1.130138000000000000e+06
1.131987000000000000e+06
1.134190000000000000e+06
1.135653000000000000e+06
1.137791000000000000e+06
1.140424000000000000e+06
1.141992000000000000e+06
1.144196000000000000e+06
1.146732000000000000e+06
1.147966000000000000e+06
1.150539000000000000e+06
1.152063000000000000e+06
1.154553000000000000e+06
1.156678000000000000e+06
1.158879000000000000e+06
1.160763000000000000e+06
1.163237000000000000e+06
1.165137000000000000e+06
1.166619000000000000e+06
1.169056000000000000e+06
1.171352000000000000e+06
1.173484000000000000e+06
1.175159000000000000e+06
1.177025000000000000e+06
1.179334000000000000e+06
1.181680000000000000e+06
1.183604000000000000e+06
1.184803000000000000e+06
1.187313000000000000e+06
1.188889000000000000e+06
1.191577000000000000e+06
1.193715000000000000e+06
1.195973000000000000e+06
1.197705000000000000e+06
1.199705000000000000e+06
1.201996000000000000e+06
1.203449000000000000e+06
1.205403000000000000e+06
1.208210000000000000e+06
1.210292000000000000e+06
1.211461000000000000e+06
1.214409000000000000e+06
1.215579000000000000e+06
1.218327000000000000e+06
1.220073000000000000e+06
1.221917000000000000e+06
1.223952000000000000e+06
1.226372000000000000e+06
1.228372000000000000e+06
1.229988000000000000e+06
1.232802000000000000e+06
1.234875000000000000e+06
1.236875000000000000e+06
1.238601000000000000e+06
1.241042000000000000e+06
1.243101000000000000e+06
1.244904000000000000e+06
1.246485000000000000e+06
1.249093000000000000e+06
1.250777000000000000e+06
1.253254000000000000e+06
1.255389000000000000e+06
1.257004000000000000e+06
1.258714000000000000e+06
1.261479000000000000e+06
1.263575000000000000e+06
1.265140000000000000e+06
1.267280000000000000e+06
1.269481000000000000e+06
1.271341000000000000e+06
1.273348000000000000e+06
1.275758000000000000e+06
1.277758000000000000e+06
1.279962000000000000e+06
1.281368000000000000e+06
1.284044000000000000e+06
1.285385000000000000e+06
1.287411000000000000e+06
1.290046000000000000e+06
1.292253000000000000e+06
1.294005000000000000e+06
1.296097000000000000e+06
1.298316000000000000e+06
1.299889000000000000e+06
1.301976000000000000e+06
1.303931000000000000e+06
1.306370000000000000e+06
1.307757000000000000e+06
1.310455000000000000e+06
1.312553000000000000e+06
1.314739000000000000e+06
1.316487000000000000e+06
1.318058000000000000e+06
1.320569000000000000e+06
1.322370000000000000e+06
1.324784000000000000e+06
1.326784000000000000e+06
1.328323000000000000e+06
1.331164000000000000e+06
1.333154000000000000e+06
1.334348000000000000e+06
1.336743000000000000e+06
1.338472000000000000e+06
1.341313000000000000e+06
1.343145000000000000e+06
1.344832000000000000e+06
1.346724000000000000e+06
1.349029000000000000e+06
1.351571000000000000e+06
1.353573000000000000e+06
1.355716000000000000e+06
1.357415000000000000e+06
1.359658000000000000e+06
1.361189000000000000e+06
1.363825000000000000e+06
1.365825000000000000e+06
1.367688000000000000e+06
1.369688000000000000e+06
1.372125000000000000e+06
1.374182000000000000e+06
1.375718000000000000e+06
1.378036000000000000e+06
1.380036000000000000e+06
1.381702000000000000e+06
1.383702000000000000e+06
1.386209000000000000e+06
1.387716000000000000e+06
1.390220000000000000e+06
1.392113000000000000e+06
1.393703000000000000e+06
1.396699000000000000e+06
1.398699000000000000e+06
1.400708000000000000e+06
1.401947000000000000e+06
1.404386000000000000e+06
1.406751000000000000e+06
1.408231000000000000e+06
1.410863000000000000e+06
1.413075000000000000e+06
1.414596000000000000e+06
1.416596000000000000e+06
1.418291000000000000e+06
1.420565000000000000e+06
1.423168000000000000e+06
1.425168000000000000e+06
1.426878000000000000e+06
1.429466000000000000e+06
1.431263000000000000e+06
1.433297000000000000e+06
1.435599000000000000e+06
1.437111000000000000e+06
1.439368000000000000e+06
1.441577000000000000e+06
1.442889000000000000e+06
1.445736000000000000e+06
1.447356000000000000e+06
1.449871000000000000e+06
1.451982000000000000e+06
1.453359000000000000e+06
1.456091000000000000e+06
1.457239000000000000e+06
1.460209000000000000e+06
1.461568000000000000e+06
1.464016000000000000e+06
1.465958000000000000e+06
1.467669000000000000e+06
1.470418000000000000e+06
1.472070000000000000e+06
1.473919000000000000e+06
1.476374000000000000e+06
1.478356000000000000e+06
1.480181000000000000e+06
1.482717000000000000e+06
1.484588000000000000e+06
1.486713000000000000e+06
1.488569000000000000e+06
1.490569000000000000e+06
1.492605000000000000e+06
1.494970000000000000e+06
1.497057000000000000e+06
1.499057000000000000e+06
1.500461000000000000e+06
1.503169000000000000e+06
1.505212000000000000e+06
1.507119000000000000e+06
1.508799000000000000e+06
1.511272000000000000e+06
1.513419000000000000e+06
1.515082000000000000e+06
1.516601000000000000e+06
1.519371000000000000e+06
1.521398000000000000e+06
1.523556000000000000e+06
1.525000000000000000e+06
1.527343000000000000e+06
1.529439000000000000e+06
1.531152000000000000e+06
1.533152000000000000e+06
1.535800000000000000e+06
1.537706000000000000e+06
1.539800000000000000e+06
1.541711000000000000e+06
1.543856000000000000e+06
1.545862000000000000e+06
1.548126000000000000e+06
1.549383000000000000e+06
1.551840000000000000e+06
1.553715000000000000e+06
1.555910000000000000e+06
1.558015000000000000e+06
1.560510000000000000e+06
1.561753000000000000e+06
1.563753000000000000e+06
1.565962000000000000e+06
1.567777000000000000e+06
1.570102000000000000e+06
1.572207000000000000e+06
1.574839000000000000e+06
1.576857000000000000e+06
1.578889000000000000e+06
1.580860000000000000e+06
1.582281000000000000e+06
1.584653000000000000e+06
1.586580000000000000e+06
1.588894000000000000e+06
1.591097000000000000e+06
1.592928000000000000e+06
1.594568000000000000e+06
1.596568000000000000e+06
1.599366000000000000e+06
1.601492000000000000e+06
1.603468000000000000e+06
1.605344000000000000e+06
1.606894000000000000e+06
1.609649000000000000e+06
1.611404000000000000e+06
1.613571000000000000e+06
1.615527000000000000e+06
1.617284000000000000e+06
1.619284000000000000e+06
1.621076000000000000e+06
1.624004000000000000e+06
1.625857000000000000e+06
1.627259000000000000e+06
1.629259000000000000e+06
1.631644000000000000e+06
1.634041000000000000e+06
1.635549000000000000e+06
1.638190000000000000e+06
1.639560000000000000e+06
1.641769000000000000e+06
1.644057000000000000e+06
1.645939000000000000e+06
1.648499000000000000e+06
1.650685000000000000e+06
1.652310000000000000e+06
1.654319000000000000e+06
1.656778000000000000e+06
1.658402000000000000e+06
1.660912000000000000e+06
1.662013000000000000e+06
1.664990000000000000e+06
1.666990000000000000e+06
1.668591000000000000e+06
1.671020000000000000e+06
1.672690000000000000e+06
1.675029000000000000e+06
1.676927000000000000e+06
1.679041000000000000e+06
1.681176000000000000e+06
1.682486000000000000e+06
1.684745000000000000e+06
1.687255000000000000e+06
1.688663000000000000e+06
1.691534000000000000e+06
1.693404000000000000e+06
1.695449000000000000e+06
1.697116000000000000e+06
1.699116000000000000e+06
1.701797000000000000e+06
1.703546000000000000e+06
1.705000000000000000e+06
1.707579000000000000e+06
1.709686000000000000e+06
1.712106000000000000e+06
1.714106000000000000e+06
1.716145000000000000e+06
1.717748000000000000e+06
1.719748000000000000e+06
1.722210000000000000e+06
1.724210000000000000e+06
1.725882000000000000e+06
1.728018000000000000e+06
1.730417000000000000e+06
1.732260000000000000e+06
1.734156000000000000e+06
1.736177000000000000e+06
1.738188000000000000e+06
1.740188000000000000e+06
1.742569000000000000e+06
1.744569000000000000e+06
1.745996000000000000e+06
1.747996000000000000e+06
1.750949000000000000e+06
1.752761000000000000e+06
1.754388000000000000e+06
1.757075000000000000e+06
1.759075000000000000e+06
1.760808000000000000e+06
1.763026000000000000e+06
1.765141000000000000e+06
1.766429000000000000e+06
1.769174000000000000e+06
1.771383000000000000e+06
1.773454000000000000e+06
1.775200000000000000e+06
1.776964000000000000e+06
1.778964000000000000e+06
1.781377000000000000e+06
1.783654000000000000e+06
1.785362000000000000e+06
1.787312000000000000e+06
1.789149000000000000e+06
1.791639000000000000e+06
1.793998000000000000e+06
1.795457000000000000e+06
1.797509000000000000e+06
1.800098000000000000e+06
1.802098000000000000e+06
1.804262000000000000e+06
1.806262000000000000e+06
1.808252000000000000e+06
1.810397000000000000e+06
1.811481000000000000e+06
1.814017000000000000e+06
1.815687000000000000e+06
1.818442000000000000e+06
1.820513000000000000e+06
1.822469000000000000e+06
1.824469000000000000e+06
1.825822000000000000e+06
1.828202000000000000e+06
1.830163000000000000e+06
1.832221000000000000e+06
1.834221000000000000e+06
1.836930000000000000e+06
1.838683000000000000e+06
1.840595000000000000e+06
1.842595000000000000e+06
1.844991000000000000e+06
1.846359000000000000e+06
1.848427000000000000e+06
1.850397000000000000e+06
1.853170000000000000e+06
1.855481000000000000e+06
1.856735000000000000e+06
1.859209000000000000e+06
1.861209000000000000e+06
1.863057000000000000e+06
1.864849000000000000e+06
1.867396000000000000e+06
1.869353000000000000e+06
1.871701000000000000e+06
1.873604000000000000e+06
1.875799000000000000e+06
1.877706000000000000e+06
1.879928000000000000e+06
1.882064000000000000e+06
1.884088000000000000e+06
1.885909000000000000e+06
1.887362000000000000e+06
1.889307000000000000e+06
1.891501000000000000e+06
1.893501000000000000e+06
1.895501000000000000e+06
1.897841000000000000e+06
1.900393000000000000e+06
1.902143000000000000e+06
1.904110000000000000e+06
1.906311000000000000e+06
1.908311000000000000e+06
1.910311000000000000e+06
1.912663000000000000e+06
1.914615000000000000e+06
1.916653000000000000e+06
1.918155000000000000e+06
1.920729000000000000e+06
1.923009000000000000e+06
1.925104000000000000e+06
1.926707000000000000e+06
1.928852000000000000e+06
1.930946000000000000e+06
1.932866000000000000e+06
1.935283000000000000e+06
1.937374000000000000e+06
1.938930000000000000e+06
1.941192000000000000e+06
1.943339000000000000e+06
1.945136000000000000e+06
1.947466000000000000e+06
1.949625000000000000e+06
1.951352000000000000e+06
1.953460000000000000e+06
1.955235000000000000e+06
1.957396000000000000e+06
1.959860000000000000e+06
1.961931000000000000e+06
1.963667000000000000e+06
1.965980000000000000e+06
1.967193000000000000e+06
1.969958000000000000e+06
1.971776000000000000e+06
1.973776000000000000e+06
1.975640000000000000e+06
1.977785000000000000e+06
1.979785000000000000e+06
1.982082000000000000e+06
1.984294000000000000e+06
1.986294000000000000e+06
1.987763000000000000e+06
1.990648000000000000e+06
1.992691000000000000e+06
1.994408000000000000e+06
1.996689000000000000e+06
1.998715000000000000e+06
2.000533000000000000e+06
