2.046000000000000000e+03
4.081000000000000000e+03
6.131000000000000000e+03
8.185000000000000000e+03
1.023700000000000000e+04
1.226500000000000000e+04
1.432900000000000000e+04
1.636000000000000000e+04
1.836900000000000000e+04
2.043400000000000000e+04
2.247100000000000000e+04
2.454000000000000000e+04
2.661000000000000000e+04
2.859300000000000000e+04
3.066700000000000000e+04
3.275500000000000000e+04
3.476500000000000000e+04
3.682000000000000000e+04
3.888200000000000000e+04
4.096000000000000000e+04
4.296700000000000000e+04
4.500500000000000000e+04
4.707100000000000000e+04
4.907500000000000000e+04
5.113400000000000000e+04
5.322600000000000000e+04
5.524100000000000000e+04
5.733000000000000000e+04
5.936800000000000000e+04
6.139600000000000000e+04
6.345000000000000000e+04
6.545500000000000000e+04
6.754700000000000000e+04
6.962000000000000000e+04
7.166700000000000000e+04
7.372800000000000000e+04
7.570200000000000000e+04
7.774500000000000000e+04
7.985100000000000000e+04
8.187700000000000000e+04
8.393000000000000000e+04
8.597800000000000000e+04
8.801400000000000000e+04
9.001500000000000000e+04
9.213900000000000000e+04
9.416900000000000000e+04
9.623200000000000000e+04
9.826100000000000000e+04
1.003270000000000000e+05
1.023870000000000000e+05
1.044030000000000000e+05
1.064920000000000000e+05
1.085090000000000000e+05
1.105350000000000000e+05
1.125890000000000000e+05
1.146810000000000000e+05
1.166790000000000000e+05
1.187620000000000000e+05
1.207890000000000000e+05
1.228360000000000000e+05
1.248460000000000000e+05
1.269250000000000000e+05
1.289860000000000000e+05
1.310160000000000000e+05
1.330720000000000000e+05
1.351100000000000000e+05
1.372140000000000000e+05
1.391510000000000000e+05
1.412100000000000000e+05
1.433130000000000000e+05
1.453840000000000000e+05
1.473990000000000000e+05
1.494620000000000000e+05
1.515520000000000000e+05
1.535570000000000000e+05
1.556270000000000000e+05
1.576370000000000000e+05
1.597390000000000000e+05
1.617880000000000000e+05
1.637910000000000000e+05
1.658570000000000000e+05
1.678780000000000000e+05
1.699830000000000000e+05
1.720000000000000000e+05
1.740000000000000000e+05
1.761280000000000000e+05
1.780990000000000000e+05
1.801910000000000000e+05
1.822480000000000000e+05
1.842790000000000000e+05
1.863410000000000000e+05
1.883560000000000000e+05
1.904610000000000000e+05
1.924920000000000000e+05
1.945300000000000000e+05
1.965610000000000000e+05
1.986560000000000000e+05
2.006270000000000000e+05
2.027460000000000000e+05
2.047070000000000000e+05
2.068390000000000000e+05
2.088420000000000000e+05
2.108550000000000000e+05
2.129920000000000000e+05
2.149670000000000000e+05
2.170590000000000000e+05
2.190620000000000000e+05
2.211390000000000000e+05
2.232180000000000000e+05
2.252520000000000000e+05
2.272950000000000000e+05
2.293540000000000000e+05
2.313730000000000000e+05
2.333820000000000000e+05
2.354190000000000000e+05
2.374610000000000000e+05
2.395860000000000000e+05
2.416480000000000000e+05
2.436390000000000000e+05
2.457160000000000000e+05
2.477800000000000000e+05
2.497350000000000000e+05
2.517990000000000000e+05
2.539290000000000000e+05
2.558930000000000000e+05
2.579660000000000000e+05
2.600590000000000000e+05
2.621040000000000000e+05
2.641350000000000000e+05
2.661850000000000000e+05
2.682650000000000000e+05
2.702750000000000000e+05
2.723540000000000000e+05
2.744030000000000000e+05
2.764440000000000000e+05
2.785170000000000000e+05
2.805120000000000000e+05
2.825680000000000000e+05
2.846250000000000000e+05
2.866450000000000000e+05
2.887210000000000000e+05
2.908050000000000000e+05
2.928180000000000000e+05
2.948820000000000000e+05
2.968850000000000000e+05
2.989590000000000000e+05
3.010550000000000000e+05
3.030920000000000000e+05
3.051100000000000000e+05
3.071450000000000000e+05
3.091680000000000000e+05
3.112070000000000000e+05
3.133250000000000000e+05
3.152930000000000000e+05
3.174250000000000000e+05
3.194460000000000000e+05
3.214540000000000000e+05
3.235180000000000000e+05
3.255720000000000000e+05
3.276290000000000000e+05
3.297270000000000000e+05
3.317700000000000000e+05
3.337860000000000000e+05
3.358010000000000000e+05
3.378550000000000000e+05
3.398650000000000000e+05
3.419570000000000000e+05
3.440210000000000000e+05
3.460570000000000000e+05
3.480520000000000000e+05
3.501980000000000000e+05
3.521770000000000000e+05
3.542440000000000000e+05
3.561860000000000000e+05
3.583340000000000000e+05
3.603710000000000000e+05
3.624440000000000000e+05
3.644870000000000000e+05
3.664900000000000000e+05
3.685870000000000000e+05
3.706350000000000000e+05
3.727080000000000000e+05
3.747240000000000000e+05
3.768060000000000000e+05
3.788300000000000000e+05
3.808540000000000000e+05
3.828600000000000000e+05
3.849790000000000000e+05
3.870660000000000000e+05
3.891060000000000000e+05
3.911680000000000000e+05
3.931650000000000000e+05
3.952380000000000000e+05
3.972360000000000000e+05
3.992750000000000000e+05
4.014010000000000000e+05
4.033990000000000000e+05
4.054400000000000000e+05
4.074680000000000000e+05
4.095610000000000000e+05
4.115610000000000000e+05
4.136410000000000000e+05
4.156480000000000000e+05
4.177240000000000000e+05
4.198140000000000000e+05
4.218710000000000000e+05
4.238780000000000000e+05
4.259350000000000000e+05
4.279370000000000000e+05
4.300210000000000000e+05
4.321170000000000000e+05
4.341330000000000000e+05
4.361670000000000000e+05
4.382310000000000000e+05
4.402780000000000000e+05
4.422980000000000000e+05
4.442960000000000000e+05
4.464100000000000000e+05
4.484840000000000000e+05
4.504390000000000000e+05
4.525490000000000000e+05
4.545810000000000000e+05
4.566470000000000000e+05
4.586760000000000000e+05
4.607180000000000000e+05
4.628330000000000000e+05
4.648400000000000000e+05
4.668830000000000000e+05
4.689200000000000000e+05
4.710000000000000000e+05
4.730010000000000000e+05
4.750760000000000000e+05
4.771190000000000000e+05
4.791200000000000000e+05
4.811880000000000000e+05
4.832950000000000000e+05
4.852870000000000000e+05
4.873810000000000000e+05
4.893630000000000000e+05
4.914440000000000000e+05
4.934350000000000000e+05
4.955320000000000000e+05
4.976560000000000000e+05
4.996920000000000000e+05
5.016940000000000000e+05
5.037580000000000000e+05
5.058390000000000000e+05
5.078390000000000000e+05
5.099360000000000000e+05
5.119370000000000000e+05
5.139800000000000000e+05
5.160120000000000000e+05
5.180680000000000000e+05
5.200760000000000000e+05
5.222020000000000000e+05
5.242380000000000000e+05
5.262880000000000000e+05
5.283600000000000000e+05
5.304260000000000000e+05
5.324170000000000000e+05
5.345060000000000000e+05
5.365360000000000000e+05
5.385010000000000000e+05
5.405790000000000000e+05
5.426990000000000000e+05
5.446860000000000000e+05
5.468030000000000000e+05
5.488300000000000000e+05
5.508790000000000000e+05
5.529390000000000000e+05
5.549090000000000000e+05
5.570030000000000000e+05
5.590490000000000000e+05
5.610310000000000000e+05
5.631500000000000000e+05
5.651330000000000000e+05
5.672890000000000000e+05
5.692650000000000000e+05
5.713400000000000000e+05
5.733960000000000000e+05
5.754600000000000000e+05
5.774620000000000000e+05
5.795520000000000000e+05
5.815940000000000000e+05
5.836240000000000000e+05
5.856460000000000000e+05
5.877710000000000000e+05
5.897930000000000000e+05
5.918360000000000000e+05
5.938570000000000000e+05
5.959390000000000000e+05
5.979820000000000000e+05
5.999420000000000000e+05
6.020510000000000000e+05
6.041550000000000000e+05
6.061680000000000000e+05
6.081060000000000000e+05
6.102380000000000000e+05
6.123230000000000000e+05
6.143900000000000000e+05
6.164200000000000000e+05
6.184590000000000000e+05
6.205420000000000000e+05
6.225320000000000000e+05
6.246120000000000000e+05
6.266420000000000000e+05
6.287170000000000000e+05
6.307070000000000000e+05
6.326910000000000000e+05
6.348270000000000000e+05
6.368690000000000000e+05
6.389410000000000000e+05
6.408910000000000000e+05
6.430660000000000000e+05
6.450650000000000000e+05
6.470770000000000000e+05
6.491790000000000000e+05
6.512140000000000000e+05
6.532310000000000000e+05
6.553250000000000000e+05
6.573810000000000000e+05
6.593370000000000000e+05
6.613860000000000000e+05
6.634830000000000000e+05
6.655190000000000000e+05
6.675810000000000000e+05
6.696260000000000000e+05
6.716860000000000000e+05
6.737400000000000000e+05
6.757650000000000000e+05
6.778830000000000000e+05
6.798950000000000000e+05
6.819070000000000000e+05
6.839230000000000000e+05
6.860560000000000000e+05
6.881010000000000000e+05
6.901670000000000000e+05
6.921640000000000000e+05
6.942460000000000000e+05
6.962980000000000000e+05
6.983370000000000000e+05
7.003400000000000000e+05
7.023720000000000000e+05
7.044390000000000000e+05
7.064820000000000000e+05
7.085840000000000000e+05
7.106130000000000000e+05
7.126370000000000000e+05
7.147020000000000000e+05
7.167650000000000000e+05
7.188080000000000000e+05
7.208920000000000000e+05
7.228400000000000000e+05
7.249670000000000000e+05
7.269340000000000000e+05
7.290520000000000000e+05
7.311030000000000000e+05
7.331110000000000000e+05
7.351990000000000000e+05
7.372010000000000000e+05
7.393030000000000000e+05
7.413330000000000000e+05
7.433840000000000000e+05
7.454240000000000000e+05
7.474200000000000000e+05
7.495060000000000000e+05
7.514760000000000000e+05
7.536020000000000000e+05
7.556710000000000000e+05
7.576690000000000000e+05
7.596740000000000000e+05
7.617800000000000000e+05
7.638370000000000000e+05
7.658330000000000000e+05
7.679470000000000000e+05
7.699520000000000000e+05
7.720260000000000000e+05
7.740370000000000000e+05
7.761670000000000000e+05
7.782050000000000000e+05
7.802380000000000000e+05
7.822480000000000000e+05
7.843510000000000000e+05
7.864280000000000000e+05
7.884750000000000000e+05
7.905040000000000000e+05
7.925090000000000000e+05
7.945480000000000000e+05
7.965790000000000000e+05
7.986530000000000000e+05
8.006210000000000000e+05
8.027700000000000000e+05
8.048360000000000000e+05
8.068860000000000000e+05
8.088420000000000000e+05
8.110050000000000000e+05
8.130430000000000000e+05
8.150880000000000000e+05
8.171480000000000000e+05
8.191150000000000000e+05
8.210860000000000000e+05
8.232010000000000000e+05
8.252980000000000000e+05
8.273250000000000000e+05
8.293600000000000000e+05
8.314110000000000000e+05
8.334480000000000000e+05
8.355500000000000000e+05
8.375130000000000000e+05
8.396590000000000000e+05
8.415770000000000000e+05
8.436010000000000000e+05
8.457990000000000000e+05
8.478700000000000000e+05
8.498670000000000000e+05
8.519120000000000000e+05
8.540000000000000000e+05
8.559470000000000000e+05
8.581070000000000000e+05
8.601160000000000000e+05
8.621360000000000000e+05
8.642060000000000000e+05
8.661770000000000000e+05
8.682680000000000000e+05
8.703580000000000000e+05
8.723170000000000000e+05
8.744330000000000000e+05
8.765190000000000000e+05
8.784950000000000000e+05
8.804880000000000000e+05
8.826850000000000000e+05
8.846150000000000000e+05
8.866320000000000000e+05
8.887950000000000000e+05
8.908500000000000000e+05
8.928630000000000000e+05
8.949040000000000000e+05
8.969410000000000000e+05
8.990300000000000000e+05
9.011150000000000000e+05
9.030840000000000000e+05
9.051610000000000000e+05
9.071300000000000000e+05
9.091790000000000000e+05
9.113290000000000000e+05
9.133890000000000000e+05
9.153750000000000000e+05
9.174120000000000000e+05
9.194510000000000000e+05
9.215600000000000000e+05
9.235580000000000000e+05
9.256290000000000000e+05
9.276130000000000000e+05
9.296940000000000000e+05
9.317560000000000000e+05
9.338330000000000000e+05
9.358390000000000000e+05
9.379780000000000000e+05
9.399320000000000000e+05
9.420440000000000000e+05
9.440140000000000000e+05
9.461320000000000000e+05
9.482230000000000000e+05
9.501230000000000000e+05
9.522620000000000000e+05
9.543270000000000000e+05
9.563720000000000000e+05
9.584550000000000000e+05
9.604110000000000000e+05
9.624960000000000000e+05
9.645230000000000000e+05
9.665310000000000000e+05
9.686330000000000000e+05
9.706760000000000000e+05
9.727790000000000000e+05
9.747630000000000000e+05
9.767580000000000000e+05
9.789090000000000000e+05
9.809780000000000000e+05
9.830000000000000000e+05
9.849830000000000000e+05
9.870640000000000000e+05
9.891050000000000000e+05
9.912100000000000000e+05
9.932470000000000000e+05
9.952310000000000000e+05
9.973330000000000000e+05
9.993800000000000000e+05
1.001365000000000000e+06
1.003518000000000000e+06
1.005553000000000000e+06
1.007542000000000000e+06
1.009532000000000000e+06
1.011643000000000000e+06
1.013733000000000000e+06
1.015669000000000000e+06
1.017853000000000000e+06
1.019862000000000000e+06
1.021884000000000000e+06
1.023883000000000000e+06
1.025966000000000000e+06
1.027928000000000000e+06
1.030044000000000000e+06
1.032141000000000000e+06
1.034234000000000000e+06
1.036259000000000000e+06
1.038323000000000000e+06
1.040314000000000000e+06
1.042385000000000000e+06
1.044474000000000000e+06
1.046462000000000000e+06
1.048520000000000000e+06
1.050485000000000000e+06
1.052621000000000000e+06
1.054693000000000000e+06
1.056767000000000000e+06
1.058679000000000000e+06
1.060816000000000000e+06
1.062808000000000000e+06
1.064950000000000000e+06
1.066929000000000000e+06
1.068945000000000000e+06
1.070944000000000000e+06
1.073103000000000000e+06
1.075093000000000000e+06
1.077064000000000000e+06
1.079173000000000000e+06
1.081285000000000000e+06
1.083314000000000000e+06
1.085386000000000000e+06
1.087413000000000000e+06
1.089468000000000000e+06
1.091578000000000000e+06
1.093571000000000000e+06
1.095540000000000000e+06
1.097697000000000000e+06
1.099776000000000000e+06
1.101799000000000000e+06
1.103819000000000000e+06
1.105867000000000000e+06
1.107851000000000000e+06
1.109910000000000000e+06
1.111963000000000000e+06
1.114106000000000000e+06
1.116053000000000000e+06
1.118065000000000000e+06
1.120156000000000000e+06
1.122267000000000000e+06
1.124315000000000000e+06
1.126371000000000000e+06
1.128429000000000000e+06
1.130420000000000000e+06
1.132524000000000000e+06
1.134513000000000000e+06
1.136533000000000000e+06
1.138598000000000000e+06
1.140690000000000000e+06
1.142701000000000000e+06
1.144799000000000000e+06
1.146838000000000000e+06
1.148904000000000000e+06
1.150892000000000000e+06
1.152923000000000000e+06
1.155044000000000000e+06
1.157091000000000000e+06
1.159039000000000000e+06
1.161108000000000000e+06
1.163238000000000000e+06
1.165230000000000000e+06
1.167292000000000000e+06
1.169336000000000000e+06
1.171356000000000000e+06
1.173484000000000000e+06
1.175485000000000000e+06
1.177425000000000000e+06
1.179646000000000000e+06
1.181675000000000000e+06
1.183721000000000000e+06
1.185752000000000000e+06
1.187802000000000000e+06
1.189776000000000000e+06
1.191897000000000000e+06
1.193941000000000000e+06
1.195950000000000000e+06
1.197991000000000000e+06
1.200093000000000000e+06
1.202108000000000000e+06
1.204208000000000000e+06
1.206249000000000000e+06
1.208149000000000000e+06
1.210223000000000000e+06
1.212356000000000000e+06
1.214387000000000000e+06
1.216339000000000000e+06
1.218482000000000000e+06
1.220527000000000000e+06
1.222573000000000000e+06
1.224578000000000000e+06
1.226652000000000000e+06
1.228699000000000000e+06
1.230771000000000000e+06
1.232858000000000000e+06
1.234817000000000000e+06
1.236989000000000000e+06
1.238954000000000000e+06
1.241058000000000000e+06
1.242991000000000000e+06
1.245124000000000000e+06
1.247182000000000000e+06
1.249215000000000000e+06
1.251198000000000000e+06
1.253258000000000000e+06
1.255405000000000000e+06
1.257406000000000000e+06
1.259455000000000000e+06
1.261383000000000000e+06
1.263598000000000000e+06
1.265568000000000000e+06
1.267626000000000000e+06
1.269759000000000000e+06
1.271714000000000000e+06
1.273779000000000000e+06
1.275875000000000000e+06
1.277949000000000000e+06
1.279921000000000000e+06
1.282010000000000000e+06
1.283980000000000000e+06
1.286011000000000000e+06
1.288138000000000000e+06
1.290229000000000000e+06
1.292198000000000000e+06
1.294297000000000000e+06
1.296272000000000000e+06
1.298381000000000000e+06
1.300446000000000000e+06
1.302462000000000000e+06
1.304468000000000000e+06
1.306521000000000000e+06
1.308592000000000000e+06
1.310638000000000000e+06
1.312705000000000000e+06
1.314753000000000000e+06
1.316752000000000000e+06
1.318781000000000000e+06
1.320828000000000000e+06
1.322888000000000000e+06
1.324902000000000000e+06
1.327072000000000000e+06
1.328962000000000000e+06
1.331050000000000000e+06
1.333187000000000000e+06
1.335232000000000000e+06
1.337292000000000000e+06
1.339380000000000000e+06
1.341276000000000000e+06
1.343410000000000000e+06
1.345532000000000000e+06
1.347582000000000000e+06
1.349614000000000000e+06
1.351625000000000000e+06
1.353605000000000000e+06
1.355695000000000000e+06
1.357732000000000000e+06
1.359754000000000000e+06
1.361885000000000000e+06
1.363949000000000000e+06
1.365907000000000000e+06
1.368029000000000000e+06
1.370026000000000000e+06
1.372040000000000000e+06
1.374117000000000000e+06
1.376241000000000000e+06
1.378288000000000000e+06
1.380224000000000000e+06
1.382307000000000000e+06
1.384423000000000000e+06
1.386465000000000000e+06
1.388436000000000000e+06
1.390553000000000000e+06
1.392572000000000000e+06
1.394526000000000000e+06
1.396613000000000000e+06
1.398714000000000000e+06
1.400789000000000000e+06
1.402842000000000000e+06
1.404874000000000000e+06
1.406824000000000000e+06
1.409015000000000000e+06
1.410964000000000000e+06
1.413022000000000000e+06
1.415107000000000000e+06
1.417136000000000000e+06
1.419220000000000000e+06
1.421298000000000000e+06
1.423247000000000000e+06
1.425317000000000000e+06
1.427299000000000000e+06
1.429500000000000000e+06
1.431455000000000000e+06
1.433513000000000000e+06
1.435572000000000000e+06
1.437695000000000000e+06
1.439687000000000000e+06
1.441672000000000000e+06
1.443780000000000000e+06
1.445758000000000000e+06
1.447923000000000000e+06
1.449949000000000000e+06
1.451941000000000000e+06
1.453954000000000000e+06
1.456044000000000000e+06
1.458124000000000000e+06
1.460188000000000000e+06
1.462137000000000000e+06
1.464207000000000000e+06
1.466311000000000000e+06
1.468367000000000000e+06
1.470407000000000000e+06
1.472389000000000000e+06
1.474357000000000000e+06
1.476524000000000000e+06
1.478544000000000000e+06
1.480592000000000000e+06
1.482726000000000000e+06
1.484694000000000000e+06
1.486738000000000000e+06
1.488682000000000000e+06
1.490827000000000000e+06
1.492972000000000000e+06
1.495004000000000000e+06
1.497075000000000000e+06
1.499067000000000000e+06
1.501073000000000000e+06
1.503197000000000000e+06
1.505239000000000000e+06
1.507253000000000000e+06
1.509286000000000000e+06
1.511315000000000000e+06
1.513472000000000000e+06
1.515520000000000000e+06
1.517553000000000000e+06
1.519531000000000000e+06
1.521616000000000000e+06
1.523556000000000000e+06
1.525727000000000000e+06
1.527764000000000000e+06
1.529738000000000000e+06
1.531851000000000000e+06
1.533849000000000000e+06
1.535961000000000000e+06
1.537968000000000000e+06
1.539990000000000000e+06
1.542059000000000000e+06
1.544048000000000000e+06
1.546074000000000000e+06
1.548264000000000000e+06
1.550287000000000000e+06
1.552256000000000000e+06
1.554350000000000000e+06
1.556333000000000000e+06
1.558499000000000000e+06
1.560561000000000000e+06
1.562522000000000000e+06
1.564580000000000000e+06
1.566690000000000000e+06
1.568688000000000000e+06
1.570708000000000000e+06
1.572805000000000000e+06
1.574843000000000000e+06
1.576863000000000000e+06
1.578937000000000000e+06
1.581016000000000000e+06
1.582912000000000000e+06
1.585027000000000000e+06
1.587092000000000000e+06
1.589151000000000000e+06
1.591234000000000000e+06
1.593269000000000000e+06
1.595269000000000000e+06
1.597404000000000000e+06
1.599422000000000000e+06
1.601434000000000000e+06
1.603358000000000000e+06
1.605574000000000000e+06
1.607627000000000000e+06
1.609618000000000000e+06
1.611775000000000000e+06
1.613783000000000000e+06
1.615805000000000000e+06
1.617897000000000000e+06
1.619962000000000000e+06
1.621984000000000000e+06
1.624045000000000000e+06
1.626081000000000000e+06
1.628052000000000000e+06
1.630196000000000000e+06
1.632148000000000000e+06
1.634297000000000000e+06
1.636261000000000000e+06
1.638309000000000000e+06
1.640336000000000000e+06
1.642384000000000000e+06
1.644471000000000000e+06
1.646575000000000000e+06
1.648513000000000000e+06
1.650651000000000000e+06
1.652635000000000000e+06
1.654752000000000000e+06
1.656552000000000000e+06
1.658873000000000000e+06
1.660915000000000000e+06
1.662859000000000000e+06
1.664971000000000000e+06
1.666944000000000000e+06
1.669037000000000000e+06
1.671029000000000000e+06
1.673187000000000000e+06
1.675204000000000000e+06
1.677105000000000000e+06
1.679353000000000000e+06
1.681273000000000000e+06
1.683265000000000000e+06
1.685431000000000000e+06
1.687485000000000000e+06
1.689579000000000000e+06
1.691642000000000000e+06
1.693645000000000000e+06
1.695630000000000000e+06
1.697686000000000000e+06
1.699763000000000000e+06
1.701734000000000000e+06
1.703912000000000000e+06
1.705928000000000000e+06
1.707961000000000000e+06
1.710068000000000000e+06
1.712056000000000000e+06
1.714104000000000000e+06
1.716143000000000000e+06
1.718028000000000000e+06
1.720284000000000000e+06
1.722098000000000000e+06
1.724413000000000000e+06
1.726331000000000000e+06
1.728393000000000000e+06
1.730470000000000000e+06
1.732535000000000000e+06
1.734581000000000000e+06
1.736537000000000000e+06
1.738741000000000000e+06
1.740757000000000000e+06
1.742768000000000000e+06
1.744738000000000000e+06
1.746792000000000000e+06
1.748979000000000000e+06
1.751021000000000000e+06
1.753079000000000000e+06
1.755059000000000000e+06
1.756985000000000000e+06
1.759084000000000000e+06
1.761178000000000000e+06
1.763246000000000000e+06
1.765260000000000000e+06
1.767392000000000000e+06
1.769380000000000000e+06
1.771425000000000000e+06
1.773514000000000000e+06
1.775532000000000000e+06
1.777637000000000000e+06
1.779595000000000000e+06
1.781739000000000000e+06
1.783793000000000000e+06
1.785842000000000000e+06
1.787885000000000000e+06
1.789915000000000000e+06
1.791901000000000000e+06
1.793927000000000000e+06
1.795999000000000000e+06
1.798051000000000000e+06
1.800143000000000000e+06
1.802223000000000000e+06
1.804096000000000000e+06
1.806326000000000000e+06
1.808287000000000000e+06
1.810408000000000000e+06
1.812408000000000000e+06
1.814521000000000000e+06
1.816568000000000000e+06
1.818598000000000000e+06
1.820513000000000000e+06
1.822642000000000000e+06
1.824683000000000000e+06
1.826797000000000000e+06
1.828754000000000000e+06
1.830848000000000000e+06
1.832923000000000000e+06
1.834969000000000000e+06
1.836929000000000000e+06
1.839102000000000000e+06
1.841092000000000000e+06
1.843174000000000000e+06
1.844960000000000000e+06
1.847060000000000000e+06
1.849340000000000000e+06
1.851297000000000000e+06
1.853410000000000000e+06
1.855436000000000000e+06
1.857522000000000000e+06
1.859566000000000000e+06
1.861483000000000000e+06
1.863557000000000000e+06
1.865704000000000000e+06
1.867752000000000000e+06
1.869563000000000000e+06
1.871847000000000000e+06
1.873797000000000000e+06
1.875842000000000000e+06
1.877964000000000000e+06
1.879955000000000000e+06
1.881946000000000000e+06
1.884027000000000000e+06
1.886028000000000000e+06
1.888249000000000000e+06
1.890147000000000000e+06
1.892195000000000000e+06
1.894305000000000000e+06
1.896300000000000000e+06
1.898445000000000000e+06
1.900423000000000000e+06
1.902519000000000000e+06
1.904470000000000000e+06
1.906623000000000000e+06
1.908639000000000000e+06
1.910675000000000000e+06
1.912686000000000000e+06
1.914690000000000000e+06
1.916881000000000000e+06
1.918871000000000000e+06
1.920993000000000000e+06
1.922993000000000000e+06
1.925113000000000000e+06
1.927164000000000000e+06
1.929193000000000000e+06
1.931235000000000000e+06
1.933312000000000000e+06
1.935321000000000000e+06
1.937262000000000000e+06
1.939347000000000000e+06
1.941357000000000000e+06
1.943443000000000000e+06
1.945510000000000000e+06
1.947611000000000000e+06
1.949661000000000000e+06
1.951740000000000000e+06
1.953768000000000000e+06
1.955790000000000000e+06
1.957842000000000000e+06
1.959930000000000000e+06
1.961850000000000000e+06
1.964015000000000000e+06
1.966036000000000000e+06
1.967996000000000000e+06
1.970119000000000000e+06
1.972050000000000000e+06
1.974258000000000000e+06
1.976316000000000000e+06
1.978253000000000000e+06
1.980401000000000000e+06
1.982342000000000000e+06
1.984400000000000000e+06
1.986444000000000000e+06
1.988548000000000000e+06
1.990566000000000000e+06
1.992631000000000000e+06
1.994642000000000000e+06
1.996744000000000000e+06
1.998770000000000000e+06
2.000780000000000000e+06
