2.032000000000000000e+03
4.086000000000000000e+03
6.099000000000000000e+03
8.178000000000000000e+03
1.017000000000000000e+04
1.225500000000000000e+04
1.433000000000000000e+04
1.629400000000000000e+04
1.832600000000000000e+04
2.037800000000000000e+04
2.251000000000000000e+04
2.452400000000000000e+04
2.657500000000000000e+04
2.857600000000000000e+04
3.060300000000000000e+04
3.268900000000000000e+04
3.470700000000000000e+04
3.672400000000000000e+04
3.885500000000000000e+04
4.083600000000000000e+04
4.295000000000000000e+04
4.499000000000000000e+04
4.704500000000000000e+04
4.913700000000000000e+04
5.116000000000000000e+04
5.324800000000000000e+04
5.521300000000000000e+04
5.720700000000000000e+04
5.925600000000000000e+04
6.128800000000000000e+04
6.336600000000000000e+04
6.547200000000000000e+04
6.756000000000000000e+04
6.944200000000000000e+04
7.163800000000000000e+04
7.352100000000000000e+04
7.571500000000000000e+04
7.769600000000000000e+04
7.979800000000000000e+04
8.176400000000000000e+04
8.369900000000000000e+04
8.590100000000000000e+04
8.804500000000000000e+04
9.006100000000000000e+04
9.207900000000000000e+04
9.405900000000000000e+04
9.611100000000000000e+04
9.825200000000000000e+04
1.002480000000000000e+05
1.023750000000000000e+05
1.044050000000000000e+05
1.063680000000000000e+05
1.084990000000000000e+05
1.103100000000000000e+05
1.124380000000000000e+05
1.145300000000000000e+05
1.166910000000000000e+05
1.187130000000000000e+05
1.206580000000000000e+05
1.227720000000000000e+05
1.248200000000000000e+05
1.268670000000000000e+05
1.288380000000000000e+05
1.310720000000000000e+05
1.330050000000000000e+05
1.349680000000000000e+05
1.371430000000000000e+05
1.392470000000000000e+05
1.411410000000000000e+05
1.431510000000000000e+05
1.453480000000000000e+05
1.472640000000000000e+05
1.493680000000000000e+05
1.514750000000000000e+05
1.535030000000000000e+05
1.554580000000000000e+05
1.576430000000000000e+05
1.596020000000000000e+05
1.615980000000000000e+05
1.636610000000000000e+05
1.655920000000000000e+05
1.678150000000000000e+05
1.698720000000000000e+05
1.719140000000000000e+05
1.740160000000000000e+05
1.759250000000000000e+05
1.780870000000000000e+05
1.800440000000000000e+05
1.821480000000000000e+05
1.841910000000000000e+05
1.860100000000000000e+05
1.882530000000000000e+05
1.904290000000000000e+05
1.923230000000000000e+05
1.944030000000000000e+05
1.964100000000000000e+05
1.983850000000000000e+05
2.004750000000000000e+05
2.025530000000000000e+05
2.047800000000000000e+05
2.067960000000000000e+05
2.088440000000000000e+05
2.105340000000000000e+05
2.127630000000000000e+05
2.148880000000000000e+05
2.168080000000000000e+05
2.189740000000000000e+05
2.209770000000000000e+05
2.230320000000000000e+05
2.250950000000000000e+05
2.270790000000000000e+05
2.292110000000000000e+05
2.310710000000000000e+05
2.334300000000000000e+05
2.353900000000000000e+05
2.369910000000000000e+05
2.394810000000000000e+05
2.414070000000000000e+05
2.435620000000000000e+05
2.455990000000000000e+05
2.476670000000000000e+05
2.495910000000000000e+05
2.518800000000000000e+05
2.538440000000000000e+05
2.557490000000000000e+05
2.579210000000000000e+05
2.599830000000000000e+05
2.620330000000000000e+05
2.639430000000000000e+05
2.657710000000000000e+05
2.681710000000000000e+05
2.702300000000000000e+05
2.720980000000000000e+05
2.743450000000000000e+05
2.764610000000000000e+05
2.782230000000000000e+05
2.805090000000000000e+05
2.823640000000000000e+05
2.842420000000000000e+05
2.865580000000000000e+05
2.886310000000000000e+05
2.906430000000000000e+05
2.927930000000000000e+05
2.947370000000000000e+05
2.965890000000000000e+05
2.988890000000000000e+05
3.007690000000000000e+05
3.030360000000000000e+05
3.048350000000000000e+05
3.069330000000000000e+05
3.091830000000000000e+05
3.110390000000000000e+05
3.132040000000000000e+05
3.150290000000000000e+05
3.171810000000000000e+05
3.192020000000000000e+05
3.214050000000000000e+05
3.234680000000000000e+05
3.254350000000000000e+05
3.276760000000000000e+05
3.295390000000000000e+05
3.317370000000000000e+05
3.337220000000000000e+05
3.357620000000000000e+05
3.379180000000000000e+05
3.397150000000000000e+05
3.419700000000000000e+05
3.435670000000000000e+05
3.457560000000000000e+05
3.478630000000000000e+05
3.500550000000000000e+05
3.522550000000000000e+05
3.540700000000000000e+05
3.561590000000000000e+05
3.578890000000000000e+05
3.603130000000000000e+05
3.620570000000000000e+05
3.644030000000000000e+05
3.665160000000000000e+05
3.684970000000000000e+05
3.702940000000000000e+05
3.724980000000000000e+05
3.746580000000000000e+05
3.767430000000000000e+05
3.788480000000000000e+05
3.805310000000000000e+05
3.829230000000000000e+05
3.847550000000000000e+05
3.868820000000000000e+05
3.890000000000000000e+05
3.910560000000000000e+05
3.930090000000000000e+05
3.952150000000000000e+05
3.972110000000000000e+05
3.991980000000000000e+05
4.012220000000000000e+05
4.034480000000000000e+05
4.051990000000000000e+05
4.074980000000000000e+05
4.094980000000000000e+05
4.116230000000000000e+05
4.135360000000000000e+05
4.157000000000000000e+05
4.176930000000000000e+05
4.192240000000000000e+05
4.217660000000000000e+05
4.236400000000000000e+05
4.254760000000000000e+05
4.278910000000000000e+05
4.300040000000000000e+05
4.320690000000000000e+05
4.341680000000000000e+05
4.360520000000000000e+05
4.380300000000000000e+05
4.398990000000000000e+05
4.419600000000000000e+05
4.442810000000000000e+05
4.463720000000000000e+05
4.485040000000000000e+05
4.504580000000000000e+05
4.519300000000000000e+05
4.544130000000000000e+05
4.564490000000000000e+05
4.584900000000000000e+05
4.606020000000000000e+05
4.627460000000000000e+05
4.648850000000000000e+05
4.667460000000000000e+05
4.688330000000000000e+05
4.707300000000000000e+05
4.724430000000000000e+05
4.748640000000000000e+05
4.769740000000000000e+05
4.789790000000000000e+05
4.808440000000000000e+05
4.833050000000000000e+05
4.851710000000000000e+05
4.872450000000000000e+05
4.893840000000000000e+05
4.914140000000000000e+05
4.934780000000000000e+05
4.954830000000000000e+05
4.973000000000000000e+05
4.995460000000000000e+05
5.014330000000000000e+05
5.036370000000000000e+05
5.057980000000000000e+05
5.078100000000000000e+05
5.099470000000000000e+05
5.118630000000000000e+05
5.140330000000000000e+05
5.159490000000000000e+05
5.179850000000000000e+05
5.200530000000000000e+05
5.219330000000000000e+05
5.237680000000000000e+05
5.263050000000000000e+05
5.283070000000000000e+05
5.303250000000000000e+05
5.321530000000000000e+05
5.344890000000000000e+05
5.362690000000000000e+05
5.384390000000000000e+05
5.402960000000000000e+05
5.423470000000000000e+05
5.444800000000000000e+05
5.466310000000000000e+05
5.486460000000000000e+05
5.505160000000000000e+05
5.526850000000000000e+05
5.545010000000000000e+05
5.569450000000000000e+05
5.590650000000000000e+05
5.605950000000000000e+05
5.630810000000000000e+05
5.650600000000000000e+05
5.670640000000000000e+05
5.690310000000000000e+05
5.707630000000000000e+05
5.733890000000000000e+05
5.754050000000000000e+05
5.772870000000000000e+05
5.794740000000000000e+05
5.815490000000000000e+05
5.835350000000000000e+05
5.856480000000000000e+05
5.877120000000000000e+05
5.897610000000000000e+05
5.917590000000000000e+05
5.937140000000000000e+05
5.957980000000000000e+05
5.976920000000000000e+05
5.997650000000000000e+05
6.020230000000000000e+05
6.039320000000000000e+05
6.057370000000000000e+05
6.082120000000000000e+05
6.102810000000000000e+05
6.121170000000000000e+05
6.140980000000000000e+05
6.161130000000000000e+05
6.183990000000000000e+05
6.203500000000000000e+05
6.220330000000000000e+05
6.245890000000000000e+05
6.262960000000000000e+05
6.286130000000000000e+05
6.302830000000000000e+05
6.325110000000000000e+05
6.348250000000000000e+05
6.368770000000000000e+05
6.388200000000000000e+05
6.406500000000000000e+05
6.428220000000000000e+05
6.449560000000000000e+05
6.470480000000000000e+05
6.485060000000000000e+05
6.512250000000000000e+05
6.530480000000000000e+05
6.551280000000000000e+05
6.571940000000000000e+05
6.592320000000000000e+05
6.611580000000000000e+05
6.634460000000000000e+05
6.654820000000000000e+05
6.673810000000000000e+05
6.692120000000000000e+05
6.716930000000000000e+05
6.737510000000000000e+05
6.757480000000000000e+05
6.774450000000000000e+05
6.796490000000000000e+05
6.817420000000000000e+05
6.840110000000000000e+05
6.857910000000000000e+05
6.880370000000000000e+05
6.900630000000000000e+05
6.920940000000000000e+05
6.942510000000000000e+05
6.959980000000000000e+05
6.976410000000000000e+05
7.002220000000000000e+05
7.021570000000000000e+05
7.040650000000000000e+05
7.060640000000000000e+05
7.085250000000000000e+05
7.105950000000000000e+05
7.121710000000000000e+05
7.145900000000000000e+05
7.165100000000000000e+05
7.186430000000000000e+05
7.208090000000000000e+05
7.227640000000000000e+05
7.249900000000000000e+05
7.268320000000000000e+05
7.290390000000000000e+05
7.308570000000000000e+05
7.329180000000000000e+05
7.345320000000000000e+05
7.368660000000000000e+05
7.386840000000000000e+05
7.413600000000000000e+05
7.431830000000000000e+05
7.446070000000000000e+05
7.471590000000000000e+05
7.492930000000000000e+05
7.515420000000000000e+05
7.535480000000000000e+05
7.552770000000000000e+05
7.576840000000000000e+05
7.596880000000000000e+05
7.617290000000000000e+05
7.638010000000000000e+05
7.656460000000000000e+05
7.678530000000000000e+05
7.695840000000000000e+05
7.717370000000000000e+05
7.739460000000000000e+05
7.759710000000000000e+05
7.776500000000000000e+05
7.801350000000000000e+05
7.821350000000000000e+05
7.840930000000000000e+05
7.863320000000000000e+05
7.884770000000000000e+05
7.903150000000000000e+05
7.924540000000000000e+05
7.944680000000000000e+05
7.964040000000000000e+05
7.983430000000000000e+05
8.007270000000000000e+05
8.025310000000000000e+05
8.045960000000000000e+05
8.065420000000000000e+05
8.086830000000000000e+05
8.106990000000000000e+05
8.130550000000000000e+05
8.148950000000000000e+05
8.170410000000000000e+05
8.189740000000000000e+05
8.210520000000000000e+05
8.229210000000000000e+05
8.251430000000000000e+05
8.268060000000000000e+05
8.291500000000000000e+05
8.306890000000000000e+05
8.328910000000000000e+05
8.350370000000000000e+05
8.376020000000000000e+05
8.394780000000000000e+05
8.415840000000000000e+05
8.435570000000000000e+05
8.457070000000000000e+05
8.475180000000000000e+05
8.496190000000000000e+05
8.516820000000000000e+05
8.538300000000000000e+05
8.558990000000000000e+05
8.574850000000000000e+05
8.598790000000000000e+05
8.620560000000000000e+05
8.635760000000000000e+05
8.660680000000000000e+05
8.676860000000000000e+05
8.700620000000000000e+05
8.720350000000000000e+05
8.741360000000000000e+05
8.764290000000000000e+05
8.783370000000000000e+05
8.801500000000000000e+05
8.817870000000000000e+05
8.844220000000000000e+05
8.866380000000000000e+05
8.886510000000000000e+05
8.906460000000000000e+05
8.927330000000000000e+05
8.946580000000000000e+05
8.962820000000000000e+05
8.988030000000000000e+05
9.011000000000000000e+05
9.029060000000000000e+05
9.051750000000000000e+05
9.069050000000000000e+05
9.091700000000000000e+05
9.113360000000000000e+05
9.126770000000000000e+05
9.151100000000000000e+05
9.170340000000000000e+05
9.194760000000000000e+05
9.215190000000000000e+05
9.235130000000000000e+05
9.254370000000000000e+05
9.271310000000000000e+05
9.296960000000000000e+05
9.317970000000000000e+05
9.337810000000000000e+05
9.358260000000000000e+05
9.377180000000000000e+05
9.398150000000000000e+05
9.419420000000000000e+05
9.439140000000000000e+05
9.458610000000000000e+05
9.482000000000000000e+05
9.500870000000000000e+05
9.521410000000000000e+05
9.540920000000000000e+05
9.561280000000000000e+05
9.583010000000000000e+05
9.604200000000000000e+05
9.624690000000000000e+05
9.642820000000000000e+05
9.665820000000000000e+05
9.684430000000000000e+05
9.707060000000000000e+05
9.727120000000000000e+05
9.747020000000000000e+05
9.767260000000000000e+05
9.788460000000000000e+05
9.808630000000000000e+05
9.829260000000000000e+05
9.847300000000000000e+05
9.868380000000000000e+05
9.891310000000000000e+05
9.910060000000000000e+05
9.931950000000000000e+05
9.952140000000000000e+05
9.973300000000000000e+05
9.992110000000000000e+05
1.001278000000000000e+06
1.003491000000000000e+06
1.005489000000000000e+06
1.006972000000000000e+06
1.009427000000000000e+06
1.011580000000000000e+06
1.013530000000000000e+06
1.015753000000000000e+06
1.017688000000000000e+06
1.019838000000000000e+06
1.021673000000000000e+06
1.023798000000000000e+06
1.025961000000000000e+06
1.027897000000000000e+06
1.029928000000000000e+06
1.032123000000000000e+06
1.033984000000000000e+06
1.036162000000000000e+06
1.038213000000000000e+06
1.040220000000000000e+06
1.042070000000000000e+06
1.044351000000000000e+06
1.046502000000000000e+06
1.048540000000000000e+06
1.050622000000000000e+06
1.052636000000000000e+06
1.054470000000000000e+06
1.056399000000000000e+06
1.058649000000000000e+06
1.060493000000000000e+06
1.062646000000000000e+06
1.064772000000000000e+06
1.066765000000000000e+06
1.068909000000000000e+06
1.071073000000000000e+06
1.073064000000000000e+06
1.075178000000000000e+06
1.077119000000000000e+06
1.079162000000000000e+06
1.081071000000000000e+06
1.083282000000000000e+06
1.085106000000000000e+06
1.087445000000000000e+06
1.089404000000000000e+06
1.091231000000000000e+06
1.093595000000000000e+06
1.095402000000000000e+06
1.096805000000000000e+06
1.099659000000000000e+06
1.101590000000000000e+06
1.103529000000000000e+06
1.105612000000000000e+06
1.107724000000000000e+06
1.109732000000000000e+06
1.111942000000000000e+06
1.113950000000000000e+06
1.115924000000000000e+06
1.117961000000000000e+06
1.119717000000000000e+06
1.122163000000000000e+06
1.124064000000000000e+06
1.126390000000000000e+06
1.128243000000000000e+06
1.130104000000000000e+06
1.132335000000000000e+06
1.134550000000000000e+06
1.136310000000000000e+06
1.138399000000000000e+06
1.140728000000000000e+06
1.142222000000000000e+06
1.144706000000000000e+06
1.146804000000000000e+06
1.148231000000000000e+06
1.150569000000000000e+06
1.152373000000000000e+06
1.155070000000000000e+06
1.156394000000000000e+06
1.158593000000000000e+06
1.161195000000000000e+06
1.163245000000000000e+06
1.165196000000000000e+06
1.167115000000000000e+06
1.169331000000000000e+06
1.171180000000000000e+06
1.173503000000000000e+06
1.175299000000000000e+06
1.177251000000000000e+06
1.179521000000000000e+06
1.181500000000000000e+06
1.183285000000000000e+06
1.185725000000000000e+06
1.187705000000000000e+06
1.189742000000000000e+06
1.191887000000000000e+06
1.193858000000000000e+06
1.195719000000000000e+06
1.197422000000000000e+06
1.199954000000000000e+06
1.201734000000000000e+06
1.204111000000000000e+06
1.206129000000000000e+06
1.208314000000000000e+06
1.209720000000000000e+06
1.212363000000000000e+06
1.214284000000000000e+06
1.216350000000000000e+06
1.218531000000000000e+06
1.220499000000000000e+06
1.222539000000000000e+06
1.224612000000000000e+06
1.226595000000000000e+06
1.228715000000000000e+06
1.230697000000000000e+06
1.232115000000000000e+06
1.234607000000000000e+06
1.236907000000000000e+06
1.238999000000000000e+06
1.240695000000000000e+06
1.242850000000000000e+06
1.245074000000000000e+06
1.247030000000000000e+06
1.249275000000000000e+06
1.251044000000000000e+06
1.253231000000000000e+06
1.255375000000000000e+06
1.257096000000000000e+06
1.259223000000000000e+06
1.261414000000000000e+06
1.263221000000000000e+06
1.265506000000000000e+06
1.267421000000000000e+06
1.269544000000000000e+06
1.271545000000000000e+06
1.273532000000000000e+06
1.275622000000000000e+06
1.277691000000000000e+06
1.279430000000000000e+06
1.281720000000000000e+06
1.283342000000000000e+06
1.286080000000000000e+06
1.288044000000000000e+06
1.289722000000000000e+06
1.292204000000000000e+06
1.294076000000000000e+06
1.296131000000000000e+06
1.298044000000000000e+06
1.300407000000000000e+06
1.302184000000000000e+06
1.304126000000000000e+06
1.306610000000000000e+06
1.308521000000000000e+06
1.310160000000000000e+06
1.312523000000000000e+06
1.314529000000000000e+06
1.316609000000000000e+06
1.318666000000000000e+06
1.320931000000000000e+06
1.322896000000000000e+06
1.324609000000000000e+06
1.327092000000000000e+06
1.328706000000000000e+06
1.330902000000000000e+06
1.333177000000000000e+06
1.335058000000000000e+06
1.337157000000000000e+06
1.339273000000000000e+06
1.341304000000000000e+06
1.343386000000000000e+06
1.345086000000000000e+06
1.347407000000000000e+06
1.349404000000000000e+06
1.351678000000000000e+06
1.353098000000000000e+06
1.355730000000000000e+06
1.357596000000000000e+06
1.359580000000000000e+06
1.361652000000000000e+06
1.363957000000000000e+06
1.366016000000000000e+06
1.367459000000000000e+06
1.369838000000000000e+06
1.372011000000000000e+06
1.373906000000000000e+06
1.376058000000000000e+06
1.377857000000000000e+06
1.380080000000000000e+06
1.382149000000000000e+06
1.384432000000000000e+06
1.386170000000000000e+06
1.388499000000000000e+06
1.390405000000000000e+06
1.392219000000000000e+06
1.393995000000000000e+06
1.396031000000000000e+06
1.398244000000000000e+06
1.400708000000000000e+06
1.402821000000000000e+06
1.404649000000000000e+06
1.406968000000000000e+06
1.409016000000000000e+06
1.411066000000000000e+06
1.412964000000000000e+06
1.414481000000000000e+06
1.417193000000000000e+06
1.418838000000000000e+06
1.420809000000000000e+06
1.423318000000000000e+06
1.425231000000000000e+06
1.427381000000000000e+06
1.429347000000000000e+06
1.431446000000000000e+06
1.433561000000000000e+06
1.435473000000000000e+06
1.437429000000000000e+06
1.439306000000000000e+06
1.441706000000000000e+06
1.443422000000000000e+06
1.445745000000000000e+06
1.447806000000000000e+06
1.449744000000000000e+06
1.451753000000000000e+06
1.453512000000000000e+06
1.455958000000000000e+06
1.457291000000000000e+06
1.459858000000000000e+06
1.462158000000000000e+06
1.464023000000000000e+06
1.466235000000000000e+06
1.468410000000000000e+06
1.470412000000000000e+06
1.472292000000000000e+06
1.474153000000000000e+06
1.476039000000000000e+06
1.478430000000000000e+06
1.480530000000000000e+06
1.482154000000000000e+06
1.483843000000000000e+06
1.486668000000000000e+06
1.488833000000000000e+06
1.490860000000000000e+06
1.492852000000000000e+06
1.494465000000000000e+06
1.496970000000000000e+06
1.498845000000000000e+06
1.500358000000000000e+06
1.502784000000000000e+06
1.504807000000000000e+06
1.506904000000000000e+06
1.509245000000000000e+06
1.511293000000000000e+06
1.513367000000000000e+06
1.515247000000000000e+06
1.517092000000000000e+06
1.519135000000000000e+06
1.521054000000000000e+06
1.523519000000000000e+06
1.525428000000000000e+06
1.526901000000000000e+06
1.529810000000000000e+06
1.531507000000000000e+06
1.533535000000000000e+06
1.535398000000000000e+06
1.537918000000000000e+06
1.539733000000000000e+06
1.541786000000000000e+06
1.543695000000000000e+06
1.546176000000000000e+06
1.548163000000000000e+06
1.549792000000000000e+06
1.552309000000000000e+06
1.554333000000000000e+06
1.555997000000000000e+06
1.557964000000000000e+06
1.560551000000000000e+06
1.562343000000000000e+06
1.564647000000000000e+06
1.566661000000000000e+06
1.568677000000000000e+06
1.570534000000000000e+06
1.572829000000000000e+06
1.574355000000000000e+06
1.576483000000000000e+06
1.578431000000000000e+06
1.580822000000000000e+06
1.582835000000000000e+06
1.585057000000000000e+06
1.587085000000000000e+06
1.588891000000000000e+06
1.591185000000000000e+06
1.592786000000000000e+06
1.595010000000000000e+06
1.596838000000000000e+06
1.599187000000000000e+06
1.601399000000000000e+06
1.603456000000000000e+06
1.605556000000000000e+06
1.607357000000000000e+06
1.609505000000000000e+06
1.611525000000000000e+06
1.613679000000000000e+06
1.615333000000000000e+06
1.617675000000000000e+06
1.619374000000000000e+06
1.621737000000000000e+06
1.623720000000000000e+06
1.625785000000000000e+06
1.627937000000000000e+06
1.630016000000000000e+06
1.631752000000000000e+06
1.634272000000000000e+06
1.636017000000000000e+06
1.638159000000000000e+06
1.640316000000000000e+06
1.642370000000000000e+06
1.644132000000000000e+06
1.646217000000000000e+06
1.648501000000000000e+06
1.650123000000000000e+06
1.652502000000000000e+06
1.654541000000000000e+06
1.656507000000000000e+06
1.658673000000000000e+06
1.660911000000000000e+06
1.662936000000000000e+06
1.664431000000000000e+06
1.666494000000000000e+06
1.669042000000000000e+06
1.670773000000000000e+06
1.673125000000000000e+06
1.675121000000000000e+06
1.677082000000000000e+06
1.679310000000000000e+06
1.681040000000000000e+06
1.683166000000000000e+06
1.684960000000000000e+06
1.687298000000000000e+06
1.689550000000000000e+06
1.691364000000000000e+06
1.693542000000000000e+06
1.695709000000000000e+06
1.697175000000000000e+06
1.699492000000000000e+06
1.701606000000000000e+06
1.703902000000000000e+06
1.705970000000000000e+06
1.707954000000000000e+06
1.709659000000000000e+06
1.712104000000000000e+06
1.714096000000000000e+06
1.715586000000000000e+06
1.718172000000000000e+06
1.720178000000000000e+06
1.722137000000000000e+06
1.724348000000000000e+06
1.726011000000000000e+06
1.728451000000000000e+06
1.730141000000000000e+06
1.732473000000000000e+06
1.734176000000000000e+06
1.736592000000000000e+06
1.738705000000000000e+06
1.740611000000000000e+06
1.742809000000000000e+06
1.744570000000000000e+06
1.746493000000000000e+06
1.748539000000000000e+06
1.750906000000000000e+06
1.753081000000000000e+06
1.754901000000000000e+06
1.757058000000000000e+06
1.759151000000000000e+06
1.761173000000000000e+06
1.762899000000000000e+06
1.764731000000000000e+06
1.767341000000000000e+06
1.769192000000000000e+06
1.771027000000000000e+06
1.773442000000000000e+06
1.775559000000000000e+06
1.777458000000000000e+06
1.779402000000000000e+06
1.781243000000000000e+06
1.783569000000000000e+06
1.785400000000000000e+06
1.787638000000000000e+06
1.789858000000000000e+06
1.791759000000000000e+06
1.793367000000000000e+06
1.795715000000000000e+06
1.797613000000000000e+06
1.800042000000000000e+06
1.802172000000000000e+06
1.804130000000000000e+06
1.806207000000000000e+06
1.808083000000000000e+06
1.810213000000000000e+06
1.812229000000000000e+06
1.814460000000000000e+06
1.816395000000000000e+06
1.818237000000000000e+06
1.820590000000000000e+06
1.822670000000000000e+06
1.824739000000000000e+06
1.826679000000000000e+06
1.828296000000000000e+06
1.830216000000000000e+06
1.832578000000000000e+06
1.834640000000000000e+06
1.836986000000000000e+06
1.838993000000000000e+06
1.840726000000000000e+06
1.843099000000000000e+06
1.845041000000000000e+06
1.847241000000000000e+06
1.849157000000000000e+06
1.850894000000000000e+06
1.853186000000000000e+06
1.855441000000000000e+06
1.857163000000000000e+06
1.858737000000000000e+06
1.861508000000000000e+06
1.863464000000000000e+06
1.865210000000000000e+06
1.867748000000000000e+06
1.869738000000000000e+06
1.871790000000000000e+06
1.873734000000000000e+06
1.875840000000000000e+06
1.877914000000000000e+06
1.880044000000000000e+06
1.882104000000000000e+06
1.884116000000000000e+06
1.885937000000000000e+06
1.888007000000000000e+06
1.889948000000000000e+06
1.892238000000000000e+06
1.894167000000000000e+06
1.896397000000000000e+06
1.897921000000000000e+06
1.900254000000000000e+06
1.902473000000000000e+06
1.904275000000000000e+06
1.906671000000000000e+06
1.908588000000000000e+06
1.910302000000000000e+06
1.912643000000000000e+06
1.914791000000000000e+06
1.916749000000000000e+06
1.918256000000000000e+06
1.921011000000000000e+06
1.922777000000000000e+06
1.924946000000000000e+06
1.926848000000000000e+06
1.929033000000000000e+06
1.930925000000000000e+06
1.932924000000000000e+06
1.935041000000000000e+06
1.937121000000000000e+06
1.939034000000000000e+06
1.941142000000000000e+06
1.943115000000000000e+06
1.945208000000000000e+06
1.947480000000000000e+06
1.949574000000000000e+06
1.951588000000000000e+06
1.953589000000000000e+06
1.955561000000000000e+06
1.957627000000000000e+06
1.959889000000000000e+06
1.961756000000000000e+06
1.963568000000000000e+06
1.965849000000000000e+06
1.967861000000000000e+06
1.969921000000000000e+06
1.971790000000000000e+06
1.973972000000000000e+06
1.976158000000000000e+06
1.978244000000000000e+06
1.980026000000000000e+06
1.982232000000000000e+06
1.983986000000000000e+06
1.986290000000000000e+06
1.988295000000000000e+06
1.989988000000000000e+06
1.992294000000000000e+06
1.994506000000000000e+06
1.996518000000000000e+06
1.998800000000000000e+06
2.000201000000000000e+06
