1.402550537606638947e+00
2.132324411833927957e+00
2.555357810373865668e+00
3.535721036187377209e+00
4.939474694923051246e+00
6.732513369522137303e+00
8.572581569537113921e+00
1.137493036372170607e+01
1.383652275085876404e+01
1.661920217896727792e+01
1.947705844586280222e+01
2.096602797831839737e+01
2.187212005217661925e+01
2.241274257287891558e+01
2.299489457183135954e+01
2.393491926785186408e+01
2.489087502721828926e+01
2.636047142657416842e+01
2.777473126590653862e+01
2.913433172328963394e+01
3.012666483988537536e+01
3.115294799844949125e+01
3.208889960450670742e+01
3.313970863999665539e+01
3.317116619736724914e+01
3.362164826406355900e+01
3.407890822956017729e+01
3.525897768134271359e+01
3.570336005999089934e+01
3.631149418123766281e+01
3.711460994874254737e+01
3.837016704926081445e+01
3.905136397977202734e+01
3.965806303254920806e+01
4.012675292910509484e+01
4.112496717541995395e+01
4.172237582463671401e+01
4.363792612416109762e+01
4.529452145573635136e+01
4.750464716367672935e+01
4.944388582660295128e+01
5.069347120677424101e+01
5.205995665325986721e+01
5.401288611387818150e+01
5.670105268928952569e+01
5.852814727253065996e+01
5.964822511070227762e+01
6.070709155211813624e+01
6.069159711410004121e+01
6.206148709845443534e+01
6.337094882923900485e+01
6.418585722760744261e+01
6.591000305503622769e+01
6.638639170868157180e+01
6.657317181921776239e+01
6.685605954208442370e+01
6.712741281674838945e+01
6.749962107508454778e+01
6.876499082121208062e+01
6.888181547584019881e+01
6.877602160322730640e+01
6.978258526387845961e+01
6.972272968819832784e+01
6.988817110669424437e+01
7.008646213214723275e+01
7.070764952276084614e+01
7.139888403289715768e+01
7.221383157684169873e+01
7.245520526288950691e+01
7.255825683647736923e+01
7.290838606639883324e+01
7.344760973580420682e+01
7.331358916448141372e+01
7.392211405185385331e+01
7.456202019789981250e+01
7.546490894705249275e+01
7.582502420992987879e+01
7.615598181540445921e+01
7.666089134141812167e+01
7.644741747694637013e+01
7.658595318991685019e+01
7.657646149949343339e+01
7.741659836820547014e+01
7.806238865835884155e+01
7.917606772006639915e+01
7.975705793743105687e+01
8.022237557290070242e+01
8.112899357917758891e+01
8.190419157649607484e+01
8.280008910574122183e+01
8.384895502648930687e+01
8.414266943768598139e+01
8.536665394481147473e+01
8.659550189132745857e+01
8.809541072297956532e+01
8.818282479355319481e+01
8.850016399899966757e+01
8.896296686709358426e+01
8.894166759263247002e+01
8.991822415401074409e+01
9.016981791153810377e+01
9.098031581768211140e+01
9.214223231734216313e+01
9.258682079531800468e+01
9.280759041677133325e+01
9.384200158453026575e+01
9.431726880792024303e+01
9.520048846007024679e+01
9.536297791541120716e+01
9.537202348712655464e+01
9.633588080771914974e+01
9.708152913894672054e+01
9.739078196731759363e+01
9.831073852677937452e+01
9.906610206341632363e+01
9.833340226146648888e+01
9.938606348171792604e+01
9.922733964996371014e+01
9.942778950978330954e+01
1.000037836644074503e+02
1.008619400215388282e+02
1.025763252279415809e+02
1.013609775037477618e+02
1.020913586489160849e+02
1.027439099451685678e+02
1.050501182051570197e+02
1.052383654598805123e+02
1.055033827780441129e+02
1.056011712352876373e+02
1.055104140463951410e+02
1.065362386338921965e+02
1.078433947505760813e+02
1.085323792403198837e+02
1.087524178694359023e+02
1.090330342765033151e+02
1.101169854237761285e+02
1.102676942795648927e+02
1.097761563868290580e+02
1.117103450673423453e+02
1.126694086809154101e+02
1.139564983030214336e+02
1.115107820590917953e+02
1.126201958748500545e+02
1.133054247834881068e+02
1.141217702285556896e+02
1.144737007368217263e+02
1.141670844624065069e+02
1.157606902841222052e+02
1.164593078276151630e+02
1.165324785216633785e+02
1.184746585087466002e+02
1.193124136827334780e+02
1.212625677119999068e+02
1.211324261975543806e+02
1.228661823877233132e+02
1.233559180259789372e+02
1.233395909670361306e+02
1.234217019249986862e+02
1.244171391636104431e+02
1.277300550987882133e+02
1.282854673727263446e+02
1.300469393650156462e+02
1.302072446100038974e+02
1.330295907844905514e+02
1.355324940481331168e+02
1.366202148156061469e+02
1.403299617058255819e+02
1.413523822813260722e+02
1.415088010450822651e+02
1.449286190276216928e+02
1.446549285583765254e+02
1.457453160855895646e+02
1.463722048837223326e+02
1.468528007492277823e+02
1.481488365569433654e+02
1.480931435843525037e+02
1.474095843707980293e+02
1.481301717561206033e+02
1.504801983453226342e+02
1.547434312421288496e+02
1.543455971364222705e+02
1.538763699546660177e+02
1.559571447469882344e+02
1.571342201415834552e+02
1.576924503463460212e+02
1.582589884645028633e+02
1.588484105169368092e+02
1.579825036319375329e+02
1.604758831963417549e+02
1.586683648537130580e+02
1.577271791394770730e+02
1.601371475789178760e+02
1.589220759853365337e+02
1.592747559079783457e+02
1.584479525587730961e+02
1.585364589598567591e+02
1.587258378049202179e+02
1.614813576991804780e+02
1.657310904664192606e+02
1.676482752165064198e+02
1.683112174049554994e+02
1.691753718442799368e+02
1.663278898837991733e+02
1.641050951045616557e+02
1.651189088551246584e+02
1.615906483959495858e+02
1.610676745493067585e+02
1.608764334628689880e+02
1.566614740930623952e+02
1.550526938894581122e+02
1.530437928547587489e+02
1.554334756026304944e+02
1.545460474085697342e+02
1.563359563366190059e+02
1.588505306454867423e+02
1.589418763254159330e+02
1.592696093097058565e+02
1.587829740719729159e+02
1.618770374542465902e+02
1.603497295356794439e+02
1.573163640269960695e+02
1.595235197151282591e+02
1.614595952201222246e+02
1.620052337602059538e+02
1.638374753709371134e+02
1.653817712970716514e+02
1.676691528170470349e+02
1.683640794314429172e+02
1.712654938400761182e+02
1.729156474793930727e+02
1.746295815015178619e+02
1.749741550542667312e+02
1.777243366969335625e+02
1.806946213634866467e+02
1.857040172655237598e+02
1.859963879039456742e+02
1.874771557367297703e+02
1.877787086014884039e+02
1.912370898286364138e+02
1.923183334730699414e+02
1.848161840330965333e+02
1.865757543016817124e+02
1.897574113336472976e+02
1.851821044459772452e+02
1.874082692081236132e+02
1.871767269538352707e+02
1.860417446104675889e+02
1.844385708752155608e+02
1.823001651220841097e+02
1.799077607160336640e+02
1.805322663751606456e+02
1.745010210608683394e+02
1.769297151056385928e+02
1.731305147045724766e+02
1.734041585831165264e+02
1.711492251698318512e+02
1.719754523293146349e+02
1.710709982759664172e+02
1.697708525535482806e+02
1.704760009650381960e+02
1.706190483011430956e+02
1.655210260667377895e+02
1.659368073425052614e+02
1.680959104623949258e+02
1.732313055337145045e+02
1.676977746019076108e+02
1.705583831698085078e+02
1.742442800468678001e+02
1.708940237454435191e+02
1.683054922715609791e+02
1.686874574177974182e+02
1.691111258461168063e+02
1.714622995679674489e+02
1.721819464507151451e+02
1.735906856225202830e+02
1.745567898780245741e+02
1.744845211454632192e+02
1.781838617906845741e+02
1.790110173892916521e+02
1.813307500760582798e+02
1.818832185604295546e+02
1.809453502911563589e+02
1.814055045108635511e+02
1.828216204470463424e+02
1.821331707804998530e+02
1.822007057615612950e+02
1.847534741830448297e+02
1.858848150965925754e+02
1.871876974456977791e+02
1.866384761268786292e+02
1.855349753058089561e+02
1.886098025376732892e+02
1.935241903299942123e+02
1.934633569551422170e+02
1.939602319528885346e+02
1.965910372109042896e+02
1.983022643080973353e+02
1.999282577597535067e+02
2.007742288984228480e+02
2.017401109795798106e+02
2.021753804066602243e+02
2.016152016971560101e+02
2.020872909927228704e+02
2.023576940114460854e+02
2.045123001299525356e+02
2.027852825394672323e+02
2.043667666374063288e+02
2.066833400723014051e+02
2.031566767639653790e+02
2.006879497470106912e+02
2.033430704421532198e+02
2.023065135260535214e+02
2.029949642217194992e+02
1.993010576049946678e+02
1.998353145948462100e+02
1.967531593842972484e+02
1.993108765355379433e+02
1.996126360858169448e+02
2.004997142015694749e+02
1.929365384435318731e+02
1.950137124026524589e+02
1.960166584895922313e+02
1.981673237940229910e+02
1.964030549100152427e+02
1.932934962063927458e+02
1.901991047060105871e+02
1.863304339346339589e+02
1.852065185762929787e+02
1.854443582981151621e+02
1.875156629595481661e+02
1.819965660053865975e+02
1.779861527293108168e+02
1.789565463941343069e+02
1.815095816382966234e+02
1.858298560509715287e+02
1.848753822230064259e+02
1.873395418447875613e+02
1.893004466507495351e+02
1.890410107212943558e+02
1.873157603023357751e+02
1.889217047650587062e+02
1.886657457761687340e+02
1.868080611799168480e+02
1.838344639494305000e+02
1.818594915289187668e+02
1.803714605057070060e+02
1.829072509058283629e+02
1.766684237584868242e+02
1.791068710737491472e+02
1.805276089254477938e+02
1.827478566522309222e+02
1.868097899827107824e+02
1.876334513601314313e+02
1.908316637817714820e+02
1.886024224686257753e+02
1.881040742933236061e+02
1.896282559892382835e+02
1.904213287171948821e+02
1.866680836947330988e+02
1.767251829071231555e+02
1.711673888795186542e+02
1.684228323334597235e+02
1.691741737261999390e+02
1.670457430238290613e+02
1.673391243307755190e+02
1.663716514140330389e+02
1.676706016065225526e+02
1.708256583906825767e+02
1.700591417588945546e+02
1.656536551708508682e+02
1.691941021571608985e+02
1.700708716622806378e+02
1.748221260470454865e+02
1.761405181526430965e+02
1.780355092593526081e+02
1.792105363856266536e+02
1.789572491405246240e+02
1.787433186337918869e+02
1.748785731240442090e+02
1.719740329252475988e+02
1.742643509580135515e+02
1.738741269680943446e+02
1.786044447289924904e+02
1.818696730645941102e+02
1.864674187998988089e+02
1.905370448666557763e+02
1.925196804653900244e+02
1.930858848433028925e+02
1.966475673847327243e+02
1.985121064043689216e+02
1.970539798174500277e+02
1.969328817117861092e+02
1.953265350798603208e+02
1.939048888381573477e+02
1.934122525225570257e+02
1.928410776751833282e+02
1.938204886379272978e+02
1.934652709709313001e+02
1.885194008291019543e+02
1.882994050108895294e+02
1.909574934402519375e+02
1.881928413451690290e+02
1.836776471855514217e+02
1.857202008788223111e+02
1.877499686875257225e+02
1.897980073076447241e+02
1.917859897882159430e+02
1.887877765326606720e+02
1.840917065045562140e+02
1.872584309968911498e+02
1.887026809970033696e+02
1.887135656202464702e+02
1.886956585859683173e+02
1.894063864926714587e+02
1.887971935421039120e+02
1.874371314668550212e+02
1.874343534651225980e+02
1.884015267908581279e+02
1.872545211841470802e+02
1.895784167777215146e+02
1.910005146148239419e+02
1.914895373952883517e+02
1.927415032137763831e+02
1.927741940484563372e+02
1.925835575356826439e+02
1.952855257058244263e+02
1.930474909782620898e+02
1.909038149036967695e+02
1.930038741867183489e+02
1.983218843705495260e+02
2.025789310263732546e+02
2.044557194519717314e+02
2.062805024100073581e+02
2.089632065304291473e+02
2.103439609584888217e+02
2.124708112544163328e+02
2.136920915762545690e+02
2.162076824174825447e+02
2.204704752442131337e+02
2.190320469075890628e+02
2.173400233645426454e+02
2.157414447721322972e+02
2.197223665478384191e+02
2.188071039047265458e+02
2.190225068136237780e+02
2.201115876463681786e+02
2.226657721790129756e+02
2.254931803277204665e+02
2.285674784007792937e+02
2.314709125775675318e+02
2.335927133242497007e+02
2.351489943552995783e+02
2.340164036206383003e+02
2.371854346128726547e+02
2.358353664748448466e+02
2.367269790562254741e+02
2.356890389408880253e+02
2.372512674473630341e+02
2.332299144669902375e+02
2.318871484386801853e+02
2.324583462417172655e+02
2.285754737483532608e+02
2.281556999951629336e+02
2.253347054487122989e+02
2.253383236162006824e+02
2.215456881526456812e+02
2.214103104235502997e+02
2.171952923598829557e+02
2.144993095935757026e+02
2.165451187412457443e+02
2.184128824818671148e+02
2.189666548495600864e+02
2.172516809348432787e+02
2.122205258245470816e+02
2.119693929274289701e+02
2.129856499084154393e+02
2.100744079811637732e+02
2.083820026558323377e+02
2.085145976822813907e+02
2.089134942977331093e+02
2.093717458869539314e+02
2.117023503818138579e+02
2.097366217642832567e+02
2.117421928145246852e+02
2.114914840810356793e+02
2.095730132008677629e+02
2.082238699364312140e+02
2.129324441863992661e+02
2.142373948126338519e+02
2.143615440652933160e+02
2.126340548661161165e+02
2.083126186584988204e+02
2.085384214426458414e+02
2.105053259454446106e+02
2.081727225481932635e+02
2.080946159489762124e+02
2.096815871829932405e+02
2.056385699095689290e+02
2.048774850092431734e+02
2.031471793133215442e+02
2.045002508214855368e+02
2.084880897006356690e+02
2.028361098446193864e+02
2.011790745218376060e+02
2.013122716025691261e+02
1.935154077478435966e+02
1.888343861805709025e+02
1.918869428692976271e+02
1.892506664778468917e+02
1.885085845549470491e+02
1.905107812190908874e+02
1.922008602076409147e+02
1.942206128899200621e+02
1.923906545350748161e+02
1.956001840270577929e+02
1.953306334131462449e+02
1.951870562862297049e+02
1.950969465909791722e+02
1.946211591556751728e+02
1.940106160340276631e+02
1.920302432225595339e+02
1.926237361448814909e+02
1.912413354305755604e+02
1.893345623392767436e+02
1.886159665631420523e+02
1.857885939430191797e+02
1.838611798677235925e+02
1.850109218257629493e+02
1.899098929537316849e+02
1.919729746796402878e+02
1.933661320320081813e+02
1.952171938929094779e+02
1.975758634771030415e+02
1.991391494274574541e+02
1.967227250052089857e+02
1.984426309357307048e+02
2.017187681615765484e+02
2.018952212813571521e+02
2.015040761600293706e+02
1.950436518102976322e+02
1.944973512907310180e+02
1.926367514462991437e+02
1.949200030671219395e+02
1.975403739739956279e+02
1.959345890732877251e+02
1.903132641275988419e+02
1.947148312963664694e+02
1.937076992814289724e+02
1.980634056558976113e+02
1.979781267379501912e+02
2.003217061702490582e+02
2.055756462375218234e+02
2.088870749218052651e+02
2.093269320883498494e+02
2.109794438140370687e+02
2.113024722951730325e+02
2.144346742700501522e+02
2.052292657570737049e+02
2.056123572121859979e+02
2.042136172528126110e+02
2.055373646185559551e+02
2.086420225446606196e+02
2.099333436980087697e+02
2.111866427107257493e+02
2.128038936286843068e+02
2.119856987017065819e+02
2.150078658910559852e+02
2.113770672099039416e+02
2.138888670289297806e+02
2.169733228864958789e+02
2.207834067067484511e+02
2.211322406952951098e+02
2.200665733644562465e+02
2.186087300528590731e+02
2.185603869451700234e+02
2.219869290251550069e+02
2.253161872427617993e+02
2.220824674413409241e+02
2.176514948689792845e+02
2.218221394300599911e+02
2.263655851195935895e+02
2.263849483254229540e+02
2.200126208726881316e+02
2.202701686723131900e+02
2.188472675330529853e+02
2.201164474172082066e+02
2.193948084041055608e+02
2.222996803398292798e+02
2.239010797962347681e+02
2.248906616345774410e+02
2.242764042289867916e+02
2.247081650536222810e+02
2.240798092189397721e+02
2.216389050283648885e+02
2.178351946301740156e+02
2.138061416035581317e+02
2.127201209481495709e+02
2.152408251736738123e+02
2.096233883493491987e+02
2.057659902308453184e+02
2.063031506378622453e+02
2.034450105379091553e+02
2.023294553503340296e+02
2.019307463733292707e+02
2.045053101494637531e+02
2.038056741959948965e+02
2.085779418910923368e+02
2.045537920868675315e+02
2.056505865867789566e+02
2.044015083035066596e+02
2.026596168547565355e+02
2.043130371955818987e+02
2.064049852740921551e+02
2.076660236739585059e+02
2.069294120392639229e+02
2.087650570947461972e+02
2.119688317018711814e+02
2.059693409430953750e+02
2.084250490960245656e+02
2.087784975992918817e+02
2.107542554459421922e+02
2.087233542512616964e+02
2.108231782417179545e+02
2.102863639149123287e+02
2.111687443801786515e+02
2.105633175595470448e+02
2.091770731426745726e+02
2.100607483791251866e+02
2.092129123916294304e+02
2.129193473688864344e+02
2.154702070836132464e+02
2.186097805647854670e+02
2.212311680888061289e+02
2.240927350294292637e+02
2.269328328950689411e+02
2.256938343767997424e+02
2.215715591443111805e+02
2.207833762115675427e+02
2.163674285056843019e+02
2.172071357802810496e+02
2.210928413082686177e+02
2.211014206205679216e+02
2.221806414161581529e+02
2.169628692890227057e+02
2.165149876709904788e+02
2.152433297510146701e+02
2.170233828493365706e+02
2.142145283723473881e+02
2.119463155275522865e+02
2.127033668430547664e+02
2.141935408445248754e+02
2.164801208888295605e+02
2.145091092552518717e+02
2.167284114758194562e+02
2.163096883208322936e+02
2.180337079746049085e+02
2.194805321827009550e+02
2.192349461563122190e+02
2.176677481755076542e+02
2.166766237004728453e+02
2.085041206257516251e+02
2.066966268210126998e+02
2.032347241344249085e+02
1.985429286139065539e+02
1.973938975228052470e+02
1.973296794478794141e+02
1.938431812646648780e+02
1.912038071888473496e+02
1.910454915833918790e+02
1.922299973342129249e+02
1.926145436402988480e+02
1.917647455043687614e+02
1.921796166939889474e+02
1.957008936778399573e+02
1.959518897716185961e+02
1.973056536779617431e+02
1.944296106157439397e+02
1.957162629737424595e+02
1.939075481351936503e+02
1.973323423201658784e+02
1.999823359520262613e+02
2.017031636754941815e+02
2.039351566992332607e+02
2.039558753966908853e+02
2.046174482244779824e+02
2.075293377155846315e+02
2.077378751013600038e+02
2.085657872933639112e+02
2.105901177486883569e+02
2.121504737527639008e+02
2.111583616570273136e+02
2.146857300605659020e+02
2.162503690321540262e+02
2.189391396614720691e+02
2.170058853047177365e+02
2.167028374982484706e+02
2.161376924809129889e+02
2.174746360528858986e+02
2.161340246817742070e+02
2.184570917117065960e+02
2.203727202620724768e+02
2.173565729150587913e+02
2.156989347265922561e+02
2.164254353323645148e+02
2.156312238554203589e+02
2.146112492145100532e+02
2.138289738359173100e+02
2.103014198424089329e+02
2.098476170679127222e+02
2.079247564841218718e+02
2.068313743299907514e+02
2.059104736127859780e+02
2.028398994195848672e+02
2.025898907544343501e+02
1.964280998109856000e+02
1.950566922484352972e+02
1.982815352518191503e+02
1.994773961609705282e+02
1.997550573404726606e+02
1.971672270087274512e+02
1.993017435553416021e+02
2.027283302050803400e+02
2.021687458422615009e+02
2.040130298727821980e+02
2.066502051930931998e+02
2.056662399248021700e+02
2.071465502392906615e+02
2.079732174600620738e+02
2.024926141751119815e+02
2.061045171529329707e+02
2.073021832045620272e+02
2.043300294236001093e+02
2.072379951006518581e+02
2.061904141146036409e+02
2.076961317444846316e+02
2.087521567053424292e+02
2.069763632226065511e+02
2.036705773430095689e+02
2.004048511252436811e+02
2.009110651162814634e+02
2.032355272457849651e+02
2.049746612767130500e+02
2.065217867026051977e+02
2.076372297276510608e+02
2.047875232717516951e+02
2.014442237193848655e+02
2.053235011139427399e+02
2.041841322942694887e+02
2.019810881696185163e+02
2.049510035790781615e+02
2.039931351681800891e+02
2.054767036521449199e+02
2.034453463995359925e+02
1.988978424438691945e+02
1.992411422258419122e+02
2.026126598621501103e+02
2.078736647587391531e+02
2.073384328008364434e+02
2.056441303526661102e+02
2.048026433711055461e+02
2.060293597999375663e+02
2.076729731282608213e+02
2.087502544626381109e+02
2.068700554942388408e+02
2.101747896169511591e+02
2.115820085765909369e+02
2.135270325655459374e+02
2.173023618640615382e+02
2.163881821537921439e+02
2.113846035442958566e+02
2.096863703372644920e+02
2.130440032791796057e+02
2.140704524534435791e+02
2.162029658491892121e+02
2.191606762792850418e+02
2.158262195971302901e+02
2.181751610943423998e+02
2.154310965164026186e+02
2.128561155228390760e+02
2.101801047842341461e+02
2.095843517775515181e+02
2.124927377059425737e+02
2.128148233002347069e+02
2.134819290042378555e+02
2.077963492517350517e+02
2.067619076668299272e+02
2.067213273703231664e+02
2.079857073019041422e+02
2.061524227293116951e+02
2.030401879918260590e+02
2.051922650122319851e+02
2.007375252704817399e+02
1.983278337065405879e+02
1.943835897521586844e+02
1.938213761714497991e+02
1.954725583717284110e+02
1.978110975624577748e+02
1.979868034557896408e+02
1.962445563246537859e+02
1.926088236306155181e+02
1.909841912941015210e+02
1.929428006695537761e+02
1.878534746079226920e+02
1.914891291500103137e+02
1.928128309019903952e+02
1.940776379381939591e+02
1.926314773071733271e+02
1.933420817407446179e+02
1.906510523108607629e+02
1.892854301571617555e+02
1.916907332504080159e+02
1.932044490458240489e+02
1.944640221901329937e+02
1.949576889404408462e+02
1.977169535675775762e+02
1.992315409484505722e+02
1.987570771156275669e+02
1.987568600990362313e+02
1.981825649508577385e+02
2.024725215738360475e+02
2.055698198045143670e+02
2.099116597870927592e+02
2.107902908968476652e+02
2.089176519956787104e+02
2.088540091840799846e+02
2.088380257360864789e+02
2.105160266840991881e+02
2.089782806523587340e+02
2.127153942505744624e+02
2.129960674401124265e+02
2.136385644070056742e+02
2.168634689485875526e+02
2.171252021324809220e+02
2.191216249972971468e+02
2.154128741602337982e+02
2.179817872746154421e+02
2.170655661405151875e+02
2.208995708828532827e+02
2.224928882918668478e+02
2.212958019699410670e+02
2.194429374530949701e+02
2.150308046728019917e+02
2.161909329686054093e+02
2.149084225683744194e+02
2.141455207272983046e+02
2.164868094607122373e+02
2.147429741232889171e+02
2.185031132238596570e+02
2.188297544671956416e+02
2.183233294850118114e+02
2.143171101412503674e+02
2.154526078004645058e+02
2.175022410476336745e+02
2.171262341739211195e+02
2.161239985644749027e+02
2.156532547992502202e+02
2.167525588367833791e+02
2.123974503829159630e+02
2.165816619009964654e+02
2.171654171579791637e+02
2.170595168060472417e+02
2.189621479960139254e+02
2.166002456069904554e+02
2.180540252143667885e+02
2.142308780645158777e+02
2.155739578446905966e+02
2.144239890230577430e+02
2.129536750676891472e+02
2.108265351772000145e+02
2.113621800543604081e+02
2.074679911068390368e+02
2.028985489881448530e+02
2.051475322520036286e+02
2.030145866747511434e+02
2.071555221520984844e+02
2.042384230840563646e+02
2.023935216057801085e+02
2.047603949816106308e+02
2.018021291272872588e+02
1.990169706190168313e+02
1.971605003618639103e+02
1.985975978055776920e+02
1.990935463027191190e+02
2.008556036970647369e+02
1.990624025394025978e+02
1.969001783506922152e+02
1.960543086628434253e+02
1.952957612483414778e+02
1.925761330572613588e+02
1.940740140137857850e+02
1.959235894231824204e+02
1.953307281270951989e+02
1.957416009776576118e+02
1.974129754136766906e+02
1.988161592009203105e+02
1.981518017588092277e+02
1.967346045496713884e+02
1.977737770383289160e+02
1.953429462332493358e+02
1.980146183620329339e+02
1.954799873412955264e+02
1.936323850551168277e+02
1.934762833794478638e+02
1.923712607376725146e+02
1.945841845339199665e+02
1.957913151975581911e+02
1.974683889105203605e+02
1.982009769768077376e+02
1.968985673062067860e+02
1.962524427450461246e+02
1.963978099593665547e+02
1.980700575341220997e+02
1.984838844788857273e+02
1.965935117462981623e+02
1.983233649004038739e+02
1.971459235954831115e+02
1.987888454726904399e+02
2.002673416328805160e+02
2.001850791326286014e+02
2.003349624286844346e+02
1.983533313731648491e+02
2.005657260423817263e+02
2.033596941990520008e+02
2.049476346270805607e+02
2.059909481163539624e+02
2.067400553506085714e+02
2.107793525471341241e+02
2.104896965205579988e+02
2.099528682962713333e+02
2.128444224580826756e+02
2.150921016367786933e+02
2.172395178278720493e+02
2.202105148127688210e+02
2.175969354379018341e+02
2.182585944587245592e+02
2.192907024930536579e+02
2.195244587946970114e+02
2.165858555861205161e+02
2.141491654204878898e+02
2.141961816014975852e+02
2.121287461651662056e+02
2.096119612655791116e+02
2.106029777040556326e+02
2.105763069196287063e+02
2.076613959969775465e+02
2.038604622804755593e+02
2.032172089140958349e+02
2.046222598424948842e+02
2.056606394909232165e+02
2.014572024794456979e+02
2.005367350762415697e+02
1.981143750829349415e+02
1.958955502560844195e+02
1.956365253506634190e+02
1.923565736174669212e+02
1.928216972095034407e+02
1.904466853339657177e+02
1.864651547638945317e+02
1.855670955124987529e+02
1.881765920500103562e+02
1.864976650937562681e+02
1.847361114152116386e+02
1.862666871109404667e+02
1.909517955442858863e+02
1.880000515745337850e+02
1.917240699901927599e+02
1.935892539918667126e+02
1.945019073077446876e+02
1.916536786250647424e+02
1.914557166018855128e+02
1.909672854616999302e+02
1.932837398915406197e+02
1.915434049049022747e+02
1.932636549351590531e+02
1.913880472561769466e+02
1.947758734818703203e+02
1.952719810476888824e+02
1.980089582812623803e+02
