2.038000000000000000e+03
4.092000000000000000e+03
6.085000000000000000e+03
8.190000000000000000e+03
1.014500000000000000e+04
1.221500000000000000e+04
1.433300000000000000e+04
1.630900000000000000e+04
1.841800000000000000e+04
2.037700000000000000e+04
2.243800000000000000e+04
2.448000000000000000e+04
2.661600000000000000e+04
2.859700000000000000e+04
3.069400000000000000e+04
3.270200000000000000e+04
3.468200000000000000e+04
3.676100000000000000e+04
3.890000000000000000e+04
4.092400000000000000e+04
4.292700000000000000e+04
4.500800000000000000e+04
4.700300000000000000e+04
4.911500000000000000e+04
5.108300000000000000e+04
5.314300000000000000e+04
5.515800000000000000e+04
5.717900000000000000e+04
5.928200000000000000e+04
6.142700000000000000e+04
6.337100000000000000e+04
6.544700000000000000e+04
6.736200000000000000e+04
6.961100000000000000e+04
7.161100000000000000e+04
7.365400000000000000e+04
7.568300000000000000e+04
7.771100000000000000e+04
7.987000000000000000e+04
8.177300000000000000e+04
8.393300000000000000e+04
8.587100000000000000e+04
8.787800000000000000e+04
9.005300000000000000e+04
9.213600000000000000e+04
9.415300000000000000e+04
9.619900000000000000e+04
9.807200000000000000e+04
1.001210000000000000e+05
1.022650000000000000e+05
1.041960000000000000e+05
1.064410000000000000e+05
1.085350000000000000e+05
1.103700000000000000e+05
1.125180000000000000e+05
1.145950000000000000e+05
1.165080000000000000e+05
1.187170000000000000e+05
1.206490000000000000e+05
1.228490000000000000e+05
1.248200000000000000e+05
1.267440000000000000e+05
1.288880000000000000e+05
1.308470000000000000e+05
1.331010000000000000e+05
1.351560000000000000e+05
1.370510000000000000e+05
1.391970000000000000e+05
1.412760000000000000e+05
1.432840000000000000e+05
1.453530000000000000e+05
1.472120000000000000e+05
1.493100000000000000e+05
1.514450000000000000e+05
1.535890000000000000e+05
1.555190000000000000e+05
1.576360000000000000e+05
1.596390000000000000e+05
1.615510000000000000e+05
1.636170000000000000e+05
1.657670000000000000e+05
1.675200000000000000e+05
1.698300000000000000e+05
1.719720000000000000e+05
1.740520000000000000e+05
1.761280000000000000e+05
1.778870000000000000e+05
1.800530000000000000e+05
1.821270000000000000e+05
1.841920000000000000e+05
1.862940000000000000e+05
1.882090000000000000e+05
1.902480000000000000e+05
1.922980000000000000e+05
1.943810000000000000e+05
1.962770000000000000e+05
1.985810000000000000e+05
2.004070000000000000e+05
2.026600000000000000e+05
2.041170000000000000e+05
2.065030000000000000e+05
2.086880000000000000e+05
2.108200000000000000e+05
2.126310000000000000e+05
2.146670000000000000e+05
2.168830000000000000e+05
2.190710000000000000e+05
2.209620000000000000e+05
2.228860000000000000e+05
2.251300000000000000e+05
2.273150000000000000e+05
2.293010000000000000e+05
2.310810000000000000e+05
2.330130000000000000e+05
2.354790000000000000e+05
2.370770000000000000e+05
2.394460000000000000e+05
2.416640000000000000e+05
2.436280000000000000e+05
2.452440000000000000e+05
2.475450000000000000e+05
2.494580000000000000e+05
2.517480000000000000e+05
2.535990000000000000e+05
2.559750000000000000e+05
2.578630000000000000e+05
2.600820000000000000e+05
2.619950000000000000e+05
2.636030000000000000e+05
2.657640000000000000e+05
2.680580000000000000e+05
2.702050000000000000e+05
2.720280000000000000e+05
2.743010000000000000e+05
2.764230000000000000e+05
2.784570000000000000e+05
2.803360000000000000e+05
2.821160000000000000e+05
2.844040000000000000e+05
2.862320000000000000e+05
2.887510000000000000e+05
2.906050000000000000e+05
2.926460000000000000e+05
2.947040000000000000e+05
2.968610000000000000e+05
2.987990000000000000e+05
3.010050000000000000e+05
3.026960000000000000e+05
3.048080000000000000e+05
3.070160000000000000e+05
3.089970000000000000e+05
3.111950000000000000e+05
3.131750000000000000e+05
3.150090000000000000e+05
3.171500000000000000e+05
3.191770000000000000e+05
3.215360000000000000e+05
3.230980000000000000e+05
3.253830000000000000e+05
3.274440000000000000e+05
3.296010000000000000e+05
3.315480000000000000e+05
3.337750000000000000e+05
3.351650000000000000e+05
3.379000000000000000e+05
3.398180000000000000e+05
3.419810000000000000e+05
3.439200000000000000e+05
3.458450000000000000e+05
3.480590000000000000e+05
3.498390000000000000e+05
3.520710000000000000e+05
3.540060000000000000e+05
3.561820000000000000e+05
3.580270000000000000e+05
3.601790000000000000e+05
3.624020000000000000e+05
3.645130000000000000e+05
3.663370000000000000e+05
3.681770000000000000e+05
3.705770000000000000e+05
3.726050000000000000e+05
3.744900000000000000e+05
3.767320000000000000e+05
3.785970000000000000e+05
3.807590000000000000e+05
3.826940000000000000e+05
3.849860000000000000e+05
3.867540000000000000e+05
3.888290000000000000e+05
3.905480000000000000e+05
3.930650000000000000e+05
3.950420000000000000e+05
3.972140000000000000e+05
3.992640000000000000e+05
4.012020000000000000e+05
4.032820000000000000e+05
4.052370000000000000e+05
4.072090000000000000e+05
4.095820000000000000e+05
4.114920000000000000e+05
4.133960000000000000e+05
4.155450000000000000e+05
4.175400000000000000e+05
4.197850000000000000e+05
4.217320000000000000e+05
4.239180000000000000e+05
4.258210000000000000e+05
4.279870000000000000e+05
4.299240000000000000e+05
4.318810000000000000e+05
4.339480000000000000e+05
4.361680000000000000e+05
4.382180000000000000e+05
4.400180000000000000e+05
4.422910000000000000e+05
4.443280000000000000e+05
4.462970000000000000e+05
4.484960000000000000e+05
4.503480000000000000e+05
4.524840000000000000e+05
4.542320000000000000e+05
4.566460000000000000e+05
4.583960000000000000e+05
4.606190000000000000e+05
4.628370000000000000e+05
4.646650000000000000e+05
4.668640000000000000e+05
4.687250000000000000e+05
4.708350000000000000e+05
4.729590000000000000e+05
4.748420000000000000e+05
4.770320000000000000e+05
4.791510000000000000e+05
4.812100000000000000e+05
4.833190000000000000e+05
4.853180000000000000e+05
4.868270000000000000e+05
4.892730000000000000e+05
4.911320000000000000e+05
4.933490000000000000e+05
4.955940000000000000e+05
4.973260000000000000e+05
4.993090000000000000e+05
5.013210000000000000e+05
5.035750000000000000e+05
5.055050000000000000e+05
5.076900000000000000e+05
5.097870000000000000e+05
5.118700000000000000e+05
5.138800000000000000e+05
5.159840000000000000e+05
5.178740000000000000e+05
5.201900000000000000e+05
5.217070000000000000e+05
5.241500000000000000e+05
5.259990000000000000e+05
5.279400000000000000e+05
5.303130000000000000e+05
5.318200000000000000e+05
5.344000000000000000e+05
5.364490000000000000e+05
5.384200000000000000e+05
5.406550000000000000e+05
5.427130000000000000e+05
5.444390000000000000e+05
5.468100000000000000e+05
5.485420000000000000e+05
5.506850000000000000e+05
5.525990000000000000e+05
5.549690000000000000e+05
5.568300000000000000e+05
5.590530000000000000e+05
5.611430000000000000e+05
5.630600000000000000e+05
5.649090000000000000e+05
5.671610000000000000e+05
5.693210000000000000e+05
5.713570000000000000e+05
5.733150000000000000e+05
5.750360000000000000e+05
5.771800000000000000e+05
5.794980000000000000e+05
5.813010000000000000e+05
5.833300000000000000e+05
5.857240000000000000e+05
5.877060000000000000e+05
5.897420000000000000e+05
5.916790000000000000e+05
5.938800000000000000e+05
5.958590000000000000e+05
5.979040000000000000e+05
5.997230000000000000e+05
6.018430000000000000e+05
6.038740000000000000e+05
6.056780000000000000e+05
6.080000000000000000e+05
6.099810000000000000e+05
6.122110000000000000e+05
6.141060000000000000e+05
6.160610000000000000e+05
6.175680000000000000e+05
6.202150000000000000e+05
6.222680000000000000e+05
6.239900000000000000e+05
6.266450000000000000e+05
6.286350000000000000e+05
6.305010000000000000e+05
6.327420000000000000e+05
6.346940000000000000e+05
6.366940000000000000e+05
6.389290000000000000e+05
6.409210000000000000e+05
6.428450000000000000e+05
6.450230000000000000e+05
6.470350000000000000e+05
6.491340000000000000e+05
6.511260000000000000e+05
6.531580000000000000e+05
6.550570000000000000e+05
6.574050000000000000e+05
6.593240000000000000e+05
6.613680000000000000e+05
6.632890000000000000e+05
6.652850000000000000e+05
6.676030000000000000e+05
6.692740000000000000e+05
6.716580000000000000e+05
6.737610000000000000e+05
6.755180000000000000e+05
6.778290000000000000e+05
6.797240000000000000e+05
6.819840000000000000e+05
6.836380000000000000e+05
6.859020000000000000e+05
6.880940000000000000e+05
6.900630000000000000e+05
6.921740000000000000e+05
6.939430000000000000e+05
6.962360000000000000e+05
6.981610000000000000e+05
7.002770000000000000e+05
7.023850000000000000e+05
7.044950000000000000e+05
7.063760000000000000e+05
7.080970000000000000e+05
7.103130000000000000e+05
7.122390000000000000e+05
7.142060000000000000e+05
7.163340000000000000e+05
7.185680000000000000e+05
7.205410000000000000e+05
7.225320000000000000e+05
7.247650000000000000e+05
7.268070000000000000e+05
7.285490000000000000e+05
7.305770000000000000e+05
7.331250000000000000e+05
7.348820000000000000e+05
7.369850000000000000e+05
7.386480000000000000e+05
7.410560000000000000e+05
7.434240000000000000e+05
7.452630000000000000e+05
7.475080000000000000e+05
7.495220000000000000e+05
7.509810000000000000e+05
7.532460000000000000e+05
7.554940000000000000e+05
7.574120000000000000e+05
7.596600000000000000e+05
7.616340000000000000e+05
7.636870000000000000e+05
7.658600000000000000e+05
7.677290000000000000e+05
7.700010000000000000e+05
7.720960000000000000e+05
7.741040000000000000e+05
7.758860000000000000e+05
7.781890000000000000e+05
7.797340000000000000e+05
7.820520000000000000e+05
7.843770000000000000e+05
7.863370000000000000e+05
7.881540000000000000e+05
7.903430000000000000e+05
7.924200000000000000e+05
7.946070000000000000e+05
7.965970000000000000e+05
7.984990000000000000e+05
8.007640000000000000e+05
8.025590000000000000e+05
8.044220000000000000e+05
8.067940000000000000e+05
8.087340000000000000e+05
8.107370000000000000e+05
8.128550000000000000e+05
8.148480000000000000e+05
8.169750000000000000e+05
8.189180000000000000e+05
8.211630000000000000e+05
8.230270000000000000e+05
8.251770000000000000e+05
8.273690000000000000e+05
8.293460000000000000e+05
8.313100000000000000e+05
8.332360000000000000e+05
8.350150000000000000e+05
8.373470000000000000e+05
8.395130000000000000e+05
8.416320000000000000e+05
8.434830000000000000e+05
8.457960000000000000e+05
8.478610000000000000e+05
8.498950000000000000e+05
8.516980000000000000e+05
8.538060000000000000e+05
8.559450000000000000e+05
8.578780000000000000e+05
8.600030000000000000e+05
8.621520000000000000e+05
8.642010000000000000e+05
8.661640000000000000e+05
8.682990000000000000e+05
8.701260000000000000e+05
8.722910000000000000e+05
8.742190000000000000e+05
8.764250000000000000e+05
8.782490000000000000e+05
8.805450000000000000e+05
8.824260000000000000e+05
8.843290000000000000e+05
8.865520000000000000e+05
8.887760000000000000e+05
8.906070000000000000e+05
8.927970000000000000e+05
8.948360000000000000e+05
8.968400000000000000e+05
8.985140000000000000e+05
9.008620000000000000e+05
9.031340000000000000e+05
9.051580000000000000e+05
9.068070000000000000e+05
9.090490000000000000e+05
9.113260000000000000e+05
9.132790000000000000e+05
9.153300000000000000e+05
9.174380000000000000e+05
9.195360000000000000e+05
9.215480000000000000e+05
9.232300000000000000e+05
9.254990000000000000e+05
9.275780000000000000e+05
9.295150000000000000e+05
9.318290000000000000e+05
9.337340000000000000e+05
9.356650000000000000e+05
9.378140000000000000e+05
9.399460000000000000e+05
9.415310000000000000e+05
9.440830000000000000e+05
9.459500000000000000e+05
9.481060000000000000e+05
9.500570000000000000e+05
9.521540000000000000e+05
9.542880000000000000e+05
9.562870000000000000e+05
9.583310000000000000e+05
9.603160000000000000e+05
9.624320000000000000e+05
9.642210000000000000e+05
9.662320000000000000e+05
9.685360000000000000e+05
9.706650000000000000e+05
9.724750000000000000e+05
9.746870000000000000e+05
9.766830000000000000e+05
9.788590000000000000e+05
9.805820000000000000e+05
9.827480000000000000e+05
9.847480000000000000e+05
9.868430000000000000e+05
9.884920000000000000e+05
9.912100000000000000e+05
9.930550000000000000e+05
9.952850000000000000e+05
9.973540000000000000e+05
9.989360000000000000e+05
1.001438000000000000e+06
1.003314000000000000e+06
1.005458000000000000e+06
1.007463000000000000e+06
1.009514000000000000e+06
1.011545000000000000e+06
1.013760000000000000e+06
1.015701000000000000e+06
1.017565000000000000e+06
1.019894000000000000e+06
1.021847000000000000e+06
1.023986000000000000e+06
1.025862000000000000e+06
1.028016000000000000e+06
1.030051000000000000e+06
1.032180000000000000e+06
1.034205000000000000e+06
1.036108000000000000e+06
1.038167000000000000e+06
1.040359000000000000e+06
1.042222000000000000e+06
1.044333000000000000e+06
1.046167000000000000e+06
1.048362000000000000e+06
1.050597000000000000e+06
1.052603000000000000e+06
1.054548000000000000e+06
1.056661000000000000e+06
1.058656000000000000e+06
1.060399000000000000e+06
1.062823000000000000e+06
1.064936000000000000e+06
1.066921000000000000e+06
1.068766000000000000e+06
1.070914000000000000e+06
1.072788000000000000e+06
1.075098000000000000e+06
1.076985000000000000e+06
1.079144000000000000e+06
1.081188000000000000e+06
1.082925000000000000e+06
1.085382000000000000e+06
1.087464000000000000e+06
1.089506000000000000e+06
1.091069000000000000e+06
1.093487000000000000e+06
1.095549000000000000e+06
1.097668000000000000e+06
1.099754000000000000e+06
1.101394000000000000e+06
1.103820000000000000e+06
1.105696000000000000e+06
1.107881000000000000e+06
1.109617000000000000e+06
1.111782000000000000e+06
1.113873000000000000e+06
1.116126000000000000e+06
1.117889000000000000e+06
1.120212000000000000e+06
1.122131000000000000e+06
1.124171000000000000e+06
1.126279000000000000e+06
1.128421000000000000e+06
1.130468000000000000e+06
1.132356000000000000e+06
1.134430000000000000e+06
1.136630000000000000e+06
1.138363000000000000e+06
1.140110000000000000e+06
1.142551000000000000e+06
1.144636000000000000e+06
1.146739000000000000e+06
1.148637000000000000e+06
1.150771000000000000e+06
1.153005000000000000e+06
1.154721000000000000e+06
1.156888000000000000e+06
1.159160000000000000e+06
1.160977000000000000e+06
1.163213000000000000e+06
1.165087000000000000e+06
1.167320000000000000e+06
1.169105000000000000e+06
1.171164000000000000e+06
1.173453000000000000e+06
1.175160000000000000e+06
1.176992000000000000e+06
1.179400000000000000e+06
1.181662000000000000e+06
1.183337000000000000e+06
1.185732000000000000e+06
1.187725000000000000e+06
1.189879000000000000e+06
1.191910000000000000e+06
1.193926000000000000e+06
1.195973000000000000e+06
1.197912000000000000e+06
1.200035000000000000e+06
1.202167000000000000e+06
1.204000000000000000e+06
1.205983000000000000e+06
1.208071000000000000e+06
1.210292000000000000e+06
1.212396000000000000e+06
1.214421000000000000e+06
1.216453000000000000e+06
1.218488000000000000e+06
1.220477000000000000e+06
1.222653000000000000e+06
1.224614000000000000e+06
1.226737000000000000e+06
1.228578000000000000e+06
1.230563000000000000e+06
1.232752000000000000e+06
1.234873000000000000e+06
1.236974000000000000e+06
1.238706000000000000e+06
1.240980000000000000e+06
1.242815000000000000e+06
1.245174000000000000e+06
1.246818000000000000e+06
1.249072000000000000e+06
1.251216000000000000e+06
1.253206000000000000e+06
1.255169000000000000e+06
1.257360000000000000e+06
1.259319000000000000e+06
1.261363000000000000e+06
1.263500000000000000e+06
1.265221000000000000e+06
1.267552000000000000e+06
1.269626000000000000e+06
1.271767000000000000e+06
1.273523000000000000e+06
1.275839000000000000e+06
1.277710000000000000e+06
1.279854000000000000e+06
1.281975000000000000e+06
1.283983000000000000e+06
1.286013000000000000e+06
1.288119000000000000e+06
1.289989000000000000e+06
1.292268000000000000e+06
1.294266000000000000e+06
1.296231000000000000e+06
1.298356000000000000e+06
1.300412000000000000e+06
1.302430000000000000e+06
1.304533000000000000e+06
1.306266000000000000e+06
1.308623000000000000e+06
1.310483000000000000e+06
1.312742000000000000e+06
1.314640000000000000e+06
1.316705000000000000e+06
1.318710000000000000e+06
1.320916000000000000e+06
1.322794000000000000e+06
1.324875000000000000e+06
1.326848000000000000e+06
1.328924000000000000e+06
1.331112000000000000e+06
1.333237000000000000e+06
1.334972000000000000e+06
1.337330000000000000e+06
1.338952000000000000e+06
1.341270000000000000e+06
1.343312000000000000e+06
1.345523000000000000e+06
1.347575000000000000e+06
1.349623000000000000e+06
1.351481000000000000e+06
1.353628000000000000e+06
1.355766000000000000e+06
1.357554000000000000e+06
1.359777000000000000e+06
1.361704000000000000e+06
1.363878000000000000e+06
1.365961000000000000e+06
1.367891000000000000e+06
1.370105000000000000e+06
1.372118000000000000e+06
1.373901000000000000e+06
1.376254000000000000e+06
1.378191000000000000e+06
1.380078000000000000e+06
1.382250000000000000e+06
1.384196000000000000e+06
1.386418000000000000e+06
1.388250000000000000e+06
1.390553000000000000e+06
1.392412000000000000e+06
1.394273000000000000e+06
1.396621000000000000e+06
1.398713000000000000e+06
1.400765000000000000e+06
1.402781000000000000e+06
1.404922000000000000e+06
1.406754000000000000e+06
1.408760000000000000e+06
1.410994000000000000e+06
1.412829000000000000e+06
1.415069000000000000e+06
1.417101000000000000e+06
1.419104000000000000e+06
1.421096000000000000e+06
1.423028000000000000e+06
1.425243000000000000e+06
1.427300000000000000e+06
1.429377000000000000e+06
1.431377000000000000e+06
1.433341000000000000e+06
1.435615000000000000e+06
1.437604000000000000e+06
1.439374000000000000e+06
1.441543000000000000e+06
1.443519000000000000e+06
1.445672000000000000e+06
1.447834000000000000e+06
1.449929000000000000e+06
1.451681000000000000e+06
1.454056000000000000e+06
1.455906000000000000e+06
1.457930000000000000e+06
1.460202000000000000e+06
1.461806000000000000e+06
1.464022000000000000e+06
1.466147000000000000e+06
1.468297000000000000e+06
1.470446000000000000e+06
1.472376000000000000e+06
1.474414000000000000e+06
1.476464000000000000e+06
1.478251000000000000e+06
1.480554000000000000e+06
1.482691000000000000e+06
1.484334000000000000e+06
1.486635000000000000e+06
1.488628000000000000e+06
1.490866000000000000e+06
1.492753000000000000e+06
1.494938000000000000e+06
1.496726000000000000e+06
1.498681000000000000e+06
1.501181000000000000e+06
1.503094000000000000e+06
1.505243000000000000e+06
1.507300000000000000e+06
1.509260000000000000e+06
1.511292000000000000e+06
1.513260000000000000e+06
1.515300000000000000e+06
1.517314000000000000e+06
1.519571000000000000e+06
1.521506000000000000e+06
1.523489000000000000e+06
1.525649000000000000e+06
1.527689000000000000e+06
1.529589000000000000e+06
1.531758000000000000e+06
1.533857000000000000e+06
1.535907000000000000e+06
1.537920000000000000e+06
1.540080000000000000e+06
1.541995000000000000e+06
1.544076000000000000e+06
1.546237000000000000e+06
1.548096000000000000e+06
1.550214000000000000e+06
1.552063000000000000e+06
1.553865000000000000e+06
1.556458000000000000e+06
1.558336000000000000e+06
1.560538000000000000e+06
1.562574000000000000e+06
1.564526000000000000e+06
1.566432000000000000e+06
1.568217000000000000e+06
1.570604000000000000e+06
1.572798000000000000e+06
1.574634000000000000e+06
1.576799000000000000e+06
1.578964000000000000e+06
1.580783000000000000e+06
1.582801000000000000e+06
1.585142000000000000e+06
1.587187000000000000e+06
1.589024000000000000e+06
1.591264000000000000e+06
1.593109000000000000e+06
1.595385000000000000e+06
1.597232000000000000e+06
1.599397000000000000e+06
1.601264000000000000e+06
1.603508000000000000e+06
1.605502000000000000e+06
1.607630000000000000e+06
1.609428000000000000e+06
1.611563000000000000e+06
1.613457000000000000e+06
1.615867000000000000e+06
1.617731000000000000e+06
1.619792000000000000e+06
1.621844000000000000e+06
1.624010000000000000e+06
1.625923000000000000e+06
1.627925000000000000e+06
1.630036000000000000e+06
1.631953000000000000e+06
1.634173000000000000e+06
1.636148000000000000e+06
1.638253000000000000e+06
1.640328000000000000e+06
1.642472000000000000e+06
1.644298000000000000e+06
1.646496000000000000e+06
1.648474000000000000e+06
1.650554000000000000e+06
1.652630000000000000e+06
1.654672000000000000e+06
1.656716000000000000e+06
1.658807000000000000e+06
1.660880000000000000e+06
1.662772000000000000e+06
1.664679000000000000e+06
1.666895000000000000e+06
1.668942000000000000e+06
1.671134000000000000e+06
1.672870000000000000e+06
1.675190000000000000e+06
1.677011000000000000e+06
1.679296000000000000e+06
1.681258000000000000e+06
1.683224000000000000e+06
1.685297000000000000e+06
1.687296000000000000e+06
1.689431000000000000e+06
1.691608000000000000e+06
1.693655000000000000e+06
1.695677000000000000e+06
1.697749000000000000e+06
1.699643000000000000e+06
1.701474000000000000e+06
1.703830000000000000e+06
1.705824000000000000e+06
1.707953000000000000e+06
1.709610000000000000e+06
1.711755000000000000e+06
1.713993000000000000e+06
1.716007000000000000e+06
1.717932000000000000e+06
1.720227000000000000e+06
1.722234000000000000e+06
1.724234000000000000e+06
1.726400000000000000e+06
1.728156000000000000e+06
1.730452000000000000e+06
1.732320000000000000e+06
1.734573000000000000e+06
1.736478000000000000e+06
1.738706000000000000e+06
1.740624000000000000e+06
1.742601000000000000e+06
1.744857000000000000e+06
1.746714000000000000e+06
1.748811000000000000e+06
1.750890000000000000e+06
1.752983000000000000e+06
1.755126000000000000e+06
1.757054000000000000e+06
1.758957000000000000e+06
1.761156000000000000e+06
1.763211000000000000e+06
1.765114000000000000e+06
1.767070000000000000e+06
1.769221000000000000e+06
1.771189000000000000e+06
1.773515000000000000e+06
1.775453000000000000e+06
1.777444000000000000e+06
1.779635000000000000e+06
1.781516000000000000e+06
1.783507000000000000e+06
1.785807000000000000e+06
1.787708000000000000e+06
1.789784000000000000e+06
1.791778000000000000e+06
1.793744000000000000e+06
1.795389000000000000e+06
1.797976000000000000e+06
1.800157000000000000e+06
1.802029000000000000e+06
1.803947000000000000e+06
1.806278000000000000e+06
1.808263000000000000e+06
1.810291000000000000e+06
1.812397000000000000e+06
1.814414000000000000e+06
1.816248000000000000e+06
1.818440000000000000e+06
1.820506000000000000e+06
1.822462000000000000e+06
1.824565000000000000e+06
1.826677000000000000e+06
1.828802000000000000e+06
1.830841000000000000e+06
1.832786000000000000e+06
1.834862000000000000e+06
1.836781000000000000e+06
1.838943000000000000e+06
1.841147000000000000e+06
1.843066000000000000e+06
1.845034000000000000e+06
1.847241000000000000e+06
1.849154000000000000e+06
1.851258000000000000e+06
1.853231000000000000e+06
1.855240000000000000e+06
1.857413000000000000e+06
1.859480000000000000e+06
1.861631000000000000e+06
1.863496000000000000e+06
1.865440000000000000e+06
1.867665000000000000e+06
1.869591000000000000e+06
1.871598000000000000e+06
1.873642000000000000e+06
1.875863000000000000e+06
1.877883000000000000e+06
1.879362000000000000e+06
1.882066000000000000e+06
1.884151000000000000e+06
1.885720000000000000e+06
1.888235000000000000e+06
1.890254000000000000e+06
1.892293000000000000e+06
1.894126000000000000e+06
1.896371000000000000e+06
1.898266000000000000e+06
1.900412000000000000e+06
1.902510000000000000e+06
1.904371000000000000e+06
1.906643000000000000e+06
1.908734000000000000e+06
1.910570000000000000e+06
1.912664000000000000e+06
1.914614000000000000e+06
1.916923000000000000e+06
1.918840000000000000e+06
1.920622000000000000e+06
1.922747000000000000e+06
1.924940000000000000e+06
1.927027000000000000e+06
1.929049000000000000e+06
1.930653000000000000e+06
1.933280000000000000e+06
1.935326000000000000e+06
1.937206000000000000e+06
1.939347000000000000e+06
1.941494000000000000e+06
1.943512000000000000e+06
1.945490000000000000e+06
1.947474000000000000e+06
1.949622000000000000e+06
1.951536000000000000e+06
1.953739000000000000e+06
1.955593000000000000e+06
1.957432000000000000e+06
1.959903000000000000e+06
1.961890000000000000e+06
1.963991000000000000e+06
1.965382000000000000e+06
1.967715000000000000e+06
1.970093000000000000e+06
1.972095000000000000e+06
1.974225000000000000e+06
1.975979000000000000e+06
1.978313000000000000e+06
1.980236000000000000e+06
1.982249000000000000e+06
1.984426000000000000e+06
1.986342000000000000e+06
1.988526000000000000e+06
1.990452000000000000e+06
1.992467000000000000e+06
1.994679000000000000e+06
1.996709000000000000e+06
1.998819000000000000e+06
2.000474000000000000e+06
