2.043000000000000000e+03
4.083000000000000000e+03
6.126000000000000000e+03
8.190000000000000000e+03
1.021100000000000000e+04
1.228800000000000000e+04
1.432100000000000000e+04
1.638200000000000000e+04
1.842900000000000000e+04
2.046400000000000000e+04
2.251700000000000000e+04
2.455000000000000000e+04
2.661000000000000000e+04
2.861400000000000000e+04
3.068500000000000000e+04
3.270700000000000000e+04
3.479100000000000000e+04
3.684200000000000000e+04
3.886400000000000000e+04
4.092000000000000000e+04
4.298100000000000000e+04
4.498800000000000000e+04
4.703700000000000000e+04
4.912200000000000000e+04
5.119500000000000000e+04
5.321900000000000000e+04
5.521800000000000000e+04
5.730400000000000000e+04
5.937000000000000000e+04
6.138700000000000000e+04
6.346400000000000000e+04
6.549800000000000000e+04
6.758100000000000000e+04
6.954400000000000000e+04
7.161700000000000000e+04
7.368100000000000000e+04
7.575000000000000000e+04
7.778600000000000000e+04
7.985100000000000000e+04
8.190300000000000000e+04
8.391200000000000000e+04
8.594900000000000000e+04
8.803500000000000000e+04
9.007500000000000000e+04
9.211800000000000000e+04
9.416600000000000000e+04
9.618400000000000000e+04
9.829300000000000000e+04
1.003520000000000000e+05
1.023490000000000000e+05
1.044160000000000000e+05
1.064890000000000000e+05
1.085150000000000000e+05
1.105510000000000000e+05
1.126040000000000000e+05
1.146550000000000000e+05
1.167260000000000000e+05
1.187300000000000000e+05
1.208250000000000000e+05
1.227990000000000000e+05
1.248440000000000000e+05
1.269100000000000000e+05
1.289790000000000000e+05
1.310420000000000000e+05
1.330800000000000000e+05
1.351330000000000000e+05
1.371480000000000000e+05
1.392600000000000000e+05
1.412930000000000000e+05
1.432840000000000000e+05
1.453560000000000000e+05
1.473950000000000000e+05
1.494480000000000000e+05
1.515220000000000000e+05
1.535130000000000000e+05
1.556450000000000000e+05
1.575840000000000000e+05
1.597340000000000000e+05
1.617210000000000000e+05
1.638010000000000000e+05
1.658450000000000000e+05
1.679050000000000000e+05
1.699640000000000000e+05
1.719850000000000000e+05
1.740450000000000000e+05
1.760660000000000000e+05
1.781620000000000000e+05
1.802240000000000000e+05
1.822580000000000000e+05
1.842580000000000000e+05
1.863140000000000000e+05
1.883520000000000000e+05
1.904300000000000000e+05
1.924720000000000000e+05
1.945080000000000000e+05
1.965750000000000000e+05
1.986420000000000000e+05
2.006620000000000000e+05
2.027250000000000000e+05
2.047800000000000000e+05
2.068050000000000000e+05
2.088190000000000000e+05
2.108710000000000000e+05
2.129840000000000000e+05
2.149800000000000000e+05
2.170080000000000000e+05
2.190580000000000000e+05
2.211180000000000000e+05
2.231870000000000000e+05
2.252280000000000000e+05
2.272540000000000000e+05
2.293160000000000000e+05
2.313500000000000000e+05
2.333970000000000000e+05
2.354740000000000000e+05
2.375570000000000000e+05
2.396150000000000000e+05
2.416250000000000000e+05
2.437020000000000000e+05
2.457430000000000000e+05
2.476940000000000000e+05
2.497810000000000000e+05
2.518550000000000000e+05
2.538750000000000000e+05
2.559370000000000000e+05
2.580050000000000000e+05
2.600210000000000000e+05
2.621000000000000000e+05
2.641280000000000000e+05
2.662320000000000000e+05
2.682320000000000000e+05
2.702930000000000000e+05
2.723640000000000000e+05
2.743910000000000000e+05
2.764450000000000000e+05
2.785180000000000000e+05
2.805020000000000000e+05
2.825810000000000000e+05
2.846560000000000000e+05
2.866620000000000000e+05
2.887290000000000000e+05
2.907010000000000000e+05
2.928490000000000000e+05
2.947900000000000000e+05
2.969380000000000000e+05
2.989610000000000000e+05
3.009750000000000000e+05
3.030260000000000000e+05
3.051450000000000000e+05
3.071350000000000000e+05
3.091770000000000000e+05
3.111970000000000000e+05
3.132710000000000000e+05
3.153650000000000000e+05
3.173710000000000000e+05
3.194640000000000000e+05
3.215100000000000000e+05
3.235270000000000000e+05
3.256170000000000000e+05
3.276740000000000000e+05
3.296670000000000000e+05
3.317740000000000000e+05
3.337360000000000000e+05
3.358110000000000000e+05
3.378880000000000000e+05
3.399500000000000000e+05
3.419530000000000000e+05
3.439730000000000000e+05
3.460640000000000000e+05
3.481340000000000000e+05
3.502020000000000000e+05
3.522070000000000000e+05
3.542800000000000000e+05
3.562770000000000000e+05
3.583300000000000000e+05
3.604060000000000000e+05
3.623960000000000000e+05
3.645030000000000000e+05
3.665590000000000000e+05
3.686130000000000000e+05
3.706600000000000000e+05
3.726830000000000000e+05
3.747370000000000000e+05
3.767940000000000000e+05
3.787950000000000000e+05
3.808420000000000000e+05
3.828880000000000000e+05
3.849910000000000000e+05
3.870330000000000000e+05
3.890960000000000000e+05
3.911040000000000000e+05
3.931510000000000000e+05
3.952280000000000000e+05
3.972440000000000000e+05
3.993170000000000000e+05
4.013750000000000000e+05
4.033770000000000000e+05
4.054470000000000000e+05
4.074850000000000000e+05
4.095470000000000000e+05
4.116000000000000000e+05
4.136520000000000000e+05
4.157210000000000000e+05
4.177820000000000000e+05
4.197550000000000000e+05
4.218230000000000000e+05
4.239350000000000000e+05
4.259440000000000000e+05
4.280180000000000000e+05
4.300620000000000000e+05
4.320120000000000000e+05
4.341060000000000000e+05
4.361920000000000000e+05
4.382270000000000000e+05
4.403110000000000000e+05
4.423280000000000000e+05
4.443440000000000000e+05
4.463230000000000000e+05
4.485000000000000000e+05
4.505200000000000000e+05
4.526070000000000000e+05
4.546190000000000000e+05
4.566190000000000000e+05
4.587130000000000000e+05
4.607550000000000000e+05
4.627280000000000000e+05
4.648030000000000000e+05
4.669320000000000000e+05
4.689370000000000000e+05
4.709990000000000000e+05
4.730140000000000000e+05
4.750550000000000000e+05
4.771610000000000000e+05
4.791500000000000000e+05
4.812490000000000000e+05
4.832630000000000000e+05
4.853400000000000000e+05
4.873720000000000000e+05
4.894270000000000000e+05
4.915150000000000000e+05
4.935130000000000000e+05
4.955160000000000000e+05
4.976330000000000000e+05
4.997070000000000000e+05
5.017200000000000000e+05
5.037380000000000000e+05
5.058010000000000000e+05
5.078220000000000000e+05
5.098710000000000000e+05
5.119190000000000000e+05
5.140050000000000000e+05
5.160380000000000000e+05
5.181270000000000000e+05
5.201490000000000000e+05
5.222220000000000000e+05
5.242050000000000000e+05
5.263060000000000000e+05
5.283800000000000000e+05
5.303270000000000000e+05
5.324060000000000000e+05
5.344770000000000000e+05
5.364870000000000000e+05
5.385860000000000000e+05
5.405900000000000000e+05
5.426450000000000000e+05
5.447170000000000000e+05
5.467850000000000000e+05
5.488220000000000000e+05
5.508750000000000000e+05
5.529440000000000000e+05
5.549950000000000000e+05
5.570530000000000000e+05
5.590430000000000000e+05
5.611230000000000000e+05
5.631860000000000000e+05
5.652330000000000000e+05
5.671990000000000000e+05
5.692540000000000000e+05
5.712950000000000000e+05
5.733680000000000000e+05
5.754110000000000000e+05
5.773830000000000000e+05
5.795190000000000000e+05
5.816240000000000000e+05
5.836140000000000000e+05
5.857030000000000000e+05
5.876970000000000000e+05
5.898240000000000000e+05
5.918500000000000000e+05
5.938990000000000000e+05
5.959420000000000000e+05
5.979920000000000000e+05
6.000020000000000000e+05
6.020530000000000000e+05
6.041100000000000000e+05
6.062060000000000000e+05
6.082070000000000000e+05
6.102470000000000000e+05
6.123060000000000000e+05
6.143490000000000000e+05
6.164420000000000000e+05
6.184080000000000000e+05
6.204900000000000000e+05
6.225900000000000000e+05
6.245800000000000000e+05
6.266370000000000000e+05
6.285450000000000000e+05
6.307380000000000000e+05
6.327850000000000000e+05
6.348230000000000000e+05
6.368380000000000000e+05
6.389590000000000000e+05
6.410060000000000000e+05
6.429730000000000000e+05
6.450880000000000000e+05
6.471330000000000000e+05
6.491270000000000000e+05
6.512400000000000000e+05
6.533080000000000000e+05
6.552870000000000000e+05
6.573440000000000000e+05
6.593400000000000000e+05
6.614430000000000000e+05
6.635450000000000000e+05
6.655410000000000000e+05
6.676230000000000000e+05
6.696230000000000000e+05
6.717440000000000000e+05
6.737640000000000000e+05
6.758040000000000000e+05
6.778160000000000000e+05
6.798860000000000000e+05
6.819730000000000000e+05
6.840080000000000000e+05
6.860700000000000000e+05
6.881070000000000000e+05
6.901590000000000000e+05
6.921670000000000000e+05
6.941580000000000000e+05
6.962690000000000000e+05
6.983060000000000000e+05
7.003140000000000000e+05
7.024490000000000000e+05
7.044500000000000000e+05
7.065360000000000000e+05
7.085840000000000000e+05
7.105850000000000000e+05
7.125740000000000000e+05
7.146540000000000000e+05
7.167350000000000000e+05
7.188180000000000000e+05
7.208250000000000000e+05
7.229060000000000000e+05
7.249680000000000000e+05
7.269900000000000000e+05
7.290600000000000000e+05
7.311090000000000000e+05
7.331720000000000000e+05
7.351740000000000000e+05
7.371750000000000000e+05
7.393280000000000000e+05
7.412970000000000000e+05
7.433950000000000000e+05
7.453800000000000000e+05
7.474700000000000000e+05
7.494690000000000000e+05
7.515630000000000000e+05
7.536400000000000000e+05
7.557000000000000000e+05
7.577310000000000000e+05
7.597390000000000000e+05
7.618550000000000000e+05
7.639040000000000000e+05
7.659480000000000000e+05
7.679310000000000000e+05
7.700330000000000000e+05
7.720900000000000000e+05
7.740800000000000000e+05
7.761690000000000000e+05
7.781960000000000000e+05
7.802120000000000000e+05
7.822690000000000000e+05
7.843650000000000000e+05
7.863940000000000000e+05
7.884070000000000000e+05
7.904870000000000000e+05
7.925570000000000000e+05
7.946210000000000000e+05
7.966040000000000000e+05
7.986410000000000000e+05
8.007250000000000000e+05
8.027390000000000000e+05
8.048060000000000000e+05
8.068650000000000000e+05
8.089260000000000000e+05
8.109210000000000000e+05
8.130380000000000000e+05
8.150870000000000000e+05
8.170490000000000000e+05
8.191370000000000000e+05
8.211450000000000000e+05
8.232320000000000000e+05
8.253280000000000000e+05
8.273920000000000000e+05
8.294130000000000000e+05
8.314680000000000000e+05
8.334860000000000000e+05
8.355840000000000000e+05
8.375660000000000000e+05
8.396660000000000000e+05
8.416960000000000000e+05
8.437540000000000000e+05
8.457970000000000000e+05
8.478650000000000000e+05
8.498420000000000000e+05
8.519540000000000000e+05
8.539560000000000000e+05
8.559870000000000000e+05
8.580880000000000000e+05
8.600520000000000000e+05
8.620940000000000000e+05
8.642040000000000000e+05
8.662750000000000000e+05
8.683260000000000000e+05
8.703130000000000000e+05
8.724160000000000000e+05
8.744340000000000000e+05
8.765070000000000000e+05
8.785280000000000000e+05
8.805780000000000000e+05
8.826490000000000000e+05
8.847070000000000000e+05
8.866900000000000000e+05
8.887880000000000000e+05
8.908360000000000000e+05
8.929100000000000000e+05
8.949450000000000000e+05
8.969930000000000000e+05
8.990040000000000000e+05
9.010340000000000000e+05
9.031630000000000000e+05
9.051150000000000000e+05
9.072640000000000000e+05
9.092370000000000000e+05
9.112950000000000000e+05
9.134060000000000000e+05
9.154020000000000000e+05
9.174340000000000000e+05
9.195240000000000000e+05
9.214970000000000000e+05
9.236120000000000000e+05
9.256580000000000000e+05
9.277440000000000000e+05
9.297380000000000000e+05
9.318340000000000000e+05
9.338390000000000000e+05
9.359220000000000000e+05
9.379710000000000000e+05
9.400110000000000000e+05
9.420320000000000000e+05
9.440460000000000000e+05
9.460850000000000000e+05
9.481740000000000000e+05
9.501120000000000000e+05
9.523110000000000000e+05
9.543160000000000000e+05
9.564070000000000000e+05
9.584210000000000000e+05
9.604240000000000000e+05
9.625380000000000000e+05
9.645420000000000000e+05
9.665660000000000000e+05
9.686430000000000000e+05
9.706450000000000000e+05
9.725920000000000000e+05
9.748420000000000000e+05
9.768010000000000000e+05
9.788370000000000000e+05
9.809730000000000000e+05
9.829680000000000000e+05
9.850840000000000000e+05
9.871330000000000000e+05
9.891320000000000000e+05
9.911120000000000000e+05
9.932130000000000000e+05
9.953190000000000000e+05
9.973140000000000000e+05
9.993360000000000000e+05
1.001410000000000000e+06
1.003461000000000000e+06
1.005541000000000000e+06
1.007530000000000000e+06
1.009663000000000000e+06
1.011690000000000000e+06
1.013658000000000000e+06
1.015796000000000000e+06
1.017787000000000000e+06
1.019861000000000000e+06
1.021943000000000000e+06
1.023875000000000000e+06
1.025999000000000000e+06
1.028060000000000000e+06
1.030063000000000000e+06
1.032122000000000000e+06
1.034215000000000000e+06
1.036158000000000000e+06
1.038309000000000000e+06
1.040356000000000000e+06
1.042337000000000000e+06
1.044457000000000000e+06
1.046517000000000000e+06
1.048509000000000000e+06
1.050540000000000000e+06
1.052656000000000000e+06
1.054630000000000000e+06
1.056668000000000000e+06
1.058765000000000000e+06
1.060781000000000000e+06
1.062828000000000000e+06
1.064889000000000000e+06
1.067007000000000000e+06
1.068984000000000000e+06
1.071068000000000000e+06
1.073087000000000000e+06
1.075165000000000000e+06
1.077204000000000000e+06
1.079205000000000000e+06
1.081264000000000000e+06
1.083338000000000000e+06
1.085391000000000000e+06
1.087449000000000000e+06
1.089477000000000000e+06
1.091524000000000000e+06
1.093575000000000000e+06
1.095675000000000000e+06
1.097643000000000000e+06
1.099711000000000000e+06
1.101689000000000000e+06
1.103823000000000000e+06
1.105888000000000000e+06
1.107855000000000000e+06
1.109932000000000000e+06
1.112055000000000000e+06
1.114099000000000000e+06
1.116147000000000000e+06
1.118128000000000000e+06
1.120241000000000000e+06
1.122174000000000000e+06
1.124333000000000000e+06
1.126386000000000000e+06
1.128385000000000000e+06
1.130403000000000000e+06
1.132544000000000000e+06
1.134529000000000000e+06
1.136601000000000000e+06
1.138674000000000000e+06
1.140689000000000000e+06
1.142767000000000000e+06
1.144765000000000000e+06
1.146879000000000000e+06
1.148915000000000000e+06
1.150961000000000000e+06
1.152977000000000000e+06
1.155040000000000000e+06
1.157044000000000000e+06
1.159090000000000000e+06
1.161081000000000000e+06
1.163176000000000000e+06
1.165215000000000000e+06
1.167338000000000000e+06
1.169390000000000000e+06
1.171440000000000000e+06
1.173443000000000000e+06
1.175499000000000000e+06
1.177502000000000000e+06
1.179524000000000000e+06
1.181590000000000000e+06
1.183655000000000000e+06
1.185692000000000000e+06
1.187838000000000000e+06
1.189849000000000000e+06
1.191929000000000000e+06
1.193967000000000000e+06
1.195915000000000000e+06
1.197999000000000000e+06
1.200038000000000000e+06
1.202169000000000000e+06
1.204091000000000000e+06
1.206220000000000000e+06
1.208266000000000000e+06
1.210313000000000000e+06
1.212386000000000000e+06
1.214374000000000000e+06
1.216442000000000000e+06
1.218452000000000000e+06
1.220607000000000000e+06
1.222581000000000000e+06
1.224611000000000000e+06
1.226675000000000000e+06
1.228720000000000000e+06
1.230777000000000000e+06
1.232781000000000000e+06
1.234837000000000000e+06
1.236943000000000000e+06
1.238947000000000000e+06
1.241067000000000000e+06
1.242950000000000000e+06
1.245116000000000000e+06
1.247153000000000000e+06
1.249163000000000000e+06
1.251311000000000000e+06
1.253267000000000000e+06
1.255418000000000000e+06
1.257425000000000000e+06
1.259489000000000000e+06
1.261554000000000000e+06
1.263487000000000000e+06
1.265553000000000000e+06
1.267705000000000000e+06
1.269698000000000000e+06
1.271777000000000000e+06
1.273818000000000000e+06
1.275804000000000000e+06
1.277951000000000000e+06
1.279939000000000000e+06
1.281957000000000000e+06
1.284034000000000000e+06
1.286144000000000000e+06
1.288189000000000000e+06
1.290240000000000000e+06
1.292271000000000000e+06
1.294307000000000000e+06
1.296292000000000000e+06
1.298368000000000000e+06
1.300362000000000000e+06
1.302444000000000000e+06
1.304492000000000000e+06
1.306563000000000000e+06
1.308576000000000000e+06
1.310641000000000000e+06
1.312748000000000000e+06
1.314768000000000000e+06
1.316742000000000000e+06
1.318827000000000000e+06
1.320948000000000000e+06
1.322943000000000000e+06
1.324995000000000000e+06
1.327023000000000000e+06
1.329141000000000000e+06
1.331118000000000000e+06
1.333153000000000000e+06
1.335272000000000000e+06
1.337232000000000000e+06
1.339309000000000000e+06
1.341273000000000000e+06
1.343426000000000000e+06
1.345468000000000000e+06
1.347442000000000000e+06
1.349561000000000000e+06
1.351667000000000000e+06
1.353715000000000000e+06
1.355733000000000000e+06
1.357724000000000000e+06
1.359838000000000000e+06
1.361824000000000000e+06
1.363928000000000000e+06
1.365966000000000000e+06
1.368036000000000000e+06
1.370030000000000000e+06
1.372060000000000000e+06
1.374161000000000000e+06
1.376217000000000000e+06
1.378270000000000000e+06
1.380321000000000000e+06
1.382338000000000000e+06
1.384416000000000000e+06
1.386486000000000000e+06
1.388514000000000000e+06
1.390520000000000000e+06
1.392546000000000000e+06
1.394620000000000000e+06
1.396544000000000000e+06
1.398756000000000000e+06
1.400771000000000000e+06
1.402831000000000000e+06
1.404846000000000000e+06
1.406916000000000000e+06
1.408928000000000000e+06
1.410964000000000000e+06
1.413052000000000000e+06
1.415122000000000000e+06
1.417136000000000000e+06
1.419206000000000000e+06
1.421164000000000000e+06
1.423350000000000000e+06
1.425384000000000000e+06
1.427371000000000000e+06
1.429322000000000000e+06
1.431540000000000000e+06
1.433560000000000000e+06
1.435564000000000000e+06
1.437669000000000000e+06
1.439698000000000000e+06
1.441705000000000000e+06
1.443778000000000000e+06
1.445784000000000000e+06
1.447871000000000000e+06
1.449919000000000000e+06
1.451905000000000000e+06
1.454040000000000000e+06
1.456043000000000000e+06
1.458108000000000000e+06
1.460189000000000000e+06
1.462218000000000000e+06
1.464216000000000000e+06
1.466258000000000000e+06
1.468338000000000000e+06
1.470368000000000000e+06
1.472489000000000000e+06
1.474375000000000000e+06
1.476496000000000000e+06
1.478645000000000000e+06
1.480645000000000000e+06
1.482746000000000000e+06
1.484786000000000000e+06
1.486846000000000000e+06
1.488796000000000000e+06
1.490903000000000000e+06
1.492873000000000000e+06
1.494961000000000000e+06
1.497043000000000000e+06
1.499052000000000000e+06
1.501071000000000000e+06
1.503192000000000000e+06
1.505242000000000000e+06
1.507259000000000000e+06
1.509361000000000000e+06
1.511388000000000000e+06
1.513378000000000000e+06
1.515495000000000000e+06
1.517403000000000000e+06
1.519494000000000000e+06
1.521660000000000000e+06
1.523593000000000000e+06
1.525665000000000000e+06
1.527728000000000000e+06
1.529829000000000000e+06
1.531805000000000000e+06
1.533936000000000000e+06
1.535984000000000000e+06
1.538022000000000000e+06
1.540075000000000000e+06
1.542114000000000000e+06
1.544085000000000000e+06
1.546139000000000000e+06
1.548254000000000000e+06
1.550215000000000000e+06
1.552318000000000000e+06
1.554424000000000000e+06
1.556417000000000000e+06
1.558478000000000000e+06
1.560574000000000000e+06
1.562570000000000000e+06
1.564617000000000000e+06
1.566691000000000000e+06
1.568619000000000000e+06
1.570764000000000000e+06
1.572820000000000000e+06
1.574814000000000000e+06
1.576819000000000000e+06
1.578998000000000000e+06
1.580972000000000000e+06
1.583030000000000000e+06
1.585050000000000000e+06
1.587117000000000000e+06
1.589236000000000000e+06
1.591285000000000000e+06
1.593259000000000000e+06
1.595356000000000000e+06
1.597397000000000000e+06
1.599466000000000000e+06
1.601446000000000000e+06
1.603573000000000000e+06
1.605622000000000000e+06
1.607557000000000000e+06
1.609510000000000000e+06
1.611697000000000000e+06
1.613745000000000000e+06
1.615871000000000000e+06
1.617819000000000000e+06
1.619966000000000000e+06
1.621908000000000000e+06
1.624055000000000000e+06
1.626102000000000000e+06
1.628064000000000000e+06
1.630208000000000000e+06
1.632178000000000000e+06
1.634183000000000000e+06
1.636226000000000000e+06
1.638334000000000000e+06
1.640401000000000000e+06
1.642470000000000000e+06
1.644457000000000000e+06
1.646542000000000000e+06
1.648634000000000000e+06
1.650527000000000000e+06
1.652716000000000000e+06
1.654779000000000000e+06
1.656825000000000000e+06
1.658817000000000000e+06
1.660871000000000000e+06
1.662906000000000000e+06
1.664892000000000000e+06
1.667056000000000000e+06
1.668942000000000000e+06
1.671140000000000000e+06
1.673173000000000000e+06
1.675213000000000000e+06
1.677288000000000000e+06
1.679166000000000000e+06
1.681391000000000000e+06
1.683403000000000000e+06
1.685409000000000000e+06
1.687388000000000000e+06
1.689588000000000000e+06
1.691622000000000000e+06
1.693612000000000000e+06
1.695700000000000000e+06
1.697662000000000000e+06
1.699778000000000000e+06
1.701863000000000000e+06
1.703867000000000000e+06
1.705938000000000000e+06
1.707957000000000000e+06
1.710046000000000000e+06
1.712083000000000000e+06
1.714155000000000000e+06
1.716100000000000000e+06
1.718214000000000000e+06
1.720267000000000000e+06
1.722266000000000000e+06
1.724287000000000000e+06
1.726442000000000000e+06
1.728405000000000000e+06
1.730495000000000000e+06
1.732448000000000000e+06
1.734600000000000000e+06
1.736682000000000000e+06
1.738668000000000000e+06
1.740758000000000000e+06
1.742843000000000000e+06
1.744822000000000000e+06
1.746853000000000000e+06
1.748929000000000000e+06
1.750949000000000000e+06
1.753067000000000000e+06
1.755085000000000000e+06
1.757145000000000000e+06
1.759147000000000000e+06
1.761213000000000000e+06
1.763298000000000000e+06
1.765264000000000000e+06
1.767410000000000000e+06
1.769445000000000000e+06
1.771494000000000000e+06
1.773514000000000000e+06
1.775535000000000000e+06
1.777542000000000000e+06
1.779635000000000000e+06
1.781727000000000000e+06
1.783808000000000000e+06
1.785823000000000000e+06
1.787806000000000000e+06
1.789791000000000000e+06
1.791921000000000000e+06
1.793903000000000000e+06
1.795986000000000000e+06
1.798092000000000000e+06
1.800134000000000000e+06
1.802231000000000000e+06
1.804099000000000000e+06
1.806305000000000000e+06
1.808330000000000000e+06
1.810410000000000000e+06
1.812465000000000000e+06
1.814409000000000000e+06
1.816553000000000000e+06
1.818620000000000000e+06
1.820598000000000000e+06
1.822642000000000000e+06
1.824759000000000000e+06
1.826692000000000000e+06
1.828805000000000000e+06
1.830831000000000000e+06
1.832884000000000000e+06
1.834928000000000000e+06
1.837003000000000000e+06
1.839088000000000000e+06
1.841011000000000000e+06
1.843099000000000000e+06
1.845219000000000000e+06
1.847263000000000000e+06
1.849273000000000000e+06
1.851391000000000000e+06
1.853425000000000000e+06
1.855413000000000000e+06
1.857482000000000000e+06
1.859525000000000000e+06
1.861504000000000000e+06
1.863654000000000000e+06
1.865627000000000000e+06
1.867760000000000000e+06
1.869723000000000000e+06
1.871766000000000000e+06
1.873840000000000000e+06
1.875941000000000000e+06
1.877999000000000000e+06
1.880018000000000000e+06
1.882059000000000000e+06
1.884122000000000000e+06
1.886104000000000000e+06
1.888169000000000000e+06
1.890256000000000000e+06
1.892266000000000000e+06
1.894356000000000000e+06
1.896373000000000000e+06
1.898496000000000000e+06
1.900536000000000000e+06
1.902582000000000000e+06
1.904525000000000000e+06
1.906612000000000000e+06
1.908714000000000000e+06
1.910616000000000000e+06
1.912805000000000000e+06
1.914850000000000000e+06
1.916799000000000000e+06
1.918862000000000000e+06
1.920990000000000000e+06
1.922957000000000000e+06
1.925069000000000000e+06
1.927056000000000000e+06
1.929154000000000000e+06
1.931199000000000000e+06
1.933241000000000000e+06
1.935300000000000000e+06
1.937401000000000000e+06
1.939376000000000000e+06
1.941467000000000000e+06
1.943454000000000000e+06
1.945590000000000000e+06
1.947558000000000000e+06
1.949672000000000000e+06
1.951596000000000000e+06
1.953625000000000000e+06
1.955730000000000000e+06
1.957825000000000000e+06
1.959867000000000000e+06
1.961808000000000000e+06
1.964006000000000000e+06
1.965958000000000000e+06
1.968107000000000000e+06
1.970157000000000000e+06
1.972180000000000000e+06
1.974228000000000000e+06
1.976314000000000000e+06
1.978243000000000000e+06
1.980404000000000000e+06
1.982437000000000000e+06
1.984404000000000000e+06
1.986486000000000000e+06
1.988606000000000000e+06
1.990518000000000000e+06
1.992602000000000000e+06
1.994749000000000000e+06
1.996723000000000000e+06
1.998828000000000000e+06
2.000848000000000000e+06
