1.038893336347815364e+02
1.036526349806319018e+02
1.080198134055319628e+02
1.092827789569484054e+02
1.090610667875175750e+02
1.124594851304220668e+02
1.293171854549464967e+02
1.244082087629597595e+02
1.256493000966200100e+02
1.295984189528126365e+02
1.360690481816560577e+02
1.322864595235933507e+02
1.400409999691120788e+02
1.404455342830375457e+02
1.561530522619509895e+02
1.685372257482181624e+02
1.747731221342548906e+02
1.632899666138921475e+02
1.731376364024932570e+02
1.819222336998734590e+02
1.856359472149975716e+02
1.799786573899097561e+02
1.985351841577912353e+02
2.047061483261700516e+02
2.075077564927213132e+02
2.147097467725874367e+02
2.111236123612623601e+02
2.168656032282729313e+02
2.325591987208181024e+02
2.290401479589687028e+02
2.296387444786486185e+02
2.424370897946567425e+02
2.556017315046340457e+02
2.573431172234595010e+02
2.425722545290077221e+02
2.474837356207356436e+02
2.533783022690456050e+02
2.666351322462176654e+02
2.686951453052597572e+02
2.658169402941264252e+02
2.685117832216056399e+02
2.857824897430788269e+02
2.738462891908790198e+02
2.817464607303030562e+02
2.761911160182281151e+02
2.858612479231042016e+02
2.854743343108297040e+02
2.840908667216361323e+02
2.945934950916610546e+02
2.966144952786603426e+02
3.122761397433015986e+02
3.123004093355438613e+02
3.045126363641273315e+02
2.950427987477732472e+02
3.033587005544306976e+02
3.109985292048196470e+02
3.116210762379520247e+02
3.073801029296089382e+02
3.053573558258650564e+02
2.958974247226096281e+02
2.917027770510031814e+02
2.939732582163351822e+02
3.106663913457936133e+02
3.225586473857823648e+02
3.213666963290382341e+02
3.205512243295323174e+02
3.250880518618777160e+02
3.289444166270305345e+02
3.305010086684858379e+02
3.279962256668004557e+02
3.234930827371161968e+02
3.241220530152876904e+02
3.183165654284871948e+02
3.069882896424501837e+02
3.144153865081327126e+02
3.202647972761222377e+02
3.390151148175720550e+02
3.370706952049935126e+02
3.491173887186191109e+02
3.345770229927285868e+02
3.362046365874541607e+02
3.378805163485416188e+02
3.357742965764402356e+02
3.300015520236419206e+02
3.261732556889854209e+02
3.323486304608596242e+02
3.359756611704301008e+02
3.313605860737645799e+02
3.318344163860755316e+02
3.357360470351762274e+02
3.465225971948328265e+02
3.597249015171967699e+02
3.560189999868576933e+02
3.514662067479464440e+02
3.371971572087808227e+02
3.407534286529891574e+02
3.401576679225097450e+02
3.495354212256542041e+02
3.564366305828979762e+02
3.521731234582568959e+02
3.552525925017487793e+02
3.509276157864348988e+02
3.436233919860234209e+02
3.485881208852930513e+02
3.523994682988969203e+02
3.513647427697926560e+02
3.556225129252886745e+02
3.518245393750185599e+02
3.502659910626389319e+02
3.436491462234378105e+02
3.461753187047011124e+02
3.516745824435702730e+02
3.473982070754399842e+02
3.415683414548027486e+02
3.466264004549900051e+02
3.654521064492864184e+02
3.655723832918749849e+02
3.836109046040406838e+02
3.832852077936610158e+02
3.692701681585779170e+02
3.682833535322697003e+02
3.535827055991591692e+02
3.511511360915843625e+02
3.477320269504167527e+02
3.651193598821562887e+02
3.697349579668174329e+02
3.655530975059967886e+02
3.581765343839900879e+02
3.569461268270913479e+02
3.459020923471791207e+02
3.529379351193747993e+02
3.584844341783177697e+02
3.601350084147821917e+02
3.584466616887546024e+02
3.619216998001686534e+02
3.543065310784000985e+02
3.610430309345366027e+02
3.754908069159758384e+02
3.754071667905515142e+02
3.802722143491675411e+02
3.848363009971643010e+02
3.721581654331894811e+02
3.662056553252002686e+02
3.512032096238180543e+02
3.657703353643727269e+02
3.596997604440012992e+02
3.728986215372888751e+02
3.779983979863014838e+02
3.657105463829864220e+02
3.707933488202959325e+02
3.642205211328317205e+02
3.717920160589044940e+02
3.846124611069189427e+02
3.852509740462559193e+02
3.846414323994204665e+02
3.884751726752564878e+02
3.805337406647666398e+02
3.812513214501084349e+02
3.858762177330660279e+02
3.838904044350385902e+02
3.885558111006919830e+02
3.937427100713284176e+02
3.983009875945600697e+02
3.978999671569978318e+02
3.846463754318816086e+02
3.867103731652425722e+02
3.840390841532950503e+02
3.884406097936480364e+02
3.885366971013199304e+02
3.935862827735920177e+02
3.988228386057162425e+02
3.955461867094347213e+02
3.974802254874455798e+02
3.947206187315524630e+02
3.963836769983416275e+02
3.913661716184682859e+02
3.975240651638439431e+02
3.991983177168681323e+02
3.944229303760810126e+02
3.972756786199092289e+02
3.946454698001065253e+02
3.895310265238563261e+02
3.875960480769811625e+02
3.876802592988457832e+02
3.790304400587785949e+02
3.825451763611652041e+02
3.766397629173868609e+02
3.922915822236583949e+02
3.948551043790537278e+02
3.930226855553996756e+02
4.068187150344310226e+02
4.000745839715593775e+02
4.050898850864201677e+02
4.096904173856442526e+02
4.038164530436279165e+02
4.077159419940315956e+02
4.069303492729624168e+02
4.057735022367016882e+02
4.175526799822083603e+02
4.215613194304586955e+02
4.314590119881549413e+02
4.322565647756082967e+02
4.202167007370430838e+02
4.240780709676249671e+02
4.267518536272236247e+02
4.144880727636419238e+02
4.192869879635481425e+02
4.124988279643484361e+02
3.960658636175361380e+02
4.099822397375891114e+02
4.089209591486213071e+02
4.155923974385625002e+02
4.272995640838035456e+02
4.213699598724168141e+02
4.196052311865395268e+02
4.252449650491687407e+02
4.258700427076070127e+02
4.335650963776765821e+02
4.326360512332532267e+02
4.211364890941625276e+02
4.198773198291044082e+02
4.119940671285594931e+02
4.230672816169621910e+02
4.283154303194814361e+02
4.413554064413742708e+02
4.515607897711751093e+02
4.495763998304703932e+02
4.528551611723685255e+02
4.502518134154431664e+02
4.409911961508419154e+02
4.474815687931267121e+02
4.435685871833571809e+02
4.459770441152364810e+02
4.470003770452954655e+02
4.365250616323003214e+02
4.396554747519787725e+02
4.286947336782326374e+02
4.333943329952635395e+02
4.395793820058125334e+02
4.460788521459349454e+02
4.516680907264604912e+02
4.494789940772974433e+02
4.557839718415783068e+02
4.481129538144645608e+02
4.552111775075532023e+02
4.579742747753543313e+02
4.651181036786825871e+02
4.566253486371944064e+02
4.551166655892218387e+02
4.588514330218774830e+02
4.553595243191612667e+02
4.527468393803262643e+02
4.695681616033377281e+02
4.659924298510079552e+02
4.702463971107455905e+02
4.725555647177296237e+02
4.788282370352876001e+02
4.846594128075331582e+02
4.861072060462299191e+02
4.748907730783976149e+02
4.824790077432251678e+02
4.772517132206524479e+02
4.766764705534012592e+02
4.854263105070648407e+02
4.810800376969210674e+02
4.722686685103739705e+02
4.594184949688011557e+02
4.711763986771582040e+02
4.771507891343807728e+02
4.693095827597831544e+02
4.768501416935566795e+02
4.737278551289362554e+02
4.709031671574618940e+02
4.669471723579484888e+02
4.692416481290763954e+02
4.654433395437588956e+02
4.700392287835768457e+02
4.743258945588509050e+02
4.821476889231497012e+02
4.802950153781819722e+02
4.795661633450516206e+02
4.784134661164105751e+02
4.827505829678642613e+02
4.750565092352623537e+02
4.870301326873645849e+02
4.907928959372636655e+02
4.902690344080349405e+02
5.001039562697442307e+02
5.059118990977219141e+02
5.035541299665489987e+02
5.004912347577499077e+02
4.904538579384592367e+02
4.760654633029283218e+02
4.804688249813427774e+02
4.935155525752998642e+02
4.998782571692952956e+02
5.010040630367607264e+02
5.100967030746393789e+02
5.134402040002801186e+02
5.096745823034912064e+02
5.065551507027739717e+02
5.152027238378956326e+02
5.241165746407901906e+02
5.351048214412953712e+02
5.293457137470188627e+02
5.233475642143246205e+02
5.173264144816691896e+02
5.070935115905373891e+02
4.961342334627160540e+02
4.991857135602795665e+02
4.980433623096733413e+02
5.108769983275604432e+02
5.220091795713883585e+02
5.208836137388240104e+02
5.224273681481851099e+02
5.274859378589385415e+02
5.252328506827543606e+02
5.150926385550305895e+02
5.117454959013876987e+02
5.146118507904408261e+02
5.207521057818149757e+02
5.173927182499259061e+02
5.161896276472555201e+02
5.245875903364553778e+02
5.220307171375579856e+02
5.106811446175649394e+02
5.209866225694097466e+02
5.219033558252347120e+02
5.208644465237724717e+02
5.259205431236803179e+02
5.351520282369915549e+02
5.441400285735506941e+02
5.382111389840695210e+02
5.506249913115950676e+02
5.418473305555345405e+02
5.427441577567378772e+02
5.372315344016827794e+02
5.398211399949755105e+02
5.331576769394633857e+02
5.355700555999250128e+02
5.380659240852681933e+02
5.418435485652821626e+02
5.389376848562864097e+02
5.285258243042162576e+02
5.394183225897521652e+02
5.424263434729898563e+02
5.466429702523365677e+02
5.494093139612198229e+02
5.558121384167817496e+02
5.515150067491498476e+02
5.405327448795571854e+02
5.308337157948201366e+02
5.245609524197600422e+02
5.330150952477121109e+02
5.342613182432617123e+02
5.388007797428256254e+02
5.455296097194280946e+02
5.482094979092855738e+02
5.533850104010333553e+02
5.532793218332981269e+02
5.550550863223321585e+02
5.767844490841844163e+02
5.883628611149856624e+02
5.968657317719120101e+02
5.874779469579577835e+02
5.780613463031427273e+02
5.745144587041411341e+02
5.583517681880408645e+02
5.586044975891077229e+02
5.559604218311312707e+02
5.683031589444361771e+02
5.753521275538130340e+02
5.694500965939957950e+02
5.658730029483107273e+02
5.591508834549704261e+02
5.645831758550561972e+02
5.756189334813052483e+02
5.673018815707790736e+02
5.744126109457545226e+02
5.853992540785753818e+02
5.931648305716635150e+02
5.718816523031472343e+02
5.737663047502195468e+02
5.696002962264196867e+02
5.630598736943819631e+02
5.692217528469491299e+02
5.717669883267026307e+02
5.657742338763272301e+02
5.695971215590094516e+02
5.738352292318238597e+02
5.676737633485244032e+02
5.721605483309544979e+02
5.833038373847841740e+02
5.902920423203513565e+02
5.852182036774634071e+02
5.831161128784218590e+02
5.809326696433998904e+02
5.767601818200304251e+02
5.658062479052065328e+02
5.702678363053701105e+02
5.628481868826585242e+02
5.529785213842413896e+02
5.675458434339419682e+02
5.791274182999760569e+02
5.855710213461749163e+02
5.942542648984633615e+02
5.972726453266806175e+02
5.943186820460452964e+02
6.003304276102962831e+02
5.995708027160911797e+02
5.862153650618780603e+02
5.817365390407267114e+02
5.886533284709531699e+02
5.956604940128790986e+02
5.879704287404168781e+02
5.927327619714543516e+02
6.149335696613635491e+02
6.269365618128050528e+02
6.194210695024479492e+02
6.022292878103482963e+02
6.075622934705601210e+02
5.969358363665828620e+02
5.920106273602821148e+02
5.883540836274510184e+02
5.871652599453385619e+02
6.006828974098789331e+02
6.062222175890501603e+02
6.005557566491845591e+02
6.048726595167140658e+02
5.979186319870282205e+02
6.019163704064230842e+02
6.021111131153783163e+02
6.244153413668869916e+02
6.264185314778045495e+02
6.272792102932755824e+02
6.409963887119514538e+02
6.400637578992988210e+02
6.404059851301313984e+02
6.235168860655422804e+02
6.102886436150934060e+02
6.121674996878734873e+02
6.096400700769287369e+02
6.227790436539017946e+02
6.298502684281238544e+02
6.264053159704099016e+02
6.284606474974063985e+02
6.277724406685599661e+02
6.418034106260944327e+02
6.414909727378594653e+02
6.409019662100624828e+02
6.561868825246576762e+02
6.637584426052106892e+02
6.748283014839544194e+02
6.552862281972659275e+02
6.505959633852394290e+02
6.385563672466195158e+02
6.274781579677422769e+02
6.186983600027282364e+02
6.207551913960170396e+02
6.238563969916227734e+02
6.101135265029597576e+02
6.300941335948512005e+02
6.415756271546869129e+02
6.438616520270616093e+02
6.456669243893645671e+02
6.477749339526336598e+02
6.628207196276482591e+02
6.649178490369257588e+02
6.632607392792835981e+02
6.745356094687180075e+02
6.733954019806069482e+02
6.639767913697900212e+02
6.475384812592482149e+02
6.412356654499860724e+02
6.484470664976994385e+02
6.406088396671331111e+02
6.424149491268567544e+02
6.490596349592252636e+02
6.569824347873653778e+02
6.614527142736059204e+02
6.494826902125303150e+02
6.464412167713144299e+02
6.425833290747796127e+02
6.512266412997903444e+02
6.290907392482910154e+02
6.198954944288257138e+02
6.288290663342849030e+02
6.261327318459425442e+02
6.329465666413725558e+02
6.331977277110690920e+02
6.420199400545039907e+02
6.548725706792428127e+02
6.618606589635008959e+02
6.628273963179863131e+02
6.890530836902078136e+02
6.695752331755044224e+02
6.553256473067231127e+02
6.550237456115263512e+02
6.450195725883882005e+02
6.644825418845839522e+02
6.615353773228818000e+02
6.542037020394499223e+02
6.671329327456529654e+02
6.676135890300924984e+02
6.793548751096743672e+02
6.760033064306902588e+02
6.649126051807934346e+02
6.628225652142878062e+02
6.819976875469852757e+02
6.862275490421289987e+02
6.920628006195206581e+02
6.975178636277361193e+02
7.128337229269468480e+02
7.038515557859443561e+02
7.193768451229883567e+02
7.130066058547863577e+02
7.066530998338841982e+02
6.973739718062902284e+02
6.916193285457723050e+02
6.941046270494618966e+02
6.961175672155613938e+02
6.955242793201007316e+02
6.942021591180214273e+02
6.917520707430479661e+02
6.818672133737683225e+02
7.040207195812644159e+02
6.863095952569638030e+02
6.691005947798882971e+02
6.683463677737429407e+02
6.590913243901501346e+02
6.362697415770483076e+02
6.419837353189475380e+02
6.540616042620986264e+02
6.603762939798160687e+02
6.747126514065153060e+02
6.850790972817068223e+02
6.941351559553556854e+02
7.064125112259034722e+02
6.991353539527765406e+02
6.966416638955664666e+02
7.218063459061390859e+02
7.108500084584325123e+02
6.895383307064289511e+02
6.772559092257278053e+02
6.755959949315619042e+02
6.761649983472234453e+02
6.731085472565681584e+02
6.712467015088153630e+02
6.842045428750788005e+02
6.926528306266465052e+02
7.064185716488906337e+02
7.146709817612355664e+02
7.304973548869472779e+02
7.344573191591119894e+02
7.297675879183470897e+02
7.277345891892000509e+02
7.229975422841648651e+02
7.249327613376710815e+02
7.134832294463723201e+02
7.130873617376996663e+02
7.124982133585400561e+02
7.366507616777781777e+02
7.385384387986393904e+02
7.531665345452408928e+02
7.381016245139159082e+02
7.266206893280212853e+02
7.303639406521347155e+02
7.274376846056239856e+02
7.129144172298954345e+02
7.301388938057519908e+02
7.333338939501909408e+02
7.402571651957115364e+02
7.570883057781966272e+02
7.526533260553248965e+02
7.381390971014776596e+02
7.498613806275515117e+02
7.368718924216633468e+02
7.358056639813222546e+02
7.524085179688745484e+02
7.620937358665419197e+02
7.630915034924290694e+02
7.739102116589143634e+02
7.799591819323090931e+02
7.685398732942772995e+02
7.662651175617819490e+02
7.519081437872634979e+02
7.494552294268210062e+02
7.487134938963264403e+02
7.480398178636220337e+02
7.569735417827730544e+02
7.641969187334001390e+02
7.975366643157377666e+02
8.185016701210890915e+02
8.165193926089594925e+02
8.224155919634349630e+02
8.233647213783478946e+02
8.152977183250234248e+02
8.278659669021005811e+02
8.270207106527429914e+02
8.097470526749031023e+02
7.890825790560941186e+02
7.912660011682279446e+02
7.851106671718717962e+02
7.869035443523373488e+02
7.880968173453910595e+02
7.791789202658001159e+02
7.658240293432685348e+02
7.633374850055314482e+02
7.600009309453597552e+02
7.745227795605784422e+02
7.650922558227545096e+02
7.563439946863001069e+02
7.575246613317555102e+02
7.621229551171323919e+02
7.656953455061282057e+02
7.674316710531046510e+02
7.527741203264060914e+02
7.481873176741001998e+02
7.558014039828052546e+02
7.443755340121606423e+02
7.488799171833467199e+02
7.460231783563014005e+02
7.497925582994351998e+02
7.482409147720748024e+02
7.578930500792375824e+02
7.516586302125771226e+02
7.634554562936190223e+02
7.590185351064313863e+02
7.512634870187414435e+02
7.694724888217123180e+02
7.895317459925910271e+02
7.819831977697032244e+02
8.013504476485527448e+02
8.182670289604828895e+02
8.173585998116041083e+02
8.266252780191210832e+02
8.167149850065084138e+02
7.829766122230118981e+02
7.844707004396618686e+02
7.952502862444739549e+02
7.933504821730107324e+02
7.704665695717068274e+02
7.579426888600866050e+02
7.610943228021867526e+02
7.759406590537618058e+02
7.706243311022871012e+02
7.610582555327091541e+02
7.596179473218899147e+02
7.685486568194979782e+02
7.740790532103059149e+02
7.886261334950028186e+02
8.021377870582924743e+02
7.952102585775865009e+02
7.897654091992976646e+02
7.756180698404892837e+02
8.020678317535588349e+02
8.128248773662826352e+02
8.074346931806525163e+02
8.074338421605980329e+02
8.066101525277158544e+02
8.035167230162686565e+02
8.239412695576753549e+02
7.971790945660384295e+02
7.784676717123438721e+02
7.628022387092289591e+02
7.392189010805527687e+02
7.678730959124640094e+02
7.809391823867326821e+02
7.856627826443728964e+02
7.831496180425784814e+02
7.822092157651866273e+02
7.951899505719267154e+02
8.051596602629986137e+02
7.823981529310268570e+02
8.091602268410534862e+02
8.093750441403218474e+02
7.970602763111559170e+02
8.045364683933247534e+02
7.835271881375286966e+02
7.900032920656267379e+02
7.887017942314821539e+02
7.717188950759252748e+02
7.613084742569134278e+02
7.718120027113724291e+02
7.637590593578858034e+02
7.724414813986257968e+02
7.860109732425814855e+02
7.896078082061337682e+02
7.999832889050474023e+02
8.190360539005670262e+02
7.769744218605706010e+02
8.022379424198079505e+02
8.082594331423140375e+02
8.178789630539775999e+02
8.200780356756758920e+02
8.113187022600693581e+02
8.055318813816863894e+02
8.146028102243288913e+02
8.426178929547397729e+02
8.397567133363828589e+02
8.335779262759207313e+02
8.383836918217670018e+02
8.371745490492307908e+02
8.339698461355192194e+02
8.388787388957629219e+02
8.413032816152430087e+02
8.409789349518119934e+02
8.278551262902049075e+02
8.270279064974439507e+02
8.266499981052354542e+02
8.141924224287180323e+02
8.098655399142231772e+02
8.125192502752692008e+02
8.181030061435852758e+02
7.913374140044893466e+02
8.064466193845858015e+02
8.043919584118576722e+02
8.087293684920159649e+02
8.061371304398625171e+02
7.932412920613684264e+02
8.008737590599369014e+02
8.160755992684281637e+02
8.404522733159097925e+02
8.225631295142337649e+02
8.307175094743766977e+02
8.468503971799467536e+02
8.321330563340073923e+02
8.580887615476657402e+02
8.467471208914403178e+02
8.278033955629206275e+02
8.277799026914312890e+02
8.371853237614695900e+02
8.534143822750032768e+02
8.436708582395024223e+02
8.590059251297138871e+02
8.397899630333070036e+02
8.207443359188423528e+02
8.250674696308756211e+02
8.124304163035496913e+02
8.119682405754917909e+02
7.974148207195597706e+02
7.861451373973308137e+02
7.793214615684280488e+02
7.947587613016899013e+02
7.915043819758230939e+02
7.960412047616803193e+02
8.061713871412913477e+02
8.027703825243403344e+02
8.247769400271449740e+02
8.175526462593220458e+02
8.245505168788595256e+02
8.336071550531567027e+02
8.483638697527251225e+02
8.526187397144670967e+02
8.456633107803195344e+02
8.494857907616756165e+02
8.281590231768667536e+02
8.597340904573535454e+02
8.580758106283096822e+02
8.526610989686906805e+02
8.453855481148373201e+02
8.585804164899607258e+02
8.901349875361001978e+02
8.806829884980297720e+02
8.879789898315756318e+02
8.834098091288723253e+02
8.811982514509334123e+02
9.101120555198949660e+02
9.128970512127189068e+02
9.150756603044621897e+02
9.034653543293914026e+02
9.095353229894462856e+02
8.998601454015647505e+02
8.802316581739192998e+02
8.729713219320873350e+02
8.686827286460207915e+02
8.665869941719222425e+02
8.782276870280211369e+02
8.885209145273990998e+02
8.843781151251256460e+02
9.010513553375920992e+02
8.963006152267927291e+02
9.071334284570064028e+02
9.029708104287877859e+02
9.026055195745525452e+02
8.888694880053120642e+02
8.487170088768467622e+02
8.484276283543940735e+02
8.259065314121045276e+02
8.391741854920817332e+02
8.257631145955513148e+02
8.271105647811783683e+02
8.439034672322180768e+02
8.491543915978431869e+02
8.606683993999899940e+02
8.614245506681135112e+02
8.820029308463621192e+02
8.914384373821561667e+02
8.809726224411031126e+02
8.867943233533746934e+02
8.808202031332812112e+02
8.664524135464631627e+02
8.799815149690043654e+02
8.785770730752122972e+02
8.934684172665081405e+02
8.817599623095222796e+02
9.062892351043569761e+02
8.964743869197171762e+02
9.101817650599242597e+02
8.997715238096975554e+02
8.964301961340466960e+02
8.988136693537943529e+02
8.677201791583698878e+02
8.407155765857689858e+02
8.236988336926137890e+02
8.299593562317265878e+02
8.357207429747359129e+02
8.382849663115813428e+02
8.447490936836989022e+02
8.616579601626283420e+02
8.687276229898711790e+02
8.830173161037757836e+02
9.138803128076858684e+02
9.010847570321086550e+02
8.773890328542985344e+02
8.929336920058708529e+02
9.013214385663377470e+02
8.937867222193744965e+02
8.814886030076689849e+02
8.856892458884692587e+02
8.708898045938394716e+02
8.685857783832118457e+02
8.687596092579973401e+02
8.680220608828275317e+02
8.565596635162880830e+02
8.654896570271594101e+02
8.862191765484394637e+02
8.976368833953158628e+02
8.785444876326565691e+02
8.802853188214562579e+02
8.828591281526119019e+02
8.756226272788788947e+02
8.977466382145239550e+02
8.703226975117373740e+02
8.908199869583660302e+02
8.694059124867743549e+02
8.725297544544607717e+02
8.984309722807026901e+02
9.197420515652723907e+02
9.289780277984423265e+02
9.130434224256407560e+02
9.057249640728254008e+02
9.118446730992986886e+02
9.061934496666774521e+02
8.996095703665205292e+02
8.766455780351377598e+02
8.879922648685762852e+02
9.001561621359053333e+02
8.848484352930274781e+02
8.943565753373197822e+02
8.922463904740927774e+02
9.034314239100522173e+02
9.062592776720400707e+02
9.129032125752875118e+02
9.124290374788630515e+02
8.915306478492125279e+02
9.058505014678182761e+02
9.125720508912413607e+02
9.196117245155016917e+02
9.156435894689852830e+02
8.981420038210433177e+02
9.034442116176916215e+02
9.195353511248653149e+02
9.251794698668435331e+02
9.253449922574754964e+02
9.191615271900660673e+02
9.287682086499403340e+02
9.299309977379775773e+02
9.453427222023533432e+02
9.423838223256980200e+02
9.478687415818214959e+02
9.218779994282674579e+02
9.155316137129522076e+02
9.104973153912701491e+02
9.001181639696521870e+02
8.981692729010917446e+02
8.784804705005916503e+02
8.722477331598383898e+02
8.622626382920359447e+02
8.774526765914877160e+02
9.052342915204961855e+02
9.002238501427868869e+02
8.879553494924617780e+02
8.860919842135635918e+02
9.105734837660442054e+02
9.256892560029515380e+02
9.145338840274886252e+02
9.131846074655265966e+02
9.150602157150947278e+02
9.299225085635952155e+02
9.458679880046873905e+02
9.389011440022658235e+02
9.279326599702802696e+02
9.064645355276380769e+02
9.009219368249686113e+02
9.099429335633556093e+02
8.985794459686943583e+02
8.887401524967755222e+02
8.715073726504597289e+02
8.687228091072377083e+02
8.905416215567430527e+02
9.050036896433997526e+02
8.892277318877579546e+02
8.963561798901463362e+02
8.974977748959719293e+02
8.992342617661998929e+02
8.963995143622512387e+02
9.079353743620583828e+02
9.167791834567990463e+02
9.248890526999322219e+02
9.278238572751013180e+02
9.394117330681344811e+02
9.120480099996934769e+02
9.428894094940492323e+02
9.381084257912864359e+02
9.334707101582469022e+02
9.336862243437320785e+02
9.283113584330602635e+02
9.104393510992636038e+02
9.289446900744464983e+02
9.375848389945224426e+02
9.340376712393516527e+02
9.200157977399222773e+02
9.221112349512783339e+02
9.159056334314309424e+02
9.251207346348834335e+02
9.237572049880560598e+02
9.295621175280590478e+02
9.270626882251832512e+02
9.275419277050244773e+02
9.331948988126497397e+02
9.125750210737367070e+02
9.267407659842726844e+02
9.210932547476757009e+02
9.055557169724087316e+02
9.032403594160850844e+02
8.841558419680172847e+02
8.952990185568567085e+02
8.971541416979982841e+02
9.117510151766172157e+02
9.112180267214700962e+02
9.059607169624489416e+02
9.176900627252127833e+02
9.253080377063810147e+02
9.267672184375650204e+02
9.133986262111797032e+02
9.062115537605118334e+02
9.053355407771859973e+02
8.846469450254511457e+02
9.129576377656803743e+02
9.063623048784075991e+02
9.309135364407459292e+02
9.288106794441597458e+02
9.281901938919847908e+02
9.464031644229274889e+02
9.559473302605067602e+02
9.542363686227249673e+02
9.750374754393182002e+02
9.908013956388548422e+02
9.923589011505590634e+02
9.752066324843045777e+02
9.711565222762293388e+02
9.745466005144278370e+02
9.559595160031093428e+02
9.722122716213360718e+02
9.798505708962713925e+02
9.515170224050509660e+02
