2.044000000000000000e+03
4.094000000000000000e+03
6.133000000000000000e+03
8.146000000000000000e+03
1.020200000000000000e+04
1.221600000000000000e+04
1.414000000000000000e+04
1.631800000000000000e+04
1.776600000000000000e+04
1.950900000000000000e+04
2.250900000000000000e+04
2.416500000000000000e+04
2.616500000000000000e+04
2.816500000000000000e+04
3.016500000000000000e+04
3.216500000000000000e+04
3.466500000000000000e+04
3.666500000000000000e+04
3.866500000000000000e+04
4.066500000000000000e+04
4.266500000000000000e+04
4.466500000000000000e+04
4.666500000000000000e+04
4.866500000000000000e+04
5.066500000000000000e+04
5.266500000000000000e+04
5.466500000000000000e+04
5.666500000000000000e+04
5.866500000000000000e+04
6.142900000000000000e+04
6.342900000000000000e+04
6.542900000000000000e+04
6.742900000000000000e+04
6.942900000000000000e+04
7.142900000000000000e+04
7.295300000000000000e+04
7.495300000000000000e+04
7.695300000000000000e+04
7.895300000000000000e+04
8.095300000000000000e+04
8.395300000000000000e+04
8.595300000000000000e+04
8.795300000000000000e+04
8.995300000000000000e+04
9.195300000000000000e+04
9.395300000000000000e+04
9.595300000000000000e+04
9.795300000000000000e+04
9.970800000000000000e+04
1.017080000000000000e+05
1.037080000000000000e+05
1.057080000000000000e+05
1.080000000000000000e+05
1.100000000000000000e+05
1.120000000000000000e+05
1.140000000000000000e+05
1.160000000000000000e+05
1.180000000000000000e+05
1.200000000000000000e+05
1.220000000000000000e+05
1.240000000000000000e+05
1.260000000000000000e+05
1.290000000000000000e+05
1.310000000000000000e+05
1.330000000000000000e+05
1.350000000000000000e+05
1.370000000000000000e+05
1.390000000000000000e+05
1.403730000000000000e+05
1.431070000000000000e+05
1.444970000000000000e+05
1.464970000000000000e+05
1.494970000000000000e+05
1.514970000000000000e+05
1.534970000000000000e+05
1.554970000000000000e+05
1.574970000000000000e+05
1.592840000000000000e+05
1.612840000000000000e+05
1.637260000000000000e+05
1.657260000000000000e+05
1.677260000000000000e+05
1.697260000000000000e+05
1.717260000000000000e+05
1.737260000000000000e+05
1.757260000000000000e+05
1.777260000000000000e+05
1.797260000000000000e+05
1.817260000000000000e+05
1.837260000000000000e+05
1.857260000000000000e+05
1.877260000000000000e+05
1.897260000000000000e+05
1.917260000000000000e+05
1.937260000000000000e+05
1.957260000000000000e+05
1.977670000000000000e+05
1.997670000000000000e+05
2.017670000000000000e+05
2.047670000000000000e+05
2.067670000000000000e+05
2.087670000000000000e+05
2.107670000000000000e+05
2.127670000000000000e+05
2.147670000000000000e+05
2.167670000000000000e+05
2.187670000000000000e+05
2.207670000000000000e+05
2.227670000000000000e+05
2.247670000000000000e+05
2.267670000000000000e+05
2.287670000000000000e+05
2.307670000000000000e+05
2.327670000000000000e+05
2.347670000000000000e+05
2.367670000000000000e+05
2.387670000000000000e+05
2.413180000000000000e+05
2.433180000000000000e+05
2.453180000000000000e+05
2.473180000000000000e+05
2.493180000000000000e+05
2.513180000000000000e+05
2.533180000000000000e+05
2.553180000000000000e+05
2.573180000000000000e+05
2.593180000000000000e+05
2.613180000000000000e+05
2.633180000000000000e+05
2.653180000000000000e+05
2.673180000000000000e+05
2.703180000000000000e+05
2.723170000000000000e+05
2.743170000000000000e+05
2.763170000000000000e+05
2.776540000000000000e+05
2.796540000000000000e+05
2.819100000000000000e+05
2.838240000000000000e+05
2.858240000000000000e+05
2.878240000000000000e+05
2.898240000000000000e+05
2.928240000000000000e+05
2.948240000000000000e+05
2.968240000000000000e+05
2.988240000000000000e+05
3.008240000000000000e+05
3.028240000000000000e+05
3.048240000000000000e+05
3.068240000000000000e+05
3.088240000000000000e+05
3.108240000000000000e+05
3.128240000000000000e+05
3.148240000000000000e+05
3.168240000000000000e+05
3.188240000000000000e+05
3.208240000000000000e+05
3.228240000000000000e+05
3.248240000000000000e+05
3.268240000000000000e+05
3.288240000000000000e+05
3.308240000000000000e+05
3.338240000000000000e+05
3.358240000000000000e+05
3.378240000000000000e+05
3.397450000000000000e+05
3.418430000000000000e+05
3.439470000000000000e+05
3.459470000000000000e+05
3.479470000000000000e+05
3.500350000000000000e+05
3.520350000000000000e+05
3.541670000000000000e+05
3.561670000000000000e+05
3.577350000000000000e+05
3.602000000000000000e+05
3.622000000000000000e+05
3.642000000000000000e+05
3.662000000000000000e+05
3.682000000000000000e+05
3.697940000000000000e+05
3.717940000000000000e+05
3.737940000000000000e+05
3.763450000000000000e+05
3.783450000000000000e+05
3.803450000000000000e+05
3.823450000000000000e+05
3.843450000000000000e+05
3.863450000000000000e+05
3.883450000000000000e+05
3.903450000000000000e+05
3.923450000000000000e+05
3.943450000000000000e+05
3.963450000000000000e+05
3.992380000000000000e+05
4.007740000000000000e+05
4.027740000000000000e+05
4.047740000000000000e+05
4.067740000000000000e+05
4.087740000000000000e+05
4.107740000000000000e+05
4.127740000000000000e+05
4.147740000000000000e+05
4.177740000000000000e+05
4.197740000000000000e+05
4.217740000000000000e+05
4.237740000000000000e+05
4.257740000000000000e+05
4.277740000000000000e+05
4.297740000000000000e+05
4.317740000000000000e+05
4.337740000000000000e+05
4.357740000000000000e+05
4.377740000000000000e+05
4.397740000000000000e+05
4.417740000000000000e+05
4.437740000000000000e+05
4.457740000000000000e+05
4.477740000000000000e+05
4.497740000000000000e+05
4.517740000000000000e+05
4.537740000000000000e+05
4.557740000000000000e+05
4.577740000000000000e+05
4.607740000000000000e+05
4.627740000000000000e+05
4.647740000000000000e+05
4.667740000000000000e+05
4.687740000000000000e+05
4.707740000000000000e+05
4.727740000000000000e+05
4.747740000000000000e+05
4.767740000000000000e+05
4.787740000000000000e+05
4.807740000000000000e+05
4.827740000000000000e+05
4.847740000000000000e+05
4.867740000000000000e+05
4.887740000000000000e+05
4.907740000000000000e+05
4.927740000000000000e+05
4.947740000000000000e+05
4.967740000000000000e+05
4.987740000000000000e+05
5.007740000000000000e+05
5.037740000000000000e+05
5.057740000000000000e+05
5.077740000000000000e+05
5.097740000000000000e+05
5.117740000000000000e+05
5.137740000000000000e+05
5.157740000000000000e+05
5.177740000000000000e+05
5.197740000000000000e+05
5.217740000000000000e+05
5.237740000000000000e+05
5.257740000000000000e+05
5.277740000000000000e+05
5.297740000000000000e+05
5.317740000000000000e+05
5.337740000000000000e+05
5.357740000000000000e+05
5.377740000000000000e+05
5.397740000000000000e+05
5.417740000000000000e+05
5.437740000000000000e+05
5.467740000000000000e+05
5.487740000000000000e+05
5.507740000000000000e+05
5.527740000000000000e+05
5.547740000000000000e+05
5.567740000000000000e+05
5.587740000000000000e+05
5.607740000000000000e+05
5.627740000000000000e+05
5.647740000000000000e+05
5.667740000000000000e+05
5.687740000000000000e+05
5.707740000000000000e+05
5.727740000000000000e+05
5.747740000000000000e+05
5.767740000000000000e+05
5.787740000000000000e+05
5.807740000000000000e+05
5.827740000000000000e+05
5.847740000000000000e+05
5.877740000000000000e+05
5.897740000000000000e+05
5.917740000000000000e+05
5.937740000000000000e+05
5.957740000000000000e+05
5.977740000000000000e+05
5.997740000000000000e+05
6.017740000000000000e+05
6.037740000000000000e+05
6.057740000000000000e+05
6.073150000000000000e+05
6.093150000000000000e+05
6.123150000000000000e+05
6.143150000000000000e+05
6.163150000000000000e+05
6.183150000000000000e+05
6.203150000000000000e+05
6.223150000000000000e+05
6.243150000000000000e+05
6.266520000000000000e+05
6.286520000000000000e+05
6.306520000000000000e+05
6.326520000000000000e+05
6.347990000000000000e+05
6.367990000000000000e+05
6.387990000000000000e+05
6.407990000000000000e+05
6.427990000000000000e+05
6.449570000000000000e+05
6.468160000000000000e+05
6.488160000000000000e+05
6.507620000000000000e+05
6.527620000000000000e+05
6.547620000000000000e+05
6.567620000000000000e+05
6.587620000000000000e+05
6.607620000000000000e+05
6.632190000000000000e+05
6.652190000000000000e+05
6.672190000000000000e+05
6.692190000000000000e+05
6.712190000000000000e+05
6.732190000000000000e+05
6.752190000000000000e+05
6.772190000000000000e+05
6.792190000000000000e+05
6.812190000000000000e+05
6.832190000000000000e+05
6.852190000000000000e+05
6.872190000000000000e+05
6.892190000000000000e+05
6.922190000000000000e+05
6.942190000000000000e+05
6.962190000000000000e+05
6.982190000000000000e+05
7.002190000000000000e+05
7.022190000000000000e+05
7.042190000000000000e+05
7.062190000000000000e+05
7.082190000000000000e+05
7.102190000000000000e+05
7.122190000000000000e+05
7.142190000000000000e+05
7.162190000000000000e+05
7.182190000000000000e+05
7.202190000000000000e+05
7.222190000000000000e+05
7.242190000000000000e+05
7.262190000000000000e+05
7.282190000000000000e+05
7.302190000000000000e+05
7.322190000000000000e+05
7.352190000000000000e+05
7.372190000000000000e+05
7.392190000000000000e+05
7.412190000000000000e+05
7.432190000000000000e+05
7.452190000000000000e+05
7.472190000000000000e+05
7.492190000000000000e+05
7.512190000000000000e+05
7.532190000000000000e+05
7.552190000000000000e+05
7.572190000000000000e+05
7.592190000000000000e+05
7.612190000000000000e+05
7.632190000000000000e+05
7.652190000000000000e+05
7.672190000000000000e+05
7.692190000000000000e+05
7.712190000000000000e+05
7.732190000000000000e+05
7.752190000000000000e+05
7.782190000000000000e+05
7.802190000000000000e+05
7.822190000000000000e+05
7.842190000000000000e+05
7.862190000000000000e+05
7.882190000000000000e+05
7.902190000000000000e+05
7.922190000000000000e+05
7.942190000000000000e+05
7.962190000000000000e+05
7.982190000000000000e+05
8.002190000000000000e+05
8.022190000000000000e+05
8.042190000000000000e+05
8.062190000000000000e+05
8.082190000000000000e+05
8.102190000000000000e+05
8.122190000000000000e+05
8.142190000000000000e+05
8.162190000000000000e+05
8.182190000000000000e+05
8.212190000000000000e+05
8.232190000000000000e+05
8.252190000000000000e+05
8.272190000000000000e+05
8.292190000000000000e+05
8.312190000000000000e+05
8.332190000000000000e+05
8.352190000000000000e+05
8.372190000000000000e+05
8.392190000000000000e+05
8.412190000000000000e+05
8.432190000000000000e+05
8.452190000000000000e+05
8.472190000000000000e+05
8.492190000000000000e+05
8.512190000000000000e+05
8.532190000000000000e+05
8.552190000000000000e+05
8.572190000000000000e+05
8.600280000000000000e+05
8.617680000000000000e+05
8.637680000000000000e+05
8.657680000000000000e+05
8.677680000000000000e+05
8.697680000000000000e+05
8.717680000000000000e+05
8.737680000000000000e+05
8.757680000000000000e+05
8.777680000000000000e+05
8.797680000000000000e+05
8.817680000000000000e+05
8.837680000000000000e+05
8.867680000000000000e+05
8.887680000000000000e+05
8.907680000000000000e+05
8.927680000000000000e+05
8.947680000000000000e+05
8.967680000000000000e+05
8.987680000000000000e+05
9.007680000000000000e+05
9.027680000000000000e+05
9.047680000000000000e+05
9.067680000000000000e+05
9.087680000000000000e+05
9.107680000000000000e+05
9.127680000000000000e+05
9.147680000000000000e+05
9.167680000000000000e+05
9.187680000000000000e+05
9.207680000000000000e+05
9.227680000000000000e+05
9.247680000000000000e+05
9.267680000000000000e+05
9.297680000000000000e+05
9.317680000000000000e+05
9.337680000000000000e+05
9.357680000000000000e+05
9.377680000000000000e+05
9.397680000000000000e+05
9.417680000000000000e+05
9.437680000000000000e+05
9.457680000000000000e+05
9.477680000000000000e+05
9.497680000000000000e+05
9.517680000000000000e+05
9.537680000000000000e+05
9.557680000000000000e+05
9.577680000000000000e+05
9.603000000000000000e+05
9.623000000000000000e+05
9.643000000000000000e+05
9.663000000000000000e+05
9.683000000000000000e+05
9.702470000000000000e+05
9.722470000000000000e+05
9.742470000000000000e+05
9.762470000000000000e+05
9.782470000000000000e+05
9.802470000000000000e+05
9.822470000000000000e+05
9.842470000000000000e+05
9.862470000000000000e+05
9.882470000000000000e+05
9.902470000000000000e+05
9.932470000000000000e+05
9.952470000000000000e+05
9.972470000000000000e+05
9.992470000000000000e+05
1.001216000000000000e+06
1.003216000000000000e+06
1.005216000000000000e+06
1.007216000000000000e+06
1.009216000000000000e+06
1.011216000000000000e+06
1.013216000000000000e+06
1.015216000000000000e+06
1.017216000000000000e+06
1.019216000000000000e+06
1.021216000000000000e+06
1.023216000000000000e+06
1.025216000000000000e+06
1.027216000000000000e+06
1.029216000000000000e+06
1.031216000000000000e+06
1.034216000000000000e+06
1.036216000000000000e+06
1.038216000000000000e+06
1.040216000000000000e+06
1.042216000000000000e+06
1.044216000000000000e+06
1.046216000000000000e+06
1.048216000000000000e+06
1.050216000000000000e+06
1.052507000000000000e+06
1.054507000000000000e+06
1.056507000000000000e+06
1.058507000000000000e+06
1.060507000000000000e+06
1.062139000000000000e+06
1.064139000000000000e+06
1.066139000000000000e+06
1.068139000000000000e+06
1.070139000000000000e+06
1.073139000000000000e+06
1.075139000000000000e+06
1.077139000000000000e+06
1.079139000000000000e+06
1.081139000000000000e+06
1.083139000000000000e+06
1.085379000000000000e+06
1.086667000000000000e+06
1.088667000000000000e+06
1.090981000000000000e+06
1.092981000000000000e+06
1.094981000000000000e+06
1.096981000000000000e+06
1.098981000000000000e+06
1.100981000000000000e+06
1.102981000000000000e+06
1.104981000000000000e+06
1.106981000000000000e+06
1.109981000000000000e+06
1.111981000000000000e+06
1.113981000000000000e+06
1.115981000000000000e+06
1.117981000000000000e+06
1.119981000000000000e+06
1.121981000000000000e+06
1.123981000000000000e+06
1.125981000000000000e+06
1.127981000000000000e+06
1.129981000000000000e+06
1.131981000000000000e+06
1.133981000000000000e+06
1.135981000000000000e+06
1.137981000000000000e+06
1.139981000000000000e+06
1.141981000000000000e+06
1.143981000000000000e+06
1.145981000000000000e+06
1.147981000000000000e+06
1.149981000000000000e+06
1.152981000000000000e+06
1.154981000000000000e+06
1.156981000000000000e+06
1.158981000000000000e+06
1.160981000000000000e+06
1.162981000000000000e+06
1.164981000000000000e+06
1.166981000000000000e+06
1.168981000000000000e+06
1.170981000000000000e+06
1.172981000000000000e+06
1.174981000000000000e+06
1.176981000000000000e+06
1.178981000000000000e+06
1.180981000000000000e+06
1.182981000000000000e+06
1.184981000000000000e+06
1.186981000000000000e+06
1.188981000000000000e+06
1.190981000000000000e+06
1.193981000000000000e+06
1.195981000000000000e+06
1.197981000000000000e+06
1.199981000000000000e+06
1.201981000000000000e+06
1.203981000000000000e+06
1.205981000000000000e+06
1.207981000000000000e+06
1.209981000000000000e+06
1.211981000000000000e+06
1.213981000000000000e+06
1.215981000000000000e+06
1.217981000000000000e+06
1.219981000000000000e+06
1.221981000000000000e+06
1.223981000000000000e+06
1.225981000000000000e+06
1.227981000000000000e+06
1.229981000000000000e+06
1.231981000000000000e+06
1.233981000000000000e+06
1.236981000000000000e+06
1.238981000000000000e+06
1.240981000000000000e+06
1.242981000000000000e+06
1.244981000000000000e+06
1.246981000000000000e+06
1.248981000000000000e+06
1.250981000000000000e+06
1.252981000000000000e+06
1.254981000000000000e+06
1.256981000000000000e+06
1.258981000000000000e+06
1.260981000000000000e+06
1.262981000000000000e+06
1.264981000000000000e+06
1.266981000000000000e+06
1.268981000000000000e+06
1.270981000000000000e+06
1.272981000000000000e+06
1.274981000000000000e+06
1.276981000000000000e+06
1.279981000000000000e+06
1.281981000000000000e+06
1.283981000000000000e+06
1.285981000000000000e+06
1.287981000000000000e+06
1.289981000000000000e+06
1.291981000000000000e+06
1.293981000000000000e+06
1.295981000000000000e+06
1.297981000000000000e+06
1.299981000000000000e+06
1.301981000000000000e+06
1.303981000000000000e+06
1.305981000000000000e+06
1.307981000000000000e+06
1.309981000000000000e+06
1.311981000000000000e+06
1.313981000000000000e+06
1.315981000000000000e+06
1.317981000000000000e+06
1.319981000000000000e+06
1.322981000000000000e+06
1.324981000000000000e+06
1.326981000000000000e+06
1.328981000000000000e+06
1.330981000000000000e+06
1.332981000000000000e+06
1.334981000000000000e+06
1.336981000000000000e+06
1.338981000000000000e+06
1.340981000000000000e+06
1.342981000000000000e+06
1.344981000000000000e+06
1.346981000000000000e+06
1.348981000000000000e+06
1.350981000000000000e+06
1.352981000000000000e+06
1.354981000000000000e+06
1.356981000000000000e+06
1.359059000000000000e+06
1.361059000000000000e+06
1.363059000000000000e+06
1.365059000000000000e+06
1.368059000000000000e+06
1.370059000000000000e+06
1.372059000000000000e+06
1.374059000000000000e+06
1.376059000000000000e+06
1.378059000000000000e+06
1.380059000000000000e+06
1.382059000000000000e+06
1.384059000000000000e+06
1.386059000000000000e+06
1.388059000000000000e+06
1.390059000000000000e+06
1.392059000000000000e+06
1.394059000000000000e+06
1.396059000000000000e+06
1.398059000000000000e+06
1.400059000000000000e+06
1.402059000000000000e+06
1.404059000000000000e+06
1.406059000000000000e+06
1.408059000000000000e+06
1.411059000000000000e+06
1.413059000000000000e+06
1.415059000000000000e+06
1.417059000000000000e+06
1.419213000000000000e+06
1.421213000000000000e+06
1.423213000000000000e+06
1.425213000000000000e+06
1.427213000000000000e+06
1.429213000000000000e+06
1.431213000000000000e+06
1.433213000000000000e+06
1.435213000000000000e+06
1.437213000000000000e+06
1.439213000000000000e+06
1.441213000000000000e+06
1.443213000000000000e+06
1.445213000000000000e+06
1.447213000000000000e+06
1.449213000000000000e+06
1.451213000000000000e+06
1.453213000000000000e+06
1.455213000000000000e+06
1.457213000000000000e+06
1.460213000000000000e+06
1.462213000000000000e+06
1.464213000000000000e+06
1.466213000000000000e+06
1.468213000000000000e+06
1.470213000000000000e+06
1.472213000000000000e+06
1.474213000000000000e+06
1.476213000000000000e+06
1.478213000000000000e+06
1.480213000000000000e+06
1.482213000000000000e+06
1.484213000000000000e+06
1.486213000000000000e+06
1.488213000000000000e+06
1.490213000000000000e+06
1.492213000000000000e+06
1.494066000000000000e+06
1.497066000000000000e+06
1.499066000000000000e+06
1.501066000000000000e+06
1.503066000000000000e+06
1.505066000000000000e+06
1.507066000000000000e+06
1.509066000000000000e+06
1.511066000000000000e+06
1.513066000000000000e+06
1.515066000000000000e+06
1.517066000000000000e+06
1.519066000000000000e+06
1.521066000000000000e+06
1.523066000000000000e+06
1.525066000000000000e+06
1.527066000000000000e+06
1.529066000000000000e+06
1.531608000000000000e+06
1.533608000000000000e+06
1.535608000000000000e+06
1.537608000000000000e+06
1.539608000000000000e+06
1.541608000000000000e+06
1.543608000000000000e+06
1.545608000000000000e+06
1.547608000000000000e+06
1.549608000000000000e+06
1.551608000000000000e+06
1.553608000000000000e+06
1.555608000000000000e+06
1.557608000000000000e+06
1.559608000000000000e+06
1.562337000000000000e+06
1.564337000000000000e+06
1.566337000000000000e+06
1.568337000000000000e+06
1.570337000000000000e+06
1.572337000000000000e+06
1.574337000000000000e+06
1.576337000000000000e+06
1.578337000000000000e+06
1.580337000000000000e+06
1.582337000000000000e+06
1.584337000000000000e+06
1.586337000000000000e+06
1.588337000000000000e+06
1.590337000000000000e+06
1.593337000000000000e+06
1.595337000000000000e+06
1.597337000000000000e+06
1.599337000000000000e+06
1.601337000000000000e+06
1.603337000000000000e+06
1.605337000000000000e+06
1.607337000000000000e+06
1.609337000000000000e+06
1.611337000000000000e+06
1.613337000000000000e+06
1.615337000000000000e+06
1.617337000000000000e+06
1.619337000000000000e+06
1.621337000000000000e+06
1.623337000000000000e+06
1.625337000000000000e+06
1.627337000000000000e+06
1.629337000000000000e+06
1.631337000000000000e+06
1.633337000000000000e+06
1.636337000000000000e+06
1.638337000000000000e+06
1.640337000000000000e+06
1.642337000000000000e+06
1.644337000000000000e+06
1.646337000000000000e+06
1.648337000000000000e+06
1.650337000000000000e+06
1.652337000000000000e+06
1.654337000000000000e+06
1.656337000000000000e+06
1.658337000000000000e+06
1.660337000000000000e+06
1.662337000000000000e+06
1.664337000000000000e+06
1.666337000000000000e+06
1.668337000000000000e+06
1.670337000000000000e+06
1.672337000000000000e+06
1.674337000000000000e+06
1.676531000000000000e+06
1.678992000000000000e+06
1.681143000000000000e+06
1.683143000000000000e+06
1.685143000000000000e+06
1.687143000000000000e+06
1.689143000000000000e+06
1.691143000000000000e+06
1.693143000000000000e+06
1.695143000000000000e+06
1.697143000000000000e+06
1.699143000000000000e+06
1.701143000000000000e+06
1.703143000000000000e+06
1.705143000000000000e+06
1.707143000000000000e+06
1.709143000000000000e+06
1.711143000000000000e+06
1.714143000000000000e+06
1.716143000000000000e+06
1.718177000000000000e+06
1.720177000000000000e+06
1.722177000000000000e+06
1.724177000000000000e+06
1.726177000000000000e+06
1.728177000000000000e+06
1.730177000000000000e+06
1.732177000000000000e+06
1.734177000000000000e+06
1.736177000000000000e+06
1.738177000000000000e+06
1.740177000000000000e+06
1.742177000000000000e+06
1.744177000000000000e+06
1.746177000000000000e+06
1.748177000000000000e+06
1.750177000000000000e+06
1.752177000000000000e+06
1.754177000000000000e+06
1.756551000000000000e+06
1.758551000000000000e+06
1.760294000000000000e+06
1.763294000000000000e+06
1.765294000000000000e+06
1.767294000000000000e+06
1.769294000000000000e+06
1.771294000000000000e+06
1.773294000000000000e+06
1.775294000000000000e+06
1.777294000000000000e+06
1.779294000000000000e+06
1.781630000000000000e+06
1.783630000000000000e+06
1.785630000000000000e+06
1.787630000000000000e+06
1.789630000000000000e+06
1.791630000000000000e+06
1.793630000000000000e+06
1.795630000000000000e+06
1.797630000000000000e+06
1.799630000000000000e+06
1.801769000000000000e+06
1.803769000000000000e+06
1.805769000000000000e+06
1.807769000000000000e+06
1.809769000000000000e+06
1.811769000000000000e+06
1.813769000000000000e+06
1.815769000000000000e+06
1.817769000000000000e+06
1.819769000000000000e+06
1.821769000000000000e+06
1.823769000000000000e+06
1.826769000000000000e+06
1.828769000000000000e+06
1.830769000000000000e+06
1.832769000000000000e+06
1.834769000000000000e+06
1.836769000000000000e+06
1.838769000000000000e+06
1.840769000000000000e+06
1.842769000000000000e+06
1.844769000000000000e+06
1.846769000000000000e+06
1.848769000000000000e+06
1.850769000000000000e+06
1.852769000000000000e+06
1.854769000000000000e+06
1.856769000000000000e+06
1.858743000000000000e+06
1.860685000000000000e+06
1.862685000000000000e+06
1.865685000000000000e+06
1.867685000000000000e+06
1.869685000000000000e+06
1.871685000000000000e+06
1.873685000000000000e+06
1.875685000000000000e+06
1.877685000000000000e+06
1.879685000000000000e+06
1.881685000000000000e+06
1.883685000000000000e+06
1.885685000000000000e+06
1.887685000000000000e+06
1.889685000000000000e+06
1.891685000000000000e+06
1.893685000000000000e+06
1.895685000000000000e+06
1.897685000000000000e+06
1.899972000000000000e+06
1.901972000000000000e+06
1.903972000000000000e+06
1.905972000000000000e+06
1.907972000000000000e+06
1.910589000000000000e+06
1.912589000000000000e+06
1.914589000000000000e+06
1.916589000000000000e+06
1.918589000000000000e+06
1.920589000000000000e+06
1.922589000000000000e+06
1.924589000000000000e+06
1.926589000000000000e+06
1.928589000000000000e+06
1.930589000000000000e+06
1.932589000000000000e+06
1.934589000000000000e+06
1.936589000000000000e+06
1.938589000000000000e+06
1.940589000000000000e+06
1.942589000000000000e+06
1.945589000000000000e+06
1.947589000000000000e+06
1.949589000000000000e+06
1.951589000000000000e+06
1.953589000000000000e+06
1.955589000000000000e+06
1.957589000000000000e+06
1.959589000000000000e+06
1.961589000000000000e+06
1.963589000000000000e+06
1.965127000000000000e+06
1.968127000000000000e+06
1.970127000000000000e+06
1.972127000000000000e+06
1.974127000000000000e+06
1.976127000000000000e+06
1.978127000000000000e+06
1.980127000000000000e+06
1.982127000000000000e+06
1.983581000000000000e+06
1.985581000000000000e+06
1.988581000000000000e+06
1.990581000000000000e+06
1.992581000000000000e+06
1.994581000000000000e+06
1.996581000000000000e+06
1.998581000000000000e+06
2.000581000000000000e+06
