5.338224562917030624e+00
5.082316773076474448e+00
5.860983581523977470e+00
6.797275601728262728e+00
7.979070863095621746e+00
9.686647133613391247e+00
9.638764528282285582e+00
1.079852210761048426e+01
1.257427474711415094e+01
1.426722120724355314e+01
1.501957741322858553e+01
1.720201286040208899e+01
1.980657934539364362e+01
2.048978210972255809e+01
2.364793986542418125e+01
2.513280772327215828e+01
2.612289029397693696e+01
2.921419262144779339e+01
2.817641140380501952e+01
3.249295635848502428e+01
3.731302559358152848e+01
3.622396313381110389e+01
3.707724728619452748e+01
4.341034735533257560e+01
4.602193318907182373e+01
5.143504759453976760e+01
5.333149421125383327e+01
5.384968245960579480e+01
5.457137283922669724e+01
5.836895268831969474e+01
5.810257786835545346e+01
6.471600362136166495e+01
6.861475852122072183e+01
7.572509788911247597e+01
8.040505102910033486e+01
8.466242416539539306e+01
8.442791194308894376e+01
8.755358949257528423e+01
9.151458340947353065e+01
9.461898052430106532e+01
9.778844207061601423e+01
1.084135503294958340e+02
1.138508439843246549e+02
1.162337165465530120e+02
1.175202024621973891e+02
1.219687154989388063e+02
1.233138577598273145e+02
1.238207188268188901e+02
1.331573865602561568e+02
1.387810534834339649e+02
1.454898409124986358e+02
1.574000266853968242e+02
1.663087163949021203e+02
1.768746654578001198e+02
1.911442258667335636e+02
2.012486374926299959e+02
2.179789367242535434e+02
2.299096048239570109e+02
2.465551225223348979e+02
2.579696753652812049e+02
2.752865171426785764e+02
2.851338958000471848e+02
2.932143786105547179e+02
3.084732846500438654e+02
3.277196055830355021e+02
3.385351924145688258e+02
3.542416127685786478e+02
3.618772545568970713e+02
3.781579755650636798e+02
3.926694316559353410e+02
4.019846309282918924e+02
4.027113222149541230e+02
3.971427206287054901e+02
4.010126611503635559e+02
4.016389954768021653e+02
3.973036854300601135e+02
4.058145215059433895e+02
4.112041230628047970e+02
4.134884529189418458e+02
4.273503189944735823e+02
4.312949406762286344e+02
4.251708344604081731e+02
4.305778333126060033e+02
4.444919070126140355e+02
4.543672137289853481e+02
4.629251229830264265e+02
4.755606939193729090e+02
4.919194472741955337e+02
4.993701415730823783e+02
5.178940655936127087e+02
5.179161004538433417e+02
5.290664011269611819e+02
5.236551381986425895e+02
5.352932136103204357e+02
5.373377915637547630e+02
5.369076090135826007e+02
5.406302499020962387e+02
5.326469655296226620e+02
5.468042256523391416e+02
5.470516722580293845e+02
5.559115781130080904e+02
5.705121541977974857e+02
5.834343945193437548e+02
6.003773984377529587e+02
6.173066176516371115e+02
6.276457885133520449e+02
6.492263684608735730e+02
6.654019281946474393e+02
6.747495299671387556e+02
6.875332346463748081e+02
6.954940549783204915e+02
7.064344826413732790e+02
7.287043291914189922e+02
7.419699617622479764e+02
7.449693457229292335e+02
7.540329015794216048e+02
7.579441310628203610e+02
7.583890298928256470e+02
7.689052508511401811e+02
7.743106131974429900e+02
7.743477798559886196e+02
7.820172707150576343e+02
7.877123108437984911e+02
8.020233893756112593e+02
8.110588557087153276e+02
8.110729146366164741e+02
8.110860387396486431e+02
8.192059946572253466e+02
8.200067280669838965e+02
8.267543794454265935e+02
8.348850389536579542e+02
8.349169729005717500e+02
8.349359773512936727e+02
8.349484791118879912e+02
8.349639786842922149e+02
8.318076544112623196e+02
8.410401807294838363e+02
8.410485254774195027e+02
8.457576032536013599e+02
8.457717242174675221e+02
8.601767715578502020e+02
8.601806772317452214e+02
8.602158120149370006e+02
8.602128391368373741e+02
8.624198918691446352e+02
8.570689919288045076e+02
8.431484965128344129e+02
8.431529983442736693e+02
8.431551403055397031e+02
8.126184989927443212e+02
8.126166462085701596e+02
8.041562500390491550e+02
8.043472693336173052e+02
8.113781375297704699e+02
8.113746845782434320e+02
8.113709947282457051e+02
8.174633086531223398e+02
8.082060675160220171e+02
8.081940726329847848e+02
8.174421511967168499e+02
8.174369293398912077e+02
8.213062497239085360e+02
8.212872117082587238e+02
8.212692974677490838e+02
8.212453674455522332e+02
8.164538543457271089e+02
8.128360191239884216e+02
8.047663997756682193e+02
8.047385644819478330e+02
8.043263463011658132e+02
7.984557860902806397e+02
7.874955482155181699e+02
7.706289810703588046e+02
7.706089238347741457e+02
7.705871847202001845e+02
7.705754503217450520e+02
7.798313741173859626e+02
7.798225958479671363e+02
7.637397749604876935e+02
7.637194096137811812e+02
7.637170142547406613e+02
7.569295806151475290e+02
7.659455367851555820e+02
7.659324401842766292e+02
7.659245886284504650e+02
7.659180950136168349e+02
7.791597561432147359e+02
7.881023627505783224e+02
7.933436465534250601e+02
7.933296270819141682e+02
7.938332461002936498e+02
8.095949605366142805e+02
8.167915948395284431e+02
8.325681765984230651e+02
8.325619383433565872e+02
8.409981969201456877e+02
8.499293268655420661e+02
8.420930564997319152e+02
8.134393418915435632e+02
8.051860669706597946e+02
7.110108971825576418e+02
7.033308991597534714e+02
7.080766088429127194e+02
7.116549762648011210e+02
7.196877010779945749e+02
7.119114501559593009e+02
7.031912973026887812e+02
7.090235814332622795e+02
7.052475810953374094e+02
7.124244802687394440e+02
7.118719005177345025e+02
7.118661998452851094e+02
7.118622691322448190e+02
7.118537200660932740e+02
7.118530787644128850e+02
7.074762124553491276e+02
7.235261944414669415e+02
7.181970740582984263e+02
7.181933477008166165e+02
7.244208013691912811e+02
7.220324268915189805e+02
7.220368862323990697e+02
7.220367857063280326e+02
7.220400728661826406e+02
7.224117047869831367e+02
7.224141924570649280e+02
7.143530739037593094e+02
7.143632541817131596e+02
7.110067792902865449e+02
7.110110675192912595e+02
7.110170146136998710e+02
7.110208608217192250e+02
7.064561892792854678e+02
7.064868347391053476e+02
7.143133255324999027e+02
7.222216388072998825e+02
7.374898063045476420e+02
7.375654683199385317e+02
7.458055638652086827e+02
7.534275525587411266e+02
7.685668394634287779e+02
7.840356845408927029e+02
8.005645278081807419e+02
8.174380663364277098e+02
8.297456630949656073e+02
8.196191000124348420e+02
8.196287506227050699e+02
8.159382158722632994e+02
8.017130234511809022e+02
7.984872924336408460e+02
7.968211720529484410e+02
7.968266448223607767e+02
8.084526798123661138e+02
8.084527485811339602e+02
8.084517274350589560e+02
8.045815015982780096e+02
8.045850695841086235e+02
8.089692166673336260e+02
8.089721002787605357e+02
8.089765294645529821e+02
8.143086452777251907e+02
8.017421972917557014e+02
8.041253308238701720e+02
8.041220586899319187e+02
7.961343094070200550e+02
7.869453130298668384e+02
7.869422127739711641e+02
7.872485540458334299e+02
7.872435254286580175e+02
7.872362488994015166e+02
7.906023975809621334e+02
7.906031184210874017e+02
7.905984689619068604e+02
7.905914278723294046e+02
7.951656611040918960e+02
7.951670535289108557e+02
7.951714159650618967e+02
7.951762421392470515e+02
7.886015169269938951e+02
7.939681986963485087e+02
7.939725233334919494e+02
7.939723722637000947e+02
7.939763803183625441e+02
8.094013562970853854e+02
8.187092844266184102e+02
8.187209003504675593e+02
8.187363555828175095e+02
8.187324365813941540e+02
8.194060495998419356e+02
8.286475174407780742e+02
8.286597116238045828e+02
8.374349783283039415e+02
8.423144379449940971e+02
8.567111660878997554e+02
8.587106381886557074e+02
8.570085263696315678e+02
8.662068839523209363e+02
8.662257960609442762e+02
8.719760064680771166e+02
8.719973027732219180e+02
8.720159289465821075e+02
8.758986243435672350e+02
8.759077455620284809e+02
8.759092260089170168e+02
8.759175604035011702e+02
8.759239578061210523e+02
8.759302868314921398e+02
8.890552558747693865e+02
8.815890737568751092e+02
8.815958181590349341e+02
8.895909359932854841e+02
8.895968099365642274e+02
8.987830267996291695e+02
8.942650822043606240e+02
8.942590438234173007e+02
9.020020194385605237e+02
9.007543364855861228e+02
8.935470704381934866e+02
8.935413899549100734e+02
8.935427705806246195e+02
8.935289377019015546e+02
8.935238821291899285e+02
8.861393556833436378e+02
8.861232525318437183e+02
8.861087605474194788e+02
8.926803381296886073e+02
8.893489470104542534e+02
8.893379449010406006e+02
8.811176272702363121e+02
8.811058248004696907e+02
8.706661292117664743e+02
8.706471911508944004e+02
8.656721882793915483e+02
8.616542152058178772e+02
8.643008483415059118e+02
8.643091562293915331e+02
8.643101263653541082e+02
8.711143750059745798e+02
8.711199565777258158e+02
8.711177414360885223e+02
8.740691696132255402e+02
8.740535492811293352e+02
8.740309303437699100e+02
8.740113709654880267e+02
8.739917634268940674e+02
8.693751182417948939e+02
8.693575870915233281e+02
8.693486777638083822e+02
8.693415777901857382e+02
8.693299184148027052e+02
8.693243876788968691e+02
8.600672348215588272e+02
8.600690636456419043e+02
8.675534257855980513e+02
8.675525917517304606e+02
8.675547311337370502e+02
8.675551361604689191e+02
8.675576856106564492e+02
8.663085754862665908e+02
8.613790587141296555e+02
8.613951555108910725e+02
8.614070762555509191e+02
8.626707773736651461e+02
8.698770487444837727e+02
8.698907475924329447e+02
8.699007585066917727e+02
8.690916207926619563e+02
8.690987107660749871e+02
8.724610951941909889e+02
8.724787767270539689e+02
8.724878316819152815e+02
8.724985598791109851e+02
8.758315539313276759e+02
8.679903248519523231e+02
8.762038473205784612e+02
8.673010019512745430e+02
8.751608482619972165e+02
8.751671794676731224e+02
8.801390442344652456e+02
8.676811745016358373e+02
8.676781717978180950e+02
8.596393471836281606e+02
8.521962902103026636e+02
8.521875565743104062e+02
8.521842270791404417e+02
8.441624507782498767e+02
8.441684744796319819e+02
8.441748663698353994e+02
8.416964774795842459e+02
8.463034965484025633e+02
8.463081181437878513e+02
8.463163466844841878e+02
8.429651001561776411e+02
8.429679354142849661e+02
8.429696345550632941e+02
8.429645123501068156e+02
8.522145367288759417e+02
8.522121994236414366e+02
8.522077528326641414e+02
8.522054193517753902e+02
8.522011419028981436e+02
8.521991193824130733e+02
8.521974671296042061e+02
8.579720443546922297e+02
8.629103393859672906e+02
8.629004156897841540e+02
8.599429579923427127e+02
8.599367829987759251e+02
8.517713402749591296e+02
8.517710468195493831e+02
8.517701444272352092e+02
8.525941973747513885e+02
8.526026670477873495e+02
8.566191860450896911e+02
8.566242156375457171e+02
8.566285773177420424e+02
8.566340852865465649e+02
8.566425403116915049e+02
8.645028822667327404e+02
8.598668987449563019e+02
8.674988285778966883e+02
8.685696467614332050e+02
8.685713922662731648e+02
8.667694270529925689e+02
8.667699925051123273e+02
8.723914797265606467e+02
8.809264268788430172e+02
8.837315391971220606e+02
8.959396971209669118e+02
8.945001136152346817e+02
8.945063660204463076e+02
8.945096992303160732e+02
9.025368744614056595e+02
9.025400503770757723e+02
9.025417169462890570e+02
9.025509815272121159e+02
9.050406920600855756e+02
9.050423478317530908e+02
9.050459504560061532e+02
8.844099013832726541e+02
8.844156685749334201e+02
8.844247829297672752e+02
8.844304212771775155e+02
8.844338059583071754e+02
8.844473103128008233e+02
8.844581497842025328e+02
8.844629338524522382e+02
8.811436242065427678e+02
8.811442024199445768e+02
8.811555182140800753e+02
8.811667224591104741e+02
8.811741474046420990e+02
8.841258638563903105e+02
8.841214127979562818e+02
8.846445787344393921e+02
8.896303056427145748e+02
8.896260040237467592e+02
8.877778777119123106e+02
8.877702482211212782e+02
8.868274433198223505e+02
8.795931896824542946e+02
8.756493434969742111e+02
8.756438005218365106e+02
8.756426954771964120e+02
8.731104369434928003e+02
8.777558314492171121e+02
8.787955356606812529e+02
8.805554101079098928e+02
8.805584630698672299e+02
8.800278588002536253e+02
8.800303692200568548e+02
8.795264781145540383e+02
8.795380769941834842e+02
8.795467447768598959e+02
8.800138448651414365e+02
8.814678295192476298e+02
8.814756844775486115e+02
8.814868178402841750e+02
8.814987492811221728e+02
8.815108506353061557e+02
8.815256945868372895e+02
8.815376686014139977e+02
8.764760483745116062e+02
8.764885464022311226e+02
8.764989293153299741e+02
8.854240974713236483e+02
9.005298114100523890e+02
9.005438123815495146e+02
9.005572533464807066e+02
9.005723594752456620e+02
9.005859773005440729e+02
9.005934429857018131e+02
9.006028290388362620e+02
9.006144996485930960e+02
9.025320288604394818e+02
9.039625615201458686e+02
9.039747224831985477e+02
9.039867911698385115e+02
9.039972222155187183e+02
9.040169786881109530e+02
9.040363579095378554e+02
8.982799791447415600e+02
9.009420108305911299e+02
9.009630138572102851e+02
9.028244941145909479e+02
9.028425693660179832e+02
9.037975799633869656e+02
9.038200085596736244e+02
9.110694719075706871e+02
9.150325911127540621e+02
9.150561965077806690e+02
9.150749738211867452e+02
9.176245911410145482e+02
9.176376512240194643e+02
9.176644804893334140e+02
9.134354735942615662e+02
9.134512363741852141e+02
9.158048145931445561e+02
9.158148205000709368e+02
9.186633607104516841e+02
9.102413376015792892e+02
9.102505749322360771e+02
9.027228963586544523e+02
8.992106404763571845e+02
8.992202797770406733e+02
8.946031872758779855e+02
8.882893127870588614e+02
8.882945617451616727e+02
8.882971844351344544e+02
8.933714041841891458e+02
8.933725291351993292e+02
8.933753622539031767e+02
8.933811739858147121e+02
8.933800789506753972e+02
8.910781080301889006e+02
8.910747373683135493e+02
8.910711258563045476e+02
8.910682941586248944e+02
8.910653127881967066e+02
8.910642842982606453e+02
8.910663748433902356e+02
8.910684511985195968e+02
8.910745701883352012e+02
8.910793035433304112e+02
8.910794327347206263e+02
8.851098091553395761e+02
8.851110956529582836e+02
8.851170374789896869e+02
8.909089420362167857e+02
8.909145655433776483e+02
8.834899269828532624e+02
8.834925451026638257e+02
8.834956355956132938e+02
8.834944725666099430e+02
8.834923001360562012e+02
8.834916461671181196e+02
8.834919348762314257e+02
8.834907631624669193e+02
8.834905978288530832e+02
8.834878363902564615e+02
8.834874249527778147e+02
8.877248429532110094e+02
8.877224139179389795e+02
8.877191436346707860e+02
8.877190979785012814e+02
8.877185139860189338e+02
8.877206391030640589e+02
8.961496148301332596e+02
8.961451352578644673e+02
9.036841743256400150e+02
9.036783847550109385e+02
9.072068977900573827e+02
9.118248899061374004e+02
9.118158018830831679e+02
9.181315136595040940e+02
9.181274336115300230e+02
9.181208899514067525e+02
9.175212770692527329e+02
9.175147346979131271e+02
9.140929917073500519e+02
9.140706357783998328e+02
9.140702628368796923e+02
9.163653181608225395e+02
9.163616297445347527e+02
9.107908915480151109e+02
9.033445175590718463e+02
8.991147483537920380e+02
8.991020543705715227e+02
8.990933720535332441e+02
8.909289323378332028e+02
8.909195884782668600e+02
8.909166798394749094e+02
8.968827035264789629e+02
8.968733171599765228e+02
8.968646495984951343e+02
8.968521624836893125e+02
8.968407204736655558e+02
8.978329073081695242e+02
9.042477191416434152e+02
9.042412785620908835e+02
9.042270094189011616e+02
9.031104641765730321e+02
9.031044819844937592e+02
9.030963838278736375e+02
9.030884529814123880e+02
9.030859570381836647e+02
9.030853220278764866e+02
9.030839621985031727e+02
9.030802094170354621e+02
9.030766253581409728e+02
9.030696634665371221e+02
8.977135192215167763e+02
8.891275936224960788e+02
8.891216874113841868e+02
8.891170824689723986e+02
8.891070898096628525e+02
8.890959222471009298e+02
8.866587131282844894e+02
8.866497770547305208e+02
8.866428770533323132e+02
8.866365979415116954e+02
8.866352396061033687e+02
8.866301288187361251e+02
8.872231061040464510e+02
8.872267094479761909e+02
8.872228203556755943e+02
8.867089156786300919e+02
8.867125946124800748e+02
8.867150880791467671e+02
8.867203076537886091e+02
8.922897497496601318e+02
8.922918663669875059e+02
8.997379842133199190e+02
9.039683285947344302e+02
8.957688044648817822e+02
8.957767893106877182e+02
8.957816316135147190e+02
9.039388454750978781e+02
9.039438125832152764e+02
9.039459361902677301e+02
9.039522232331868281e+02
9.039608125331158135e+02
9.039657726221007579e+02
9.039738325704922772e+02
8.975033156207827005e+02
8.975144347269902028e+02
8.975227626712872961e+02
8.975326282443447781e+02
8.986481851863114798e+02
8.927798390386649316e+02
8.927845596553386258e+02
8.883162129003570726e+02
8.883167038773821105e+02
8.883154465414497736e+02
8.883216215379418372e+02
8.883238659427938728e+02
8.883341941610146932e+02
8.936961187684562447e+02
8.931835546162477613e+02
9.017622893655486678e+02
8.958635334997026121e+02
8.884745563477259793e+02
8.884829484877024015e+02
8.830864615902387413e+02
8.830980921320593779e+02
8.831052321070287690e+02
8.792821148582987689e+02
8.792889902920875329e+02
8.792984505852754182e+02
8.638510140558319108e+02
8.638590623354730269e+02
8.638652481283525049e+02
8.580725650454811557e+02
8.564594943239549139e+02
8.564625874971944768e+02
8.564698952218271870e+02
8.564749176304761704e+02
8.564846171038141165e+02
8.564888220539124859e+02
8.647085086245057255e+02
8.647124461189737303e+02
8.647165035479659991e+02
8.647195129658679207e+02
8.647251674900658145e+02
8.647267562727420227e+02
8.647305120349893741e+02
8.647295704748148637e+02
8.647343674686713939e+02
8.647354722513188108e+02
8.647350553899392480e+02
8.712217771507422412e+02
8.644588805903914590e+02
8.644609533342968462e+02
8.611354271104152076e+02
8.660352063391133015e+02
8.670191177268982301e+02
8.670269698270371919e+02
8.715096108138894806e+02
8.715187202510335283e+02
8.715267601044594130e+02
8.715303140691423778e+02
8.684263592257202617e+02
8.684324959568230042e+02
8.689645637093137793e+02
8.689695410781091596e+02
8.689802041170752318e+02
8.748985408794763998e+02
8.738274497630670794e+02
8.738371799737393530e+02
8.738487691728411164e+02
8.809689447901265567e+02
8.757363333724462109e+02
8.795781686923933194e+02
8.795846640033138328e+02
8.795913401005443575e+02
8.885254244893847044e+02
8.866813400728030956e+02
8.866919709400031024e+02
8.901746549511875628e+02
8.918038540546170907e+02
8.918146016889791099e+02
8.918187273247937128e+02
8.918205717742978322e+02
8.853218358551447409e+02
8.853263507047449821e+02
8.762586114927137260e+02
8.762651370534008493e+02
8.762718496768646901e+02
8.762786709330641770e+02
8.762840260878309664e+02
8.762912599216024319e+02
8.762962335074419116e+02
8.763036841193919599e+02
8.763075937383209748e+02
8.763124488803202894e+02
8.763181995864676992e+02
8.763244706808204683e+02
8.830969883316957976e+02
8.831035497739484299e+02
8.864348128185615678e+02
8.864373135285377430e+02
8.864406675799139066e+02
8.864405500878787052e+02
8.864428564260711028e+02
8.864442217362070551e+02
8.864423639785059095e+02
8.864435857950487616e+02
8.895558701072055783e+02
8.895555693955502647e+02
8.895561691858465565e+02
8.895559251361296447e+02
8.895545501240031854e+02
8.895509388765775611e+02
8.895479854550368373e+02
8.979609567196984017e+02
8.979553430662759865e+02
8.896462811542984355e+02
8.896401709402758797e+02
8.948814187026285936e+02
8.938128075284695342e+02
8.938102342901687507e+02
8.899267007376180345e+02
8.899229900100250461e+02
8.958093721270831793e+02
8.958067898060824064e+02
9.020668252673932557e+02
9.020613532199613473e+02
9.020565187328028287e+02
9.020551237777891629e+02
9.020505919777142481e+02
9.085537837659848037e+02
9.085505375396808176e+02
9.070529591181719979e+02
9.161229271690799578e+02
9.161181179851060961e+02
9.161134726509174016e+02
9.161087151483828848e+02
9.161039055409905814e+02
9.161031532732006326e+02
9.104785211231045423e+02
9.104752607291264894e+02
9.104729193854552705e+02
9.104690370653985383e+02
9.104662537273350154e+02
9.028580261639966693e+02
9.028550064234082129e+02
9.028526883336587616e+02
9.028475440597991337e+02
8.945463840219136955e+02
8.891011794323153481e+02
8.890983353336316668e+02
8.890974514256479324e+02
8.890943802011103116e+02
8.752424411116204510e+02
8.752412989811560919e+02
8.752380656794283595e+02
8.752347002654796597e+02
8.752344412011485701e+02
8.752306462599402721e+02
8.752342622620984685e+02
8.753029338514832034e+02
8.753009673875581029e+02
8.814330258181036015e+02
8.780651857698375125e+02
8.780644488117964102e+02
8.791303414160673810e+02
8.791333381611599407e+02
8.830170516964071794e+02
8.778956293302934455e+02
8.803893027890445637e+02
8.753766386065004781e+02
8.753776040184087606e+02
8.753776825388972611e+02
8.661925023152419953e+02
8.661933772379346692e+02
8.661955804059825823e+02
8.661961586299370310e+02
8.676920356563585983e+02
8.676915368653945961e+02
8.676924248055829594e+02
8.676900709788969834e+02
8.676899484996741876e+02
8.648942418949429793e+02
8.648922049060342943e+02
8.653330789701575441e+02
8.653317529619386050e+02
8.653331404469001882e+02
8.653349634356204660e+02
8.653386354272390690e+02
8.653371646622280196e+02
8.729450737408700434e+02
8.729433934465887432e+02
8.729487204645863585e+02
8.729471486590935001e+02
8.812469493632759168e+02
8.817452205653753481e+02
8.817471994851080126e+02
8.726488285285048505e+02
8.726496373369959656e+02
8.775572850538088687e+02
8.865000505440624465e+02
8.865010123272846840e+02
8.865051345371123261e+02
8.865078003602764056e+02
8.865110076015251934e+02
8.865134419961482308e+02
8.865136954601343859e+02
8.865152160369033254e+02
8.865147033550944116e+02
8.894117336260678712e+02
8.927846193286620746e+02
8.927837693291195365e+02
8.927884525954207220e+02
8.927853916626306727e+02
8.927872934932156568e+02
8.979101077690875172e+02
8.979101186786842845e+02
9.029232676869906982e+02
9.029232443851242351e+02
9.029247118317825880e+02
9.121077360744394582e+02
9.121073958829909998e+02
9.044398974731584531e+02
9.044397641994742116e+02
9.044399671977621438e+02
9.007759009983002443e+02
9.007775074552281467e+02
9.007795831951647187e+02
9.007811868521347378e+02
8.947102956222411194e+02
8.947080361730281766e+02
8.998824095939185099e+02
8.998846436722706130e+02
8.998802807251937566e+02
8.998775952865074714e+02
8.998745637964557318e+02
8.998735591838250230e+02
8.998710962920008569e+02
8.998718739113922993e+02
8.942615723764180302e+02
8.942606942348935490e+02
8.942617338928706658e+02
8.992052319916065244e+02
8.992038026404874245e+02
8.992076514384094708e+02
9.083078529708427595e+02
9.083068176337214936e+02
9.083025585332918581e+02
9.083008616051650961e+02
9.082997950027694287e+02
9.082966103769904294e+02
9.082940169010778391e+02
9.082925665230602590e+02
9.082910115379770559e+02
9.082897351712100544e+02
9.082882906393833764e+02
9.082909664332914872e+02
9.082903447655835407e+02
9.082928658224587934e+02
9.082889955908450474e+02
9.035081884469349234e+02
8.970405987842200375e+02
8.970418083576909112e+02
8.970413274436068605e+02
8.970414165121401311e+02
8.970409615843133224e+02
8.970408037298788031e+02
8.970433860724983788e+02
8.970422608869421310e+02
9.047055871994591598e+02
9.038534385241675864e+02
9.038564515626740103e+02
9.075213112195211806e+02
9.075196058936821828e+02
9.075147911888608405e+02
9.075125276099103075e+02
9.163804730622765646e+02
9.073759246088666259e+02
9.073791810984497488e+02
9.073815031955991799e+02
9.073846881855134825e+02
9.073864847303603938e+02
9.073862235652735535e+02
9.073859981257278378e+02
9.073857402915199373e+02
9.073879290997974749e+02
9.073882758390896015e+02
9.129964065980879013e+02
9.129948565589387499e+02
9.042581966539644327e+02
9.042560771600059297e+02
9.042539742512743715e+02
9.042556488419469360e+02
9.042577227191497968e+02
9.042610284888770593e+02
9.042636489545528775e+02
9.042641346705997876e+02
9.001170686117712876e+02
8.922034150070589931e+02
8.922036785470767200e+02
8.922040471556775856e+02
8.922012501960847430e+02
8.922026962607918676e+02
8.922033170652217677e+02
8.922020800680793400e+02
8.922019478277985627e+02
8.922036302922492723e+02
8.969856512936453328e+02
9.034486845895536362e+02
9.034501936455478699e+02
8.964412201878783435e+02
8.964415162822742786e+02
8.964392332826137135e+02
8.963983335105745027e+02
8.892112093946889217e+02
8.892095481164153625e+02
8.900635624771659877e+02
8.900618023628409219e+02
8.900578993712369993e+02
8.900587783034208087e+02
8.900591158992378951e+02
8.839515030417391017e+02
8.768219484369910788e+02
8.858285836607898318e+02
8.858276659294485853e+02
8.858259522637790724e+02
8.858229893439674925e+02
8.858207355197608877e+02
8.858206729664899512e+02
8.858179620685250484e+02
8.858172429167060500e+02
8.858184790216747615e+02
8.858180943725835732e+02
8.858167501353594844e+02
8.858136832318490406e+02
8.858134514372728745e+02
8.939329650144881043e+02
