7.889999999999999236e-01
9.690000000000000835e-01
1.286000000000000254e+00
2.490999999999999215e+00
3.743999999999997552e+00
5.212000000000001521e+00
6.845000000000001528e+00
8.310000000000000497e+00
9.972000000000006636e+00
1.198999999999999311e+01
1.392899999999996474e+01
1.578699999999993864e+01
1.727399999999992986e+01
1.920199999999989871e+01
2.117099999999987148e+01
2.301099999999984291e+01
2.480299999999981964e+01
2.674099999999979005e+01
2.867299999999976023e+01
3.057599999999973051e+01
3.247199999999970998e+01
3.529899999999965843e+01
3.716399999999963200e+01
3.913199999999960710e+01
4.110799999999957777e+01
4.308799999999953911e+01
4.498499999999950916e+01
4.682299999999948170e+01
4.866399999999944725e+01
5.024199999999942179e+01
5.206299999999939132e+01
5.397299999999936659e+01
5.587999999999933465e+01
5.742999999999931049e+01
5.931299999999928474e+01
6.147399999999927900e+01
6.325399999999928013e+01
6.509499999999924569e+01
6.678699999999921033e+01
6.861999999999918032e+01
7.041299999999915826e+01
7.212399999999912836e+01
7.371599999999909869e+01
7.541099999999906345e+01
7.718599999999904071e+01
7.899199999999900967e+01
8.069099999999897932e+01
8.252399999999896352e+01
8.404599999999892646e+01
8.583399999999890895e+01
8.755499999999886995e+01
8.928199999999884540e+01
9.070599999999882357e+01
9.223399999999877252e+01
9.407399999999876172e+01
9.648999999999873012e+01
9.716399999999870829e+01
9.685099999999873432e+01
9.614699999999878344e+01
9.620799999999880470e+01
9.620799999999879049e+01
9.620799999999876206e+01
9.620799999999876206e+01
9.620799999999876206e+01
9.620799999999877627e+01
9.620799999999877627e+01
9.620799999999877627e+01
9.620799999999877627e+01
9.620799999999877627e+01
9.620799999999877627e+01
9.620799999999876206e+01
9.620799999999876206e+01
9.620799999999876206e+01
9.620799999999876206e+01
9.620799999999876206e+01
9.620799999999876206e+01
9.620799999999876206e+01
9.620799999999876206e+01
9.620799999999876206e+01
9.620799999999876206e+01
9.620799999999876206e+01
9.620799999999876206e+01
9.635899999999875831e+01
9.725099999999871159e+01
9.755299999999870408e+01
9.755299999999870408e+01
9.666699999999873683e+01
9.666699999999873683e+01
9.571399999999874808e+01
9.571399999999874808e+01
9.553399999999875547e+01
9.553399999999875547e+01
9.553399999999874126e+01
9.513299999999877343e+01
9.513299999999877343e+01
9.438699999999876411e+01
9.438699999999876411e+01
9.438699999999876411e+01
9.438699999999876411e+01
9.438699999999876411e+01
9.438699999999876411e+01
9.438699999999876411e+01
9.438699999999876411e+01
9.488799999999875467e+01
9.582499999999872387e+01
9.652899999999868896e+01
9.683399999999866736e+01
9.683399999999866736e+01
9.683399999999866736e+01
9.683399999999866736e+01
9.683399999999866736e+01
9.683399999999866736e+01
9.683399999999866736e+01
9.683399999999866736e+01
9.683399999999866736e+01
9.683399999999866736e+01
9.683399999999866736e+01
9.683399999999866736e+01
9.683399999999866736e+01
9.683399999999866736e+01
9.683399999999866736e+01
9.683399999999866736e+01
9.683399999999866736e+01
9.683399999999866736e+01
9.683399999999866736e+01
9.683399999999866736e+01
9.683399999999866736e+01
9.683399999999866736e+01
9.683399999999866736e+01
9.683399999999866736e+01
9.683399999999866736e+01
9.683399999999866736e+01
9.683399999999866736e+01
9.683399999999866736e+01
9.771999999999864883e+01
9.771999999999864883e+01
9.867299999999865179e+01
9.867299999999865179e+01
9.885299999999864440e+01
9.885299999999864440e+01
9.885299999999864440e+01
9.925399999999861222e+01
9.925399999999861222e+01
9.925399999999861222e+01
9.999999999999859313e+01
9.999999999999859313e+01
9.999999999999859313e+01
9.999999999999859313e+01
9.999999999999859313e+01
9.999999999999859313e+01
9.999999999999859313e+01
9.999999999999859313e+01
9.999999999999859313e+01
9.999799999999861200e+01
9.999799999999861200e+01
9.999799999999861200e+01
9.999799999999861200e+01
9.999799999999861200e+01
9.999799999999861200e+01
9.999799999999861200e+01
9.999799999999861200e+01
9.999799999999861200e+01
9.999799999999861200e+01
9.999799999999861200e+01
9.999799999999861200e+01
9.999799999999861200e+01
9.999799999999861200e+01
9.999799999999861200e+01
9.951699999999863167e+01
9.667699999999872773e+01
9.411599999999880595e+01
9.383199999999882834e+01
9.298699999999888632e+01
9.298699999999885790e+01
9.226699999999887325e+01
9.226699999999887325e+01
9.226699999999887325e+01
9.226699999999887325e+01
9.226699999999887325e+01
9.226699999999887325e+01
9.226699999999887325e+01
9.226699999999887325e+01
9.226699999999887325e+01
9.226699999999887325e+01
9.226699999999887325e+01
9.226699999999887325e+01
9.226699999999887325e+01
9.226699999999887325e+01
9.226699999999887325e+01
9.226699999999887325e+01
9.226699999999887325e+01
9.226699999999887325e+01
9.226699999999887325e+01
9.226699999999887325e+01
9.226699999999887325e+01
9.226699999999890167e+01
9.226699999999887325e+01
9.226699999999890167e+01
9.226899999999888280e+01
9.226899999999888280e+01
9.226899999999888280e+01
9.045999999999894214e+01
9.045999999999894214e+01
9.045999999999894214e+01
9.045999999999894214e+01
9.005299999999897409e+01
9.005299999999897409e+01
9.005299999999895988e+01
9.005299999999895988e+01
8.921199999999896590e+01
8.921199999999896590e+01
8.921199999999896590e+01
8.969299999999896045e+01
9.064199999999891588e+01
9.253299999999886438e+01
9.363399999999883505e+01
9.451699999999878798e+01
9.533099999999876673e+01
9.580999999999872330e+01
9.622299999999872000e+01
9.622299999999872000e+01
9.656799999999870465e+01
9.694299999999867623e+01
9.694299999999867623e+01
9.694299999999867623e+01
9.694299999999867623e+01
9.694299999999867623e+01
9.694299999999867623e+01
9.694299999999867623e+01
9.694299999999867623e+01
9.694299999999867623e+01
9.694299999999867623e+01
9.694299999999867623e+01
9.694299999999867623e+01
9.694299999999867623e+01
9.694299999999867623e+01
9.694299999999867623e+01
9.694299999999867623e+01
9.694299999999867623e+01
9.694299999999867623e+01
9.694299999999867623e+01
9.694299999999867623e+01
9.694299999999867623e+01
9.694299999999867623e+01
9.694299999999867623e+01
9.694299999999867623e+01
9.694299999999867623e+01
9.694299999999867623e+01
9.757499999999865281e+01
9.828099999999864167e+01
9.875199999999863110e+01
9.875199999999863110e+01
9.875199999999863110e+01
9.875199999999863110e+01
9.915899999999859915e+01
9.915899999999859915e+01
9.915899999999859915e+01
9.915899999999859915e+01
9.999999999999859313e+01
9.999999999999859313e+01
9.999999999999859313e+01
9.999999999999859313e+01
9.999999999999859313e+01
9.999999999999859313e+01
9.999999999999859313e+01
9.999999999999859313e+01
9.999999999999859313e+01
9.999999999999859313e+01
9.999999999999859313e+01
9.999999999999859313e+01
9.999999999999859313e+01
9.999999999999859313e+01
9.999999999999859313e+01
9.999999999999859313e+01
9.999999999999859313e+01
9.999999999999859313e+01
9.999999999999859313e+01
9.999999999999859313e+01
9.999999999999859313e+01
9.999999999999859313e+01
9.999999999999859313e+01
9.999999999999859313e+01
9.999999999999859313e+01
9.999999999999859313e+01
9.999999999999859313e+01
9.999999999999859313e+01
9.999999999999859313e+01
9.999999999999859313e+01
9.999999999999859313e+01
9.999999999999859313e+01
9.999999999999859313e+01
9.999999999999859313e+01
9.999999999999859313e+01
9.999999999999859313e+01
9.999999999999859313e+01
9.999999999999859313e+01
9.999999999999859313e+01
9.999999999999859313e+01
9.999999999999859313e+01
9.999999999999859313e+01
9.999999999999859313e+01
9.999999999999859313e+01
9.999999999999859313e+01
9.999999999999859313e+01
9.999999999999859313e+01
9.999999999999859313e+01
9.999999999999859313e+01
9.999999999999859313e+01
9.999999999999859313e+01
9.999999999999859313e+01
9.999999999999859313e+01
9.999999999999859313e+01
9.999999999999859313e+01
9.999999999999859313e+01
9.999999999999859313e+01
9.999999999999859313e+01
9.999999999999859313e+01
9.999999999999859313e+01
9.999999999999859313e+01
9.999999999999859313e+01
9.999999999999859313e+01
9.999999999999859313e+01
9.999999999999859313e+01
9.999999999999859313e+01
9.999999999999859313e+01
9.999999999999859313e+01
9.999999999999859313e+01
9.999999999999859313e+01
9.999999999999859313e+01
9.999999999999859313e+01
9.999999999999859313e+01
9.999999999999859313e+01
9.999999999999859313e+01
9.999999999999859313e+01
9.999999999999859313e+01
9.999999999999859313e+01
9.999999999999859313e+01
9.999999999999859313e+01
9.999999999999859313e+01
9.999999999999859313e+01
9.999999999999859313e+01
9.999999999999859313e+01
9.999999999999859313e+01
9.999999999999859313e+01
9.999999999999859313e+01
9.999999999999859313e+01
9.999999999999859313e+01
9.999999999999859313e+01
9.999999999999859313e+01
9.999999999999859313e+01
9.999999999999859313e+01
9.999999999999859313e+01
9.999999999999859313e+01
9.999999999999859313e+01
9.999999999999859313e+01
9.999999999999859313e+01
9.999999999999859313e+01
9.999999999999859313e+01
9.999999999999859313e+01
9.999999999999859313e+01
9.999999999999859313e+01
9.999999999999859313e+01
9.999999999999859313e+01
9.999999999999859313e+01
9.999999999999859313e+01
9.999999999999859313e+01
9.999999999999859313e+01
9.999999999999859313e+01
9.999999999999859313e+01
9.999999999999859313e+01
9.999999999999859313e+01
9.999999999999859313e+01
9.999999999999859313e+01
9.999999999999859313e+01
9.999999999999859313e+01
9.999999999999859313e+01
9.999999999999859313e+01
9.999999999999859313e+01
9.999999999999859313e+01
9.999999999999859313e+01
9.999999999999859313e+01
9.999999999999859313e+01
9.999999999999859313e+01
9.999999999999859313e+01
9.999999999999859313e+01
9.999999999999859313e+01
9.999999999999859313e+01
9.999999999999859313e+01
9.999999999999859313e+01
9.999999999999859313e+01
9.999999999999859313e+01
9.999999999999859313e+01
9.999999999999859313e+01
9.999999999999859313e+01
9.999999999999859313e+01
9.999999999999859313e+01
9.999999999999859313e+01
9.999999999999859313e+01
9.999999999999859313e+01
9.999999999999859313e+01
9.999999999999859313e+01
9.999999999999859313e+01
9.999999999999859313e+01
9.999999999999859313e+01
9.999999999999859313e+01
9.999999999999859313e+01
9.999999999999859313e+01
9.999999999999859313e+01
9.999999999999859313e+01
9.999999999999859313e+01
9.999999999999859313e+01
9.999999999999859313e+01
9.999999999999859313e+01
9.999999999999859313e+01
9.999999999999859313e+01
9.999999999999859313e+01
9.999999999999859313e+01
9.999999999999859313e+01
9.999999999999859313e+01
9.999999999999859313e+01
9.999999999999859313e+01
9.999999999999859313e+01
9.999999999999859313e+01
9.999999999999859313e+01
9.999999999999859313e+01
9.999999999999859313e+01
9.999999999999859313e+01
9.999999999999859313e+01
9.999999999999859313e+01
9.999999999999859313e+01
9.999999999999859313e+01
9.999999999999859313e+01
9.999999999999859313e+01
9.999999999999859313e+01
9.959699999999862996e+01
9.937199999999864986e+01
9.893999999999867612e+01
9.877099999999867919e+01
9.877099999999865076e+01
9.877099999999865076e+01
9.877099999999865076e+01
9.877099999999865076e+01
9.877099999999865076e+01
9.877099999999865076e+01
9.877099999999865076e+01
9.877099999999865076e+01
9.877099999999865076e+01
9.877099999999865076e+01
9.877099999999865076e+01
9.877099999999865076e+01
9.877099999999865076e+01
9.877099999999865076e+01
9.877099999999865076e+01
9.877099999999865076e+01
9.877099999999865076e+01
9.877099999999865076e+01
9.877099999999865076e+01
9.877099999999865076e+01
9.877099999999865076e+01
9.877099999999867919e+01
9.849499999999869715e+01
9.849499999999869715e+01
9.849499999999869715e+01
9.849499999999869715e+01
9.849499999999869715e+01
9.849499999999869715e+01
9.849499999999869715e+01
9.849499999999869715e+01
9.849499999999869715e+01
9.849499999999869715e+01
9.849499999999869715e+01
9.849499999999869715e+01
9.849499999999869715e+01
9.849499999999869715e+01
9.849499999999866873e+01
9.849499999999866873e+01
9.849499999999866873e+01
9.849499999999866873e+01
9.849499999999866873e+01
9.849499999999866873e+01
9.849499999999866873e+01
9.849499999999866873e+01
9.849499999999866873e+01
9.889799999999864610e+01
9.915499999999865111e+01
9.890999999999863235e+01
9.890999999999861814e+01
9.890999999999861814e+01
9.890999999999861814e+01
9.838399999999866452e+01
9.838399999999866452e+01
9.797799999999868703e+01
9.797799999999870124e+01
9.797799999999865861e+01
9.797799999999868703e+01
9.797799999999865861e+01
9.797799999999868703e+01
9.797799999999868703e+01
9.797799999999868703e+01
9.797799999999868703e+01
9.797799999999868703e+01
9.797799999999868703e+01
9.797799999999868703e+01
9.797799999999868703e+01
9.797799999999868703e+01
9.797799999999868703e+01
9.797799999999868703e+01
9.797799999999868703e+01
9.825399999999866907e+01
9.825399999999866907e+01
9.825399999999866907e+01
9.825399999999866907e+01
9.825399999999866907e+01
9.825399999999866907e+01
9.825399999999866907e+01
9.825399999999866907e+01
9.825399999999866907e+01
9.825399999999866907e+01
9.825399999999866907e+01
9.825399999999866907e+01
9.825399999999866907e+01
9.825399999999866907e+01
9.825399999999865486e+01
9.825399999999866907e+01
9.825399999999865486e+01
9.825399999999866907e+01
9.825399999999865486e+01
9.825399999999866907e+01
9.825399999999865486e+01
9.825399999999866907e+01
9.825399999999865486e+01
9.825399999999866907e+01
9.828699999999865611e+01
9.828699999999865611e+01
9.906799999999864781e+01
9.906799999999864781e+01
9.906799999999864781e+01
9.934099999999864394e+01
9.959399999999862985e+01
9.959399999999862985e+01
9.999999999999859313e+01
9.999999999999859313e+01
9.999999999999859313e+01
9.999999999999859313e+01
9.999999999999859313e+01
9.999999999999859313e+01
9.999999999999859313e+01
9.999999999999859313e+01
9.999999999999859313e+01
9.999999999999859313e+01
9.999999999999859313e+01
9.999999999999859313e+01
9.999999999999859313e+01
9.999999999999859313e+01
9.999999999999859313e+01
9.999999999999859313e+01
9.999999999999859313e+01
9.999999999999859313e+01
9.999999999999859313e+01
9.999999999999859313e+01
9.999999999999859313e+01
9.999999999999859313e+01
9.999999999999859313e+01
9.999999999999859313e+01
9.999999999999859313e+01
9.999999999999859313e+01
9.999999999999859313e+01
9.999999999999859313e+01
9.999999999999859313e+01
9.999999999999859313e+01
9.999999999999859313e+01
9.999999999999859313e+01
9.999999999999859313e+01
9.999999999999859313e+01
9.999999999999859313e+01
9.999999999999859313e+01
9.999999999999859313e+01
9.999999999999859313e+01
9.999999999999859313e+01
9.999999999999859313e+01
9.999999999999859313e+01
9.999999999999859313e+01
9.999999999999859313e+01
9.999999999999859313e+01
9.999999999999859313e+01
9.999999999999859313e+01
9.999999999999859313e+01
9.999999999999859313e+01
9.999999999999859313e+01
9.999999999999859313e+01
9.999999999999859313e+01
9.999999999999859313e+01
9.999999999999859313e+01
9.999999999999859313e+01
9.999999999999859313e+01
9.999999999999859313e+01
9.999999999999859313e+01
9.999999999999859313e+01
9.999999999999859313e+01
9.999999999999859313e+01
9.999999999999859313e+01
9.928499999999861814e+01
9.906399999999865713e+01
9.755299999999866145e+01
9.755299999999864724e+01
9.755299999999864724e+01
9.755299999999864724e+01
9.755299999999864724e+01
9.755299999999864724e+01
9.755299999999864724e+01
9.755299999999864724e+01
9.755299999999864724e+01
9.755299999999864724e+01
9.755299999999864724e+01
9.755299999999864724e+01
9.755299999999864724e+01
9.755299999999864724e+01
9.755299999999864724e+01
9.755299999999864724e+01
9.755299999999864724e+01
9.755299999999864724e+01
9.755299999999864724e+01
9.755299999999864724e+01
9.755299999999864724e+01
9.755299999999864724e+01
9.755299999999864724e+01
9.755299999999864724e+01
9.755299999999864724e+01
9.755299999999864724e+01
9.755299999999864724e+01
9.755299999999864724e+01
9.755299999999864724e+01
9.755299999999864724e+01
9.755299999999864724e+01
9.755299999999864724e+01
9.755299999999864724e+01
9.755299999999864724e+01
9.755299999999864724e+01
9.755299999999864724e+01
9.755299999999864724e+01
9.755299999999864724e+01
9.755299999999864724e+01
9.755299999999864724e+01
9.755299999999864724e+01
9.755299999999864724e+01
9.755299999999864724e+01
9.755299999999864724e+01
9.755299999999864724e+01
9.755299999999864724e+01
9.826799999999865065e+01
9.848899999999862587e+01
9.914799999999860347e+01
9.999999999999859313e+01
9.999999999999859313e+01
9.999999999999859313e+01
9.999999999999859313e+01
9.999999999999859313e+01
9.999999999999859313e+01
9.999999999999859313e+01
9.999999999999859313e+01
9.999999999999859313e+01
9.999999999999859313e+01
9.999999999999859313e+01
9.999999999999859313e+01
9.999999999999859313e+01
9.999999999999859313e+01
9.999999999999859313e+01
9.999999999999859313e+01
9.999999999999859313e+01
9.999999999999859313e+01
9.999999999999859313e+01
9.999999999999859313e+01
9.999999999999859313e+01
9.999999999999859313e+01
9.999999999999859313e+01
9.999999999999859313e+01
9.999999999999859313e+01
9.999999999999859313e+01
9.999999999999859313e+01
9.999999999999859313e+01
9.999999999999859313e+01
9.999999999999859313e+01
9.999999999999859313e+01
9.999999999999859313e+01
9.999999999999859313e+01
9.999999999999859313e+01
9.999999999999859313e+01
9.999999999999859313e+01
9.999999999999859313e+01
9.999999999999859313e+01
9.999999999999859313e+01
9.999999999999859313e+01
9.999999999999859313e+01
9.999999999999859313e+01
9.999999999999859313e+01
9.999999999999859313e+01
9.999999999999859313e+01
9.999999999999859313e+01
9.999999999999859313e+01
9.999999999999859313e+01
9.999999999999859313e+01
9.999999999999859313e+01
9.999999999999859313e+01
9.999999999999859313e+01
9.999999999999859313e+01
9.999999999999859313e+01
9.999999999999859313e+01
9.999999999999859313e+01
9.999999999999859313e+01
9.999999999999859313e+01
9.999999999999859313e+01
9.999999999999859313e+01
9.999999999999859313e+01
9.999999999999859313e+01
9.999999999999859313e+01
9.999999999999859313e+01
9.999999999999859313e+01
9.999999999999859313e+01
9.999999999999859313e+01
9.999999999999859313e+01
9.999999999999859313e+01
9.999999999999859313e+01
9.999999999999859313e+01
9.999999999999859313e+01
9.999999999999859313e+01
9.999999999999859313e+01
9.999999999999859313e+01
9.999999999999859313e+01
9.999999999999859313e+01
9.999999999999859313e+01
9.999999999999859313e+01
9.888499999999866930e+01
9.821299999999868646e+01
9.821299999999868646e+01
9.756799999999870465e+01
9.756799999999870465e+01
9.756799999999867623e+01
9.756799999999867623e+01
9.756799999999867623e+01
9.756799999999867623e+01
9.756799999999867623e+01
9.756799999999867623e+01
9.756799999999867623e+01
9.756799999999867623e+01
9.756799999999867623e+01
9.756799999999867623e+01
9.756799999999867623e+01
9.756799999999867623e+01
9.756799999999867623e+01
9.756799999999867623e+01
9.756799999999867623e+01
9.756799999999867623e+01
9.756799999999867623e+01
9.756799999999867623e+01
9.756799999999867623e+01
9.756799999999867623e+01
9.756799999999867623e+01
9.756799999999867623e+01
9.756799999999867623e+01
9.756799999999867623e+01
9.756799999999867623e+01
9.756799999999867623e+01
9.756799999999867623e+01
9.756799999999867623e+01
9.756799999999867623e+01
9.756799999999867623e+01
9.756799999999867623e+01
9.756799999999867623e+01
9.756799999999867623e+01
9.756799999999867623e+01
9.756799999999867623e+01
9.756799999999867623e+01
9.756799999999867623e+01
9.756799999999867623e+01
9.756799999999867623e+01
9.756799999999867623e+01
9.756799999999867623e+01
9.756799999999867623e+01
9.791699999999866577e+01
9.868299999999862848e+01
9.868299999999862848e+01
9.935499999999861132e+01
9.935499999999861132e+01
9.999999999999859313e+01
9.999999999999859313e+01
9.999999999999859313e+01
9.999999999999859313e+01
9.999999999999859313e+01
9.999999999999859313e+01
9.999999999999859313e+01
9.999999999999859313e+01
9.999999999999859313e+01
9.999999999999859313e+01
9.999999999999859313e+01
9.999999999999859313e+01
9.999999999999859313e+01
9.999999999999859313e+01
9.999999999999859313e+01
9.999999999999859313e+01
9.999999999999859313e+01
9.999999999999859313e+01
9.999999999999859313e+01
9.999999999999859313e+01
9.999999999999859313e+01
9.999999999999859313e+01
9.999999999999859313e+01
9.999999999999859313e+01
9.999999999999859313e+01
9.999999999999859313e+01
9.999999999999859313e+01
9.999999999999859313e+01
9.999999999999859313e+01
9.999999999999859313e+01
9.999999999999859313e+01
9.999999999999859313e+01
9.999999999999859313e+01
9.999999999999859313e+01
9.999999999999859313e+01
9.999999999999859313e+01
9.999999999999859313e+01
9.999999999999859313e+01
9.999999999999859313e+01
9.999999999999859313e+01
9.999999999999859313e+01
9.999999999999859313e+01
9.999999999999859313e+01
9.999999999999859313e+01
9.999999999999859313e+01
9.999999999999859313e+01
9.999999999999859313e+01
9.999999999999859313e+01
9.999999999999859313e+01
9.999999999999859313e+01
9.999999999999859313e+01
9.999999999999859313e+01
9.999999999999859313e+01
9.999999999999859313e+01
9.999999999999859313e+01
9.999999999999859313e+01
9.999999999999859313e+01
9.999999999999859313e+01
9.999999999999859313e+01
9.999999999999859313e+01
9.999999999999859313e+01
9.999999999999859313e+01
9.999999999999859313e+01
9.999999999999859313e+01
9.999999999999859313e+01
9.999999999999859313e+01
9.999999999999859313e+01
9.999999999999859313e+01
9.999999999999859313e+01
9.954899999999861393e+01
9.954899999999861393e+01
9.954899999999862814e+01
9.954899999999862814e+01
9.954899999999862814e+01
9.954899999999862814e+01
9.954899999999862814e+01
9.954899999999862814e+01
9.954899999999862814e+01
9.954899999999862814e+01
9.954899999999862814e+01
9.954899999999862814e+01
9.954899999999862814e+01
9.954899999999862814e+01
9.954899999999862814e+01
9.954899999999862814e+01
9.954899999999862814e+01
9.954899999999862814e+01
9.954899999999862814e+01
9.954899999999862814e+01
9.954899999999862814e+01
9.920399999999864349e+01
9.920399999999864349e+01
9.920399999999862928e+01
9.920399999999862928e+01
9.920399999999862928e+01
9.920399999999862928e+01
9.920399999999862928e+01
9.920399999999862928e+01
9.920399999999862928e+01
9.920399999999862928e+01
9.920399999999862928e+01
9.920399999999862928e+01
9.920399999999862928e+01
9.920399999999862928e+01
9.920399999999862928e+01
9.850699999999864076e+01
9.850699999999864076e+01
9.850699999999865497e+01
9.769299999999867623e+01
9.769299999999866202e+01
9.769299999999866202e+01
9.769299999999866202e+01
9.769299999999866202e+01
9.769299999999866202e+01
9.769299999999866202e+01
9.694299999999870465e+01
9.694299999999870465e+01
9.739399999999868385e+01
9.735599999999867293e+01
9.735599999999868714e+01
9.735599999999867293e+01
9.735599999999867293e+01
9.735599999999867293e+01
9.735599999999867293e+01
9.735599999999867293e+01
9.735599999999867293e+01
9.735599999999867293e+01
9.735599999999867293e+01
9.735599999999867293e+01
9.735599999999867293e+01
9.735599999999867293e+01
9.735599999999867293e+01
9.735599999999867293e+01
9.735599999999867293e+01
9.735599999999867293e+01
9.735599999999867293e+01
9.735599999999867293e+01
9.770099999999865759e+01
9.770099999999865759e+01
9.770099999999865759e+01
9.770099999999865759e+01
9.770099999999865759e+01
9.770099999999865759e+01
9.770099999999865759e+01
9.770099999999865759e+01
9.770099999999865759e+01
9.770099999999865759e+01
9.770099999999865759e+01
9.770099999999865759e+01
9.770099999999865759e+01
9.770099999999865759e+01
9.770099999999865759e+01
9.770099999999865759e+01
9.839799999999864610e+01
9.839799999999864610e+01
9.839799999999864610e+01
9.921199999999862484e+01
9.921199999999862484e+01
9.921199999999862484e+01
9.921199999999862484e+01
9.921199999999862484e+01
9.921199999999862484e+01
9.921199999999862484e+01
9.921199999999862484e+01
9.996199999999858221e+01
9.996199999999858221e+01
9.996199999999858221e+01
9.999999999999859313e+01
9.934599999999862519e+01
9.934599999999862519e+01
9.934599999999859676e+01
9.934599999999859676e+01
9.934599999999859676e+01
9.934599999999859676e+01
9.934599999999859676e+01
9.934599999999859676e+01
9.934599999999859676e+01
9.934599999999859676e+01
9.922599999999862064e+01
9.922599999999862064e+01
9.922599999999862064e+01
9.922599999999862064e+01
9.922599999999862064e+01
9.922599999999862064e+01
9.922599999999862064e+01
9.922599999999862064e+01
9.922599999999862064e+01
9.922599999999862064e+01
9.922599999999862064e+01
9.922599999999862064e+01
9.922599999999862064e+01
9.922599999999862064e+01
9.922599999999862064e+01
9.922599999999862064e+01
