4.943658714625817296e+00
5.606385142739112482e+00
6.367460758504172702e+00
6.823930972736778067e+00
8.524920691222034108e+00
9.018456305955703911e+00
1.014921204515505160e+01
1.076187637116700735e+01
1.230519456237305853e+01
1.430249007727609722e+01
1.590090022350258359e+01
1.711789258539667458e+01
1.949153892069034910e+01
2.321135319168045186e+01
2.518903901007920965e+01
2.600301318381567484e+01
3.126428337186557727e+01
3.127871736051477924e+01
3.107347456665089780e+01
3.305612437986041385e+01
3.841257746140976082e+01
3.985826722391361443e+01
3.858218384354888286e+01
4.015525011659085663e+01
4.220320240601972728e+01
4.538945826065807410e+01
4.709137378147370612e+01
4.680262165834976429e+01
4.835701223174173435e+01
5.136403168723914803e+01
5.502350823684761849e+01
5.462591510291835561e+01
5.595795828748806144e+01
5.819581736174280451e+01
5.991969671519198215e+01
6.139694618591123998e+01
6.806512661809196629e+01
6.751734747930113656e+01
7.096668121306620947e+01
7.630358329799757655e+01
7.638810016627208199e+01
8.444283807625451743e+01
9.413014715953390521e+01
1.002848839415794089e+02
1.059096351673562282e+02
1.099087208375505753e+02
1.094843169181529845e+02
1.170988274303171579e+02
1.209816775967308189e+02
1.306868842762281702e+02
1.377817076272558268e+02
1.499159206386399319e+02
1.648559711654335160e+02
1.764608954210278284e+02
1.851926750613907871e+02
1.890062087133772764e+02
1.992291097522704604e+02
2.128072296383392086e+02
2.224978206400409988e+02
2.325210584225428363e+02
2.504249870329289536e+02
2.558033782666609852e+02
2.650983576170018523e+02
2.744073747229467699e+02
2.781268098959095596e+02
2.889344952956278121e+02
3.038308749203941943e+02
2.971090409836461390e+02
2.938647943714852317e+02
3.038380311590506722e+02
3.185786847139004294e+02
3.267591870086175732e+02
3.363216850399057307e+02
3.461354154358518258e+02
3.601914457263429199e+02
3.761008529190161198e+02
3.816385088587492760e+02
3.939542975745900435e+02
4.021989726053341201e+02
4.182038924938310060e+02
4.272928238107890593e+02
4.281716194579070134e+02
4.287874435183182982e+02
4.359983032792456470e+02
4.435484524524719632e+02
4.597262363931149025e+02
4.741580071033733930e+02
4.840076560432551673e+02
4.895048670953375449e+02
5.025366089266818221e+02
5.046760033952240860e+02
5.157851516685112756e+02
5.178081963789527435e+02
5.316452642341697583e+02
5.392135310985640899e+02
5.609492020865096720e+02
5.682006253744170863e+02
5.788612893663226941e+02
5.866167954626545225e+02
5.976357772676319655e+02
5.966467373387919224e+02
5.966433993888808800e+02
5.979850761365212293e+02
6.107728719147506808e+02
6.185354621361881300e+02
6.179560635734699190e+02
6.138073178605399107e+02
6.207930322695807490e+02
6.180755380103670404e+02
6.165117901023323839e+02
6.271038574623813702e+02
6.229691266512062384e+02
6.238476486296594885e+02
6.317632782490279624e+02
6.297824255039143964e+02
6.308810101529973053e+02
6.358610271554047131e+02
6.358739705255669605e+02
6.156689229708965740e+02
6.282831560338198642e+02
6.250531368324278674e+02
6.027223377976347365e+02
6.066101543348974019e+02
6.066182896497946331e+02
5.936829508255569863e+02
5.937022249794434856e+02
5.802987976536605856e+02
5.751443954334129103e+02
5.824092495354666426e+02
5.994267725159223801e+02
5.939046869475157564e+02
6.013976760963470269e+02
6.178861322882428340e+02
6.189729410680964747e+02
6.243664880226345986e+02
6.153906631094331487e+02
6.327907144904623920e+02
6.435732554083109562e+02
6.477663445243073284e+02
6.566055598067042638e+02
6.735450556748485269e+02
6.756091851413175391e+02
6.842382100833441427e+02
6.872077339715137896e+02
6.950155991535107205e+02
7.081645798890780270e+02
7.183005337061528053e+02
7.236249143121922316e+02
7.176268629587489158e+02
7.174130868801062206e+02
7.174259462506765885e+02
7.235300290177543729e+02
7.302598420994019079e+02
7.363949053872955801e+02
7.372152860585357530e+02
7.372130938349697544e+02
7.384099794130679584e+02
7.425404791882997415e+02
7.456268412081716406e+02
7.507358836082339621e+02
7.605224150199934456e+02
7.630282901714606396e+02
7.706155400938905586e+02
7.798119451329209824e+02
7.798007690766544329e+02
7.886281113068145032e+02
7.789438122111481562e+02
7.831026580774819195e+02
7.874129027453074059e+02
7.873994825789787910e+02
7.980202770886783128e+02
7.980043681067988928e+02
8.031155802916773609e+02
7.999891171487400925e+02
7.927127578302967095e+02
7.926835442546522472e+02
7.894926557719288667e+02
7.972632326262967126e+02
7.972473063241719728e+02
7.887693189611102298e+02
7.827217652325639392e+02
7.808236475873214886e+02
7.719414057186583022e+02
7.719296236586530995e+02
7.804290700238609588e+02
7.728395999200461119e+02
7.704622946905656136e+02
7.565463999318216111e+02
7.627160963991467497e+02
7.719727956173670691e+02
7.719612739225958649e+02
7.719439789125317475e+02
7.687814733208946336e+02
7.687770878838601902e+02
7.687783081570014474e+02
7.687727057874824368e+02
7.693292302740411515e+02
7.708126370722453657e+02
7.830572585429721357e+02
7.764143818388421323e+02
7.764199180326120313e+02
7.805418535259782402e+02
7.816492168106243525e+02
7.899463130341665646e+02
7.927756831493850314e+02
7.743400125937644134e+02
7.755950403168063758e+02
7.732717407685190665e+02
7.732618205941199676e+02
7.833332381901502686e+02
7.827585889118489604e+02
7.758391351666696210e+02
7.712883700320030584e+02
7.712830266614126913e+02
7.705253728155216777e+02
7.677444726348962831e+02
7.677393235930177298e+02
7.584564287034711469e+02
7.540418818999330597e+02
7.575977427482170015e+02
7.636193520578657399e+02
7.654874797128447881e+02
7.623164719356873320e+02
7.622979627894857231e+02
7.572935588753488219e+02
7.590237149402943260e+02
7.600689058017858315e+02
7.739548970490673128e+02
7.739348748432745424e+02
7.673208524695545520e+02
7.646224449819816300e+02
7.518085646390456986e+02
7.459180108150154638e+02
7.459086283665927795e+02
7.444468896207887383e+02
7.444442080143917337e+02
7.444253167032812826e+02
7.444257990164711600e+02
7.459219406431437847e+02
7.336941725433337069e+02
7.336928901144316342e+02
7.334864783955855501e+02
7.334859545038776787e+02
7.329727040911963059e+02
7.457689296805145887e+02
7.457657244247803874e+02
7.476688821014980704e+02
7.441584387989934157e+02
7.421529784365120577e+02
7.389567984673141154e+02
7.458575856085662963e+02
7.501981495118374141e+02
7.490367481457252552e+02
7.532182994836485932e+02
7.559901567639643645e+02
7.559969914874159258e+02
7.650787113664570143e+02
7.650876438023198034e+02
7.639216439170453441e+02
7.596062562311860802e+02
7.571837832847879781e+02
7.505088336442008767e+02
7.625204960585216440e+02
7.542241298857604761e+02
7.542840825038380217e+02
7.601032529175952277e+02
7.625391923253704363e+02
7.625442075262224080e+02
7.625462678897368960e+02
7.625436090514303942e+02
7.716585278205404848e+02
7.743482445009017283e+02
7.828447558641361184e+02
7.908733765628282981e+02
8.053789024095865443e+02
8.053828717633432461e+02
7.932320952485117687e+02
7.912164161937205336e+02
7.912362630636743006e+02
7.928652129798326769e+02
7.899847061185179200e+02
7.735540621586997077e+02
7.825832934035391872e+02
7.791213208532556109e+02
7.790789609620580904e+02
7.846997584445160783e+02
7.802959620110008245e+02
7.803042872099422311e+02
7.794705328852302273e+02
7.833476688182894350e+02
7.871235209556168684e+02
7.871400110490268389e+02
7.871498743737408859e+02
7.807526265327069268e+02
7.818838868464058578e+02
7.818922171664805774e+02
7.818884948369803851e+02
7.779340374841328867e+02
7.871916959693292029e+02
7.819825305949393623e+02
7.911803698076965929e+02
7.855789009551534718e+02
7.855825169630651317e+02
7.922575602415390676e+02
7.922620534564651962e+02
8.025888230313483973e+02
8.062441947840346756e+02
8.062509255464356102e+02
8.028512399751583644e+02
7.988277936932813645e+02
7.988328707578511967e+02
7.988441646884216425e+02
7.988494032276043981e+02
7.988544823561209114e+02
7.917672597018588476e+02
7.827033639457254139e+02
7.787529917646395461e+02
7.840881792268695563e+02
7.833882015556404212e+02
7.833884060928091913e+02
7.883272571806249971e+02
7.883357059538786871e+02
7.971392386134499475e+02
8.100155839230885704e+02
8.182775096651027980e+02
8.267880698290512100e+02
8.297418026109767197e+02
8.303195564879714539e+02
8.292957105614131024e+02
8.293119721765489203e+02
8.231344446966147643e+02
8.231419177370063380e+02
8.313083537723890686e+02
8.337273822342933727e+02
8.178150957638921454e+02
8.178191829547999987e+02
8.270428871448369819e+02
8.328359767636525248e+02
8.328430203302669952e+02
8.328588717288545240e+02
8.328639339918673841e+02
8.358161933674593911e+02
8.358258463064109947e+02
8.466092214510183567e+02
8.466168582658133346e+02
8.413219322504139654e+02
8.493573166222423652e+02
8.493661778424152544e+02
8.493670015329307716e+02
8.426074504680152586e+02
8.403548948186086136e+02
8.387866294377641907e+02
8.421834934091219793e+02
8.496443777306660650e+02
8.496398631532567833e+02
8.496503249817667438e+02
8.496557117202039535e+02
8.496654906921808106e+02
8.496850614032357498e+02
8.567891401431638769e+02
8.641550621125352336e+02
8.672452041244998782e+02
8.764011704117219779e+02
8.705561594423094220e+02
8.732870264210640698e+02
8.732958550450243820e+02
8.732994399771529288e+02
8.676228526728826864e+02
8.514719403160538604e+02
8.514763037093646290e+02
8.520120677051451139e+02
8.520297454658086735e+02
8.520405693371415055e+02
8.530918903528948931e+02
8.531008065987745113e+02
8.637227405349872242e+02
8.637228663663622683e+02
8.548199863363714712e+02
8.596397424762129731e+02
8.635336582576715045e+02
8.685797522365313625e+02
8.685759791456147241e+02
8.685765193672618807e+02
8.685843309841754945e+02
8.643556951731502522e+02
8.576077638529351361e+02
8.586314887593648564e+02
8.586369760064172851e+02
8.499298755298118522e+02
8.499375170986999137e+02
8.529559156295250659e+02
8.529628686445735184e+02
8.529772097822460637e+02
8.529913205783617514e+02
8.597700632699244352e+02
8.620498440776829057e+02
8.636360805584318996e+02
8.636602250816187052e+02
8.562610724816083803e+02
8.562738349885522666e+02
8.562858552589855208e+02
8.562984106776337967e+02
8.563112190357402369e+02
8.563206854580588470e+02
8.563372620603886389e+02
8.580681930763328182e+02
8.580835046744480223e+02
8.580950480569230194e+02
8.581153331155722981e+02
8.639806459004098542e+02
8.616620208447026243e+02
8.616912522467105191e+02
8.673859174223854325e+02
8.673958126927612966e+02
8.835772996829540489e+02
8.835828810130437887e+02
8.835871050419657422e+02
8.835828030557162265e+02
8.835818551098724356e+02
8.835765819182425957e+02
8.835790247405296896e+02
8.835818279244782616e+02
8.835936015381580546e+02
8.836060277231534883e+02
8.925196170404966551e+02
8.925269727334787149e+02
8.902508281442854923e+02
8.849053576748708565e+02
8.767794333866187344e+02
8.767889332027509681e+02
8.810281642268535052e+02
8.877986259834054863e+02
8.798208353134214121e+02
8.798266610210282579e+02
8.885483945635368173e+02
8.885604572843996039e+02
8.885690733555281895e+02
8.908777014575513249e+02
8.908766054387316444e+02
8.908752919741451706e+02
8.908759993896295555e+02
8.908707662738826230e+02
8.908720470390470609e+02
8.908790883341592917e+02
8.845541944336605411e+02
8.937737560928128460e+02
8.937830378689328654e+02
8.854701324473805926e+02
8.854744387959689220e+02
8.771087549134340406e+02
8.771126643360723847e+02
8.771143456363973883e+02
8.771180422572739417e+02
8.771279125759068620e+02
8.771382857823499535e+02
8.702826602155286082e+02
8.702881797784826858e+02
8.702949156751798228e+02
8.703063756036581253e+02
8.703141512916467946e+02
8.703203752532659792e+02
8.626794275840591126e+02
8.626892057383565771e+02
8.626983613372385662e+02
8.627109543954798028e+02
8.536174158058992134e+02
8.445652077644734845e+02
8.445702283605886578e+02
8.445781510661788616e+02
8.359583335094411041e+02
8.452287997241214725e+02
8.452351483553045455e+02
8.506031564994491418e+02
8.587573268326277685e+02
8.587538607461648326e+02
8.587543639082512072e+02
8.577707345212234031e+02
8.577678603358014016e+02
8.657612570334538304e+02
8.657594305482502932e+02
8.657607907445668616e+02
8.657621916457693487e+02
8.657593376118427386e+02
8.567283138308825983e+02
8.551993232127451847e+02
8.552034653731486742e+02
8.552109461659363205e+02
8.552113738164350707e+02
8.552136563544155479e+02
8.615497809394869364e+02
8.615511834482448421e+02
8.529078172855863613e+02
8.533815090373885823e+02
8.533761307013700161e+02
8.617395084785014205e+02
8.617371740414741907e+02
8.507619170369140420e+02
8.507484373586426045e+02
8.507378509352408855e+02
8.507233591772422869e+02
8.599172255512354468e+02
8.509180040362062982e+02
8.509110136700223848e+02
8.508953730611308401e+02
8.508889100344758845e+02
8.585303268947458264e+02
8.585224517457913862e+02
8.585139114849464477e+02
8.585041719332201637e+02
8.584913965380083027e+02
8.675881647112814790e+02
8.675767415627159380e+02
8.766351469084099790e+02
8.766262905022108498e+02
8.766176437821595755e+02
8.852375247141027330e+02
8.852305942008405282e+02
8.852241702608084779e+02
8.775120937310458658e+02
8.775040210732140622e+02
8.774896806678060557e+02
8.774783898991458955e+02
8.784491067237464677e+02
8.784387142951226224e+02
8.784295111936247622e+02
8.784269672406350082e+02
8.784237119720623923e+02
8.784173479770896620e+02
8.784037526933387880e+02
8.874264510988811026e+02
8.889465030840621012e+02
8.889342119578417396e+02
8.889241894104271751e+02
8.889133495517993424e+02
8.888997228842199547e+02
8.888849009358809781e+02
8.842922942881892823e+02
8.753224208976208729e+02
8.839563201552731471e+02
8.882795268624015534e+02
8.882698242730308493e+02
8.882638289067252799e+02
8.915821403033399974e+02
8.918627760939468772e+02
8.853721359820125372e+02
8.853654960014365543e+02
8.853558103116024540e+02
8.857129665257971283e+02
8.842818785932859100e+02
8.842765803222180239e+02
8.842754493102227116e+02
8.842684148279740839e+02
8.842623754640840161e+02
8.842629148599032760e+02
8.842611970803313852e+02
8.758673478679957043e+02
8.758690767841595743e+02
8.758699312810047104e+02
8.758678520856992691e+02
8.758696759824275659e+02
8.758705092180382508e+02
8.758746831072292025e+02
8.756155077141867196e+02
8.756295547086846227e+02
8.833307741809475147e+02
8.833334966730634505e+02
8.833453062256653538e+02
8.802427251042801117e+02
8.802514776918146708e+02
8.802606163130178629e+02
8.802706835911482131e+02
8.802764448019240717e+02
8.802839130056133854e+02
8.802887163834227522e+02
8.802954351055419693e+02
8.803074132128755309e+02
8.803149917518212533e+02
8.803293581178201066e+02
8.803352276061580142e+02
8.729054833409530829e+02
8.729177971469235899e+02
8.775046671162427856e+02
8.775276754522317333e+02
8.864889696719517360e+02
8.865041899314174998e+02
8.868485500393483107e+02
8.868664908878487267e+02
8.868848408624322701e+02
8.868953015317122208e+02
8.869060055321316440e+02
8.798606362634825473e+02
8.778526109148235719e+02
8.719360930083370249e+02
8.805709457824693800e+02
8.820057795177650632e+02
8.820154608834726560e+02
8.760661079049199316e+02
8.760766380911405804e+02
8.760858061855294636e+02
8.760970151855061658e+02
8.761083852299321961e+02
8.845221221599174442e+02
8.845307449241246331e+02
8.845423315994005407e+02
8.845533871910444077e+02
8.845602704890382029e+02
8.845719727655774705e+02
8.845771985954759202e+02
8.848460259918267639e+02
8.848480415974319158e+02
8.848521475965939089e+02
8.848541666032422199e+02
8.848592537009573107e+02
8.848615630999952373e+02
8.749993363515292231e+02
8.750002795242194225e+02
8.749990752909262710e+02
8.696097147720516887e+02
8.638818416948504364e+02
8.638813122531032604e+02
8.638892854866711559e+02
8.638937272753790921e+02
8.638993156031928038e+02
8.639030308168045167e+02
8.713424339375779937e+02
8.713355359115629426e+02
8.713340928278488491e+02
8.713328476289678974e+02
8.713274715653103613e+02
8.713244453833060561e+02
8.629437076310208568e+02
8.648475849753746161e+02
8.648398715445749758e+02
8.648376117353882364e+02
8.593411793335990296e+02
8.593772651486327732e+02
8.737511672473116278e+02
8.761905673001372179e+02
8.821165164166633303e+02
8.821127887854263463e+02
8.821079848154403180e+02
8.820292431496849304e+02
8.820293062013694225e+02
8.879813836783428087e+02
8.870098089675325355e+02
8.870048258586731436e+02
8.869992085603989835e+02
8.869951301458463604e+02
8.869948001342702355e+02
8.869911248436967526e+02
8.869825375495018989e+02
8.869808923254229285e+02
8.869769153536055910e+02
8.843818194024861441e+02
8.762732809845481370e+02
8.762742343720906320e+02
8.762750825913956305e+02
8.739875590667118104e+02
8.739890924706128317e+02
8.739905774070275584e+02
8.814912721699065514e+02
8.869704272577844222e+02
8.869737978534983540e+02
8.899235680571318881e+02
8.923625789910812500e+02
8.911739170339782277e+02
8.911791349726496492e+02
8.911703660978503194e+02
8.849124289951553237e+02
8.849120190159801496e+02
8.849138068389194132e+02
8.849128240257991820e+02
8.849122500816043839e+02
8.849139755868075099e+02
8.849171084855876188e+02
8.849130791569845087e+02
8.849099848785212998e+02
8.932813543808694021e+02
8.945456316333088580e+02
8.945443312560311142e+02
8.945419216104361340e+02
9.000393658058262645e+02
9.000397492386866816e+02
9.000419477422897216e+02
9.000402028126082996e+02
9.061001936516206570e+02
9.060986428283440546e+02
9.061003187929231899e+02
8.983892285697260149e+02
8.983885694745350747e+02
8.983882873438415118e+02
8.987389460940933077e+02
8.987334375018289165e+02
8.987285041291895595e+02
8.987205246254255826e+02
8.987091120052270981e+02
8.987001656625315036e+02
8.986941306835764181e+02
8.986868233807415436e+02
8.986805193107965124e+02
9.012617338535915223e+02
9.093608956464512403e+02
9.085005110839781537e+02
9.084886652390189283e+02
9.084762100129162263e+02
9.107571704739100369e+02
9.100956353868773476e+02
9.100871406032903224e+02
9.100790629672079604e+02
9.100665436216714852e+02
9.078456342077261070e+02
9.078388058189863159e+02
9.078301357571291419e+02
9.147285204721497394e+02
9.147183583189415685e+02
9.147145519219388916e+02
9.112443931888622046e+02
9.174886190661302408e+02
9.137777396486037560e+02
9.137749063713295072e+02
9.137664821213488722e+02
9.124694768596579024e+02
9.124653011052366764e+02
9.124599014115815407e+02
9.115831179587264614e+02
9.115782777384243900e+02
9.115726654065499588e+02
9.115681794094560928e+02
9.115660482086866523e+02
9.115612541082624602e+02
9.115589930788825086e+02
9.115522484406905050e+02
9.115473544353077386e+02
9.115430452472243132e+02
9.115396722714019688e+02
9.129003947880740952e+02
9.128986397256637702e+02
9.128969312376485732e+02
9.077031286343496959e+02
9.083177360179313382e+02
9.083200451450161381e+02
9.083209519026171392e+02
9.083239319393416054e+02
9.083249375960502903e+02
9.083324445107990641e+02
8.989215063263478669e+02
8.989231880853732264e+02
8.989283883860340438e+02
8.989269323686389725e+02
8.997816954565279275e+02
8.997854035230964200e+02
8.997979334721400164e+02
8.998004953171679290e+02
9.004575439096524860e+02
9.004631848854146483e+02
9.004620445438735032e+02
9.004645005271413538e+02
9.004669525103086016e+02
9.026838002498890319e+02
9.026877870183340065e+02
9.026942449111461428e+02
9.027012286141641653e+02
9.027052620530969307e+02
9.061703933659899803e+02
8.890623926040788092e+02
8.927682262569177283e+02
8.927641782935423862e+02
8.907055408340378335e+02
8.907040282030111484e+02
8.875006524642193426e+02
8.883725424890675413e+02
8.791762256102681476e+02
8.791727671001482349e+02
8.791702670818590377e+02
8.784378542283321849e+02
8.784381654454289219e+02
8.784335185312262411e+02
8.784310715111543004e+02
8.784327004683333371e+02
8.784378490790998057e+02
8.784439556305181895e+02
8.848620056238094094e+02
8.848614814987413411e+02
8.848613579979864880e+02
8.900487835229984057e+02
8.900468728744483542e+02
8.810272636893331537e+02
8.792690799453349655e+02
8.786748853949856084e+02
8.786754088616989975e+02
8.786674649663505079e+02
8.805913781455543585e+02
8.880742590236096703e+02
8.880743195482863257e+02
8.880673988359054647e+02
8.880645220302284315e+02
8.740272386739909507e+02
8.699448994590788971e+02
8.695488563717274246e+02
8.668987179139398904e+02
8.668970072597824128e+02
8.668948235811699305e+02
8.668946769469872606e+02
8.668932532956797559e+02
8.668920124398996450e+02
8.668884563831128389e+02
8.668837486896753717e+02
8.649433395295118316e+02
8.649384483281464782e+02
8.695371839669238625e+02
8.786249294852963203e+02
8.786243862513806562e+02
8.786290020836601116e+02
8.819822741089053579e+02
8.819832500447857910e+02
8.851871753374698528e+02
8.851874511527303184e+02
8.851875059668896029e+02
8.943852002316624521e+02
8.943827155159528957e+02
8.943867196023006727e+02
8.951159922200716892e+02
8.951101458683282317e+02
8.951091802462963187e+02
8.824498572380715586e+02
8.824460719966373290e+02
8.824374891258322577e+02
8.814067366874598974e+02
8.814046315878622408e+02
8.802392615908444213e+02
8.768154750735968719e+02
8.768145782570248912e+02
8.858290043489884056e+02
8.875838464396216523e+02
8.862173120151669536e+02
8.862180601084863838e+02
8.810201460066466552e+02
8.810189737694112182e+02
8.810213992089664998e+02
8.810218301708006265e+02
8.810228528678223938e+02
8.810237811790922251e+02
8.894017262989453911e+02
8.950497864451911028e+02
8.991279104902263271e+02
8.995225205140387743e+02
9.021652142478816359e+02
9.021653786341504428e+02
9.021605877665256230e+02
8.974989809534183678e+02
8.974970438967485507e+02
8.943121789495470466e+02
8.888338720082626878e+02
8.907664797471221618e+02
8.832344557046251339e+02
8.866509495129816969e+02
8.866511703841930512e+02
8.866517003848140348e+02
8.866539831579320889e+02
8.866462880404802718e+02
8.866433142384532857e+02
8.866375222832562031e+02
8.866397156994311217e+02
8.866409883347754430e+02
8.866444085818679923e+02
8.866474605837212266e+02
8.866481344874148363e+02
8.866497680800913486e+02
8.792210175190609789e+02
8.792233530306039029e+02
8.845869017424577123e+02
8.905243335115297896e+02
8.905240845686889770e+02
8.836839493031217216e+02
8.827349320374387389e+02
8.838978867805977870e+02
8.873288729440907900e+02
8.873263310730877720e+02
8.873268808605731692e+02
8.873209156747193447e+02
8.892828663135167062e+02
8.892809736057529335e+02
8.892834168618726380e+02
8.944865599849592854e+02
8.944919771391455470e+02
8.944925600891738213e+02
8.944925095803627073e+02
8.944934520700658140e+02
8.944962029929765777e+02
8.944982735969438181e+02
8.944999576759842057e+02
8.944970463062463750e+02
8.944956480977726869e+02
8.944992556281514453e+02
8.945005747402927909e+02
8.945061425314477219e+02
8.991669255828750238e+02
8.991695932147174517e+02
9.023543799796525491e+02
9.023562133668139040e+02
9.078371332552503645e+02
9.018051825348953798e+02
9.093457401946287746e+02
9.093500136707239108e+02
9.093597361648430706e+02
9.093590265744710450e+02
9.093622004269667514e+02
9.093680105086655203e+02
9.093656385474055242e+02
9.093669207070556695e+02
9.093649387426282829e+02
9.093603075054459168e+02
9.093615032739195385e+02
9.093598469398407360e+02
9.093626133303083634e+02
9.059338924645421685e+02
9.133695446231795358e+02
9.133683769696436912e+02
9.147271288951302495e+02
9.147287374077787945e+02
9.147293716450534475e+02
9.215714439452111719e+02
9.235492771032938890e+02
9.235487532803188060e+02
9.235488950126980399e+02
9.235476327282203783e+02
9.235494319058816473e+02
9.191076658970882818e+02
9.191048088308051547e+02
9.191065932734933313e+02
9.191030317469419515e+02
9.190991839417599749e+02
9.190901569144672294e+02
9.190852997935766098e+02
9.190820949336343801e+02
9.190844768524744950e+02
9.190855538307738470e+02
9.190854051484337788e+02
9.190828917783410361e+02
9.190844455237823922e+02
9.190839023777143666e+02
9.190811621132277196e+02
9.190826269027071476e+02
9.190814022963591015e+02
9.190765410407117315e+02
9.190745933721716483e+02
9.190729076880592174e+02
9.190683593728207370e+02
9.190642272149714245e+02
9.250920326686954240e+02
9.250904464485746530e+02
9.250834539023205707e+02
9.250799102521003761e+02
9.182971430599626501e+02
9.182895646133158607e+02
9.182879421647575100e+02
9.182874859893089479e+02
9.182852785818006396e+02
9.182827293998243476e+02
9.099200410216759565e+02
9.099186290883669699e+02
9.068690769635509241e+02
8.943495588136366905e+02
8.943496034183716574e+02
8.943462073223709012e+02
8.943457021935195144e+02
8.943421604167915575e+02
8.943406680970621210e+02
8.943394035650694605e+02
8.943377042822930889e+02
8.875512243399432464e+02
8.875458148098726952e+02
8.868138362163631427e+02
8.868130213250207134e+02
8.860724186609589879e+02
8.860694946375884911e+02
8.860683011613251665e+02
