2.047000000000000000e+03
4.092000000000000000e+03
6.139000000000000000e+03
8.191000000000000000e+03
1.023900000000000000e+04
1.227700000000000000e+04
1.433300000000000000e+04
1.635900000000000000e+04
1.842600000000000000e+04
2.047800000000000000e+04
2.252100000000000000e+04
2.457400000000000000e+04
2.662300000000000000e+04
2.865300000000000000e+04
3.071900000000000000e+04
3.271700000000000000e+04
3.481300000000000000e+04
3.686400000000000000e+04
3.888300000000000000e+04
4.093700000000000000e+04
4.299200000000000000e+04
4.505600000000000000e+04
4.708800000000000000e+04
4.914100000000000000e+04
5.116200000000000000e+04
5.322700000000000000e+04
5.523900000000000000e+04
5.733900000000000000e+04
5.938600000000000000e+04
6.137600000000000000e+04
6.338200000000000000e+04
6.548600000000000000e+04
6.752900000000000000e+04
6.959200000000000000e+04
7.167700000000000000e+04
7.372400000000000000e+04
7.573800000000000000e+04
7.781900000000000000e+04
7.979800000000000000e+04
8.190700000000000000e+04
8.396200000000000000e+04
8.595900000000000000e+04
8.794600000000000000e+04
9.006500000000000000e+04
9.212500000000000000e+04
9.411400000000000000e+04
9.598500000000000000e+04
9.830300000000000000e+04
1.002710000000000000e+05
1.023580000000000000e+05
1.044210000000000000e+05
1.061780000000000000e+05
1.084660000000000000e+05
1.105880000000000000e+05
1.126220000000000000e+05
1.146860000000000000e+05
1.167130000000000000e+05
1.187440000000000000e+05
1.206440000000000000e+05
1.219190000000000000e+05
1.248390000000000000e+05
1.265790000000000000e+05
1.285580000000000000e+05
1.309490000000000000e+05
1.322330000000000000e+05
1.345350000000000000e+05
1.370540000000000000e+05
1.385560000000000000e+05
1.409430000000000000e+05
1.430360000000000000e+05
1.451540000000000000e+05
1.474240000000000000e+05
1.492290000000000000e+05
1.507520000000000000e+05
1.527610000000000000e+05
1.555180000000000000e+05
1.568560000000000000e+05
1.596460000000000000e+05
1.616360000000000000e+05
1.635430000000000000e+05
1.650420000000000000e+05
1.678910000000000000e+05
1.696870000000000000e+05
1.711540000000000000e+05
1.731540000000000000e+05
1.751540000000000000e+05
1.780940000000000000e+05
1.800940000000000000e+05
1.821170000000000000e+05
1.841170000000000000e+05
1.859010000000000000e+05
1.875950000000000000e+05
1.895950000000000000e+05
1.915950000000000000e+05
1.935950000000000000e+05
1.965950000000000000e+05
1.985950000000000000e+05
2.006780000000000000e+05
2.027440000000000000e+05
2.039430000000000000e+05
2.060650000000000000e+05
2.080650000000000000e+05
2.099850000000000000e+05
2.129690000000000000e+05
2.145220000000000000e+05
2.165440000000000000e+05
2.186210000000000000e+05
2.203050000000000000e+05
2.231800000000000000e+05
2.247390000000000000e+05
2.264510000000000000e+05
2.284830000000000000e+05
2.304830000000000000e+05
2.328300000000000000e+05
2.354640000000000000e+05
2.373770000000000000e+05
2.393770000000000000e+05
2.413770000000000000e+05
2.432080000000000000e+05
2.455000000000000000e+05
2.471530000000000000e+05
2.497800000000000000e+05
2.516730000000000000e+05
2.536730000000000000e+05
2.552860000000000000e+05
2.572860000000000000e+05
2.598480000000000000e+05
2.612950000000000000e+05
2.641560000000000000e+05
2.661560000000000000e+05
2.674510000000000000e+05
2.694510000000000000e+05
2.714510000000000000e+05
2.734510000000000000e+05
2.764510000000000000e+05
2.779800000000000000e+05
2.799800000000000000e+05
2.819800000000000000e+05
2.839800000000000000e+05
2.859800000000000000e+05
2.879800000000000000e+05
2.899800000000000000e+05
2.919800000000000000e+05
2.939800000000000000e+05
2.959900000000000000e+05
2.989900000000000000e+05
3.003100000000000000e+05
3.023100000000000000e+05
3.043770000000000000e+05
3.063840000000000000e+05
3.083840000000000000e+05
3.103840000000000000e+05
3.123950000000000000e+05
3.143950000000000000e+05
3.173950000000000000e+05
3.193950000000000000e+05
3.213350000000000000e+05
3.234080000000000000e+05
3.254080000000000000e+05
3.269740000000000000e+05
3.295320000000000000e+05
3.315760000000000000e+05
3.332720000000000000e+05
3.352720000000000000e+05
3.372720000000000000e+05
3.392720000000000000e+05
3.417980000000000000e+05
3.437980000000000000e+05
3.457170000000000000e+05
3.477170000000000000e+05
3.497170000000000000e+05
3.517170000000000000e+05
3.535620000000000000e+05
3.562310000000000000e+05
3.574530000000000000e+05
3.594530000000000000e+05
3.624780000000000000e+05
3.644780000000000000e+05
3.664780000000000000e+05
3.685710000000000000e+05
3.699240000000000000e+05
3.727230000000000000e+05
3.747730000000000000e+05
3.767730000000000000e+05
3.786950000000000000e+05
3.808840000000000000e+05
3.829500000000000000e+05
3.844600000000000000e+05
3.861890000000000000e+05
3.881890000000000000e+05
3.901890000000000000e+05
3.931890000000000000e+05
3.948620000000000000e+05
3.968620000000000000e+05
3.988620000000000000e+05
4.008620000000000000e+05
4.028620000000000000e+05
4.048620000000000000e+05
4.068620000000000000e+05
4.092590000000000000e+05
4.112590000000000000e+05
4.132590000000000000e+05
4.153120000000000000e+05
4.173120000000000000e+05
4.193120000000000000e+05
4.213360000000000000e+05
4.233360000000000000e+05
4.257480000000000000e+05
4.277480000000000000e+05
4.297480000000000000e+05
4.316870000000000000e+05
4.339470000000000000e+05
4.353040000000000000e+05
4.373040000000000000e+05
4.401150000000000000e+05
4.418180000000000000e+05
4.438440000000000000e+05
4.458510000000000000e+05
4.483810000000000000e+05
4.498580000000000000e+05
4.518580000000000000e+05
4.538580000000000000e+05
4.565700000000000000e+05
4.585700000000000000e+05
4.599570000000000000e+05
4.623330000000000000e+05
4.645130000000000000e+05
4.665130000000000000e+05
4.685130000000000000e+05
4.705350000000000000e+05
4.722470000000000000e+05
4.744740000000000000e+05
4.769180000000000000e+05
4.789180000000000000e+05
4.807620000000000000e+05
4.827620000000000000e+05
4.847620000000000000e+05
4.867620000000000000e+05
4.893200000000000000e+05
4.910110000000000000e+05
4.930110000000000000e+05
4.950420000000000000e+05
4.970420000000000000e+05
4.989860000000000000e+05
5.013830000000000000e+05
5.033830000000000000e+05
5.058080000000000000e+05
5.076240000000000000e+05
5.094090000000000000e+05
5.110050000000000000e+05
5.140050000000000000e+05
5.158280000000000000e+05
5.177040000000000000e+05
5.199640000000000000e+05
5.219640000000000000e+05
5.239640000000000000e+05
5.259640000000000000e+05
5.279710000000000000e+05
5.303750000000000000e+05
5.323880000000000000e+05
5.341300000000000000e+05
5.364140000000000000e+05
5.384140000000000000e+05
5.403070000000000000e+05
5.419160000000000000e+05
5.439160000000000000e+05
5.463570000000000000e+05
5.483570000000000000e+05
5.503570000000000000e+05
5.523570000000000000e+05
5.543570000000000000e+05
5.563570000000000000e+05
5.583570000000000000e+05
5.603570000000000000e+05
5.623570000000000000e+05
5.643570000000000000e+05
5.668990000000000000e+05
5.686830000000000000e+05
5.706830000000000000e+05
5.731540000000000000e+05
5.752190000000000000e+05
5.770340000000000000e+05
5.790340000000000000e+05
5.806630000000000000e+05
5.836030000000000000e+05
5.856030000000000000e+05
5.871300000000000000e+05
5.891300000000000000e+05
5.912560000000000000e+05
5.934810000000000000e+05
5.954810000000000000e+05
5.974810000000000000e+05
5.994810000000000000e+05
6.014920000000000000e+05
6.038720000000000000e+05
6.058720000000000000e+05
6.078720000000000000e+05
6.094480000000000000e+05
6.114480000000000000e+05
6.142930000000000000e+05
6.162930000000000000e+05
6.184320000000000000e+05
6.204320000000000000e+05
6.224320000000000000e+05
6.244320000000000000e+05
6.264320000000000000e+05
6.284320000000000000e+05
6.304320000000000000e+05
6.320680000000000000e+05
6.340770000000000000e+05
6.360770000000000000e+05
6.380770000000000000e+05
6.400770000000000000e+05
6.420770000000000000e+05
6.443160000000000000e+05
6.463430000000000000e+05
6.490320000000000000e+05
6.510320000000000000e+05
6.527400000000000000e+05
6.547400000000000000e+05
6.567400000000000000e+05
6.587400000000000000e+05
6.607400000000000000e+05
6.627400000000000000e+05
6.647400000000000000e+05
6.667400000000000000e+05
6.696840000000000000e+05
6.716840000000000000e+05
6.735730000000000000e+05
6.755730000000000000e+05
6.774360000000000000e+05
6.794360000000000000e+05
6.814360000000000000e+05
6.839200000000000000e+05
6.852140000000000000e+05
6.872140000000000000e+05
6.892140000000000000e+05
6.922140000000000000e+05
6.942140000000000000e+05
6.962140000000000000e+05
6.982140000000000000e+05
7.001050000000000000e+05
7.021050000000000000e+05
7.041050000000000000e+05
7.061050000000000000e+05
7.085360000000000000e+05
7.105360000000000000e+05
7.125360000000000000e+05
7.145360000000000000e+05
7.158120000000000000e+05
7.185710000000000000e+05
7.204040000000000000e+05
7.224040000000000000e+05
7.242140000000000000e+05
7.262140000000000000e+05
7.282140000000000000e+05
7.302140000000000000e+05
7.322140000000000000e+05
7.352140000000000000e+05
7.372140000000000000e+05
7.390300000000000000e+05
7.410300000000000000e+05
7.430300000000000000e+05
7.454030000000000000e+05
7.474030000000000000e+05
7.494030000000000000e+05
7.514030000000000000e+05
7.527950000000000000e+05
7.550620000000000000e+05
7.570620000000000000e+05
7.590620000000000000e+05
7.610620000000000000e+05
7.630620000000000000e+05
7.650620000000000000e+05
7.670620000000000000e+05
7.690620000000000000e+05
7.720620000000000000e+05
7.741070000000000000e+05
7.761070000000000000e+05
7.775640000000000000e+05
7.793590000000000000e+05
7.813590000000000000e+05
7.843590000000000000e+05
7.863590000000000000e+05
7.879060000000000000e+05
7.901820000000000000e+05
7.921820000000000000e+05
7.941820000000000000e+05
7.962480000000000000e+05
7.982480000000000000e+05
8.000020000000000000e+05
8.020020000000000000e+05
8.040020000000000000e+05
8.060020000000000000e+05
8.080020000000000000e+05
8.110020000000000000e+05
8.130020000000000000e+05
8.150020000000000000e+05
8.170150000000000000e+05
8.190150000000000000e+05
8.210150000000000000e+05
8.230150000000000000e+05
8.250150000000000000e+05
8.270150000000000000e+05
8.290150000000000000e+05
8.310150000000000000e+05
8.330150000000000000e+05
8.350150000000000000e+05
8.370150000000000000e+05
8.390150000000000000e+05
8.407650000000000000e+05
8.437650000000000000e+05
8.457650000000000000e+05
8.477650000000000000e+05
8.497650000000000000e+05
8.517650000000000000e+05
8.537650000000000000e+05
8.557650000000000000e+05
8.577650000000000000e+05
8.597650000000000000e+05
8.617650000000000000e+05
8.637650000000000000e+05
8.657650000000000000e+05
8.677650000000000000e+05
8.697650000000000000e+05
8.717650000000000000e+05
8.737720000000000000e+05
8.761970000000000000e+05
8.783240000000000000e+05
8.803240000000000000e+05
8.823240000000000000e+05
8.843240000000000000e+05
8.864680000000000000e+05
8.884680000000000000e+05
8.904680000000000000e+05
8.924680000000000000e+05
8.944680000000000000e+05
8.964680000000000000e+05
8.984680000000000000e+05
9.004680000000000000e+05
9.024680000000000000e+05
9.044680000000000000e+05
9.064680000000000000e+05
9.084680000000000000e+05
9.107900000000000000e+05
9.127900000000000000e+05
9.147900000000000000e+05
9.168990000000000000e+05
9.188990000000000000e+05
9.210030000000000000e+05
9.230030000000000000e+05
9.250030000000000000e+05
9.270030000000000000e+05
9.290030000000000000e+05
9.310030000000000000e+05
9.330180000000000000e+05
9.350180000000000000e+05
9.370180000000000000e+05
9.400180000000000000e+05
9.420180000000000000e+05
9.440180000000000000e+05
9.451990000000000000e+05
9.481990000000000000e+05
9.501990000000000000e+05
9.521990000000000000e+05
9.542240000000000000e+05
9.562530000000000000e+05
9.582530000000000000e+05
9.602530000000000000e+05
9.623290000000000000e+05
9.643290000000000000e+05
9.663290000000000000e+05
9.683290000000000000e+05
9.703290000000000000e+05
9.723290000000000000e+05
9.743290000000000000e+05
9.762240000000000000e+05
9.782240000000000000e+05
9.802240000000000000e+05
9.822240000000000000e+05
9.842240000000000000e+05
9.862240000000000000e+05
9.882240000000000000e+05
9.902560000000000000e+05
9.930920000000000000e+05
9.950920000000000000e+05
9.970920000000000000e+05
9.990920000000000000e+05
1.001092000000000000e+06
1.003092000000000000e+06
1.005092000000000000e+06
1.007166000000000000e+06
1.009326000000000000e+06
1.011326000000000000e+06
1.013326000000000000e+06
1.015326000000000000e+06
1.017151000000000000e+06
1.019151000000000000e+06
1.021151000000000000e+06
1.023151000000000000e+06
1.025151000000000000e+06
1.027189000000000000e+06
1.029189000000000000e+06
1.032189000000000000e+06
1.034189000000000000e+06
1.036189000000000000e+06
1.038189000000000000e+06
1.040189000000000000e+06
1.042189000000000000e+06
1.044189000000000000e+06
1.046189000000000000e+06
1.048189000000000000e+06
1.050189000000000000e+06
1.052189000000000000e+06
1.054189000000000000e+06
1.056189000000000000e+06
1.058189000000000000e+06
1.060189000000000000e+06
1.062364000000000000e+06
1.064364000000000000e+06
1.066364000000000000e+06
1.068364000000000000e+06
1.070364000000000000e+06
1.072364000000000000e+06
1.074364000000000000e+06
1.076364000000000000e+06
1.078364000000000000e+06
1.080364000000000000e+06
1.083364000000000000e+06
1.085364000000000000e+06
1.087364000000000000e+06
1.089364000000000000e+06
1.091364000000000000e+06
1.093364000000000000e+06
1.095364000000000000e+06
1.097364000000000000e+06
1.098875000000000000e+06
1.100916000000000000e+06
1.102916000000000000e+06
1.105541000000000000e+06
1.107541000000000000e+06
1.109541000000000000e+06
1.111541000000000000e+06
1.113754000000000000e+06
1.116060000000000000e+06
1.118060000000000000e+06
1.120060000000000000e+06
1.122137000000000000e+06
1.123985000000000000e+06
1.125985000000000000e+06
1.127985000000000000e+06
1.129985000000000000e+06
1.131985000000000000e+06
1.133985000000000000e+06
1.135985000000000000e+06
1.138085000000000000e+06
1.140085000000000000e+06
1.142085000000000000e+06
1.144085000000000000e+06
1.146085000000000000e+06
1.148085000000000000e+06
1.150085000000000000e+06
1.152057000000000000e+06
1.155057000000000000e+06
1.157057000000000000e+06
1.159057000000000000e+06
1.161057000000000000e+06
1.162724000000000000e+06
1.164724000000000000e+06
1.166724000000000000e+06
1.168724000000000000e+06
1.170724000000000000e+06
1.172724000000000000e+06
1.174724000000000000e+06
1.176724000000000000e+06
1.178724000000000000e+06
1.180724000000000000e+06
1.183724000000000000e+06
1.185724000000000000e+06
1.186927000000000000e+06
1.188927000000000000e+06
1.191927000000000000e+06
1.193927000000000000e+06
1.195927000000000000e+06
1.197927000000000000e+06
1.199587000000000000e+06
1.201587000000000000e+06
1.203587000000000000e+06
1.205587000000000000e+06
1.207587000000000000e+06
1.210043000000000000e+06
1.212132000000000000e+06
1.213497000000000000e+06
1.216497000000000000e+06
1.218497000000000000e+06
1.220497000000000000e+06
1.221859000000000000e+06
1.223859000000000000e+06
1.225859000000000000e+06
1.227859000000000000e+06
1.229859000000000000e+06
1.232859000000000000e+06
1.234859000000000000e+06
1.236859000000000000e+06
1.238859000000000000e+06
1.240859000000000000e+06
1.242859000000000000e+06
1.244859000000000000e+06
1.246859000000000000e+06
1.248859000000000000e+06
1.250859000000000000e+06
1.252859000000000000e+06
1.254859000000000000e+06
1.256859000000000000e+06
1.259469000000000000e+06
1.261469000000000000e+06
1.263469000000000000e+06
1.264892000000000000e+06
1.267279000000000000e+06
1.269279000000000000e+06
1.271279000000000000e+06
1.273279000000000000e+06
1.275279000000000000e+06
1.277279000000000000e+06
1.279279000000000000e+06
1.281279000000000000e+06
1.283279000000000000e+06
1.285279000000000000e+06
1.287279000000000000e+06
1.289279000000000000e+06
1.291382000000000000e+06
1.294247000000000000e+06
1.296247000000000000e+06
1.298247000000000000e+06
1.299658000000000000e+06
1.301658000000000000e+06
1.303658000000000000e+06
1.306009000000000000e+06
1.308009000000000000e+06
1.310009000000000000e+06
1.312009000000000000e+06
1.314001000000000000e+06
1.316001000000000000e+06
1.318001000000000000e+06
1.320897000000000000e+06
1.322897000000000000e+06
1.324897000000000000e+06
1.326897000000000000e+06
1.328897000000000000e+06
1.330897000000000000e+06
1.332897000000000000e+06
1.334897000000000000e+06
1.336897000000000000e+06
1.338620000000000000e+06
1.340752000000000000e+06
1.342752000000000000e+06
1.344752000000000000e+06
1.347507000000000000e+06
1.349507000000000000e+06
1.351507000000000000e+06
1.353507000000000000e+06
1.355507000000000000e+06
1.357507000000000000e+06
1.359507000000000000e+06
1.361507000000000000e+06
1.363767000000000000e+06
1.365767000000000000e+06
1.367767000000000000e+06
1.370097000000000000e+06
1.372097000000000000e+06
1.374097000000000000e+06
1.376097000000000000e+06
1.378097000000000000e+06
1.380097000000000000e+06
1.382097000000000000e+06
1.384097000000000000e+06
1.386097000000000000e+06
1.388097000000000000e+06
1.390097000000000000e+06
1.392097000000000000e+06
1.394097000000000000e+06
1.396097000000000000e+06
1.398097000000000000e+06
1.400097000000000000e+06
1.402097000000000000e+06
1.404097000000000000e+06
1.406097000000000000e+06
1.408097000000000000e+06
1.410263000000000000e+06
1.412263000000000000e+06
1.414263000000000000e+06
1.417198000000000000e+06
1.419198000000000000e+06
1.421198000000000000e+06
1.423198000000000000e+06
1.425198000000000000e+06
1.427198000000000000e+06
1.429198000000000000e+06
1.431198000000000000e+06
1.433198000000000000e+06
1.435198000000000000e+06
1.437198000000000000e+06
1.439107000000000000e+06
1.441107000000000000e+06
1.443107000000000000e+06
1.445107000000000000e+06
1.447037000000000000e+06
1.449037000000000000e+06
1.451037000000000000e+06
1.454037000000000000e+06
1.455800000000000000e+06
1.457800000000000000e+06
1.459800000000000000e+06
1.461800000000000000e+06
1.463800000000000000e+06
1.465800000000000000e+06
1.467429000000000000e+06
1.470429000000000000e+06
1.472032000000000000e+06
1.474032000000000000e+06
1.476032000000000000e+06
1.477894000000000000e+06
1.479894000000000000e+06
1.481894000000000000e+06
1.483801000000000000e+06
1.486801000000000000e+06
1.488801000000000000e+06
1.490801000000000000e+06
1.492801000000000000e+06
1.494801000000000000e+06
1.496801000000000000e+06
1.498801000000000000e+06
1.500801000000000000e+06
1.502801000000000000e+06
1.504801000000000000e+06
1.507114000000000000e+06
1.509114000000000000e+06
1.511114000000000000e+06
1.512558000000000000e+06
1.514558000000000000e+06
1.517558000000000000e+06
1.519558000000000000e+06
1.521558000000000000e+06
1.523558000000000000e+06
1.525558000000000000e+06
1.527550000000000000e+06
1.529550000000000000e+06
1.531550000000000000e+06
1.533550000000000000e+06
1.535550000000000000e+06
1.537550000000000000e+06
1.539550000000000000e+06
1.541550000000000000e+06
1.543550000000000000e+06
1.545550000000000000e+06
1.547550000000000000e+06
1.549550000000000000e+06
1.551550000000000000e+06
1.553550000000000000e+06
1.555550000000000000e+06
1.557550000000000000e+06
1.560550000000000000e+06
1.562550000000000000e+06
1.564550000000000000e+06
1.566717000000000000e+06
1.568717000000000000e+06
1.570717000000000000e+06
1.572358000000000000e+06
1.574358000000000000e+06
1.576015000000000000e+06
1.578015000000000000e+06
1.581030000000000000e+06
1.583030000000000000e+06
1.585030000000000000e+06
1.586952000000000000e+06
1.588952000000000000e+06
1.590952000000000000e+06
1.592952000000000000e+06
1.594952000000000000e+06
1.596952000000000000e+06
1.598952000000000000e+06
1.600952000000000000e+06
1.602952000000000000e+06
1.604952000000000000e+06
1.606952000000000000e+06
1.608952000000000000e+06
1.610986000000000000e+06
1.613799000000000000e+06
1.615736000000000000e+06
1.617736000000000000e+06
1.619736000000000000e+06
1.621736000000000000e+06
1.623736000000000000e+06
1.625736000000000000e+06
1.627736000000000000e+06
1.629736000000000000e+06
1.632233000000000000e+06
1.633796000000000000e+06
1.635754000000000000e+06
1.637471000000000000e+06
1.639471000000000000e+06
1.642471000000000000e+06
1.644471000000000000e+06
1.646471000000000000e+06
1.648471000000000000e+06
1.650471000000000000e+06
1.652471000000000000e+06
1.654264000000000000e+06
1.656264000000000000e+06
1.657898000000000000e+06
1.660898000000000000e+06
1.662898000000000000e+06
1.664898000000000000e+06
1.666898000000000000e+06
1.668898000000000000e+06
1.670898000000000000e+06
1.672898000000000000e+06
1.674898000000000000e+06
1.676898000000000000e+06
1.678898000000000000e+06
1.680898000000000000e+06
1.682898000000000000e+06
1.684898000000000000e+06
1.686898000000000000e+06
1.689542000000000000e+06
1.691542000000000000e+06
1.693542000000000000e+06
1.695432000000000000e+06
1.697432000000000000e+06
1.699308000000000000e+06
1.700941000000000000e+06
1.702941000000000000e+06
1.705941000000000000e+06
1.707941000000000000e+06
1.709731000000000000e+06
1.711731000000000000e+06
1.714174000000000000e+06
1.716174000000000000e+06
1.718174000000000000e+06
1.720174000000000000e+06
1.722174000000000000e+06
1.724174000000000000e+06
1.726174000000000000e+06
1.728174000000000000e+06
1.730174000000000000e+06
1.732174000000000000e+06
1.734174000000000000e+06
1.736174000000000000e+06
1.738174000000000000e+06
1.740675000000000000e+06
1.742675000000000000e+06
1.744334000000000000e+06
1.746747000000000000e+06
1.748747000000000000e+06
1.750939000000000000e+06
1.752939000000000000e+06
1.754939000000000000e+06
1.756939000000000000e+06
1.758939000000000000e+06
1.760939000000000000e+06
1.762939000000000000e+06
1.764939000000000000e+06
1.766939000000000000e+06
1.768939000000000000e+06
1.770939000000000000e+06
1.772939000000000000e+06
1.774939000000000000e+06
1.776939000000000000e+06
1.779142000000000000e+06
1.781142000000000000e+06
1.782997000000000000e+06
1.784997000000000000e+06
1.786997000000000000e+06
1.789264000000000000e+06
1.791052000000000000e+06
1.793052000000000000e+06
1.796052000000000000e+06
1.798052000000000000e+06
1.800052000000000000e+06
1.802052000000000000e+06
1.804052000000000000e+06
1.806052000000000000e+06
1.808052000000000000e+06
1.810052000000000000e+06
1.812052000000000000e+06
1.814052000000000000e+06
1.816052000000000000e+06
1.818052000000000000e+06
1.820052000000000000e+06
1.822052000000000000e+06
1.824052000000000000e+06
1.826052000000000000e+06
1.828052000000000000e+06
1.830052000000000000e+06
1.832052000000000000e+06
1.834052000000000000e+06
1.837052000000000000e+06
1.839052000000000000e+06
1.841052000000000000e+06
1.843052000000000000e+06
1.845052000000000000e+06
1.846406000000000000e+06
1.848406000000000000e+06
1.850406000000000000e+06
1.853406000000000000e+06
1.855406000000000000e+06
1.857406000000000000e+06
1.859406000000000000e+06
1.861406000000000000e+06
1.863406000000000000e+06
1.865406000000000000e+06
1.867406000000000000e+06
1.869406000000000000e+06
1.871406000000000000e+06
1.873406000000000000e+06
1.875039000000000000e+06
1.877039000000000000e+06
1.880039000000000000e+06
1.882039000000000000e+06
1.884039000000000000e+06
1.886039000000000000e+06
1.888039000000000000e+06
1.890039000000000000e+06
1.892039000000000000e+06
1.894039000000000000e+06
1.896039000000000000e+06
1.898039000000000000e+06
1.899563000000000000e+06
1.902563000000000000e+06
1.904563000000000000e+06
1.906563000000000000e+06
1.908563000000000000e+06
1.910563000000000000e+06
1.912563000000000000e+06
1.914563000000000000e+06
1.916563000000000000e+06
1.918563000000000000e+06
1.920563000000000000e+06
1.922563000000000000e+06
1.924563000000000000e+06
1.926563000000000000e+06
1.928563000000000000e+06
1.930563000000000000e+06
1.932563000000000000e+06
1.934563000000000000e+06
1.936563000000000000e+06
1.938563000000000000e+06
1.940563000000000000e+06
1.942563000000000000e+06
1.945563000000000000e+06
1.947563000000000000e+06
1.949563000000000000e+06
1.951563000000000000e+06
1.952837000000000000e+06
1.955837000000000000e+06
1.957837000000000000e+06
1.959837000000000000e+06
1.961837000000000000e+06
1.963837000000000000e+06
1.965941000000000000e+06
1.967941000000000000e+06
1.969615000000000000e+06
1.971907000000000000e+06
1.973907000000000000e+06
1.975907000000000000e+06
1.977907000000000000e+06
1.979907000000000000e+06
1.981907000000000000e+06
1.983907000000000000e+06
1.985907000000000000e+06
1.988180000000000000e+06
1.990180000000000000e+06
1.992102000000000000e+06
1.994102000000000000e+06
1.996547000000000000e+06
1.998547000000000000e+06
2.000547000000000000e+06
