5.789579986423071922e+00
1.156006737007080964e+01
1.907107787692634204e+01
1.981175314924436748e+01
1.860553482857454100e+01
1.721254316507599569e+01
1.704229583324770303e+01
1.731937758691772800e+01
1.746011404242391052e+01
1.745990189270505510e+01
1.763852969635220447e+01
1.762214702022176382e+01
1.812511684387532895e+01
1.821206256181865868e+01
1.861867323104533156e+01
1.900979066458061695e+01
1.931615794636586259e+01
1.947282313870526238e+01
1.973627914880350787e+01
2.008079074017928534e+01
2.013507165826802137e+01
2.013617774997496213e+01
2.039921462818241693e+01
2.044641898071396824e+01
2.069578349998144517e+01
2.106592982477654274e+01
2.122480528797424526e+01
2.147297935866693663e+01
2.178162062409165856e+01
2.158869859112681056e+01
2.173717174413942388e+01
2.168355346194802280e+01
2.194847626827747078e+01
2.210906163982305728e+01
2.231208469306522346e+01
2.253277853225124261e+01
2.271305444971040188e+01
2.290386823237604474e+01
2.315530739892454903e+01
2.331015224113358997e+01
2.337966001628293000e+01
2.346490653667466475e+01
2.355611919637142293e+01
2.373752416316071745e+01
2.391593737470090986e+01
2.401492521618557063e+01
2.422146744701058552e+01
2.436450340649132329e+01
2.439699760913788751e+01
2.486285684928702366e+01
2.522756835315952628e+01
2.515597394639663520e+01
2.538648008697584402e+01
2.582447721302190402e+01
2.631442312890986202e+01
2.674132875168164958e+01
2.708540097832110405e+01
2.731306960807243911e+01
2.760055354001205785e+01
2.790972446482331648e+01
2.828204343104239626e+01
2.845390114585952546e+01
2.888298659694248727e+01
2.900512960633519910e+01
2.918447836999152400e+01
2.929490237016030818e+01
2.942044052722833669e+01
2.948029193542537030e+01
2.972960157675805348e+01
2.986997106254812806e+01
3.013729653495961713e+01
3.031964683461023569e+01
3.055978205563952699e+01
3.060655824426063631e+01
3.065253841935541601e+01
3.077443213958799717e+01
3.081966210271429318e+01
3.092230977218205723e+01
3.135624686016219087e+01
3.151148225260268987e+01
3.172341560683138439e+01
3.174575173817351725e+01
3.190850678465073997e+01
3.203505835225679732e+01
3.210882853418226546e+01
3.226966851375968304e+01
3.219173344053915997e+01
3.221890868841732924e+01
3.241592499379729020e+01
3.243648827559857750e+01
3.252119498021952637e+01
3.261457380830816533e+01
3.265344525951670818e+01
3.274321706190516323e+01
3.278952886170858960e+01
3.268358725757451566e+01
3.281551900029043622e+01
3.286674440907682992e+01
3.289324488252829326e+01
3.276285390839797174e+01
3.276013975048781646e+01
3.273732996955194352e+01
3.269108566899664936e+01
3.276879095331530323e+01
3.253585869764982164e+01
3.253137300413428079e+01
3.268478208141409880e+01
3.274384223573731845e+01
3.274967045799841969e+01
3.264010433888250873e+01
3.254469205757582984e+01
3.254500255717239554e+01
3.257031274141942845e+01
3.258377914956378874e+01
3.274664510318419985e+01
3.280828351415775757e+01
3.294369184197496025e+01
3.298486940503287457e+01
3.308270329165203094e+01
3.309558242821879048e+01
3.308646395793702766e+01
3.306899217748188846e+01
3.314554266906705493e+01
3.316310081101906349e+01
3.321622447649088627e+01
3.325527761494276291e+01
3.322566691706284558e+01
3.320477468241396224e+01
3.329201161589215019e+01
3.335527590112741336e+01
3.335220560509048227e+01
3.325186931332424933e+01
3.323021702270596478e+01
3.325408557460867343e+01
3.330724060177003309e+01
3.341219053374781822e+01
3.355372730415277260e+01
3.348851669548213295e+01
3.370521484505649568e+01
3.385265540909801274e+01
3.398280981281387625e+01
3.403441865855025128e+01
3.402368080828429697e+01
3.416782349246270201e+01
3.434121322026115308e+01
3.446604634723368576e+01
3.465262337501305723e+01
3.477876622952367569e+01
3.496351029081298378e+01
3.508414075197977411e+01
3.510122664751452959e+01
3.513116328182029235e+01
3.517227972857951812e+01
3.534655650144646444e+01
3.543950707659646326e+01
3.545386299551864795e+01
3.555485580599044226e+01
3.561862876548277512e+01
3.584077045009685492e+01
3.608480961375649088e+01
3.616364051180942596e+01
3.623901511705722100e+01
3.634776799107647349e+01
3.650202620730431136e+01
3.634106242869071934e+01
3.637486080232108776e+01
3.640987525611327413e+01
3.651167376603274306e+01
3.655409769654036012e+01
3.660049789171176826e+01
3.671477028681028543e+01
3.687077570639669233e+01
3.686090520503354639e+01
3.692300222916097141e+01
3.695861844901791926e+01
3.694313944474055234e+01
3.700951210807653524e+01
3.701883176424576760e+01
3.701551304693755640e+01
3.708137494683594326e+01
3.722374704653205413e+01
3.738654044279655153e+01
3.740104058718890201e+01
3.741785481403786662e+01
3.743072675383541537e+01
3.743740400683476821e+01
3.754934769208153256e+01
3.754550558854155184e+01
3.755531014004251489e+01
3.756619160445747241e+01
3.761392410562189781e+01
3.767785604688722145e+01
3.772083545691580753e+01
3.774426741222703185e+01
3.779956966591086598e+01
3.782072913700382344e+01
3.787554880222239717e+01
3.792378799110922216e+01
3.804179366117404015e+01
3.805826570245989160e+01
3.811926978834097213e+01
3.821309975790622815e+01
3.825513020793390950e+01
3.827740372948471048e+01
3.824510010302597607e+01
3.828263562402881348e+01
3.826343799967163051e+01
3.823258972615268902e+01
3.806992764371507576e+01
3.807081616514045663e+01
3.810255070393429833e+01
3.816752757649561545e+01
3.821026029659750378e+01
3.853490297399875431e+01
3.859636058481428478e+01
3.879422630738628186e+01
3.885979969468139927e+01
3.898881699624281083e+01
3.908858286527822656e+01
3.910231344681297116e+01
3.917182955849900594e+01
3.929184722626218473e+01
3.938565383237788353e+01
3.945647498227297234e+01
3.947886298344908340e+01
3.952273109689349440e+01
3.957874058755220403e+01
3.967254756745207089e+01
3.980245308271062044e+01
3.996984913803609629e+01
4.011335077162286211e+01
4.019728908731065786e+01
4.039799095688368169e+01
4.050276086791823360e+01
4.059421614833200920e+01
4.059280626517011115e+01
4.064780425221151461e+01
4.083249532777708879e+01
4.103304529353109587e+01
4.121350111416093398e+01
4.149581542590381389e+01
4.165430040219177243e+01
4.180613228462723896e+01
4.195723807556102969e+01
4.207759190662076776e+01
4.228641350646872610e+01
4.277256875515652723e+01
4.295114036145488967e+01
4.324630061405396475e+01
4.346458999998230155e+01
4.344767976140339982e+01
4.393936776471129946e+01
4.433917403425368065e+01
4.440279622409459392e+01
4.458813375207705576e+01
4.465788376558057138e+01
4.520851799066027610e+01
4.570982674522551292e+01
4.573168708604173816e+01
4.607201014362769342e+01
4.627356107653004358e+01
4.617715514804453392e+01
4.640064186528564250e+01
4.629710493048384023e+01
4.672136746193567092e+01
4.687521621582991571e+01
4.672480367033553961e+01
4.719272013105968000e+01
4.772213831939026107e+01
4.759746194209798631e+01
4.776435071861006065e+01
4.786215448345974721e+01
4.787296268242811692e+01
4.808015798755120329e+01
4.792438021963896944e+01
4.811510634185160029e+01
4.823514345273459014e+01
4.819622710870353188e+01
4.807301827000053152e+01
4.796222061986391338e+01
4.798572660661008626e+01
4.784632528090231318e+01
4.779200157307045060e+01
4.747947974824557349e+01
4.757483311603900233e+01
4.775347809251798736e+01
4.758574802535245141e+01
4.764706402584084799e+01
4.748583042165592616e+01
4.719811811492266429e+01
4.703188420303314388e+01
4.708490812951321658e+01
4.705527444735509590e+01
4.691930939409807166e+01
4.645740528197686814e+01
4.604526731254430416e+01
4.605332872671478128e+01
4.581333382915171626e+01
4.527421123223407307e+01
4.549576050974484076e+01
4.512535435604188194e+01
4.480963504027030808e+01
4.516123706329945264e+01
4.524338577487957025e+01
4.531057331731338422e+01
4.527582126439693866e+01
4.480703301989562704e+01
4.475265834198123116e+01
4.456501338669782086e+01
4.431196850686799138e+01
4.440743526574716071e+01
4.437008594671652872e+01
4.427460798714771073e+01
4.414519506684646899e+01
4.421269184425864296e+01
4.399863219981580187e+01
4.348602462373705890e+01
4.330402254281709418e+01
4.329920567397962827e+01
4.348570754668660499e+01
4.339141864094283818e+01
4.371869601126116578e+01
4.381303607638533038e+01
4.399879461225285837e+01
4.424448302118535281e+01
4.407407311813083339e+01
4.410543557418120031e+01
4.445700499678343220e+01
4.443912942237312791e+01
4.436413075372473713e+01
4.437877192811129845e+01
4.460715782900783211e+01
4.488614461396824140e+01
4.486241912077237259e+01
4.483392741905990420e+01
4.503563337764033037e+01
4.501611880979605473e+01
4.501715734269327385e+01
4.524247666890407515e+01
4.524713525510539824e+01
4.513836999214888834e+01
4.526159759971855578e+01
4.557922229498334588e+01
4.567585591578274062e+01
4.563626429714727095e+01
4.563262242204220343e+01
4.562834459966282452e+01
4.641969177868813290e+01
4.625708479459743216e+01
4.608456671640286118e+01
4.637759164283366431e+01
4.609533141564875791e+01
4.594101272867474250e+01
4.586418200361276121e+01
4.586075553473542499e+01
4.592520974678467383e+01
4.628387098824353529e+01
4.643798311309039661e+01
4.636573769752305196e+01
4.635125503244021417e+01
4.642783747082922474e+01
4.647369261178908317e+01
4.636419568088376764e+01
4.642316872963837682e+01
4.647584355409922097e+01
4.646645466020897430e+01
4.642520816741259893e+01
4.631452936682804733e+01
4.639904592758943380e+01
4.642123089700538685e+01
4.614576766033057709e+01
4.594424660632851243e+01
4.599645902744366310e+01
4.559197729420755252e+01
4.558760068900885187e+01
4.529493632419747939e+01
4.536658803577600452e+01
4.543344206558106890e+01
4.542050989431630370e+01
4.541140953948087144e+01
4.512961612740270567e+01
4.515390843557245404e+01
4.496473410765720757e+01
4.497982484117717661e+01
4.469011408535195784e+01
4.466202989865318784e+01
4.467383972197949049e+01
4.450596555206257676e+01
4.454293162123556016e+01
4.449545049544948938e+01
4.413630645059607360e+01
4.387499185292026027e+01
4.371143119013586897e+01
4.372158146819093361e+01
4.381586755460178040e+01
4.352884192158802534e+01
4.334909971945831586e+01
4.324633521349514353e+01
4.300828181618140889e+01
4.302716764195194799e+01
4.287744170069705518e+01
4.272879492680573321e+01
4.270048234320805847e+01
4.235517920505984080e+01
4.238174831467344461e+01
4.209564608682227060e+01
4.180062638785793183e+01
4.184502859750870840e+01
4.186287275844173905e+01
4.158637213012165290e+01
4.160276136254480406e+01
4.160540365130116669e+01
4.135686193479239847e+01
4.135561542731931439e+01
4.133937113226811277e+01
4.133001394876842483e+01
4.136148384033708680e+01
4.108823624912293582e+01
4.116130131273734349e+01
4.111549954486556402e+01
4.111131725994077613e+01
4.109349008643997792e+01
4.114285043609131520e+01
4.115985332666748064e+01
4.118287192405822594e+01
4.111241402261673983e+01
4.110627753655314365e+01
4.117202432355504982e+01
4.123165698997446071e+01
4.134263045183015350e+01
4.137086885296635330e+01
4.141190384337078001e+01
4.145913236948160119e+01
4.147240610976297148e+01
4.143310910808265390e+01
4.146436248240791400e+01
4.148309651580943580e+01
4.150721798699364484e+01
4.153216808842183383e+01
4.176625331167631572e+01
4.182860556165666566e+01
4.183994020845478445e+01
4.184548672369906797e+01
4.197456105149743166e+01
4.196118616388008604e+01
4.196614668420211558e+01
4.206664893255389615e+01
4.209852549354746998e+01
4.212188699387056090e+01
4.214782339612978035e+01
4.229553942089643925e+01
4.238148885427776946e+01
4.240651477552950155e+01
4.239417937138532011e+01
4.242778398003286355e+01
4.246235206104372395e+01
4.247809251072623482e+01
4.243946475519585704e+01
4.242715719408609232e+01
4.242769824744350160e+01
4.239764510126885710e+01
4.240469844358189988e+01
4.230019385285286404e+01
4.241323977081565033e+01
4.242059870727389637e+01
4.237054046986262534e+01
4.236438325871586130e+01
4.234549031493979498e+01
4.239203963626060556e+01
4.235844272217673279e+01
4.240018794624187848e+01
4.238149708181722275e+01
4.243658228544315847e+01
4.242857548516471411e+01
4.249330671662934122e+01
4.256577948775907316e+01
4.258007648123219724e+01
4.255786904069519494e+01
4.259189872036586877e+01
4.257655729313599124e+01
4.260968130327029257e+01
4.261270935578779273e+01
4.259576338538207807e+01
4.265043847833086943e+01
4.263964217132362933e+01
4.271772669048664994e+01
4.273223302348677066e+01
4.278988878975064836e+01
4.270717495172337408e+01
4.269705037627053912e+01
4.263857998223426193e+01
4.268941326381285961e+01
4.268162717262525518e+01
4.274340880009014398e+01
4.275968625068163220e+01
4.288620854845378716e+01
4.290821663306065403e+01
4.290403421311988552e+01
4.295911633247153105e+01
4.296692543527004915e+01
4.303854587126519959e+01
4.309689756068598143e+01
4.316446196753504694e+01
4.322359592882749268e+01
4.331326842973728475e+01
4.325879358788062490e+01
4.341714643322415412e+01
4.353755249960258311e+01
4.371384023806302821e+01
4.375909592259384340e+01
4.393095017176078443e+01
4.417514415934957128e+01
4.434112972717788637e+01
4.449863359421033948e+01
4.475943942437046985e+01
4.505877406411229202e+01
4.529210178055386393e+01
4.551990315111498830e+01
4.577204152786989511e+01
4.603501396367484944e+01
4.620964524597595613e+01
4.646041743590005524e+01
4.674128851941632945e+01
4.692216834327997077e+01
4.687355357209945339e+01
4.714496299449950811e+01
4.740890234800026803e+01
4.762959185081895441e+01
4.771122080359241124e+01
4.794789738657793521e+01
4.818206153401478531e+01
4.849971343817375669e+01
4.871566274058343993e+01
4.875213242741762087e+01
4.872057012933899500e+01
4.899914476753980352e+01
4.925180158955126331e+01
4.944328907801993722e+01
4.965868892024543158e+01
4.976796509439586202e+01
4.998329708346593492e+01
5.037047782514646599e+01
5.059210786878144006e+01
5.084091863525349453e+01
5.103913198878817070e+01
5.099965933990404920e+01
5.120854689089807010e+01
5.148391256857676268e+01
5.172457081893718822e+01
5.195489213310432319e+01
5.220824762315840672e+01
5.241563530343459831e+01
5.265304838344781047e+01
5.287997110650200483e+01
5.322084825791895923e+01
5.341647081053259427e+01
5.360709753212060491e+01
5.374797034720232602e+01
5.405372467808008707e+01
5.414453552507217893e+01
5.431603342137618995e+01
5.446228631791360186e+01
5.470957269422704172e+01
5.447003687032864860e+01
5.455721283726473558e+01
5.461026255671491469e+01
5.471349834488728447e+01
5.480902514550255233e+01
5.485232523759006540e+01
5.507352949185047919e+01
5.510002498241735225e+01
5.510489277642279404e+01
5.522253310688589067e+01
5.550733494407131730e+01
5.555410182896056881e+01
5.555581587884677930e+01
5.567787195902270270e+01
5.592782963252127360e+01
5.595813648800565687e+01
5.575215227316257227e+01
5.576967829053335635e+01
5.583551406901533198e+01
5.609667966773631065e+01
5.636429042186527738e+01
5.633052923127335987e+01
5.637993490954486475e+01
5.646209261036145222e+01
5.654347045841807073e+01
5.650730513104434749e+01
5.650300533182559803e+01
5.652957539699501410e+01
5.657853143622426728e+01
5.661812657181634734e+01
5.636506841897389819e+01
5.667626637692838187e+01
5.678372644965224225e+01
5.680885567832535088e+01
5.684808983553729433e+01
5.661561272466126127e+01
5.663764095725770886e+01
5.671698880074917071e+01
5.676479687888857484e+01
5.681485285723705658e+01
5.682320197858550159e+01
5.680819681109277752e+01
5.684641539702485602e+01
5.687508420328177294e+01
5.691921762018117903e+01
5.694155772779196667e+01
5.688404808051084416e+01
5.680556061624523068e+01
5.680501445597233356e+01
5.712573483075497194e+01
5.713836031457447717e+01
5.711206073484044055e+01
5.680511804908312001e+01
5.675189595578503798e+01
5.675860337928018140e+01
5.678752734245488654e+01
5.680870486844731460e+01
5.683971357820171022e+01
5.687359312786853138e+01
5.686797276503639154e+01
5.685335982751800543e+01
5.690538415746807033e+01
5.683281998227565168e+01
5.687075424689493275e+01
5.691910854267153752e+01
5.725264312987798121e+01
5.727716831611214587e+01
5.727587291573371431e+01
5.716595622387129794e+01
5.718626239840924086e+01
5.723424304752265357e+01
5.727849801426643239e+01
5.728084985934756901e+01
5.728945443169455842e+01
5.763238238595723573e+01
5.771404043098880976e+01
5.773864805005755585e+01
5.775907311002518441e+01
5.778114542442150281e+01
5.814087326662612298e+01
5.817484162194211450e+01
5.811579440723886592e+01
5.814097554164804649e+01
5.839453445312006608e+01
5.842224608396349339e+01
5.844676609088284636e+01
5.840416547999617336e+01
5.842445760895954976e+01
5.841501851662727773e+01
5.843228821426753683e+01
5.849825769765702432e+01
5.854390182718586999e+01
5.853704288865558425e+01
5.857436799164646146e+01
5.861951519330184368e+01
5.871327984404931755e+01
5.883199738242341681e+01
5.890998553686430483e+01
5.886000200329113596e+01
5.892337554741734351e+01
5.899716346294054148e+01
5.931907341144366796e+01
5.937382686858452985e+01
5.950310580948208639e+01
5.952066062128693602e+01
5.956031833838925849e+01
5.959508389176667009e+01
5.958421771319977012e+01
5.968949160739442306e+01
5.974413315502422961e+01
5.975144273574151299e+01
5.986310234108093198e+01
5.987478469283993121e+01
5.989675039137818402e+01
5.990375544946093100e+01
5.994078243783587823e+01
6.000261121012025711e+01
6.015633404262953121e+01
6.020279024134236323e+01
6.028269566076485830e+01
6.034332471475848081e+01
6.037711321852343360e+01
6.041831606083467676e+01
6.043699157091772634e+01
6.050848038914948290e+01
6.057658548574266888e+01
6.057942938207355610e+01
6.056774243579210548e+01
6.059627037595892318e+01
6.062362084504268012e+01
6.063647466420107435e+01
6.062484904453863521e+01
6.070585140307823480e+01
6.071782492194193992e+01
6.073603387241983853e+01
6.075330697251393985e+01
6.075464501454231225e+01
6.074774037390689330e+01
6.078930488806079779e+01
6.076557557867746340e+01
6.074747327216660153e+01
6.077126506940155082e+01
6.079240842608166417e+01
6.080310790545965460e+01
6.082552117108704692e+01
6.082000566075521419e+01
6.086261841717260523e+01
6.088337699898531952e+01
6.089137564472823527e+01
6.092155116682252469e+01
6.094592257490347720e+01
6.097277050960587985e+01
6.094514620110353320e+01
6.092647776639262958e+01
6.095387054785771141e+01
6.095782449131122860e+01
6.099067792283542389e+01
6.099456919710096514e+01
6.100731088954849923e+01
6.100164467292593429e+01
6.101081914130732287e+01
6.102236550008112914e+01
6.104244474639362750e+01
6.101534541113444021e+01
6.100933712056674096e+01
6.099402374527360848e+01
6.097212945223825642e+01
6.096807542109213784e+01
6.099735314744626180e+01
6.098252484470860679e+01
6.090533306627199295e+01
6.092247362973404279e+01
6.083935411122131853e+01
6.083591730621284910e+01
6.085031336701364069e+01
6.081457437926999177e+01
6.082860847817121197e+01
6.083440280577288917e+01
6.082395682009411786e+01
6.082545996747698780e+01
6.086198554252025872e+01
6.085346759131240191e+01
6.089403779114179827e+01
6.092163774399662657e+01
6.092523026623269544e+01
6.093250064903293861e+01
6.098399800788615721e+01
6.098744059921010319e+01
6.103368419383325971e+01
6.105994875867935434e+01
6.101048361331111636e+01
6.095324894638179813e+01
6.095059248851909928e+01
6.087045865658095778e+01
6.085721774383949167e+01
6.086284886023690888e+01
6.083513563994920048e+01
6.082009683287769519e+01
6.081476072911366515e+01
6.084130911344388437e+01
6.080022654924963632e+01
6.078694476999982754e+01
6.082991603334969000e+01
6.079588855383142487e+01
6.073264170227290037e+01
6.071172614955136027e+01
6.065373965221753849e+01
6.059993277939250333e+01
6.051564368393545834e+01
6.051628377323584829e+01
6.049512719380981451e+01
6.042230552198419957e+01
6.042926689515599037e+01
6.044371321617030191e+01
6.037814855966401240e+01
6.039622658988492532e+01
6.043859001894578142e+01
6.039279956528610427e+01
6.037030490609245703e+01
6.044805547086035347e+01
6.039662400486230354e+01
6.044721018227940590e+01
6.044020648177733079e+01
6.040697485031216019e+01
6.045787144624240028e+01
6.045432452698420889e+01
6.036105448295372611e+01
6.036144279910890020e+01
6.030547376017472061e+01
6.027290497917344680e+01
6.026360019884296548e+01
6.020691155382374404e+01
6.019362582717856469e+01
6.014902131901933302e+01
6.016044023990511391e+01
6.010597380680337665e+01
6.012775157523335423e+01
6.006545787831085192e+01
6.003598364646367713e+01
6.007235557693476125e+01
6.008562354459582622e+01
6.002382466885604373e+01
6.007658308068776165e+01
6.009680640550825359e+01
6.009257160760148508e+01
6.006474734113933778e+01
6.001205487015636209e+01
5.996793943638300561e+01
5.994494996002111264e+01
5.991955270101038167e+01
5.988784063651919354e+01
5.984467015840017012e+01
5.988732306345058731e+01
5.984607005893258247e+01
5.990143893792742347e+01
5.996158188539568101e+01
5.996879464128059567e+01
5.996814350775996871e+01
5.993126734532146571e+01
5.997434632769834195e+01
6.000092972122445900e+01
6.002716289575151620e+01
6.002400436126893624e+01
6.005463413253402649e+01
6.003641284749487284e+01
5.996738092509596640e+01
5.998400254941017096e+01
5.996077594833984392e+01
5.994993633801244926e+01
6.000106094626741537e+01
6.000152517800392360e+01
5.998491569608028584e+01
5.994922923283904481e+01
5.989942624060754639e+01
5.988970369270455762e+01
5.991749816808451357e+01
5.985950560382264740e+01
5.990179796819616342e+01
5.991388516336613890e+01
5.985226937180257067e+01
5.983814463890494295e+01
5.984297596132596198e+01
5.983247110865146823e+01
5.981319991767135491e+01
5.982457622820444954e+01
5.984319961729320880e+01
5.988712474176508493e+01
5.986514329894360031e+01
5.987058785496912350e+01
5.990449112927070274e+01
5.994594405107611834e+01
5.986970366720148462e+01
5.985468058937541258e+01
5.984110570625735903e+01
5.990036348615070949e+01
5.988179152484453027e+01
5.986216013290308524e+01
5.995249448044620522e+01
5.998427461535416683e+01
6.000216347957858432e+01
6.006805256976671359e+01
6.001378075898548303e+01
6.003831426862893750e+01
5.999863794470734035e+01
5.996415683673537700e+01
5.993350443556916929e+01
5.996430915425553110e+01
5.997282075145601965e+01
5.994207041405977776e+01
5.986137541132474382e+01
5.984529952127292063e+01
5.986382703506706804e+01
5.991167452798595860e+01
5.987168698484047269e+01
5.984109235339054322e+01
5.990403085582760667e+01
5.993362423910534176e+01
5.991611197974289382e+01
5.985701399554565683e+01
5.984856281906282760e+01
5.986211713499825038e+01
5.989527527750403380e+01
5.994368759593965734e+01
6.001115060019630931e+01
6.005881872045986825e+01
6.007281261032971287e+01
6.009176525287887927e+01
6.011668488025752310e+01
6.017377981638502149e+01
6.019158593183189510e+01
6.027361651497082562e+01
6.031472325559258962e+01
6.032786109979604561e+01
6.021347151852994273e+01
6.021158011208957817e+01
6.024795809393993551e+01
6.024984053687283136e+01
6.026694065579590642e+01
6.030903202234360805e+01
6.027994190446955969e+01
6.030304910350446335e+01
6.031906561098211483e+01
6.034168536332211374e+01
6.035654719691589065e+01
6.037918831708261536e+01
6.045561752234191033e+01
6.037667385237646300e+01
6.036740198093335152e+01
6.037631849394510652e+01
6.037860695202747507e+01
6.047105586430866708e+01
6.050420704880216505e+01
6.051548417481940589e+01
6.058609048995262469e+01
6.062880706062628633e+01
6.066701638410676622e+01
6.070287539370996654e+01
6.077968714341159995e+01
6.085755721725912082e+01
6.088372018167408584e+01
6.085198889588854598e+01
6.085213237335674563e+01
6.085114260116359475e+01
6.088117431351049191e+01
6.084143628497463396e+01
6.082810301033385514e+01
6.087066607720237954e+01
6.090399013642230130e+01
6.088283193150621031e+01
6.090188658845718805e+01
6.091245894648517378e+01
6.085999850992573812e+01
6.085857381565875812e+01
6.082294580834425091e+01
6.084719202662835613e+01
6.084392561065540406e+01
6.087089750679258771e+01
6.082161560943109890e+01
6.077884634788196649e+01
6.075320660509018467e+01
6.074586166155584266e+01
6.075279198553644022e+01
6.076409154393734013e+01
6.083829448266469342e+01
6.082572045888413470e+01
6.080707929574772663e+01
6.079805485275967669e+01
6.082318667809730073e+01
6.079895561009389837e+01
6.075479716945509523e+01
6.071451066724723944e+01
6.060944062053262371e+01
6.062147679411710044e+01
6.060003328377553800e+01
6.058492263799374911e+01
6.059771616476781730e+01
6.060544082347983874e+01
6.055221800071872451e+01
6.052728373990697719e+01
6.047159464647204885e+01
6.046549433573663634e+01
6.041627508337089836e+01
6.045182605441995349e+01
6.048255944235133796e+01
6.046872118073296321e+01
6.040521680108453495e+01
6.034077943056276183e+01
6.028059714040107764e+01
6.027516403006454482e+01
6.031655290888002696e+01
6.031558924270902367e+01
6.038176268714917683e+01
6.042731828540208028e+01
6.043904381858116892e+01
