2.040000000000000000e+03
4.094000000000000000e+03
6.137000000000000000e+03
8.133000000000000000e+03
1.020900000000000000e+04
1.226000000000000000e+04
1.433000000000000000e+04
1.628700000000000000e+04
1.839800000000000000e+04
2.046800000000000000e+04
2.241200000000000000e+04
2.455300000000000000e+04
2.648200000000000000e+04
2.861100000000000000e+04
3.059800000000000000e+04
3.267900000000000000e+04
3.471400000000000000e+04
3.666100000000000000e+04
3.874800000000000000e+04
4.083500000000000000e+04
4.297500000000000000e+04
4.505000000000000000e+04
4.698800000000000000e+04
4.901000000000000000e+04
5.104500000000000000e+04
5.316300000000000000e+04
5.520400000000000000e+04
5.729500000000000000e+04
5.933700000000000000e+04
6.135400000000000000e+04
6.333800000000000000e+04
6.551700000000000000e+04
6.747600000000000000e+04
6.962800000000000000e+04
7.155900000000000000e+04
7.364200000000000000e+04
7.568000000000000000e+04
7.775800000000000000e+04
7.976800000000000000e+04
8.170600000000000000e+04
8.386400000000000000e+04
8.599500000000000000e+04
8.804900000000000000e+04
9.008700000000000000e+04
9.203800000000000000e+04
9.404900000000000000e+04
9.614300000000000000e+04
9.830000000000000000e+04
1.002940000000000000e+05
1.023650000000000000e+05
1.043620000000000000e+05
1.063920000000000000e+05
1.084250000000000000e+05
1.105280000000000000e+05
1.125260000000000000e+05
1.146010000000000000e+05
1.166040000000000000e+05
1.186280000000000000e+05
1.207120000000000000e+05
1.227590000000000000e+05
1.248050000000000000e+05
1.268060000000000000e+05
1.288580000000000000e+05
1.310030000000000000e+05
1.330840000000000000e+05
1.350830000000000000e+05
1.370520000000000000e+05
1.392080000000000000e+05
1.410310000000000000e+05
1.433170000000000000e+05
1.453370000000000000e+05
1.473390000000000000e+05
1.494250000000000000e+05
1.514390000000000000e+05
1.535160000000000000e+05
1.555110000000000000e+05
1.576840000000000000e+05
1.595960000000000000e+05
1.617710000000000000e+05
1.637290000000000000e+05
1.657740000000000000e+05
1.678740000000000000e+05
1.699660000000000000e+05
1.720200000000000000e+05
1.740120000000000000e+05
1.761010000000000000e+05
1.781670000000000000e+05
1.801820000000000000e+05
1.822160000000000000e+05
1.843130000000000000e+05
1.861760000000000000e+05
1.883800000000000000e+05
1.903440000000000000e+05
1.923980000000000000e+05
1.945440000000000000e+05
1.965360000000000000e+05
1.986420000000000000e+05
2.004850000000000000e+05
2.026250000000000000e+05
2.047890000000000000e+05
2.067840000000000000e+05
2.086380000000000000e+05
2.109130000000000000e+05
2.127510000000000000e+05
2.147990000000000000e+05
2.170020000000000000e+05
2.190920000000000000e+05
2.211770000000000000e+05
2.231800000000000000e+05
2.252600000000000000e+05
2.272510000000000000e+05
2.293760000000000000e+05
2.313510000000000000e+05
2.334280000000000000e+05
2.353330000000000000e+05
2.375420000000000000e+05
2.395420000000000000e+05
2.416070000000000000e+05
2.435940000000000000e+05
2.456850000000000000e+05
2.478010000000000000e+05
2.496380000000000000e+05
2.516800000000000000e+05
2.537870000000000000e+05
2.559900000000000000e+05
2.578570000000000000e+05
2.599870000000000000e+05
2.620160000000000000e+05
2.641260000000000000e+05
2.661740000000000000e+05
2.682080000000000000e+05
2.701880000000000000e+05
2.722370000000000000e+05
2.743500000000000000e+05
2.763570000000000000e+05
2.784100000000000000e+05
2.804930000000000000e+05
2.824030000000000000e+05
2.845330000000000000e+05
2.866430000000000000e+05
2.886250000000000000e+05
2.907130000000000000e+05
2.927220000000000000e+05
2.948730000000000000e+05
2.969030000000000000e+05
2.988130000000000000e+05
3.009040000000000000e+05
3.029430000000000000e+05
3.051270000000000000e+05
3.070460000000000000e+05
3.091160000000000000e+05
3.112870000000000000e+05
3.131580000000000000e+05
3.152800000000000000e+05
3.173910000000000000e+05
3.193100000000000000e+05
3.213870000000000000e+05
3.234940000000000000e+05
3.254240000000000000e+05
3.275220000000000000e+05
3.295730000000000000e+05
3.317180000000000000e+05
3.336100000000000000e+05
3.355170000000000000e+05
3.377650000000000000e+05
3.398540000000000000e+05
3.420140000000000000e+05
3.439400000000000000e+05
3.460450000000000000e+05
3.479320000000000000e+05
3.501750000000000000e+05
3.521210000000000000e+05
3.542710000000000000e+05
3.562690000000000000e+05
3.581620000000000000e+05
3.603260000000000000e+05
3.624360000000000000e+05
3.643720000000000000e+05
3.662720000000000000e+05
3.685490000000000000e+05
3.704080000000000000e+05
3.726840000000000000e+05
3.745020000000000000e+05
3.766660000000000000e+05
3.785570000000000000e+05
3.807440000000000000e+05
3.829720000000000000e+05
3.849570000000000000e+05
3.868740000000000000e+05
3.888560000000000000e+05
3.910090000000000000e+05
3.929840000000000000e+05
3.950840000000000000e+05
3.971850000000000000e+05
3.993350000000000000e+05
4.011910000000000000e+05
4.032840000000000000e+05
4.054370000000000000e+05
4.074840000000000000e+05
4.094310000000000000e+05
4.114240000000000000e+05
4.135130000000000000e+05
4.155340000000000000e+05
4.175910000000000000e+05
4.197270000000000000e+05
4.218380000000000000e+05
4.236850000000000000e+05
4.258820000000000000e+05
4.278780000000000000e+05
4.300100000000000000e+05
4.319600000000000000e+05
4.340670000000000000e+05
4.360310000000000000e+05
4.381630000000000000e+05
4.401200000000000000e+05
4.422850000000000000e+05
4.441450000000000000e+05
4.463860000000000000e+05
4.484850000000000000e+05
4.501630000000000000e+05
4.520020000000000000e+05
4.544710000000000000e+05
4.563280000000000000e+05
4.587190000000000000e+05
4.607090000000000000e+05
4.627160000000000000e+05
4.645670000000000000e+05
4.669330000000000000e+05
4.686160000000000000e+05
4.709150000000000000e+05
4.729790000000000000e+05
4.749800000000000000e+05
4.768330000000000000e+05
4.788450000000000000e+05
4.809510000000000000e+05
4.830370000000000000e+05
4.852690000000000000e+05
4.873590000000000000e+05
4.893650000000000000e+05
4.913430000000000000e+05
4.933330000000000000e+05
4.955640000000000000e+05
4.975330000000000000e+05
4.997090000000000000e+05
5.017360000000000000e+05
5.035290000000000000e+05
5.056180000000000000e+05
5.077170000000000000e+05
5.098490000000000000e+05
5.119360000000000000e+05
5.139220000000000000e+05
5.158630000000000000e+05
5.180760000000000000e+05
5.200720000000000000e+05
5.221840000000000000e+05
5.241050000000000000e+05
5.262220000000000000e+05
5.283300000000000000e+05
5.302290000000000000e+05
5.323230000000000000e+05
5.343660000000000000e+05
5.365130000000000000e+05
5.384500000000000000e+05
5.405580000000000000e+05
5.423170000000000000e+05
5.446250000000000000e+05
5.468040000000000000e+05
5.486650000000000000e+05
5.505300000000000000e+05
5.529030000000000000e+05
5.548310000000000000e+05
5.567170000000000000e+05
5.589340000000000000e+05
5.611390000000000000e+05
5.631240000000000000e+05
5.650600000000000000e+05
5.672570000000000000e+05
5.690630000000000000e+05
5.711770000000000000e+05
5.733620000000000000e+05
5.754140000000000000e+05
5.775320000000000000e+05
5.790930000000000000e+05
5.814620000000000000e+05
5.834130000000000000e+05
5.855030000000000000e+05
5.876190000000000000e+05
5.894330000000000000e+05
5.916580000000000000e+05
5.934760000000000000e+05
5.958990000000000000e+05
5.979740000000000000e+05
5.994580000000000000e+05
6.019930000000000000e+05
6.040850000000000000e+05
6.056860000000000000e+05
6.080670000000000000e+05
6.100690000000000000e+05
6.120030000000000000e+05
6.141610000000000000e+05
6.163180000000000000e+05
6.184340000000000000e+05
6.203890000000000000e+05
6.219020000000000000e+05
6.244940000000000000e+05
6.266250000000000000e+05
6.286860000000000000e+05
6.306070000000000000e+05
6.327170000000000000e+05
6.347370000000000000e+05
6.362450000000000000e+05
6.389690000000000000e+05
6.403660000000000000e+05
6.428800000000000000e+05
6.445940000000000000e+05
6.471260000000000000e+05
6.490070000000000000e+05
6.512590000000000000e+05
6.529050000000000000e+05
6.550830000000000000e+05
6.572330000000000000e+05
6.588870000000000000e+05
6.614520000000000000e+05
6.634940000000000000e+05
6.651900000000000000e+05
6.676080000000000000e+05
6.694520000000000000e+05
6.715420000000000000e+05
6.734310000000000000e+05
6.751210000000000000e+05
6.777550000000000000e+05
6.797590000000000000e+05
6.819290000000000000e+05
6.838400000000000000e+05
6.857280000000000000e+05
6.881200000000000000e+05
6.901550000000000000e+05
6.919090000000000000e+05
6.937930000000000000e+05
6.961500000000000000e+05
6.981640000000000000e+05
7.001380000000000000e+05
7.020230000000000000e+05
7.042260000000000000e+05
7.059340000000000000e+05
7.084670000000000000e+05
7.103770000000000000e+05
7.125570000000000000e+05
7.146690000000000000e+05
7.164920000000000000e+05
7.186130000000000000e+05
7.207390000000000000e+05
7.225650000000000000e+05
7.243970000000000000e+05
7.267000000000000000e+05
7.286950000000000000e+05
7.310470000000000000e+05
7.329940000000000000e+05
7.351610000000000000e+05
7.370570000000000000e+05
7.392200000000000000e+05
7.406370000000000000e+05
7.431970000000000000e+05
7.454710000000000000e+05
7.474830000000000000e+05
7.492900000000000000e+05
7.512220000000000000e+05
7.535690000000000000e+05
7.555210000000000000e+05
7.574480000000000000e+05
7.595840000000000000e+05
7.615330000000000000e+05
7.634730000000000000e+05
7.655550000000000000e+05
7.678520000000000000e+05
7.699720000000000000e+05
7.718530000000000000e+05
7.734380000000000000e+05
7.757330000000000000e+05
7.776540000000000000e+05
7.801390000000000000e+05
7.820290000000000000e+05
7.840740000000000000e+05
7.864290000000000000e+05
7.883450000000000000e+05
7.902270000000000000e+05
7.922210000000000000e+05
7.942590000000000000e+05
7.965350000000000000e+05
7.979900000000000000e+05
8.005300000000000000e+05
8.028080000000000000e+05
8.044040000000000000e+05
8.066390000000000000e+05
8.085710000000000000e+05
8.107050000000000000e+05
8.125810000000000000e+05
8.149930000000000000e+05
8.169940000000000000e+05
8.185630000000000000e+05
8.204120000000000000e+05
8.227010000000000000e+05
8.250900000000000000e+05
8.266920000000000000e+05
8.293740000000000000e+05
8.308410000000000000e+05
8.335010000000000000e+05
8.355580000000000000e+05
8.375880000000000000e+05
8.387320000000000000e+05
8.413620000000000000e+05
8.435060000000000000e+05
8.458130000000000000e+05
8.474940000000000000e+05
8.499140000000000000e+05
8.516980000000000000e+05
8.536970000000000000e+05
8.560430000000000000e+05
8.578890000000000000e+05
8.598530000000000000e+05
8.612790000000000000e+05
8.637100000000000000e+05
8.661990000000000000e+05
8.679010000000000000e+05
8.703930000000000000e+05
8.722910000000000000e+05
8.742600000000000000e+05
8.764420000000000000e+05
8.784780000000000000e+05
8.804850000000000000e+05
8.825810000000000000e+05
8.845960000000000000e+05
8.867170000000000000e+05
8.882080000000000000e+05
8.904130000000000000e+05
8.928170000000000000e+05
8.948190000000000000e+05
8.968300000000000000e+05
8.985690000000000000e+05
9.009830000000000000e+05
9.030840000000000000e+05
9.050070000000000000e+05
9.070790000000000000e+05
9.092210000000000000e+05
9.111870000000000000e+05
9.132240000000000000e+05
9.150150000000000000e+05
9.173880000000000000e+05
9.190180000000000000e+05
9.215500000000000000e+05
9.234670000000000000e+05
9.254000000000000000e+05
9.276570000000000000e+05
9.297290000000000000e+05
9.315870000000000000e+05
9.335250000000000000e+05
9.358310000000000000e+05
9.373730000000000000e+05
9.398810000000000000e+05
9.414460000000000000e+05
9.436320000000000000e+05
9.460600000000000000e+05
9.476140000000000000e+05
9.495900000000000000e+05
9.521600000000000000e+05
9.536210000000000000e+05
9.563580000000000000e+05
9.581180000000000000e+05
9.601230000000000000e+05
9.615650000000000000e+05
9.645860000000000000e+05
9.663160000000000000e+05
9.685650000000000000e+05
9.698700000000000000e+05
9.727190000000000000e+05
9.741280000000000000e+05
9.763760000000000000e+05
9.788450000000000000e+05
9.809720000000000000e+05
9.829720000000000000e+05
9.848270000000000000e+05
9.869260000000000000e+05
9.883790000000000000e+05
9.911470000000000000e+05
9.929950000000000000e+05
9.945600000000000000e+05
9.969740000000000000e+05
9.986180000000000000e+05
1.001353000000000000e+06
1.002840000000000000e+06
1.005331000000000000e+06
1.007293000000000000e+06
1.009174000000000000e+06
1.011703000000000000e+06
1.013287000000000000e+06
1.015744000000000000e+06
1.017607000000000000e+06
1.019640000000000000e+06
1.021614000000000000e+06
1.023894000000000000e+06
1.025805000000000000e+06
1.027671000000000000e+06
1.029520000000000000e+06
1.031837000000000000e+06
1.034163000000000000e+06
1.035521000000000000e+06
1.038084000000000000e+06
1.040262000000000000e+06
1.042404000000000000e+06
1.043569000000000000e+06
1.046187000000000000e+06
1.048555000000000000e+06
1.050531000000000000e+06
1.052396000000000000e+06
1.054491000000000000e+06
1.055780000000000000e+06
1.058604000000000000e+06
1.060606000000000000e+06
1.062541000000000000e+06
1.064931000000000000e+06
1.066756000000000000e+06
1.068956000000000000e+06
1.070923000000000000e+06
1.073142000000000000e+06
1.075064000000000000e+06
1.076305000000000000e+06
1.078751000000000000e+06
1.080879000000000000e+06
1.083057000000000000e+06
1.084910000000000000e+06
1.086580000000000000e+06
1.088930000000000000e+06
1.091530000000000000e+06
1.093532000000000000e+06
1.095667000000000000e+06
1.097462000000000000e+06
1.099601000000000000e+06
1.100978000000000000e+06
1.103724000000000000e+06
1.105724000000000000e+06
1.107541000000000000e+06
1.109353000000000000e+06
1.111845000000000000e+06
1.113783000000000000e+06
1.116090000000000000e+06
1.117730000000000000e+06
1.119598000000000000e+06
1.121775000000000000e+06
1.123868000000000000e+06
1.126351000000000000e+06
1.127979000000000000e+06
1.130254000000000000e+06
1.132075000000000000e+06
1.134282000000000000e+06
1.136269000000000000e+06
1.138314000000000000e+06
1.140029000000000000e+06
1.142287000000000000e+06
1.144487000000000000e+06
1.146394000000000000e+06
1.148336000000000000e+06
1.150858000000000000e+06
1.152485000000000000e+06
1.154578000000000000e+06
1.157110000000000000e+06
1.159107000000000000e+06
1.161066000000000000e+06
1.162847000000000000e+06
1.164998000000000000e+06
1.166630000000000000e+06
1.169330000000000000e+06
1.170566000000000000e+06
1.173057000000000000e+06
1.174742000000000000e+06
1.176842000000000000e+06
1.178823000000000000e+06
1.181156000000000000e+06
1.183291000000000000e+06
1.184914000000000000e+06
1.187414000000000000e+06
1.189279000000000000e+06
1.191709000000000000e+06
1.193400000000000000e+06
1.195747000000000000e+06
1.197770000000000000e+06
1.199879000000000000e+06
1.201951000000000000e+06
1.203917000000000000e+06
1.206047000000000000e+06
1.208309000000000000e+06
1.210341000000000000e+06
1.212327000000000000e+06
1.213905000000000000e+06
1.215717000000000000e+06
1.218107000000000000e+06
1.220481000000000000e+06
1.222571000000000000e+06
1.223888000000000000e+06
1.226640000000000000e+06
1.228314000000000000e+06
1.230393000000000000e+06
1.232705000000000000e+06
1.234750000000000000e+06
1.236843000000000000e+06
1.238173000000000000e+06
1.240466000000000000e+06
1.242704000000000000e+06
1.244603000000000000e+06
1.246936000000000000e+06
1.248838000000000000e+06
1.250581000000000000e+06
1.252878000000000000e+06
1.254966000000000000e+06
1.257176000000000000e+06
1.259031000000000000e+06
1.261323000000000000e+06
1.263586000000000000e+06
1.265253000000000000e+06
1.267336000000000000e+06
1.269557000000000000e+06
1.271752000000000000e+06
1.273587000000000000e+06
1.275146000000000000e+06
1.277127000000000000e+06
1.279907000000000000e+06
1.281407000000000000e+06
1.283974000000000000e+06
1.285535000000000000e+06
1.287908000000000000e+06
1.290097000000000000e+06
1.291789000000000000e+06
1.294138000000000000e+06
1.296004000000000000e+06
1.298387000000000000e+06
1.300115000000000000e+06
1.302497000000000000e+06
1.303862000000000000e+06
1.306023000000000000e+06
1.308240000000000000e+06
1.310011000000000000e+06
1.312095000000000000e+06
1.314636000000000000e+06
1.316747000000000000e+06
1.318509000000000000e+06
1.320680000000000000e+06
1.322096000000000000e+06
1.324609000000000000e+06
1.326609000000000000e+06
1.328397000000000000e+06
1.330661000000000000e+06
1.332900000000000000e+06
1.334943000000000000e+06
1.337056000000000000e+06
1.338598000000000000e+06
1.341225000000000000e+06
1.343159000000000000e+06
1.345290000000000000e+06
1.347227000000000000e+06
1.349615000000000000e+06
1.351512000000000000e+06
1.353460000000000000e+06
1.355570000000000000e+06
1.356946000000000000e+06
1.359713000000000000e+06
1.361680000000000000e+06
1.363612000000000000e+06
1.365612000000000000e+06
1.367783000000000000e+06
1.369625000000000000e+06
1.371877000000000000e+06
1.373950000000000000e+06
1.376165000000000000e+06
1.377857000000000000e+06
1.379728000000000000e+06
1.382357000000000000e+06
1.383855000000000000e+06
1.386044000000000000e+06
1.388252000000000000e+06
1.389847000000000000e+06
1.392501000000000000e+06
1.394004000000000000e+06
1.396420000000000000e+06
1.398179000000000000e+06
1.400696000000000000e+06
1.402538000000000000e+06
1.404211000000000000e+06
1.406836000000000000e+06
1.408836000000000000e+06
1.410947000000000000e+06
1.412947000000000000e+06
1.414801000000000000e+06
1.416759000000000000e+06
1.418557000000000000e+06
1.421181000000000000e+06
1.423310000000000000e+06
1.425345000000000000e+06
1.427431000000000000e+06
1.428944000000000000e+06
1.431159000000000000e+06
1.433270000000000000e+06
1.435528000000000000e+06
1.437088000000000000e+06
1.439624000000000000e+06
1.440956000000000000e+06
1.443648000000000000e+06
1.445586000000000000e+06
1.447749000000000000e+06
1.449929000000000000e+06
1.451630000000000000e+06
1.453289000000000000e+06
1.456128000000000000e+06
1.457726000000000000e+06
1.460215000000000000e+06
1.462250000000000000e+06
1.463808000000000000e+06
1.465783000000000000e+06
1.468001000000000000e+06
1.469691000000000000e+06
1.472342000000000000e+06
1.474280000000000000e+06
1.476493000000000000e+06
1.477727000000000000e+06
1.480480000000000000e+06
1.482591000000000000e+06
1.484114000000000000e+06
1.486686000000000000e+06
1.488686000000000000e+06
1.490056000000000000e+06
1.492775000000000000e+06
1.494509000000000000e+06
1.496439000000000000e+06
1.498185000000000000e+06
1.501007000000000000e+06
1.502826000000000000e+06
1.504840000000000000e+06
1.507009000000000000e+06
1.509162000000000000e+06
1.511136000000000000e+06
1.513436000000000000e+06
1.515413000000000000e+06
1.517481000000000000e+06
1.519436000000000000e+06
1.521385000000000000e+06
1.523609000000000000e+06
1.525127000000000000e+06
1.527402000000000000e+06
1.528888000000000000e+06
1.531524000000000000e+06
1.533213000000000000e+06
1.535392000000000000e+06
1.537545000000000000e+06
1.539981000000000000e+06
1.541743000000000000e+06
1.543901000000000000e+06
1.546194000000000000e+06
1.548014000000000000e+06
1.550051000000000000e+06
1.551866000000000000e+06
1.554008000000000000e+06
1.555954000000000000e+06
1.558076000000000000e+06
1.560299000000000000e+06
1.562453000000000000e+06
1.564664000000000000e+06
1.566196000000000000e+06
1.568584000000000000e+06
1.570519000000000000e+06
1.572370000000000000e+06
1.574602000000000000e+06
1.576869000000000000e+06
1.578561000000000000e+06
1.580995000000000000e+06
1.583069000000000000e+06
1.584805000000000000e+06
1.586388000000000000e+06
1.588867000000000000e+06
1.591080000000000000e+06
1.593118000000000000e+06
1.594584000000000000e+06
1.596466000000000000e+06
1.599259000000000000e+06
1.600626000000000000e+06
1.602626000000000000e+06
1.605303000000000000e+06
1.607465000000000000e+06
1.609675000000000000e+06
1.611188000000000000e+06
1.613735000000000000e+06
1.615681000000000000e+06
1.617877000000000000e+06
1.619887000000000000e+06
1.621521000000000000e+06
1.623521000000000000e+06
1.626070000000000000e+06
1.627974000000000000e+06
1.629468000000000000e+06
1.632006000000000000e+06
1.633872000000000000e+06
1.636129000000000000e+06
1.638076000000000000e+06
1.640309000000000000e+06
1.642309000000000000e+06
1.644175000000000000e+06
1.645775000000000000e+06
1.648462000000000000e+06
1.650462000000000000e+06
1.651869000000000000e+06
1.654675000000000000e+06
1.656811000000000000e+06
1.658685000000000000e+06
1.660685000000000000e+06
1.662852000000000000e+06
1.664882000000000000e+06
1.666713000000000000e+06
1.668677000000000000e+06
1.670959000000000000e+06
1.672731000000000000e+06
1.674731000000000000e+06
1.676953000000000000e+06
1.678511000000000000e+06
1.681277000000000000e+06
1.682831000000000000e+06
1.685476000000000000e+06
1.686668000000000000e+06
1.689226000000000000e+06
1.691303000000000000e+06
1.693636000000000000e+06
1.695052000000000000e+06
1.697263000000000000e+06
1.699830000000000000e+06
1.700975000000000000e+06
1.703068000000000000e+06
1.705868000000000000e+06
1.707916000000000000e+06
1.709916000000000000e+06
1.711916000000000000e+06
1.713319000000000000e+06
1.715941000000000000e+06
1.717523000000000000e+06
1.719793000000000000e+06
1.722174000000000000e+06
1.724383000000000000e+06
1.726221000000000000e+06
1.727594000000000000e+06
1.730536000000000000e+06
1.732502000000000000e+06
1.734520000000000000e+06
1.736357000000000000e+06
1.737772000000000000e+06
1.740665000000000000e+06
1.741950000000000000e+06
1.744613000000000000e+06
1.746557000000000000e+06
1.748278000000000000e+06
1.750384000000000000e+06
1.752859000000000000e+06
1.754985000000000000e+06
1.756920000000000000e+06
1.759001000000000000e+06
1.760737000000000000e+06
1.762399000000000000e+06
1.764632000000000000e+06
1.767215000000000000e+06
1.769305000000000000e+06
1.771318000000000000e+06
1.773529000000000000e+06
1.775013000000000000e+06
1.776916000000000000e+06
1.779009000000000000e+06
1.781450000000000000e+06
1.783450000000000000e+06
1.785476000000000000e+06
1.787406000000000000e+06
1.789866000000000000e+06
1.791520000000000000e+06
1.793155000000000000e+06
1.795277000000000000e+06
1.797745000000000000e+06
1.800060000000000000e+06
1.802240000000000000e+06
1.803877000000000000e+06
1.805968000000000000e+06
1.807810000000000000e+06
1.810002000000000000e+06
1.812224000000000000e+06
1.814211000000000000e+06
1.815987000000000000e+06
1.817917000000000000e+06
1.820578000000000000e+06
1.822393000000000000e+06
1.824470000000000000e+06
1.826692000000000000e+06
1.828468000000000000e+06
1.830533000000000000e+06
1.832599000000000000e+06
1.834738000000000000e+06
1.836954000000000000e+06
1.838954000000000000e+06
1.840301000000000000e+06
1.842301000000000000e+06
1.844682000000000000e+06
1.847259000000000000e+06
1.848947000000000000e+06
1.850468000000000000e+06
1.853306000000000000e+06
1.855336000000000000e+06
1.857210000000000000e+06
1.858687000000000000e+06
1.861237000000000000e+06
1.863499000000000000e+06
1.864812000000000000e+06
1.867472000000000000e+06
1.869556000000000000e+06
1.871828000000000000e+06
1.873093000000000000e+06
1.875550000000000000e+06
1.877670000000000000e+06
1.879781000000000000e+06
1.881743000000000000e+06
1.883469000000000000e+06
1.885871000000000000e+06
1.888039000000000000e+06
1.889580000000000000e+06
1.891441000000000000e+06
1.893506000000000000e+06
1.896103000000000000e+06
1.897996000000000000e+06
1.900197000000000000e+06
1.902530000000000000e+06
1.904239000000000000e+06
1.906686000000000000e+06
1.908566000000000000e+06
1.910458000000000000e+06
1.912778000000000000e+06
1.914331000000000000e+06
1.916331000000000000e+06
1.918331000000000000e+06
1.920494000000000000e+06
1.922476000000000000e+06
1.925083000000000000e+06
1.926331000000000000e+06
1.928972000000000000e+06
1.930717000000000000e+06
1.932627000000000000e+06
1.935018000000000000e+06
1.937018000000000000e+06
1.938636000000000000e+06
1.940819000000000000e+06
1.943261000000000000e+06
1.945344000000000000e+06
1.947344000000000000e+06
1.949571000000000000e+06
1.951293000000000000e+06
1.953219000000000000e+06
1.955406000000000000e+06
1.957413000000000000e+06
1.959906000000000000e+06
1.961777000000000000e+06
1.963979000000000000e+06
1.965688000000000000e+06
1.967688000000000000e+06
1.970082000000000000e+06
1.971386000000000000e+06
1.973775000000000000e+06
1.976296000000000000e+06
1.977950000000000000e+06
1.979950000000000000e+06
1.981957000000000000e+06
1.984077000000000000e+06
1.986255000000000000e+06
1.987961000000000000e+06
1.990541000000000000e+06
1.992064000000000000e+06
1.994625000000000000e+06
1.996179000000000000e+06
1.998179000000000000e+06
2.000801000000000000e+06
