2.035000000000000000e+03
4.071000000000000000e+03
6.131000000000000000e+03
8.159000000000000000e+03
1.022000000000000000e+04
1.224600000000000000e+04
1.432000000000000000e+04
1.635100000000000000e+04
1.824600000000000000e+04
2.046200000000000000e+04
2.236700000000000000e+04
2.454000000000000000e+04
2.651300000000000000e+04
2.858100000000000000e+04
3.071300000000000000e+04
3.276400000000000000e+04
3.479400000000000000e+04
3.680500000000000000e+04
3.880500000000000000e+04
4.068600000000000000e+04
4.298900000000000000e+04
4.501200000000000000e+04
4.705700000000000000e+04
4.904300000000000000e+04
5.106600000000000000e+04
5.305800000000000000e+04
5.516000000000000000e+04
5.719700000000000000e+04
5.930800000000000000e+04
6.124800000000000000e+04
6.338400000000000000e+04
6.547200000000000000e+04
6.742400000000000000e+04
6.961300000000000000e+04
7.166100000000000000e+04
7.348700000000000000e+04
7.577600000000000000e+04
7.769400000000000000e+04
7.986900000000000000e+04
8.187500000000000000e+04
8.389100000000000000e+04
8.593800000000000000e+04
8.796600000000000000e+04
9.004800000000000000e+04
9.212300000000000000e+04
9.417700000000000000e+04
9.623400000000000000e+04
9.822100000000000000e+04
1.001800000000000000e+05
1.023880000000000000e+05
1.042920000000000000e+05
1.063480000000000000e+05
1.084530000000000000e+05
1.105560000000000000e+05
1.125680000000000000e+05
1.146680000000000000e+05
1.166800000000000000e+05
1.187770000000000000e+05
1.206960000000000000e+05
1.227920000000000000e+05
1.249280000000000000e+05
1.268380000000000000e+05
1.289710000000000000e+05
1.309290000000000000e+05
1.330990000000000000e+05
1.350100000000000000e+05
1.370480000000000000e+05
1.391240000000000000e+05
1.411560000000000000e+05
1.433530000000000000e+05
1.453270000000000000e+05
1.474450000000000000e+05
1.494700000000000000e+05
1.514620000000000000e+05
1.535140000000000000e+05
1.556040000000000000e+05
1.576950000000000000e+05
1.597360000000000000e+05
1.616190000000000000e+05
1.637600000000000000e+05
1.658550000000000000e+05
1.677850000000000000e+05
1.698940000000000000e+05
1.719320000000000000e+05
1.740420000000000000e+05
1.761280000000000000e+05
1.781690000000000000e+05
1.801670000000000000e+05
1.822680000000000000e+05
1.842510000000000000e+05
1.862980000000000000e+05
1.881800000000000000e+05
1.903970000000000000e+05
1.923800000000000000e+05
1.944860000000000000e+05
1.965350000000000000e+05
1.984890000000000000e+05
2.006240000000000000e+05
2.026200000000000000e+05
2.046050000000000000e+05
2.067460000000000000e+05
2.087520000000000000e+05
2.108000000000000000e+05
2.128910000000000000e+05
2.149180000000000000e+05
2.170020000000000000e+05
2.189520000000000000e+05
2.210990000000000000e+05
2.231180000000000000e+05
2.251600000000000000e+05
2.273060000000000000e+05
2.293130000000000000e+05
2.313750000000000000e+05
2.334270000000000000e+05
2.354780000000000000e+05
2.373890000000000000e+05
2.394700000000000000e+05
2.415640000000000000e+05
2.436410000000000000e+05
2.456600000000000000e+05
2.477580000000000000e+05
2.497750000000000000e+05
2.518700000000000000e+05
2.538940000000000000e+05
2.559530000000000000e+05
2.579450000000000000e+05
2.600670000000000000e+05
2.621020000000000000e+05
2.641020000000000000e+05
2.662390000000000000e+05
2.682220000000000000e+05
2.701810000000000000e+05
2.723790000000000000e+05
2.743860000000000000e+05
2.764560000000000000e+05
2.783790000000000000e+05
2.805620000000000000e+05
2.826170000000000000e+05
2.846350000000000000e+05
2.866500000000000000e+05
2.886890000000000000e+05
2.906860000000000000e+05
2.928040000000000000e+05
2.947650000000000000e+05
2.967890000000000000e+05
2.988970000000000000e+05
3.009820000000000000e+05
3.028990000000000000e+05
3.050470000000000000e+05
3.070230000000000000e+05
3.091040000000000000e+05
3.110910000000000000e+05
3.131900000000000000e+05
3.152350000000000000e+05
3.172720000000000000e+05
3.194550000000000000e+05
3.215030000000000000e+05
3.234740000000000000e+05
3.255680000000000000e+05
3.274890000000000000e+05
3.295580000000000000e+05
3.316380000000000000e+05
3.338020000000000000e+05
3.357230000000000000e+05
3.377900000000000000e+05
3.398520000000000000e+05
3.419490000000000000e+05
3.439530000000000000e+05
3.461030000000000000e+05
3.480640000000000000e+05
3.501120000000000000e+05
3.521350000000000000e+05
3.541870000000000000e+05
3.563490000000000000e+05
3.583540000000000000e+05
3.602510000000000000e+05
3.624690000000000000e+05
3.643990000000000000e+05
3.664670000000000000e+05
3.686030000000000000e+05
3.705790000000000000e+05
3.726950000000000000e+05
3.746820000000000000e+05
3.768010000000000000e+05
3.787020000000000000e+05
3.808270000000000000e+05
3.828380000000000000e+05
3.849290000000000000e+05
3.869860000000000000e+05
3.888970000000000000e+05
3.910200000000000000e+05
3.930390000000000000e+05
3.950210000000000000e+05
3.972630000000000000e+05
3.991950000000000000e+05
4.013110000000000000e+05
4.034340000000000000e+05
4.054950000000000000e+05
4.074390000000000000e+05
4.095850000000000000e+05
4.114390000000000000e+05
4.135860000000000000e+05
4.156380000000000000e+05
4.177530000000000000e+05
4.195870000000000000e+05
4.216920000000000000e+05
4.237970000000000000e+05
4.259040000000000000e+05
4.279810000000000000e+05
4.297130000000000000e+05
4.318870000000000000e+05
4.340040000000000000e+05
4.362000000000000000e+05
4.381080000000000000e+05
4.401240000000000000e+05
4.422460000000000000e+05
4.441270000000000000e+05
4.464230000000000000e+05
4.484290000000000000e+05
4.503470000000000000e+05
4.524220000000000000e+05
4.545260000000000000e+05
4.566220000000000000e+05
4.584800000000000000e+05
4.606550000000000000e+05
4.626300000000000000e+05
4.647310000000000000e+05
4.668280000000000000e+05
4.688990000000000000e+05
4.709330000000000000e+05
4.729380000000000000e+05
4.748550000000000000e+05
4.770250000000000000e+05
4.792000000000000000e+05
4.812230000000000000e+05
4.833250000000000000e+05
4.853000000000000000e+05
4.872880000000000000e+05
4.892730000000000000e+05
4.913530000000000000e+05
4.932740000000000000e+05
4.956060000000000000e+05
4.974600000000000000e+05
4.990610000000000000e+05
5.012940000000000000e+05
5.036750000000000000e+05
5.057280000000000000e+05
5.076960000000000000e+05
5.098880000000000000e+05
5.118590000000000000e+05
5.135480000000000000e+05
5.160660000000000000e+05
5.180540000000000000e+05
5.200990000000000000e+05
5.221410000000000000e+05
5.242000000000000000e+05
5.263150000000000000e+05
5.282740000000000000e+05
5.303860000000000000e+05
5.321270000000000000e+05
5.344380000000000000e+05
5.364650000000000000e+05
5.380500000000000000e+05
5.405770000000000000e+05
5.423490000000000000e+05
5.443220000000000000e+05
5.467420000000000000e+05
5.485970000000000000e+05
5.505020000000000000e+05
5.527890000000000000e+05
5.546860000000000000e+05
5.561800000000000000e+05
5.588400000000000000e+05
5.607500000000000000e+05
5.630490000000000000e+05
5.650010000000000000e+05
5.668980000000000000e+05
5.693250000000000000e+05
5.713050000000000000e+05
5.734300000000000000e+05
5.754370000000000000e+05
5.771620000000000000e+05
5.795110000000000000e+05
5.816010000000000000e+05
5.836370000000000000e+05
5.855250000000000000e+05
5.873610000000000000e+05
5.895150000000000000e+05
5.917890000000000000e+05
5.937220000000000000e+05
5.950390000000000000e+05
5.978270000000000000e+05
5.996620000000000000e+05
6.015850000000000000e+05
6.037970000000000000e+05
6.060690000000000000e+05
6.080710000000000000e+05
6.098240000000000000e+05
6.121850000000000000e+05
6.136670000000000000e+05
6.162370000000000000e+05
6.176680000000000000e+05
6.201640000000000000e+05
6.224990000000000000e+05
6.244480000000000000e+05
6.266370000000000000e+05
6.285200000000000000e+05
6.307420000000000000e+05
6.324580000000000000e+05
6.342570000000000000e+05
6.367760000000000000e+05
6.386440000000000000e+05
6.406660000000000000e+05
6.428420000000000000e+05
6.448590000000000000e+05
6.470880000000000000e+05
6.485140000000000000e+05
6.508120000000000000e+05
6.530490000000000000e+05
6.550810000000000000e+05
6.569650000000000000e+05
6.591880000000000000e+05
6.606180000000000000e+05
6.633640000000000000e+05
6.651920000000000000e+05
6.667660000000000000e+05
6.691920000000000000e+05
6.709620000000000000e+05
6.731100000000000000e+05
6.754290000000000000e+05
6.773480000000000000e+05
6.791870000000000000e+05
6.817180000000000000e+05
6.838180000000000000e+05
6.856970000000000000e+05
6.876580000000000000e+05
6.893920000000000000e+05
6.919940000000000000e+05
6.937320000000000000e+05
6.960030000000000000e+05
6.982030000000000000e+05
7.001160000000000000e+05
7.021870000000000000e+05
7.044300000000000000e+05
7.057450000000000000e+05
7.083630000000000000e+05
7.098280000000000000e+05
7.124270000000000000e+05
7.144620000000000000e+05
7.167300000000000000e+05
7.186570000000000000e+05
7.208940000000000000e+05
7.227450000000000000e+05
7.246820000000000000e+05
7.266250000000000000e+05
7.286250000000000000e+05
7.307540000000000000e+05
7.328080000000000000e+05
7.345500000000000000e+05
7.369190000000000000e+05
7.388260000000000000e+05
7.410740000000000000e+05
7.427740000000000000e+05
7.445460000000000000e+05
7.469060000000000000e+05
7.491410000000000000e+05
7.512590000000000000e+05
7.529290000000000000e+05
7.554650000000000000e+05
7.575370000000000000e+05
7.594630000000000000e+05
7.618450000000000000e+05
7.632610000000000000e+05
7.658960000000000000e+05
7.678040000000000000e+05
7.698040000000000000e+05
7.717160000000000000e+05
7.740360000000000000e+05
7.760620000000000000e+05
7.778160000000000000e+05
7.802470000000000000e+05
7.821610000000000000e+05
7.842790000000000000e+05
7.860510000000000000e+05
7.883970000000000000e+05
7.903990000000000000e+05
7.923250000000000000e+05
7.945320000000000000e+05
7.961020000000000000e+05
7.985610000000000000e+05
8.003460000000000000e+05
8.027890000000000000e+05
8.046760000000000000e+05
8.068680000000000000e+05
8.084800000000000000e+05
8.109040000000000000e+05
8.130070000000000000e+05
8.148060000000000000e+05
8.167290000000000000e+05
8.188020000000000000e+05
8.210360000000000000e+05
8.227690000000000000e+05
8.247580000000000000e+05
8.270270000000000000e+05
8.292220000000000000e+05
8.313030000000000000e+05
8.333940000000000000e+05
8.355530000000000000e+05
8.375880000000000000e+05
8.396360000000000000e+05
8.413230000000000000e+05
8.432130000000000000e+05
8.453260000000000000e+05
8.476820000000000000e+05
8.496360000000000000e+05
8.519020000000000000e+05
8.534300000000000000e+05
8.558400000000000000e+05
8.572180000000000000e+05
8.597000000000000000e+05
8.620800000000000000e+05
8.642420000000000000e+05
8.659720000000000000e+05
8.683080000000000000e+05
8.698080000000000000e+05
8.721940000000000000e+05
8.741940000000000000e+05
8.762550000000000000e+05
8.784800000000000000e+05
8.803670000000000000e+05
8.820150000000000000e+05
8.845800000000000000e+05
8.861090000000000000e+05
8.886750000000000000e+05
8.903080000000000000e+05
8.925700000000000000e+05
8.940470000000000000e+05
8.966500000000000000e+05
8.981540000000000000e+05
9.005400000000000000e+05
9.028400000000000000e+05
9.043730000000000000e+05
9.066870000000000000e+05
9.087890000000000000e+05
9.111420000000000000e+05
9.127560000000000000e+05
9.145250000000000000e+05
9.173730000000000000e+05
9.193730000000000000e+05
9.213730000000000000e+05
9.228960000000000000e+05
9.248270000000000000e+05
9.274420000000000000e+05
9.296200000000000000e+05
9.311180000000000000e+05
9.331820000000000000e+05
9.354640000000000000e+05
9.370900000000000000e+05
9.398370000000000000e+05
9.419320000000000000e+05
9.433210000000000000e+05
9.455750000000000000e+05
9.477260000000000000e+05
9.495140000000000000e+05
9.520900000000000000e+05
9.540900000000000000e+05
9.560430000000000000e+05
9.582580000000000000e+05
9.604190000000000000e+05
9.624190000000000000e+05
9.643000000000000000e+05
9.665570000000000000e+05
9.684730000000000000e+05
9.705010000000000000e+05
9.720870000000000000e+05
9.748120000000000000e+05
9.767580000000000000e+05
9.780540000000000000e+05
9.803730000000000000e+05
9.829860000000000000e+05
9.844530000000000000e+05
9.871320000000000000e+05
9.891550000000000000e+05
9.911360000000000000e+05
9.931360000000000000e+05
9.953040000000000000e+05
9.973710000000000000e+05
9.988280000000000000e+05
1.000547000000000000e+06
1.003115000000000000e+06
1.004940000000000000e+06
1.007595000000000000e+06
1.008961000000000000e+06
1.010920000000000000e+06
1.013679000000000000e+06
1.015385000000000000e+06
1.017853000000000000e+06
1.019826000000000000e+06
1.021747000000000000e+06
1.023031000000000000e+06
1.025256000000000000e+06
1.027256000000000000e+06
1.030040000000000000e+06
1.031943000000000000e+06
1.034003000000000000e+06
1.036116000000000000e+06
1.038149000000000000e+06
1.039978000000000000e+06
1.041550000000000000e+06
1.043979000000000000e+06
1.045843000000000000e+06
1.048275000000000000e+06
1.050122000000000000e+06
1.052577000000000000e+06
1.054266000000000000e+06
1.056281000000000000e+06
1.058233000000000000e+06
1.060671000000000000e+06
1.062331000000000000e+06
1.064714000000000000e+06
1.066697000000000000e+06
1.068131000000000000e+06
1.070486000000000000e+06
1.073139000000000000e+06
1.075139000000000000e+06
1.076501000000000000e+06
1.079124000000000000e+06
1.080997000000000000e+06
1.083080000000000000e+06
1.085080000000000000e+06
1.087380000000000000e+06
1.089495000000000000e+06
1.091495000000000000e+06
1.093495000000000000e+06
1.095070000000000000e+06
1.097403000000000000e+06
1.099388000000000000e+06
1.101290000000000000e+06
1.103472000000000000e+06
1.105725000000000000e+06
1.107663000000000000e+06
1.109848000000000000e+06
1.111662000000000000e+06
1.113369000000000000e+06
1.115713000000000000e+06
1.118200000000000000e+06
1.119556000000000000e+06
1.121930000000000000e+06
1.123573000000000000e+06
1.126368000000000000e+06
1.128264000000000000e+06
1.130318000000000000e+06
1.131639000000000000e+06
1.133984000000000000e+06
1.136008000000000000e+06
1.138641000000000000e+06
1.140182000000000000e+06
1.142182000000000000e+06
1.144047000000000000e+06
1.146535000000000000e+06
1.148745000000000000e+06
1.150745000000000000e+06
1.152521000000000000e+06
1.154705000000000000e+06
1.156629000000000000e+06
1.158323000000000000e+06
1.160323000000000000e+06
1.162799000000000000e+06
1.164799000000000000e+06
1.167185000000000000e+06
1.169185000000000000e+06
1.171449000000000000e+06
1.172677000000000000e+06
1.174677000000000000e+06
1.177481000000000000e+06
1.179587000000000000e+06
1.181181000000000000e+06
1.183181000000000000e+06
1.185013000000000000e+06
1.186947000000000000e+06
1.188947000000000000e+06
1.190947000000000000e+06
1.193692000000000000e+06
1.196000000000000000e+06
1.197820000000000000e+06
1.199727000000000000e+06
1.201727000000000000e+06
1.203451000000000000e+06
1.205977000000000000e+06
1.207426000000000000e+06
1.209907000000000000e+06
1.212316000000000000e+06
1.213775000000000000e+06
1.216086000000000000e+06
1.218086000000000000e+06
1.220086000000000000e+06
1.222086000000000000e+06
1.224086000000000000e+06
1.225799000000000000e+06
1.228432000000000000e+06
1.230256000000000000e+06
1.232426000000000000e+06
1.234923000000000000e+06
1.236923000000000000e+06
1.238371000000000000e+06
1.241003000000000000e+06
1.242490000000000000e+06
1.245151000000000000e+06
1.246421000000000000e+06
1.248500000000000000e+06
1.251039000000000000e+06
1.252503000000000000e+06
1.255149000000000000e+06
1.257149000000000000e+06
1.258681000000000000e+06
1.260797000000000000e+06
1.263566000000000000e+06
1.265566000000000000e+06
1.266936000000000000e+06
1.269093000000000000e+06
1.271499000000000000e+06
1.273845000000000000e+06
1.275419000000000000e+06
1.277228000000000000e+06
1.279529000000000000e+06
1.281944000000000000e+06
1.283436000000000000e+06
1.285436000000000000e+06
1.287436000000000000e+06
1.289322000000000000e+06
1.291862000000000000e+06
1.293862000000000000e+06
1.295862000000000000e+06
1.297616000000000000e+06
1.300196000000000000e+06
1.302119000000000000e+06
1.304058000000000000e+06
1.306058000000000000e+06
1.308058000000000000e+06
1.310058000000000000e+06
1.312739000000000000e+06
1.314338000000000000e+06
1.316570000000000000e+06
1.318570000000000000e+06
1.320570000000000000e+06
1.322636000000000000e+06
1.324494000000000000e+06
1.326494000000000000e+06
1.328494000000000000e+06
1.330235000000000000e+06
1.332926000000000000e+06
1.334926000000000000e+06
1.336379000000000000e+06
1.339379000000000000e+06
1.341164000000000000e+06
1.342796000000000000e+06
1.345437000000000000e+06
1.347437000000000000e+06
1.349172000000000000e+06
1.350737000000000000e+06
1.352737000000000000e+06
1.355737000000000000e+06
1.357737000000000000e+06
1.358913000000000000e+06
1.361913000000000000e+06
1.363913000000000000e+06
1.365769000000000000e+06
1.367480000000000000e+06
1.369924000000000000e+06
1.371859000000000000e+06
1.374167000000000000e+06
1.375817000000000000e+06
1.377554000000000000e+06
1.380328000000000000e+06
1.381785000000000000e+06
1.383766000000000000e+06
1.385715000000000000e+06
1.387715000000000000e+06
1.390311000000000000e+06
1.392311000000000000e+06
1.393714000000000000e+06
1.396351000000000000e+06
1.398617000000000000e+06
1.400803000000000000e+06
1.402632000000000000e+06
1.404425000000000000e+06
1.406020000000000000e+06
1.408774000000000000e+06
1.410260000000000000e+06
1.412704000000000000e+06
1.414913000000000000e+06
1.416831000000000000e+06
1.418831000000000000e+06
1.421146000000000000e+06
1.423146000000000000e+06
1.424913000000000000e+06
1.427384000000000000e+06
1.429105000000000000e+06
1.431096000000000000e+06
1.433096000000000000e+06
1.435096000000000000e+06
1.437489000000000000e+06
1.439489000000000000e+06
1.441301000000000000e+06
1.443247000000000000e+06
1.445858000000000000e+06
1.447858000000000000e+06
1.449858000000000000e+06
1.451587000000000000e+06
1.453587000000000000e+06
1.455587000000000000e+06
1.457587000000000000e+06
1.459979000000000000e+06
1.461870000000000000e+06
1.464264000000000000e+06
1.466264000000000000e+06
1.468264000000000000e+06
1.469829000000000000e+06
1.472475000000000000e+06
1.474300000000000000e+06
1.476441000000000000e+06
1.478295000000000000e+06
1.480683000000000000e+06
1.481919000000000000e+06
1.483919000000000000e+06
1.485919000000000000e+06
1.488788000000000000e+06
1.490573000000000000e+06
1.492172000000000000e+06
1.494172000000000000e+06
1.496172000000000000e+06
1.498172000000000000e+06
1.500795000000000000e+06
1.502463000000000000e+06
1.505010000000000000e+06
1.507310000000000000e+06
1.509310000000000000e+06
1.511310000000000000e+06
1.513018000000000000e+06
1.515018000000000000e+06
1.517399000000000000e+06
1.519188000000000000e+06
1.521584000000000000e+06
1.523584000000000000e+06
1.525584000000000000e+06
1.527491000000000000e+06
1.529491000000000000e+06
1.531125000000000000e+06
1.533646000000000000e+06
1.535646000000000000e+06
1.537137000000000000e+06
1.539137000000000000e+06
1.541953000000000000e+06
1.543921000000000000e+06
1.545921000000000000e+06
1.548282000000000000e+06
1.549694000000000000e+06
1.551400000000000000e+06
1.554383000000000000e+06
1.556383000000000000e+06
1.557876000000000000e+06
1.559751000000000000e+06
1.562278000000000000e+06
1.564608000000000000e+06
1.566109000000000000e+06
1.568109000000000000e+06
1.570109000000000000e+06
1.572436000000000000e+06
1.574245000000000000e+06
1.576307000000000000e+06
1.578861000000000000e+06
1.580401000000000000e+06
1.582222000000000000e+06
1.584203000000000000e+06
1.586203000000000000e+06
1.588745000000000000e+06
1.590745000000000000e+06
1.592745000000000000e+06
1.594665000000000000e+06
1.597168000000000000e+06
1.599168000000000000e+06
1.601168000000000000e+06
1.603534000000000000e+06
1.605121000000000000e+06
1.607655000000000000e+06
1.609655000000000000e+06
1.611086000000000000e+06
1.613086000000000000e+06
1.615860000000000000e+06
1.617550000000000000e+06
1.619321000000000000e+06
1.621321000000000000e+06
1.623964000000000000e+06
1.625964000000000000e+06
1.627312000000000000e+06
1.629312000000000000e+06
1.631312000000000000e+06
1.633312000000000000e+06
1.636312000000000000e+06
1.638199000000000000e+06
1.640321000000000000e+06
1.642107000000000000e+06
1.644107000000000000e+06
1.646583000000000000e+06
1.647991000000000000e+06
1.649991000000000000e+06
1.651991000000000000e+06
1.654555000000000000e+06
1.656548000000000000e+06
1.658548000000000000e+06
1.659972000000000000e+06
1.662576000000000000e+06
1.664684000000000000e+06
1.666798000000000000e+06
1.668205000000000000e+06
1.670205000000000000e+06
1.672595000000000000e+06
1.674595000000000000e+06
1.676506000000000000e+06
1.679276000000000000e+06
1.681276000000000000e+06
1.683073000000000000e+06
1.685213000000000000e+06
1.686831000000000000e+06
1.688751000000000000e+06
1.691408000000000000e+06
1.692961000000000000e+06
1.695573000000000000e+06
1.697573000000000000e+06
1.699832000000000000e+06
1.701832000000000000e+06
1.703275000000000000e+06
1.705816000000000000e+06
1.707538000000000000e+06
1.709720000000000000e+06
1.711497000000000000e+06
1.713497000000000000e+06
1.715497000000000000e+06
1.717284000000000000e+06
1.720005000000000000e+06
1.721913000000000000e+06
1.724384000000000000e+06
1.726287000000000000e+06
1.728168000000000000e+06
1.730170000000000000e+06
1.732598000000000000e+06
1.734268000000000000e+06
1.736415000000000000e+06
1.738152000000000000e+06
1.740701000000000000e+06
1.742783000000000000e+06
1.744291000000000000e+06
1.746465000000000000e+06
1.748765000000000000e+06
1.750468000000000000e+06
1.752165000000000000e+06
1.754690000000000000e+06
1.756387000000000000e+06
1.759194000000000000e+06
1.761194000000000000e+06
1.762886000000000000e+06
1.765204000000000000e+06
1.767204000000000000e+06
1.768574000000000000e+06
1.771450000000000000e+06
1.773450000000000000e+06
1.775450000000000000e+06
1.777643000000000000e+06
1.779660000000000000e+06
1.781660000000000000e+06
1.783660000000000000e+06
1.785117000000000000e+06
1.787117000000000000e+06
1.789117000000000000e+06
1.791037000000000000e+06
1.793255000000000000e+06
1.795255000000000000e+06
1.797923000000000000e+06
1.799861000000000000e+06
1.801861000000000000e+06
1.803788000000000000e+06
1.805788000000000000e+06
1.807788000000000000e+06
1.809557000000000000e+06
1.811525000000000000e+06
1.814525000000000000e+06
1.815995000000000000e+06
1.817995000000000000e+06
1.820433000000000000e+06
1.822433000000000000e+06
1.823850000000000000e+06
1.825850000000000000e+06
1.828803000000000000e+06
1.830803000000000000e+06
1.832234000000000000e+06
1.834723000000000000e+06
1.836616000000000000e+06
1.838616000000000000e+06
1.840940000000000000e+06
1.843151000000000000e+06
1.844581000000000000e+06
1.847191000000000000e+06
1.848953000000000000e+06
1.850953000000000000e+06
1.853364000000000000e+06
1.855364000000000000e+06
1.857364000000000000e+06
1.859091000000000000e+06
1.860717000000000000e+06
1.863395000000000000e+06
1.865039000000000000e+06
1.866879000000000000e+06
1.869555000000000000e+06
1.871086000000000000e+06
1.872925000000000000e+06
1.875503000000000000e+06
1.877332000000000000e+06
1.879332000000000000e+06
1.882038000000000000e+06
1.884038000000000000e+06
1.886038000000000000e+06
1.888038000000000000e+06
1.890124000000000000e+06
1.892208000000000000e+06
1.894199000000000000e+06
1.896434000000000000e+06
1.898325000000000000e+06
1.899704000000000000e+06
1.902434000000000000e+06
1.904434000000000000e+06
1.906060000000000000e+06
1.908502000000000000e+06
1.910697000000000000e+06
1.912290000000000000e+06
1.914256000000000000e+06
1.916256000000000000e+06
1.918606000000000000e+06
1.920239000000000000e+06
1.922206000000000000e+06
1.924155000000000000e+06
1.927155000000000000e+06
1.929155000000000000e+06
1.931074000000000000e+06
1.933074000000000000e+06
1.934691000000000000e+06
1.937084000000000000e+06
1.939420000000000000e+06
1.940839000000000000e+06
1.942934000000000000e+06
1.944934000000000000e+06
1.947376000000000000e+06
1.948949000000000000e+06
1.951519000000000000e+06
1.953519000000000000e+06
1.955699000000000000e+06
1.956936000000000000e+06
1.959693000000000000e+06
1.961860000000000000e+06
1.963711000000000000e+06
1.965658000000000000e+06
1.967847000000000000e+06
1.969439000000000000e+06
1.971439000000000000e+06
1.973994000000000000e+06
1.976189000000000000e+06
1.977844000000000000e+06
1.979590000000000000e+06
1.981971000000000000e+06
1.984259000000000000e+06
1.985738000000000000e+06
1.988520000000000000e+06
1.990017000000000000e+06
1.991850000000000000e+06
1.994444000000000000e+06
1.995941000000000000e+06
1.997869000000000000e+06
2.000140000000000000e+06
