1.613054416866317991e-03
3.106557092048885249e-02
2.697965605027509151e-01
4.009113215546438735e-01
6.906781452230259521e-01
1.096863626820500537e+00
1.773661963246728313e+00
2.401870414173442825e+00
3.680818380698697823e+00
4.734985135918472920e+00
6.454833730067085718e+00
7.805099581873454540e+00
8.803868860181593092e+00
1.015036822567918051e+01
1.225174719840623361e+01
1.320482228435259664e+01
1.456380871278734546e+01
1.609720669957050987e+01
1.767929468145710103e+01
1.887727770675120453e+01
1.967230532405553234e+01
1.946376715829639537e+01
1.944020151240187744e+01
2.035974513923514806e+01
2.131133089150479876e+01
2.178785493734084966e+01
2.193275040792223862e+01
2.262982014429269739e+01
2.329115701093447655e+01
2.477256225414375379e+01
2.596631357374990756e+01
2.700969261781908770e+01
2.685714222989751221e+01
2.710078791844061641e+01
2.774852861125487991e+01
2.805009588924690789e+01
2.794842344209044427e+01
2.849725835557615028e+01
2.856923749104407406e+01
2.823238539392864865e+01
2.731914632461481673e+01
2.806625755058146154e+01
2.788142013902243832e+01
2.864294118883607254e+01
2.924623694848207478e+01
2.995313930189738016e+01
3.019040457409162315e+01
3.135066179492282501e+01
3.139681344426940512e+01
3.247380224185894804e+01
3.294968875474280878e+01
3.355865063791372194e+01
3.439820901321309066e+01
3.495004679123832858e+01
3.533124276184466339e+01
3.561669052555510717e+01
3.569301774990309895e+01
3.589022666957096419e+01
3.562426942857118917e+01
3.599384436943085319e+01
3.644873088202820810e+01
3.656129228005448795e+01
3.595541381869339403e+01
3.635152435112189551e+01
3.600779070304187002e+01
3.587499173267202934e+01
3.653633503165130492e+01
3.699225042393049279e+01
3.673835431644830862e+01
3.647962869632979732e+01
3.639119412598181214e+01
3.635964354220917016e+01
3.666004622981713368e+01
3.683864075031251417e+01
3.771594628432062279e+01
3.791242609333146163e+01
3.786982474433408896e+01
3.743405469643051475e+01
3.780090634745479150e+01
3.814917534915705488e+01
3.795272844555973535e+01
3.775207004993325199e+01
3.739581360792448095e+01
3.651156807845801922e+01
3.636860185563642744e+01
3.616603929114642568e+01
3.647695311900673687e+01
3.673308809511470940e+01
3.704910241610967603e+01
3.740179342462256784e+01
3.778235393750690463e+01
3.811680471095367295e+01
3.882250652122580448e+01
3.925115024232339067e+01
3.952321691915353341e+01
3.907382137958465762e+01
3.927546903962861791e+01
3.921465717123303563e+01
3.958333313620036620e+01
3.956155031200032823e+01
3.987279635072818706e+01
3.985321556035307822e+01
4.005717630651407291e+01
3.995357575475587453e+01
4.045342970156578133e+01
4.058842755381748191e+01
4.032500811100426574e+01
4.072753533345301236e+01
4.064571573878339450e+01
4.066958899928317095e+01
4.066140494105547276e+01
4.061429028557791554e+01
4.085679548203636102e+01
4.097636873555720882e+01
4.127854564400944781e+01
4.138707074628841553e+01
4.113781597893710540e+01
4.125480788551590905e+01
4.135594668246624650e+01
4.152031161842081985e+01
4.196867663881507582e+01
4.197214592774798092e+01
4.196409027627030497e+01
4.191690221382673087e+01
4.194085870319008080e+01
4.245716957291906368e+01
4.307814314550626733e+01
4.293522662858851646e+01
4.310064472072365049e+01
4.287281298224839077e+01
4.235181643564003195e+01
4.265279123922904603e+01
4.232525869984354472e+01
4.155740002367958397e+01
4.145784954083706708e+01
4.170759323029390231e+01
4.196944383785071153e+01
4.161344948891272821e+01
4.197942359549256253e+01
4.235753815972661585e+01
4.262599824621377564e+01
4.303272752451191963e+01
4.388205263216001129e+01
4.342275999499388206e+01
4.253768904122597405e+01
4.239754827610563837e+01
4.278789136706199514e+01
4.312360839507935140e+01
4.320399964143789617e+01
4.358957918586823155e+01
4.367865361048081496e+01
4.337781480939507617e+01
4.399243219532291960e+01
4.466874743389696079e+01
4.481756571155818136e+01
4.475121536487947793e+01
4.516066115645106294e+01
4.488917773848110215e+01
4.487402652093824429e+01
4.525597819025928459e+01
4.507703497431752027e+01
4.459892333112266982e+01
4.438724198214234207e+01
4.416857850163559362e+01
4.410382425412417717e+01
4.430311290321871809e+01
4.411926432678540522e+01
4.360944243436190249e+01
4.376346844183701990e+01
4.411476897719235524e+01
4.419701200837991450e+01
4.432960344078159665e+01
4.444670361493328414e+01
4.413809584145954545e+01
4.436093744609098621e+01
4.453498277298035646e+01
4.494175953403064483e+01
4.512945689770302948e+01
4.550458025388750372e+01
4.586680993628235825e+01
4.583771142152940570e+01
4.597940909469492965e+01
4.602074165465626976e+01
4.643621729706663359e+01
4.660209414668691608e+01
4.691816246767290721e+01
4.699155148487614753e+01
4.718621387687439750e+01
4.677152687202452341e+01
4.692745296942033661e+01
4.674972251480574670e+01
4.642899254497113049e+01
4.659587339003821427e+01
4.637529769244243738e+01
4.584378703204338024e+01
4.562287427435521181e+01
4.558818450801929600e+01
4.530494422516817110e+01
4.526635226497685949e+01
4.533430987282704194e+01
4.553399034577044091e+01
4.520107811109759410e+01
4.576444107957429708e+01
4.589165488054111108e+01
4.592664633230441495e+01
4.627404185074698972e+01
4.640425645525042597e+01
4.622596671822166314e+01
4.630859160072142799e+01
4.615850350543773573e+01
4.605871674666214233e+01
4.616463255305114188e+01
4.630525133387531156e+01
4.635551625801785036e+01
4.673780675656124828e+01
4.704727662573893099e+01
4.741245764056058931e+01
4.776479643973057421e+01
4.799588010774228763e+01
4.856886053901408218e+01
4.901728912885863565e+01
4.860821065277721686e+01
4.869545150052099558e+01
4.898914885206884406e+01
4.945566356985960965e+01
4.996708972600357157e+01
5.088118245896068714e+01
5.087737169644135093e+01
5.183040859636304276e+01
5.224078019795268091e+01
5.330355069532552648e+01
5.433139824065047208e+01
5.418999773920685925e+01
5.434234673182903919e+01
5.463484777064017806e+01
5.488845410529965108e+01
5.474485272614273867e+01
5.463241008731816351e+01
5.426504298734571563e+01
5.382935600169918899e+01
5.343210031966036411e+01
5.383243122411506931e+01
5.440527886327839013e+01
5.482403609159669600e+01
5.525036670292357144e+01
5.446056025633708231e+01
5.492466223329536490e+01
5.534092670642537115e+01
5.585582046751650864e+01
5.672546681505406241e+01
5.713341981551889859e+01
5.770967230547324078e+01
5.735877678894824072e+01
5.760216419858097936e+01
5.738044358788727806e+01
5.885002767546998825e+01
5.930535510369379892e+01
5.984921974823920010e+01
5.987474378598679436e+01
5.963800370340378976e+01
5.952851567047245851e+01
5.984103554690227611e+01
6.031117757847664507e+01
6.008333092457679214e+01
5.988462122755279893e+01
6.002578977045386921e+01
6.022222788329576559e+01
6.007994504469274233e+01
5.987820706741612753e+01
6.098581159533416240e+01
6.136254992324159474e+01
6.206509497457941649e+01
6.164085298946037028e+01
6.201754577828328507e+01
6.252027031440758975e+01
6.303981709231049280e+01
6.362230107895862830e+01
6.339684868953285957e+01
6.366388092733343740e+01
6.382984311307576775e+01
6.469818324992587577e+01
6.504596923907391215e+01
6.480556130489232203e+01
6.515822402951340564e+01
6.467934318974417351e+01
6.430264980753776172e+01
6.361125439213258659e+01
6.361269171887807516e+01
6.387196641709443412e+01
6.427259293686013564e+01
6.420633179953613023e+01
6.364493882788161727e+01
6.509828788524303889e+01
6.585915941809348340e+01
6.692769474230962601e+01
6.809411802967846938e+01
6.934934948764245632e+01
7.059533631421388122e+01
7.142057261870508000e+01
7.156114899588206413e+01
7.199185451201176988e+01
7.245450095763793286e+01
7.379484410655862803e+01
7.420867517340050767e+01
7.441916232266889608e+01
7.523091776909130601e+01
7.557756015835849439e+01
7.601147130473371760e+01
7.711455048930392309e+01
7.729275594348727907e+01
7.768845000751521468e+01
7.844924507018268400e+01
7.840770665336407319e+01
7.864028059763396072e+01
7.869303378867931542e+01
7.966197851215009962e+01
8.038623829700568990e+01
8.129527934423298063e+01
8.117454608849671160e+01
8.220863566081068541e+01
8.051343966186439616e+01
8.037917782921101661e+01
8.057209871873092766e+01
8.077034450661180642e+01
8.151429561126518308e+01
8.341655687969112876e+01
8.348261549265973258e+01
8.362563916569057199e+01
8.375770885557356848e+01
8.219240197145538218e+01
8.143230618324247416e+01
8.000557529549791980e+01
8.095869507873075577e+01
8.148212241267873424e+01
8.279506674626333051e+01
8.321788019367605216e+01
8.465844840571079999e+01
8.475425611937370718e+01
8.393086663387521185e+01
8.308098874770898590e+01
8.245741392015231952e+01
8.292686568072342368e+01
8.337127304656955573e+01
8.394401837497122187e+01
8.578294523341710942e+01
8.489898418494956900e+01
8.514580597291580943e+01
8.449275408243212837e+01
8.402131754144166109e+01
8.377662170510750173e+01
8.490811359571803507e+01
8.421147507804302279e+01
8.659117536290241901e+01
8.698397441967038901e+01
8.793759511715109056e+01
8.931420710392265505e+01
8.946745149748832659e+01
8.990781018660639745e+01
9.091823913009557145e+01
9.080632803344080628e+01
9.183705683620227944e+01
9.229127037221014973e+01
9.254032569918001627e+01
9.264603854076207767e+01
9.435007928642980346e+01
9.536340898543424771e+01
9.527326818248688767e+01
9.646074558970936152e+01
9.726381299963583160e+01
9.798909162141502804e+01
9.851371577889786124e+01
1.012027930877002433e+02
1.001692068127023987e+02
1.018581699859483933e+02
1.029992032988681103e+02
1.044918801405052307e+02
1.067722774118977753e+02
1.083634354561729083e+02
1.098198362300961719e+02
1.093763513873294357e+02
1.092180918941803185e+02
1.109090287561057266e+02
1.100091909554466412e+02
1.080719653621695784e+02
1.079404964174804746e+02
1.051932550847811711e+02
1.039290890286964668e+02
1.055101568246006138e+02
1.055959125007319983e+02
1.049120226282316395e+02
1.049619436743840595e+02
1.039427448654294608e+02
1.005335465223850377e+02
1.001566962915668739e+02
1.008465786682483554e+02
1.008326179479891067e+02
1.025442732958344578e+02
1.046342261091708821e+02
1.074617034851128494e+02
1.090527047902318145e+02
1.120588554146397655e+02
1.146921354014703383e+02
1.163704558194772147e+02
1.183695731271751583e+02
1.184316969099797348e+02
1.198053880088434369e+02
1.201517482351354005e+02
1.216225267715522733e+02
1.267748766013095860e+02
1.269925614694340652e+02
1.299001927182018221e+02
1.325812118446682177e+02
1.338211497656048721e+02
1.349220545839197030e+02
1.351498969669545716e+02
1.376190923189253397e+02
1.366922642975983990e+02
1.358733816034422262e+02
1.364556595922186091e+02
1.369181898670362898e+02
1.350218324248792783e+02
1.328601796550032361e+02
1.355959375612736721e+02
1.403012438709382934e+02
1.428449560068603148e+02
1.438203071958228634e+02
1.422207736389066781e+02
1.440370638323696824e+02
1.465920302133961854e+02
1.452188325302471696e+02
1.417490578604866585e+02
1.437418854744775274e+02
1.424619193926235710e+02
1.382241157586193765e+02
1.414171697486200401e+02
1.419137263213665108e+02
1.431955448665752044e+02
1.419440590581293975e+02
1.461534367873330211e+02
1.472740954194343885e+02
1.494248488953584229e+02
1.430380256485810548e+02
1.409397975049287766e+02
1.408770106087592922e+02
1.413685150568643394e+02
1.442656695920833840e+02
1.439465886208903385e+02
1.456189847023080688e+02
1.498578172502070913e+02
1.517941381037704218e+02
1.551257434008915652e+02
1.584042985754259121e+02
1.608421428956767443e+02
1.664365573764034991e+02
1.689298601525897823e+02
1.698686481186786352e+02
1.718349077130193905e+02
1.743163814215753575e+02
1.780619261733938004e+02
1.774633250837576668e+02
1.786142384682837303e+02
1.842917117532084319e+02
1.815741765132558498e+02
1.871582064620001233e+02
1.899258461972896441e+02
1.972633613880634869e+02
1.959310532659353328e+02
1.991457209549649860e+02
2.003356047671039164e+02
2.083452951282910419e+02
2.010147236744288364e+02
2.051714769041362558e+02
2.115469059405025973e+02
2.137167178582132010e+02
2.119831235852539919e+02
2.138446146351602977e+02
2.157276421821847237e+02
2.102466579502141144e+02
2.104785557855190916e+02
2.134459711840975160e+02
2.125926124798445471e+02
2.142548216298633292e+02
2.089860266984314876e+02
2.152943668615992578e+02
2.191772383709554219e+02
2.213009876943947916e+02
2.208245358662294393e+02
2.162162419769487087e+02
2.214241812874557809e+02
2.257572184682431100e+02
2.250479984677021150e+02
2.142023617471132013e+02
2.208457474175767175e+02
2.209951257805536500e+02
2.232660406294212123e+02
2.269449790864491661e+02
2.292832732402993372e+02
2.323235799077237118e+02
2.370879190246368751e+02
2.417512705932689983e+02
2.417635743690194658e+02
2.402194222193479334e+02
2.390508782774108738e+02
2.386190675964529078e+02
2.391588152094872157e+02
2.425081766352498391e+02
2.478406601690226978e+02
2.486884739874793411e+02
2.495903544527255065e+02
2.493615633358365073e+02
2.490188645221341233e+02
2.524809917601126585e+02
2.485101740766927492e+02
2.528314293502849353e+02
2.509716012918239301e+02
2.556302745608505802e+02
2.617877013260594481e+02
2.614224333901140085e+02
2.632312398897581716e+02
2.619477015240073001e+02
2.631599721128870328e+02
2.652800988763290206e+02
2.683860526844480887e+02
2.673300185736698040e+02
2.680290595484027563e+02
2.691520013768169974e+02
2.675548009945893568e+02
2.677344579265098332e+02
2.705745315390677206e+02
2.670655163353073931e+02
2.625609199269578085e+02
2.638922064800646012e+02
2.669350833003387606e+02
2.693526315424202267e+02
2.742753689646858675e+02
2.764298454106381087e+02
2.804341016166762870e+02
2.787844895111722963e+02
2.784935652100820676e+02
2.763110641098485871e+02
2.802471183371883399e+02
2.857851779328920543e+02
2.838074336220997225e+02
2.889895448506467233e+02
2.897006009250190459e+02
2.931562202131351569e+02
2.950369575022402273e+02
2.944663671908884908e+02
2.934069841439712150e+02
2.903033036337071167e+02
2.875162165540141359e+02
2.876398392985671535e+02
2.902203157483052678e+02
2.889049543243434073e+02
2.874393227812841474e+02
2.904097766464694246e+02
2.909333819589251107e+02
2.930452391744819920e+02
2.928744991013697927e+02
2.896637805744800858e+02
2.855513167341776466e+02
2.889702223847837104e+02
2.884637598478436757e+02
2.797914460960442966e+02
2.800129743461484395e+02
2.777921759894072125e+02
2.821492568617634333e+02
2.824318608973863434e+02
2.770284778202424150e+02
2.813625178628645358e+02
2.824193690290501877e+02
2.858313767345942438e+02
2.871152308368243666e+02
2.859273283327840431e+02
2.874973799391120792e+02
2.913101947980483715e+02
2.905055349813990233e+02
2.886844596700651664e+02
2.920280037181586295e+02
2.889245833668238674e+02
2.892069925060713445e+02
2.885196589993694829e+02
2.954592341719980482e+02
2.977541586618524434e+02
3.002795086349114513e+02
3.019195103297821561e+02
3.042650069581901562e+02
3.085703240375588052e+02
3.080395451627773582e+02
3.092254256543636757e+02
3.142115433527882260e+02
3.187082374341406421e+02
3.160053935275936396e+02
3.178861326755242089e+02
3.183202322956011017e+02
3.188488387113998215e+02
3.225521025920144780e+02
3.195508860821137773e+02
3.241321349791642774e+02
3.278877067425468681e+02
3.338529683961397154e+02
3.304607282903209011e+02
3.305237546822899617e+02
3.272868381903409158e+02
3.273987695155208257e+02
3.325939993820391010e+02
3.327047909887808146e+02
3.326884801042342019e+02
3.202404389973494290e+02
3.144670851708899590e+02
3.133613138023809483e+02
3.145141040551781657e+02
3.154038091331062788e+02
3.133952756107021287e+02
3.008894391431609847e+02
3.010049545073388231e+02
2.999427888519866769e+02
3.007261772234436421e+02
3.024883113830007346e+02
3.035081567896049251e+02
3.038293665580233096e+02
3.014588839042709765e+02
3.041735867851643889e+02
3.064387250196832611e+02
3.033442230946630502e+02
3.045842329592204010e+02
3.027949333438607482e+02
2.978822549028619164e+02
3.024139257507093248e+02
3.045735970832580506e+02
3.042172043092903664e+02
3.053529165128308023e+02
3.074824015757236566e+02
3.078051917127149295e+02
3.008099331472865288e+02
3.027417389971505486e+02
3.026496191380490473e+02
3.072161459213841113e+02
3.025772493424168488e+02
3.032620746934556450e+02
3.035078541605697069e+02
3.000226199392448052e+02
3.105275277441758135e+02
3.148275121867397388e+02
3.018154226115755137e+02
2.991028026555636075e+02
2.982204071319098944e+02
3.034115059600952691e+02
3.102901470869104514e+02
3.112778240738722388e+02
3.079882067995567354e+02
3.064727461767889167e+02
3.005499710080937916e+02
2.971520801315311928e+02
2.964015948577496715e+02
2.937553690299847631e+02
2.926973329787606417e+02
2.920387566563757105e+02
2.931042625276373883e+02
2.916395777768275934e+02
2.978958016696301456e+02
2.979738061122918111e+02
2.968103759098930823e+02
2.918395848911332564e+02
2.843732556329786689e+02
2.832738628184044956e+02
2.869667105225742603e+02
2.907827455176837930e+02
2.909614672736897205e+02
2.907140832440919667e+02
2.905890812749647125e+02
2.909667295376848983e+02
2.845987291435525890e+02
2.882149231138215555e+02
2.918257508199152426e+02
2.892458191637503546e+02
2.912042745573401135e+02
2.988237174810678312e+02
3.038215865934255362e+02
3.061291129007227596e+02
3.071840680457322605e+02
3.044588194914664996e+02
3.066946862905622879e+02
3.061906603245029146e+02
3.080718079787316697e+02
3.046727304085289916e+02
3.092614713772478581e+02
3.141209869536664883e+02
3.110231187001654121e+02
3.142103216349672721e+02
3.132583719260301791e+02
3.158983105476193600e+02
3.189292849711202393e+02
3.187480718626068210e+02
3.165195644273231892e+02
3.233894404426392271e+02
3.190868658636444479e+02
3.169163224437898521e+02
3.138588717335211413e+02
3.142077939388360051e+02
3.179583866163743551e+02
3.174763550773340626e+02
3.156640665218868662e+02
3.179126637489122231e+02
3.174257824269553794e+02
3.188804999695219635e+02
3.152201072152319625e+02
3.195120224590775706e+02
3.229383718127181737e+02
3.205303556792314907e+02
3.205702067118746186e+02
3.175975584228406206e+02
3.129635858652346201e+02
3.114645790199882640e+02
3.152595089463121099e+02
3.155387989894059615e+02
3.144795238618219173e+02
3.106996365936136044e+02
3.135699668124141226e+02
3.133306091666498787e+02
3.089082911368889199e+02
3.122461384522796379e+02
3.155984016706458419e+02
3.140298983294491677e+02
3.181943871130939101e+02
3.131915161718496279e+02
3.126413451642793575e+02
3.115485951274025638e+02
3.118349234120151436e+02
3.122303915154417382e+02
3.096762965403618182e+02
3.120854706856266603e+02
3.128089084959713659e+02
3.137249984250406101e+02
3.142810726993457138e+02
3.118161172423484118e+02
3.149751118386991493e+02
3.161887342353853683e+02
3.159484146822783259e+02
3.186438387732018214e+02
3.175835515263843831e+02
3.205125921365553836e+02
3.172080044665906939e+02
3.174771182614902614e+02
3.202484472256410299e+02
3.191275597524403338e+02
3.222637657458473655e+02
3.263498226472039505e+02
3.293910817361422687e+02
3.337350013310113468e+02
3.324854477130967325e+02
3.296313709643931134e+02
3.343874068956192787e+02
3.326896207900018680e+02
3.355790880883635623e+02
3.364099091425794086e+02
3.391243294377475195e+02
3.424097707927572856e+02
3.397489665269195598e+02
3.385851472567081260e+02
3.421583581305749817e+02
3.442805217886372589e+02
3.397563003060462279e+02
3.426215504044159275e+02
3.444082825489999777e+02
3.390659690547556124e+02
3.349467552635638867e+02
3.325154005499852587e+02
3.345991238524431992e+02
3.377609235897723465e+02
3.448502650823933777e+02
3.421585296695878924e+02
3.416638810512091027e+02
3.416427523718588191e+02
3.411240726235965894e+02
3.405210101699904612e+02
3.332460301775526545e+02
3.277002949459664478e+02
3.287253957099429158e+02
3.311583849807888100e+02
3.241228560958149387e+02
3.214984243457264483e+02
3.230777223438797137e+02
3.165334222427072746e+02
3.130683377941005574e+02
3.121531542389429319e+02
3.118893989218568663e+02
3.187572449424076808e+02
3.145416783753967707e+02
3.137969995824203124e+02
3.142277358629451669e+02
3.135484677928291148e+02
3.133063412224079229e+02
3.057281344984862130e+02
3.015275309195407090e+02
3.027553073529238645e+02
3.032154082594593092e+02
3.020535985276718520e+02
3.025170476723711204e+02
3.036375993783659624e+02
3.038813827359247171e+02
3.069696971963812757e+02
3.031656639264503497e+02
3.024882605965706261e+02
3.076082196825191772e+02
3.059309753939500638e+02
3.052830314147877857e+02
3.099925941454350777e+02
3.033990146594791213e+02
3.075704517961657984e+02
3.119561834866893264e+02
3.188562992840509764e+02
3.231312808854114564e+02
3.190638275410635742e+02
3.172962367773536698e+02
3.200336463690392179e+02
3.141912346198577097e+02
3.131726523937659863e+02
3.159311204520103047e+02
3.206425728383935052e+02
3.194412211160625361e+02
3.241852157369407905e+02
3.239319434389934145e+02
3.232290726114165977e+02
3.189416134615184433e+02
3.204940823240933696e+02
3.201695129167862888e+02
3.249329869205228647e+02
3.259054273288350032e+02
3.338495047284388875e+02
3.360834269400838252e+02
3.370038302868558162e+02
3.330852067179515075e+02
3.308976987820618660e+02
3.339897776999150096e+02
3.359548247697861143e+02
3.389117422895895402e+02
3.389557373574119765e+02
3.391682928825052841e+02
3.391103177861127165e+02
3.379494649113804030e+02
3.389936671420637708e+02
3.398185783666525595e+02
3.396563127298772429e+02
3.398211383789761157e+02
3.408863151398203399e+02
3.301379275444313635e+02
3.276004039267867256e+02
3.275126299046748954e+02
3.330209627834668140e+02
3.370935821721120078e+02
3.314607548973564803e+02
3.383461576270658497e+02
3.356379675567077356e+02
3.380870899122517130e+02
3.375210952001309579e+02
3.269832432518372798e+02
3.257925606766546025e+02
3.257412357613592917e+02
3.298200331099689606e+02
3.290204235186923256e+02
3.304692841329751332e+02
3.197201089741134865e+02
3.096926054021249684e+02
3.061932680681536567e+02
3.108265509112574136e+02
3.142126660648985990e+02
3.212142714407867743e+02
3.180326505856779136e+02
3.188960268789653583e+02
3.223995653987103083e+02
3.182847045112649198e+02
3.133409328358151242e+02
3.137341802490765872e+02
3.174067229726896358e+02
3.192012253725655455e+02
3.137690310767549136e+02
3.141418692010748259e+02
3.142488971523432610e+02
3.167456776035976986e+02
3.205621173351736957e+02
3.220023584982600937e+02
3.188390752289499233e+02
3.164398073853882920e+02
3.138053576546835188e+02
3.178351791729293154e+02
3.212198289890606020e+02
3.191028203951554474e+02
3.264800275517141017e+02
3.294126354950520295e+02
3.254295962566365574e+02
3.280614271260733972e+02
3.269568855856155096e+02
3.183964776310629645e+02
3.198911655000555925e+02
3.195241827685179601e+02
3.183361918220122675e+02
3.261211405311185558e+02
3.309996471267709239e+02
3.322811735174155956e+02
3.407600152678356267e+02
3.346029724672427506e+02
3.323656702909863725e+02
3.324390395588212641e+02
3.347149579119450209e+02
3.384064110450124758e+02
3.360839987575439523e+02
3.373698419506257551e+02
3.381027526174522109e+02
3.418780088863074411e+02
3.408080628118596564e+02
3.366005311461540828e+02
3.396226226976926341e+02
3.440563855216819320e+02
3.300952052579825704e+02
3.288319424853240207e+02
3.293444189501202573e+02
3.349795146336500125e+02
3.303573359006035162e+02
3.339526312115380051e+02
3.269576562535007156e+02
3.226903545351586899e+02
3.183129354925710004e+02
3.183466517956522353e+02
3.185638375317865325e+02
3.199080787330298108e+02
3.143634263015825354e+02
3.222274506702744929e+02
3.251217959135999536e+02
3.257663950457488795e+02
3.286034236161943909e+02
3.315407937472817821e+02
3.320056408530053886e+02
3.316506495009130049e+02
3.295774905590826620e+02
3.321557701160449483e+02
3.315068401144757786e+02
3.302621377944466303e+02
3.358439234337391781e+02
3.351203207281031951e+02
3.347657829176775977e+02
3.278794433810242595e+02
3.282256616407357228e+02
3.315166940087054286e+02
3.320941070684537522e+02
3.321492708643756373e+02
3.313100634199765864e+02
3.320468565725313397e+02
3.356167696287726017e+02
3.303987707685762416e+02
3.364148293101961258e+02
3.436145091786180501e+02
3.401990608906193643e+02
3.396372168861191199e+02
3.371756104790633799e+02
3.452912908313881530e+02
3.429672899974881375e+02
3.403310989092847194e+02
3.418895999157219308e+02
3.444097276392507752e+02
3.368230578788690650e+02
3.404576743537360244e+02
3.386194566342962844e+02
3.444279355476979276e+02
3.359224528876657700e+02
3.394900195005907904e+02
3.417733467145451982e+02
3.341845627027854562e+02
3.340127383998330401e+02
3.293907388242913044e+02
3.318765164585414595e+02
3.346132302782405645e+02
3.332484391494093643e+02
3.145211224101900029e+02
3.084694608531154927e+02
3.065082961580853294e+02
3.084138513879405536e+02
