-1.063750618159045924e+00
5.538449399563722952e-01
3.178650404572933130e+00
6.025333029831440257e+00
7.425145151182465320e+00
1.232548414670027093e+01
1.651187814709367885e+01
2.147092611426564801e+01
3.430311316763454244e+01
4.480974806583694914e+01
5.066348781821441349e+01
6.006372289894351724e+01
6.958240273045015556e+01
8.416566552021727432e+01
9.537771005667926261e+01
1.051022053005607262e+02
1.202132617259275378e+02
1.368933259652759489e+02
1.584360338964086736e+02
1.769269943193172310e+02
1.830418650280786892e+02
1.913716961145356663e+02
1.966851091117813155e+02
2.078593290987593036e+02
2.176457903820533772e+02
2.170577361619029659e+02
2.216306936710319064e+02
2.243223400119329369e+02
2.332909922588197844e+02
2.340549906363902721e+02
2.389300966293117767e+02
2.407215975707817108e+02
2.466876244110187031e+02
2.523106084370634790e+02
2.592938861443104770e+02
2.690044575665115758e+02
2.680236863433767098e+02
2.718287123518456951e+02
2.705960494805501639e+02
2.771361571549097675e+02
2.778385116932454935e+02
2.658989470299539448e+02
2.673164531210492783e+02
2.562122789529414035e+02
2.528372125354761977e+02
2.529828918044200634e+02
2.544956571909184220e+02
2.472115236532538916e+02
2.539566684118530304e+02
2.605062251713358137e+02
2.626644269655964194e+02
2.656193398444099785e+02
2.700113769856559998e+02
2.721509328289990890e+02
2.788417193742150744e+02
2.895697738975719631e+02
2.915327276968118895e+02
2.906105692586355644e+02
2.872621976425810431e+02
2.936909196170764176e+02
2.987961327879229998e+02
3.090827898502886342e+02
3.086824769795277348e+02
3.124314401903433236e+02
3.127054848327407512e+02
3.174051742888443641e+02
3.150993437583952073e+02
3.176423993392156717e+02
3.181758465086541037e+02
3.171141720739330481e+02
3.147149401420946901e+02
3.188448010749255559e+02
3.216358799142561224e+02
3.261527292700750422e+02
3.308416429537828662e+02
3.301030140632581720e+02
3.373544421545398677e+02
3.436484176371353669e+02
3.446179885952579411e+02
3.522673119460495741e+02
3.564779141181453497e+02
3.601876522127574844e+02
3.618762957159807456e+02
3.626803092399732691e+02
3.662252441713746407e+02
3.687914119389439520e+02
3.688053976255454245e+02
3.678185228657849848e+02
3.689218765878566728e+02
3.696487724839295765e+02
3.706956572839360433e+02
3.714708090930354842e+02
3.676760042249874232e+02
3.694662094936355174e+02
3.716536169619087104e+02
3.703880603564973057e+02
3.728091518608365504e+02
3.804445494825558853e+02
3.863816737545276396e+02
3.925468185458875610e+02
3.895047125358542530e+02
3.909916999293150752e+02
3.868232153537873614e+02
3.925870102234904380e+02
3.998818011606002187e+02
4.044720696926210053e+02
4.164165740857876585e+02
4.188967524067481918e+02
4.199759794574122225e+02
4.276270596772686758e+02
4.303466030332110677e+02
4.355658048796144612e+02
4.434904692515054307e+02
4.497444939798502901e+02
4.555823379013686463e+02
4.665118382796591163e+02
4.677661848894755394e+02
4.673378595706476517e+02
4.643555189820271494e+02
4.674195959198377182e+02
4.702998299724383742e+02
4.674220218741464237e+02
4.674790089250913070e+02
4.602374971259562813e+02
4.618881395942111112e+02
4.580139124187517723e+02
4.587800895349893153e+02
4.550996609311362135e+02
4.554015304133972109e+02
4.624909662829572881e+02
4.665507821166029885e+02
4.623666411171857362e+02
4.632615697056607473e+02
4.683418313181924191e+02
4.674041411379765236e+02
4.727568599451573164e+02
4.767765821487701032e+02
4.744913410202547084e+02
4.759294096855948055e+02
4.827148552179815510e+02
4.855219997659041269e+02
4.841270753803567573e+02
4.855569881616988255e+02
4.915894537394235613e+02
4.993263345366505632e+02
4.977899253613101678e+02
5.055278199493526472e+02
5.083159211348653344e+02
5.139901944087857828e+02
5.090871093940586434e+02
5.112155890655636199e+02
5.135060786212094399e+02
5.145518299473955040e+02
5.116578686657051662e+02
5.136068661892037426e+02
5.139782637927594351e+02
5.148747137012964004e+02
5.108555716543307312e+02
5.119229913518794888e+02
5.067516117357820349e+02
5.055844401423826753e+02
5.031917691583925603e+02
5.125276193864233392e+02
5.161741059247137855e+02
5.233055065658131753e+02
5.212181175739347054e+02
5.255812335564111208e+02
5.247483302376629126e+02
5.217340050580430670e+02
5.241367062220733715e+02
5.186877385494806276e+02
5.193550420489250428e+02
5.242915328604302658e+02
5.283202463133382025e+02
5.359871101369179769e+02
5.376088110988752078e+02
5.387427934195338821e+02
5.368285283418630343e+02
5.456462103645409343e+02
5.466205101530450747e+02
5.520045517294561250e+02
5.599924352797163465e+02
5.623562115363162093e+02
5.736482027440497404e+02
5.769271250847920101e+02
5.831705210219220135e+02
5.769553967670811971e+02
5.801320631931116623e+02
5.820328549035069727e+02
5.824887834950606020e+02
5.938215617215630573e+02
6.030395727786002453e+02
5.999441385236278848e+02
6.010074412818180463e+02
5.995784371255745100e+02
5.956377954287449938e+02
5.967449814497671241e+02
5.974965173402947585e+02
5.978824759518601013e+02
5.934423860844563023e+02
6.012668136989477716e+02
5.971352990538636050e+02
6.116693612946108942e+02
6.044378786158947605e+02
5.967387782410838781e+02
6.017840602757572697e+02
6.013798925303580063e+02
6.076643474377490293e+02
6.066062816273603175e+02
6.025620632332124842e+02
5.981310992945983571e+02
5.956105809796633821e+02
6.035220011243500267e+02
6.025390387301689543e+02
6.064569390694937283e+02
6.146697599303345214e+02
6.133503747703405224e+02
6.215394823224498850e+02
6.208928489770853503e+02
6.198419693803323298e+02
6.318103199313522964e+02
6.257134610484391715e+02
6.405488570753827844e+02
6.514880086046229053e+02
6.614681681739084524e+02
6.909731939537763310e+02
7.009457367907224352e+02
6.957390840698869852e+02
7.051831665130500824e+02
7.145989725235615424e+02
7.249616709978240578e+02
7.479608332616385269e+02
7.466105539998565064e+02
7.405579058934464456e+02
7.606683383993566849e+02
7.758113873726636029e+02
7.772297548538783758e+02
7.755207337988572363e+02
7.758709721290728112e+02
7.824146022994229952e+02
7.931611016595905994e+02
8.033209854252726245e+02
7.894101388454864718e+02
7.899879381227738122e+02
7.990880375884455589e+02
7.901703223440993042e+02
7.766346727020426215e+02
7.615992092311586248e+02
7.661234767743425209e+02
7.756547620561382246e+02
7.771416230977291661e+02
7.608272976650378041e+02
7.736867240580385214e+02
7.717433156478047067e+02
7.628456526126658446e+02
7.343426429894709599e+02
7.339157211070195217e+02
7.222304018543578650e+02
7.345911807330899137e+02
7.473135121568241175e+02
7.487788471605771292e+02
7.670997657518029200e+02
7.784937050456759380e+02
7.681483304832707972e+02
7.776459034336575087e+02
7.632631634318436227e+02
7.685334974841346138e+02
7.622604681848087012e+02
7.629332626052371324e+02
7.888127214998851287e+02
8.056348125716613140e+02
8.191772198218054655e+02
8.359592935283284305e+02
8.455588594254419377e+02
8.486625024296171205e+02
8.474024214093655019e+02
8.578003448218181575e+02
8.641832711740846662e+02
8.600266087713971501e+02
8.531789055373561723e+02
8.468960622122892801e+02
8.453324243879239930e+02
8.492284331211697008e+02
8.626392160925857979e+02
8.636676947248026863e+02
8.679473497308665628e+02
8.633569203207669034e+02
8.705775457158848667e+02
8.820829442924707564e+02
8.787912845950758083e+02
8.785390758856354978e+02
8.868446653424290389e+02
8.914790805546213051e+02
9.071915673918298353e+02
9.305087606495284263e+02
9.446381627058566437e+02
9.559692348129715356e+02
9.580538348675612497e+02
9.754536526508625229e+02
9.831139837523177221e+02
9.932199528809393314e+02
1.010780275095797833e+03
1.027608003310399909e+03
1.033392052319673894e+03
1.032094232146394916e+03
1.035279369232427598e+03
1.058381097789692831e+03
1.071824114926626862e+03
1.070693645628524564e+03
1.085646519513710928e+03
1.076227441936063769e+03
1.080879841742638746e+03
1.098612801337665587e+03
1.068977833101424721e+03
1.046129629405313381e+03
1.073033383633754056e+03
1.084785057639511024e+03
1.090081486540108017e+03
1.094203406052520677e+03
1.110199617606245965e+03
1.128158732248879005e+03
1.126079324597707682e+03
1.152826626959726354e+03
1.180219426318965816e+03
1.200237932603980198e+03
1.206379376331788990e+03
1.203453645932386280e+03
1.200250011109156048e+03
1.212423778135205112e+03
1.239306712735480460e+03
1.235408765497273180e+03
1.245039195101208861e+03
1.247737771342683345e+03
1.248050590669988878e+03
1.279326935316731351e+03
1.287355618222217117e+03
1.290044800509367406e+03
1.283520586300667446e+03
1.295200290490727866e+03
1.304073017669643605e+03
1.324890623888450136e+03
1.338004629686261069e+03
1.348936470122254377e+03
1.365706482600126492e+03
1.354573374223038854e+03
1.346180936505580348e+03
1.311506474066379496e+03
1.319048752057048205e+03
1.309044575816167253e+03
1.298961156196309275e+03
1.311179084260870013e+03
1.328728531792201466e+03
1.307943754101939476e+03
1.306876248704974387e+03
1.332704636246861810e+03
1.346604833863768135e+03
1.333135212076514790e+03
1.334430851591269629e+03
1.334675597756255684e+03
1.352934220864980261e+03
1.339211584127707283e+03
1.347647088572943858e+03
1.344330594194371770e+03
1.330128913167975043e+03
1.288759198674229992e+03
1.316790004628131328e+03
1.318149351150467965e+03
1.322740962766342591e+03
1.350408957996710569e+03
1.381560031097280671e+03
1.384296527967986094e+03
1.404462300800001458e+03
1.436720975713961252e+03
1.397698369567124246e+03
1.408092963551346884e+03
1.418188253853155857e+03
1.374441210515624334e+03
1.365434131998973953e+03
1.353854859535216292e+03
1.377925728846308175e+03
1.391144119762440369e+03
1.406626727156249217e+03
1.409173052078706178e+03
1.405356373237287244e+03
1.376091717580666909e+03
1.380236239380581537e+03
1.387835139209950967e+03
1.372869176913640104e+03
1.389634320645742037e+03
1.394142396934269527e+03
1.397834616832019037e+03
1.369294523031841436e+03
1.389172383025203999e+03
1.362939602884419173e+03
1.357696524153749579e+03
1.363396747125465708e+03
1.373180704030292645e+03
1.358409151497856101e+03
1.384883427528684479e+03
1.383194483858461354e+03
1.396850303027883001e+03
1.382337110478793420e+03
1.386231952414526859e+03
1.354518502575138882e+03
1.365732452099804277e+03
1.406334177109579286e+03
1.403748657997897908e+03
1.435193173922727965e+03
1.460655165531777129e+03
1.467613669505413554e+03
1.477377154078519197e+03
1.468842294670520914e+03
1.462238910633693649e+03
1.431640747630063288e+03
1.419421795148833780e+03
1.422650001894183561e+03
1.422795320553697593e+03
1.446800018238508528e+03
1.460014490315479634e+03
1.470721929973748047e+03
1.489705293244685663e+03
1.507045241221038850e+03
1.511440954016214164e+03
1.522309789125358520e+03
1.511818389362356356e+03
1.509996630620919177e+03
1.501268379084823891e+03
1.507301258487882706e+03
1.527266568998488765e+03
1.513130787296722701e+03
1.524913823681176382e+03
1.517968544714207837e+03
1.510506580820175941e+03
1.549624387397796454e+03
1.563625701992714312e+03
1.554856718555861107e+03
1.538833296543215511e+03
1.561831146763458491e+03
1.565545262732112860e+03
1.590207781123732502e+03
1.607442144968130833e+03
1.575106455415274922e+03
1.577642298096725199e+03
1.600357717087570563e+03
1.609050030613768968e+03
1.588211835649638715e+03
1.559729434533906669e+03
1.534116289909509305e+03
1.551864258135525461e+03
1.578693370059639847e+03
1.637332768634079002e+03
1.642165659220144335e+03
1.613358961436943218e+03
1.658494565816550221e+03
1.632672865422240648e+03
1.608878276558489006e+03
1.613146810167721924e+03
1.541511732488990901e+03
1.563666535970323821e+03
1.578145934242909107e+03
1.603414326070989091e+03
1.605611890779751775e+03
1.598277419248905289e+03
1.608862779748340472e+03
1.637183382557818049e+03
1.627901631232966338e+03
1.670455669045298464e+03
1.683223780365455696e+03
1.608437782701989590e+03
1.636802864857118720e+03
1.625733191223402400e+03
1.634445902392558310e+03
1.652699217194287030e+03
1.632231280718737480e+03
1.589233811781167560e+03
1.584759972671750347e+03
1.630727973310978768e+03
1.621280100400982519e+03
1.622901527836825380e+03
1.668974214189420991e+03
1.669775452185301901e+03
1.666906464393109673e+03
1.713661736431468398e+03
1.700542541046221231e+03
1.707662332013098876e+03
1.710704592882375891e+03
1.697571682181559709e+03
1.710104225029023382e+03
1.702159529952835555e+03
1.700951341214510421e+03
1.693420959713121647e+03
1.645044813151603648e+03
1.664448371904780515e+03
1.697358470804570288e+03
1.700309111163569696e+03
1.729573203519482149e+03
1.766555724086372265e+03
1.772708427129480469e+03
1.786169919868984834e+03
1.827447040634927134e+03
1.834688351323457255e+03
1.832159647122980687e+03
1.889879670166947108e+03
1.863439258002717906e+03
1.865751431755527847e+03
1.840208316213248963e+03
1.843518738734199133e+03
1.857320911307752795e+03
1.878765706481159214e+03
1.883801503265916608e+03
1.881057462443277473e+03
1.829661344022664025e+03
1.839399393634063244e+03
1.845053020547996084e+03
1.860831677872074579e+03
1.858845732311630627e+03
1.896153723529444278e+03
1.883926550872960433e+03
1.921773217484782435e+03
1.944233218313602038e+03
1.941851425614093614e+03
1.924435195660713589e+03
1.960372200301962721e+03
1.967328153161071441e+03
1.957503400309976769e+03
1.983178278605627384e+03
1.979826327465159693e+03
1.977216065015238655e+03
1.967316303374817380e+03
1.987941734449376554e+03
1.967459648990290589e+03
1.958590231516669519e+03
1.886629750801820137e+03
1.856581012429335487e+03
1.861990283148701337e+03
1.874689178708510326e+03
1.865308773753941978e+03
1.857849353176976138e+03
1.888554176590956558e+03
1.895456806428401251e+03
1.874691014684126230e+03
1.850140196876002392e+03
1.851979784919049507e+03
1.865710469653383370e+03
1.890746283739541468e+03
1.861941298894353395e+03
1.859704183532585830e+03
1.845948449784675859e+03
1.808557317443189731e+03
1.807716555087662982e+03
1.778187641944048892e+03
1.779127765936357719e+03
1.762829610597600094e+03
1.750159568645863146e+03
1.781610377960677397e+03
1.829728568360499821e+03
1.795299606356239565e+03
1.790444818266133097e+03
1.809801780783694085e+03
1.839082266538574004e+03
1.826878276899370576e+03
1.819584888438084818e+03
1.792892206065833761e+03
1.832978636416786458e+03
1.850951690019795251e+03
1.884544392421609928e+03
1.922319841061154648e+03
1.911533163276978485e+03
1.946324505803918782e+03
1.945145184164821785e+03
1.969885341688627932e+03
1.982896862946417514e+03
1.960750686762829446e+03
1.981133199119755773e+03
1.991378478695032754e+03
1.995122556717222324e+03
2.007701386221802977e+03
2.042745224431646420e+03
2.025851383315070962e+03
2.053180368976621594e+03
2.051995359752845161e+03
2.073516814560309740e+03
2.117250233273092817e+03
2.133958511926495703e+03
2.100564278540417490e+03
2.114355657381569927e+03
2.125553885937724317e+03
2.149790335985724596e+03
2.154631600707222788e+03
2.163006433809030113e+03
2.190043345619639695e+03
2.178096835574511260e+03
2.195673853262901048e+03
2.168695974775323521e+03
2.159607403320485901e+03
2.088533681619037907e+03
2.116585977043168896e+03
2.095721821495550557e+03
2.078609162427087085e+03
2.111393207126262951e+03
2.126038126166805796e+03
2.126193091499654201e+03
2.098657075480364711e+03
2.117338084220096789e+03
2.160310446486546880e+03
2.151452781259312815e+03
2.176686461985788810e+03
2.172629665776640195e+03
2.201207602792158923e+03
2.182043962599108454e+03
2.178341725562777810e+03
2.149919049313486084e+03
2.098636440346286690e+03
2.099542689851885370e+03
2.125587023546463570e+03
2.117556521584706388e+03
2.116420662404585073e+03
2.084694655586343288e+03
2.090926932311328528e+03
2.066041538532759660e+03
2.067538907751586976e+03
2.063571453677452610e+03
2.107059668090448667e+03
2.132375500222821756e+03
2.153053693266662776e+03
2.175156493673604928e+03
2.216830136068225329e+03
2.191017356631553412e+03
2.219453443494101975e+03
2.227642560017891356e+03
2.216250135782436246e+03
2.191793929374016443e+03
2.198115117482348523e+03
2.208514830557001915e+03
2.191022449708361819e+03
2.150508171258812581e+03
2.184082685036742987e+03
2.153145054710885233e+03
2.183005759104545177e+03
2.193066041338569448e+03
2.215895390778296132e+03
2.207111996993247885e+03
2.188540238582999791e+03
2.185111093951781640e+03
2.167420448458444753e+03
2.178195079169116980e+03
2.195864831956881517e+03
2.204243783480149887e+03
2.223155908147250102e+03
2.249343115920971741e+03
2.261676605531915357e+03
2.297117319073282943e+03
2.311765424181769959e+03
2.318014947570560707e+03
2.263301561056778155e+03
2.268337377327926788e+03
2.289157965240681278e+03
2.293625324850750530e+03
2.295823459631033529e+03
2.265283814700572293e+03
2.297111770816157332e+03
2.252415708722397540e+03
2.279677680126589166e+03
2.275533253348897688e+03
2.270565251263234131e+03
2.261269087443398803e+03
2.229687845700434536e+03
2.186342175593119919e+03
2.143299167454793860e+03
2.137769333420061685e+03
2.143141725665727336e+03
2.170721462475593853e+03
2.166414100066704123e+03
2.201785708538036488e+03
2.206064635607274340e+03
2.220758333694257090e+03
2.232313490127729438e+03
2.224209308622300341e+03
2.195004924401394874e+03
2.160032968239122056e+03
2.155474491050585129e+03
2.138712006862850103e+03
2.154287486069734314e+03
2.179779621617967223e+03
2.195634344099279588e+03
2.221341220329312819e+03
2.196566195308671468e+03
2.201894585891270708e+03
2.191620229708365059e+03
2.175588234386805198e+03
2.124682271654271517e+03
2.111458422473579958e+03
2.137039155261746146e+03
2.127468468163198395e+03
2.139687645184899338e+03
2.177057930135145853e+03
2.141652532590446754e+03
2.166161931802991148e+03
2.198533178958168264e+03
2.235836686250891034e+03
2.192249879169218275e+03
2.177425256226739293e+03
2.210890621489574187e+03
2.203390215751720916e+03
2.231039392689046053e+03
2.261464887496475512e+03
2.191869504996227988e+03
2.147582281349958521e+03
2.184332668543762338e+03
2.220763200849221448e+03
2.190292101861311949e+03
2.194353328736770891e+03
2.201035368593758903e+03
2.176928234766188325e+03
2.205892679498304915e+03
2.206060230052372390e+03
2.225640173532809968e+03
2.234002700693236420e+03
2.201115772413802461e+03
2.249306711111968525e+03
2.276024005979408230e+03
2.312509406818931893e+03
2.338325326928694267e+03
2.361980996692273948e+03
2.367678995572874555e+03
2.347365923776860654e+03
2.378234999120842986e+03
2.388616941303874682e+03
2.407372392744654917e+03
2.437548670718912490e+03
2.449473663425382711e+03
2.470941645859142682e+03
2.437129639497497919e+03
2.464148195488367946e+03
2.403542251534422576e+03
2.415720538902346107e+03
2.453880442698740808e+03
2.457365622832440295e+03
2.439105646780439201e+03
2.457025175992997902e+03
2.462918404694934907e+03
2.476613343107085257e+03
2.466523950869188866e+03
2.476485120963416193e+03
2.500473674845693040e+03
2.491200828006118627e+03
2.480540464179025548e+03
2.474523559078037124e+03
2.471080646208675262e+03
2.491279626099738380e+03
2.500985460907122160e+03
2.531464247649769732e+03
2.558699724721336224e+03
2.525096002414409668e+03
2.470941916012307047e+03
2.486595644440041724e+03
2.494589664948990503e+03
2.501128379270071491e+03
2.522081496128050730e+03
2.430180086111920900e+03
2.429161454954805777e+03
2.402763346254787848e+03
2.409554020079400289e+03
2.379610127054367240e+03
2.408561313510128912e+03
2.398014396184813904e+03
2.450238653534228433e+03
2.434563199904838257e+03
2.435686632568379991e+03
2.432013794854197386e+03
2.420151473931015062e+03
2.442145320528077264e+03
2.479062923226136263e+03
2.426512843902527038e+03
2.451010867497932850e+03
2.426817630145043495e+03
2.392633210754258926e+03
2.418366059895913168e+03
2.461226174886520766e+03
2.449185853318108002e+03
2.465885352357533520e+03
2.499087266809419816e+03
2.460435990209109605e+03
2.440716192216708350e+03
2.456044613331652272e+03
2.475087004677601271e+03
2.493702765776580236e+03
2.510204635864646207e+03
2.530580631385329070e+03
2.505834952011568930e+03
2.519426934769567652e+03
2.469876056512198829e+03
2.471915564532924236e+03
2.474071922263333818e+03
2.488426354504313167e+03
2.478295917424923573e+03
2.502381013359104600e+03
2.534171097053108497e+03
2.567806792704027430e+03
2.572154070862547542e+03
2.543756137584306543e+03
2.567517862476454866e+03
2.573131761669157640e+03
2.584952834495964908e+03
2.540275917741442299e+03
2.530048680486351259e+03
2.566349183655242996e+03
2.596185386466168438e+03
2.604669818275815942e+03
2.584514272072007316e+03
2.630916389280331714e+03
2.578077689798709798e+03
2.550655630156865300e+03
2.519258135129404764e+03
2.483515250380022735e+03
2.454499314574312848e+03
2.442538644342606403e+03
2.415642558504844146e+03
2.399595768481484356e+03
2.374110636930710371e+03
2.357716766843638197e+03
2.334796698467375791e+03
2.353421275886550120e+03
2.381056024940561656e+03
2.381047032702778779e+03
2.399698711247215670e+03
2.406009175815855997e+03
2.406658431234282489e+03
2.369707228732440399e+03
2.357851786360523420e+03
2.347042431983606548e+03
2.362341162584016729e+03
2.385470309754235586e+03
2.387870847990800030e+03
2.371592362952453641e+03
2.368060571774041819e+03
2.353707661386393283e+03
2.320946952056148348e+03
2.327496344897684594e+03
2.336745352443423144e+03
2.345396508307755084e+03
2.321636489866144530e+03
2.309234568719901290e+03
2.286643897156989169e+03
2.306454161680777815e+03
2.287649991566308017e+03
2.291826439826878413e+03
2.275667507636101618e+03
2.287251184759405533e+03
2.289180551756108343e+03
2.325600609832872578e+03
2.324386148825306464e+03
2.278433142573265741e+03
2.268725781657843527e+03
2.297742455077053364e+03
2.338895508986075129e+03
2.345867281722594271e+03
2.335668375260681387e+03
2.371161813385808273e+03
2.390451268090148915e+03
2.339448129732134930e+03
2.347018235771724449e+03
2.367332067792815451e+03
2.299747048269660354e+03
2.223618957045675870e+03
2.254753862229263632e+03
2.268330765568588049e+03
2.292816306249962963e+03
2.267463955129080659e+03
2.291823328648473307e+03
2.243881817464796313e+03
2.246731387217051633e+03
2.281073483979380853e+03
2.283521322269109532e+03
2.335714338020060495e+03
2.336224211222681788e+03
2.352205422240181178e+03
2.403723254023826485e+03
2.375386248581290602e+03
2.306136829199941985e+03
2.268218193012514348e+03
2.316693975949074684e+03
2.331153807170451728e+03
2.350665772505899440e+03
2.371407432655702451e+03
2.362101232852530757e+03
2.264798400808000224e+03
2.310413760408927828e+03
2.301078014327346864e+03
2.319985161961955328e+03
2.291708035168868719e+03
2.286885732318773535e+03
2.292746826672027055e+03
2.258179962597368103e+03
2.293124542270014899e+03
2.304554120913862789e+03
2.303164960459262602e+03
2.280712266262377852e+03
2.271621989489759926e+03
2.289151751912619147e+03
2.276668212676579060e+03
2.271506736657467627e+03
2.245945040274470102e+03
2.260307010740803889e+03
2.219928393804215830e+03
2.235111749619878992e+03
2.283227031626385724e+03
2.232067071322032007e+03
2.226001817504101382e+03
2.289627069374125313e+03
2.274501688124009888e+03
2.261094929246291485e+03
2.260504862803557899e+03
2.282801794706427700e+03
2.299346765460368260e+03
2.298050298919056331e+03
2.334099533493149011e+03
2.371571504091228235e+03
2.305265606432690674e+03
2.285248143834063740e+03
2.276885618856051678e+03
2.306138034476894063e+03
2.282280092252962731e+03
2.324036223988615802e+03
2.353579287947893135e+03
2.388549315485515763e+03
2.383400895607728671e+03
2.364119306246522683e+03
2.358299822280177978e+03
2.361238221500717373e+03
2.346024289757511724e+03
2.366791979618771620e+03
2.369659371454745724e+03
2.415631440323562856e+03
2.375101899321468863e+03
2.361232562224254252e+03
2.396953252492259253e+03
2.355505047949761774e+03
2.368511124272512006e+03
2.388397993840248546e+03
2.425272938659208194e+03
2.429257767430538479e+03
2.439658361564938787e+03
2.383835966785403343e+03
2.341114565311334445e+03
2.384884164189338208e+03
2.367122675220895871e+03
2.349653616653334666e+03
2.368641183445365641e+03
2.427655604414942900e+03
2.427471930085758231e+03
2.347609623735819241e+03
2.341593233152862922e+03
2.366686156722757005e+03
2.378634194089024277e+03
2.377601657322796200e+03
2.317357943706983860e+03
2.351878314628787848e+03
2.361135481146973689e+03
2.363010327449925626e+03
2.351702264329956961e+03
2.361691290586773448e+03
2.343770107245336476e+03
2.368634324773584922e+03
2.333322857925533299e+03
2.343166458922969468e+03
2.307653121462234594e+03
2.327876491482624715e+03
2.337005309628447321e+03
2.360504827005446714e+03
2.341504130728950713e+03
2.295183985312270579e+03
2.286340996854405148e+03
2.290673423121968426e+03
2.312988779944158523e+03
2.351249715717263371e+03
2.293078361737631894e+03
