2.034000000000000000e+03
4.093000000000000000e+03
6.128000000000000000e+03
8.190000000000000000e+03
1.023000000000000000e+04
1.220500000000000000e+04
1.431400000000000000e+04
1.636200000000000000e+04
1.833500000000000000e+04
2.044600000000000000e+04
2.251900000000000000e+04
2.449500000000000000e+04
2.654500000000000000e+04
2.863400000000000000e+04
3.055600000000000000e+04
3.276100000000000000e+04
3.481200000000000000e+04
3.677300000000000000e+04
3.881200000000000000e+04
4.081300000000000000e+04
4.299500000000000000e+04
4.492500000000000000e+04
4.708500000000000000e+04
4.906400000000000000e+04
5.111900000000000000e+04
5.299400000000000000e+04
5.527100000000000000e+04
5.730600000000000000e+04
5.929800000000000000e+04
6.134200000000000000e+04
6.346400000000000000e+04
6.528700000000000000e+04
6.755300000000000000e+04
6.941300000000000000e+04
7.156000000000000000e+04
7.364000000000000000e+04
7.568600000000000000e+04
7.763300000000000000e+04
7.986900000000000000e+04
8.187900000000000000e+04
8.390500000000000000e+04
8.579500000000000000e+04
8.793600000000000000e+04
8.992800000000000000e+04
9.193700000000000000e+04
9.415600000000000000e+04
9.614600000000000000e+04
9.817100000000000000e+04
1.002110000000000000e+05
1.023700000000000000e+05
1.042420000000000000e+05
1.062840000000000000e+05
1.084570000000000000e+05
1.104520000000000000e+05
1.125190000000000000e+05
1.145930000000000000e+05
1.166120000000000000e+05
1.185840000000000000e+05
1.207920000000000000e+05
1.228400000000000000e+05
1.248430000000000000e+05
1.269440000000000000e+05
1.289050000000000000e+05
1.310560000000000000e+05
1.330270000000000000e+05
1.350570000000000000e+05
1.371720000000000000e+05
1.391930000000000000e+05
1.411350000000000000e+05
1.432200000000000000e+05
1.452950000000000000e+05
1.473570000000000000e+05
1.494800000000000000e+05
1.514440000000000000e+05
1.534980000000000000e+05
1.554530000000000000e+05
1.576460000000000000e+05
1.596590000000000000e+05
1.617230000000000000e+05
1.635200000000000000e+05
1.658390000000000000e+05
1.678920000000000000e+05
1.698860000000000000e+05
1.719750000000000000e+05
1.740680000000000000e+05
1.760940000000000000e+05
1.780560000000000000e+05
1.801130000000000000e+05
1.821660000000000000e+05
1.842130000000000000e+05
1.862530000000000000e+05
1.882870000000000000e+05
1.902670000000000000e+05
1.925110000000000000e+05
1.945220000000000000e+05
1.965900000000000000e+05
1.985770000000000000e+05
2.005700000000000000e+05
2.027410000000000000e+05
2.047510000000000000e+05
2.067810000000000000e+05
2.087980000000000000e+05
2.109250000000000000e+05
2.127990000000000000e+05
2.149110000000000000e+05
2.170110000000000000e+05
2.190550000000000000e+05
2.211740000000000000e+05
2.231370000000000000e+05
2.252400000000000000e+05
2.272340000000000000e+05
2.292520000000000000e+05
2.313090000000000000e+05
2.333730000000000000e+05
2.354390000000000000e+05
2.374350000000000000e+05
2.395860000000000000e+05
2.415110000000000000e+05
2.436250000000000000e+05
2.456220000000000000e+05
2.477880000000000000e+05
2.498090000000000000e+05
2.518270000000000000e+05
2.538130000000000000e+05
2.560000000000000000e+05
2.579550000000000000e+05
2.600030000000000000e+05
2.620950000000000000e+05
2.640820000000000000e+05
2.661620000000000000e+05
2.680870000000000000e+05
2.702650000000000000e+05
2.723680000000000000e+05
2.743490000000000000e+05
2.764580000000000000e+05
2.783950000000000000e+05
2.804210000000000000e+05
2.826130000000000000e+05
2.846160000000000000e+05
2.865110000000000000e+05
2.886770000000000000e+05
2.907680000000000000e+05
2.927720000000000000e+05
2.947300000000000000e+05
2.969460000000000000e+05
2.989480000000000000e+05
3.008620000000000000e+05
3.029890000000000000e+05
3.050580000000000000e+05
3.070130000000000000e+05
3.091560000000000000e+05
3.112250000000000000e+05
3.133280000000000000e+05
3.152960000000000000e+05
3.172900000000000000e+05
3.193100000000000000e+05
3.211320000000000000e+05
3.234560000000000000e+05
3.256320000000000000e+05
3.276470000000000000e+05
3.296200000000000000e+05
3.315010000000000000e+05
3.336090000000000000e+05
3.355410000000000000e+05
3.376210000000000000e+05
3.399550000000000000e+05
3.420030000000000000e+05
3.440310000000000000e+05
3.460100000000000000e+05
3.477740000000000000e+05
3.501160000000000000e+05
3.520060000000000000e+05
3.542600000000000000e+05
3.562520000000000000e+05
3.581220000000000000e+05
3.601890000000000000e+05
3.623860000000000000e+05
3.644450000000000000e+05
3.665250000000000000e+05
3.684960000000000000e+05
3.706470000000000000e+05
3.725830000000000000e+05
3.745830000000000000e+05
3.766050000000000000e+05
3.786870000000000000e+05
3.806930000000000000e+05
3.828590000000000000e+05
3.844250000000000000e+05
3.869600000000000000e+05
3.887090000000000000e+05
3.911490000000000000e+05
3.931600000000000000e+05
3.950500000000000000e+05
3.970710000000000000e+05
3.991870000000000000e+05
4.013940000000000000e+05
4.033510000000000000e+05
4.054940000000000000e+05
4.069490000000000000e+05
4.094990000000000000e+05
4.114060000000000000e+05
4.134560000000000000e+05
4.154970000000000000e+05
4.174520000000000000e+05
4.197990000000000000e+05
4.216850000000000000e+05
4.230420000000000000e+05
4.255880000000000000e+05
4.278110000000000000e+05
4.295210000000000000e+05
4.318710000000000000e+05
4.335600000000000000e+05
4.360590000000000000e+05
4.382310000000000000e+05
4.398380000000000000e+05
4.419520000000000000e+05
4.443370000000000000e+05
4.461790000000000000e+05
4.481890000000000000e+05
4.504910000000000000e+05
4.522070000000000000e+05
4.539270000000000000e+05
4.559540000000000000e+05
4.577760000000000000e+05
4.599650000000000000e+05
4.624900000000000000e+05
4.644830000000000000e+05
4.665030000000000000e+05
4.687980000000000000e+05
4.708900000000000000e+05
4.724080000000000000e+05
4.751080000000000000e+05
4.768370000000000000e+05
4.789240000000000000e+05
4.812770000000000000e+05
4.828850000000000000e+05
4.848840000000000000e+05
4.866570000000000000e+05
4.893380000000000000e+05
4.911210000000000000e+05
4.932910000000000000e+05
4.955490000000000000e+05
4.975490000000000000e+05
4.995890000000000000e+05
5.017120000000000000e+05
5.036340000000000000e+05
5.057930000000000000e+05
5.074450000000000000e+05
5.097430000000000000e+05
5.112660000000000000e+05
5.135670000000000000e+05
5.152920000000000000e+05
5.180420000000000000e+05
5.199880000000000000e+05
5.221730000000000000e+05
5.236870000000000000e+05
5.262290000000000000e+05
5.277800000000000000e+05
5.301970000000000000e+05
5.323360000000000000e+05
5.340900000000000000e+05
5.358620000000000000e+05
5.379800000000000000e+05
5.401140000000000000e+05
5.423770000000000000e+05
5.443980000000000000e+05
5.463700000000000000e+05
5.482540000000000000e+05
5.504330000000000000e+05
5.521150000000000000e+05
5.546860000000000000e+05
5.569720000000000000e+05
5.586780000000000000e+05
5.607600000000000000e+05
5.631640000000000000e+05
5.651990000000000000e+05
5.667540000000000000e+05
5.692200000000000000e+05
5.713440000000000000e+05
5.728350000000000000e+05
5.745540000000000000e+05
5.773290000000000000e+05
5.788440000000000000e+05
5.809680000000000000e+05
5.833350000000000000e+05
5.856080000000000000e+05
5.875520000000000000e+05
5.893450000000000000e+05
5.913450000000000000e+05
5.930790000000000000e+05
5.954230000000000000e+05
5.977650000000000000e+05
5.995710000000000000e+05
6.019580000000000000e+05
6.037260000000000000e+05
6.059050000000000000e+05
6.078190000000000000e+05
6.101030000000000000e+05
6.120980000000000000e+05
6.135560000000000000e+05
6.158630000000000000e+05
6.179060000000000000e+05
6.200510000000000000e+05
6.225330000000000000e+05
6.243950000000000000e+05
6.261980000000000000e+05
6.280810000000000000e+05
6.306570000000000000e+05
6.326090000000000000e+05
6.343390000000000000e+05
6.362830000000000000e+05
6.388960000000000000e+05
6.406400000000000000e+05
6.424820000000000000e+05
6.448690000000000000e+05
6.468690000000000000e+05
6.491890000000000000e+05
6.507050000000000000e+05
6.528650000000000000e+05
6.547100000000000000e+05
6.573580000000000000e+05
6.591650000000000000e+05
6.608960000000000000e+05
6.632550000000000000e+05
6.650930000000000000e+05
6.675430000000000000e+05
6.696810000000000000e+05
6.710700000000000000e+05
6.733000000000000000e+05
6.754910000000000000e+05
6.774730000000000000e+05
6.798280000000000000e+05
6.811420000000000000e+05
6.838170000000000000e+05
6.856040000000000000e+05
6.878090000000000000e+05
6.897960000000000000e+05
6.920370000000000000e+05
6.938770000000000000e+05
6.958470000000000000e+05
6.981390000000000000e+05
7.002670000000000000e+05
7.021310000000000000e+05
7.041070000000000000e+05
7.059430000000000000e+05
7.081900000000000000e+05
7.103380000000000000e+05
7.126050000000000000e+05
7.142390000000000000e+05
7.162390000000000000e+05
7.182750000000000000e+05
7.207680000000000000e+05
7.226740000000000000e+05
7.248760000000000000e+05
7.265630000000000000e+05
7.281700000000000000e+05
7.307910000000000000e+05
7.330370000000000000e+05
7.348660000000000000e+05
7.368230000000000000e+05
7.390430000000000000e+05
7.409340000000000000e+05
7.433930000000000000e+05
7.452910000000000000e+05
7.473380000000000000e+05
7.492760000000000000e+05
7.509850000000000000e+05
7.535600000000000000e+05
7.547570000000000000e+05
7.575460000000000000e+05
7.594250000000000000e+05
7.608690000000000000e+05
7.637220000000000000e+05
7.653990000000000000e+05
7.676600000000000000e+05
7.695000000000000000e+05
7.719090000000000000e+05
7.734150000000000000e+05
7.759140000000000000e+05
7.772530000000000000e+05
7.794610000000000000e+05
7.814030000000000000e+05
7.841710000000000000e+05
7.857110000000000000e+05
7.875410000000000000e+05
7.903470000000000000e+05
7.919420000000000000e+05
7.941920000000000000e+05
7.965090000000000000e+05
7.983890000000000000e+05
7.998620000000000000e+05
8.025190000000000000e+05
8.047920000000000000e+05
8.067230000000000000e+05
8.084850000000000000e+05
8.105830000000000000e+05
8.130380000000000000e+05
8.147700000000000000e+05
8.169110000000000000e+05
8.189110000000000000e+05
8.211970000000000000e+05
8.232800000000000000e+05
8.251780000000000000e+05
8.273780000000000000e+05
8.293940000000000000e+05
8.307040000000000000e+05
8.333880000000000000e+05
8.347720000000000000e+05
8.374650000000000000e+05
8.393830000000000000e+05
8.410650000000000000e+05
8.430650000000000000e+05
8.450290000000000000e+05
8.470290000000000000e+05
8.495480000000000000e+05
8.513630000000000000e+05
8.533630000000000000e+05
8.555710000000000000e+05
8.578840000000000000e+05
8.595080000000000000e+05
8.615080000000000000e+05
8.634430000000000000e+05
8.660670000000000000e+05
8.681600000000000000e+05
8.703340000000000000e+05
8.720220000000000000e+05
8.740320000000000000e+05
8.764350000000000000e+05
8.784350000000000000e+05
8.799820000000000000e+05
8.826730000000000000e+05
8.846730000000000000e+05
8.867280000000000000e+05
8.878950000000000000e+05
8.908380000000000000e+05
8.923150000000000000e+05
8.949640000000000000e+05
8.969640000000000000e+05
8.989020000000000000e+05
9.010620000000000000e+05
9.023500000000000000e+05
9.043500000000000000e+05
9.063500000000000000e+05
9.086750000000000000e+05
9.104880000000000000e+05
9.132380000000000000e+05
9.152380000000000000e+05
9.171630000000000000e+05
9.192870000000000000e+05
9.209360000000000000e+05
9.236400000000000000e+05
9.250830000000000000e+05
9.275520000000000000e+05
9.291200000000000000e+05
9.311230000000000000e+05
9.330730000000000000e+05
9.351470000000000000e+05
9.377590000000000000e+05
9.394110000000000000e+05
9.414110000000000000e+05
9.432120000000000000e+05
9.452120000000000000e+05
9.478500000000000000e+05
9.498500000000000000e+05
9.516800000000000000e+05
9.537700000000000000e+05
9.562480000000000000e+05
9.577460000000000000e+05
9.600430000000000000e+05
9.623770000000000000e+05
9.638810000000000000e+05
9.663940000000000000e+05
9.685640000000000000e+05
9.702010000000000000e+05
9.718930000000000000e+05
9.746600000000000000e+05
9.765230000000000000e+05
9.788230000000000000e+05
9.807830000000000000e+05
9.820510000000000000e+05
9.845240000000000000e+05
9.866460000000000000e+05
9.886840000000000000e+05
9.907890000000000000e+05
9.932270000000000000e+05
9.951770000000000000e+05
9.972410000000000000e+05
9.991640000000000000e+05
1.001053000000000000e+06
1.003270000000000000e+06
1.005194000000000000e+06
1.007377000000000000e+06
1.009537000000000000e+06
1.010856000000000000e+06
1.013524000000000000e+06
1.015767000000000000e+06
1.017161000000000000e+06
1.018923000000000000e+06
1.021728000000000000e+06
1.023262000000000000e+06
1.025151000000000000e+06
1.027898000000000000e+06
1.030026000000000000e+06
1.032047000000000000e+06
1.033941000000000000e+06
1.035573000000000000e+06
1.038327000000000000e+06
1.040377000000000000e+06
1.041860000000000000e+06
1.044425000000000000e+06
1.046367000000000000e+06
1.048317000000000000e+06
1.049821000000000000e+06
1.052554000000000000e+06
1.054078000000000000e+06
1.056742000000000000e+06
1.058336000000000000e+06
1.060450000000000000e+06
1.062684000000000000e+06
1.064520000000000000e+06
1.066152000000000000e+06
1.069043000000000000e+06
1.071088000000000000e+06
1.073063000000000000e+06
1.074470000000000000e+06
1.077166000000000000e+06
1.079166000000000000e+06
1.080630000000000000e+06
1.082630000000000000e+06
1.085025000000000000e+06
1.087480000000000000e+06
1.089118000000000000e+06
1.091157000000000000e+06
1.093552000000000000e+06
1.095552000000000000e+06
1.097162000000000000e+06
1.099420000000000000e+06
1.101240000000000000e+06
1.103757000000000000e+06
1.105195000000000000e+06
1.107190000000000000e+06
1.109800000000000000e+06
1.111893000000000000e+06
1.113986000000000000e+06
1.115281000000000000e+06
1.117281000000000000e+06
1.119714000000000000e+06
1.121636000000000000e+06
1.123913000000000000e+06
1.126236000000000000e+06
1.128354000000000000e+06
1.130400000000000000e+06
1.132178000000000000e+06
1.134198000000000000e+06
1.136611000000000000e+06
1.138067000000000000e+06
1.139746000000000000e+06
1.142726000000000000e+06
1.144365000000000000e+06
1.146838000000000000e+06
1.148782000000000000e+06
1.150569000000000000e+06
1.153023000000000000e+06
1.154763000000000000e+06
1.157035000000000000e+06
1.158958000000000000e+06
1.161023000000000000e+06
1.163064000000000000e+06
1.164553000000000000e+06
1.166945000000000000e+06
1.169124000000000000e+06
1.171104000000000000e+06
1.173291000000000000e+06
1.175416000000000000e+06
1.177147000000000000e+06
1.179132000000000000e+06
1.181060000000000000e+06
1.183601000000000000e+06
1.185673000000000000e+06
1.187460000000000000e+06
1.189238000000000000e+06
1.191091000000000000e+06
1.193964000000000000e+06
1.195692000000000000e+06
1.197939000000000000e+06
1.199245000000000000e+06
1.201358000000000000e+06
1.203338000000000000e+06
1.205782000000000000e+06
1.208254000000000000e+06
1.210072000000000000e+06
1.212111000000000000e+06
1.213909000000000000e+06
1.216109000000000000e+06
1.218354000000000000e+06
1.220270000000000000e+06
1.222402000000000000e+06
1.224671000000000000e+06
1.226669000000000000e+06
1.228555000000000000e+06
1.230091000000000000e+06
1.232508000000000000e+06
1.234771000000000000e+06
1.236051000000000000e+06
1.238267000000000000e+06
1.240588000000000000e+06
1.242852000000000000e+06
1.245043000000000000e+06
1.246285000000000000e+06
1.249222000000000000e+06
1.250849000000000000e+06
1.252632000000000000e+06
1.255386000000000000e+06
1.257196000000000000e+06
1.258849000000000000e+06
1.261505000000000000e+06
1.263505000000000000e+06
1.265013000000000000e+06
1.266934000000000000e+06
1.269420000000000000e+06
1.271420000000000000e+06
1.273622000000000000e+06
1.275622000000000000e+06
1.277448000000000000e+06
1.279246000000000000e+06
1.281246000000000000e+06
1.283630000000000000e+06
1.285990000000000000e+06
1.287659000000000000e+06
1.290215000000000000e+06
1.291639000000000000e+06
1.293705000000000000e+06
1.296336000000000000e+06
1.298215000000000000e+06
1.300388000000000000e+06
1.302152000000000000e+06
1.304371000000000000e+06
1.305764000000000000e+06
1.307764000000000000e+06
1.310577000000000000e+06
1.312577000000000000e+06
1.314446000000000000e+06
1.316446000000000000e+06
1.318818000000000000e+06
1.320236000000000000e+06
1.322530000000000000e+06
1.324310000000000000e+06
1.326659000000000000e+06
1.328723000000000000e+06
1.331191000000000000e+06
1.333211000000000000e+06
1.334670000000000000e+06
1.336670000000000000e+06
1.339051000000000000e+06
1.340996000000000000e+06
1.343437000000000000e+06
1.345344000000000000e+06
1.346953000000000000e+06
1.348953000000000000e+06
1.351181000000000000e+06
1.353052000000000000e+06
1.355171000000000000e+06
1.357497000000000000e+06
1.359497000000000000e+06
1.361621000000000000e+06
1.363621000000000000e+06
1.365084000000000000e+06
1.367209000000000000e+06
1.369552000000000000e+06
1.371552000000000000e+06
1.374149000000000000e+06
1.376067000000000000e+06
1.377515000000000000e+06
1.380151000000000000e+06
1.381640000000000000e+06
1.383835000000000000e+06
1.386120000000000000e+06
1.387786000000000000e+06
1.390096000000000000e+06
1.392629000000000000e+06
1.393700000000000000e+06
1.396301000000000000e+06
1.398366000000000000e+06
1.400366000000000000e+06
1.402478000000000000e+06
1.404628000000000000e+06
1.406098000000000000e+06
1.408837000000000000e+06
1.410315000000000000e+06
1.412848000000000000e+06
1.414844000000000000e+06
1.417015000000000000e+06
1.418578000000000000e+06
1.421125000000000000e+06
1.422818000000000000e+06
1.424645000000000000e+06
1.426800000000000000e+06
1.428973000000000000e+06
1.430973000000000000e+06
1.432842000000000000e+06
1.435071000000000000e+06
1.437355000000000000e+06
1.439355000000000000e+06
1.440962000000000000e+06
1.443499000000000000e+06
1.445637000000000000e+06
1.447601000000000000e+06
1.449601000000000000e+06
1.451999000000000000e+06
1.453585000000000000e+06
1.455943000000000000e+06
1.458030000000000000e+06
1.459829000000000000e+06
1.462010000000000000e+06
1.464224000000000000e+06
1.466224000000000000e+06
1.467947000000000000e+06
1.470389000000000000e+06
1.472389000000000000e+06
1.474306000000000000e+06
1.476160000000000000e+06
1.478164000000000000e+06
1.480529000000000000e+06
1.482372000000000000e+06
1.484545000000000000e+06
1.486463000000000000e+06
1.488820000000000000e+06
1.490873000000000000e+06
1.492774000000000000e+06
1.494513000000000000e+06
1.496621000000000000e+06
1.498800000000000000e+06
1.501008000000000000e+06
1.502397000000000000e+06
1.504717000000000000e+06
1.507316000000000000e+06
1.508880000000000000e+06
1.510692000000000000e+06
1.513278000000000000e+06
1.515432000000000000e+06
1.517334000000000000e+06
1.518886000000000000e+06
1.521558000000000000e+06
1.523636000000000000e+06
1.525423000000000000e+06
1.527683000000000000e+06
1.529476000000000000e+06
1.531721000000000000e+06
1.533368000000000000e+06
1.535671000000000000e+06
1.537881000000000000e+06
1.539601000000000000e+06
1.542079000000000000e+06
1.544007000000000000e+06
1.546146000000000000e+06
1.547916000000000000e+06
1.550153000000000000e+06
1.551864000000000000e+06
1.554181000000000000e+06
1.555810000000000000e+06
1.557645000000000000e+06
1.559900000000000000e+06
1.561944000000000000e+06
1.564221000000000000e+06
1.566140000000000000e+06
1.568638000000000000e+06
1.569863000000000000e+06
1.572039000000000000e+06
1.574039000000000000e+06
1.576729000000000000e+06
1.578729000000000000e+06
1.580828000000000000e+06
1.582797000000000000e+06
1.584795000000000000e+06
1.586310000000000000e+06
1.588441000000000000e+06
1.590999000000000000e+06
1.593247000000000000e+06
1.595061000000000000e+06
1.597209000000000000e+06
1.599114000000000000e+06
1.601338000000000000e+06
1.602753000000000000e+06
1.604753000000000000e+06
1.607579000000000000e+06
1.609579000000000000e+06
1.611070000000000000e+06
1.613544000000000000e+06
1.615747000000000000e+06
1.616928000000000000e+06
1.619540000000000000e+06
1.621539000000000000e+06
1.623711000000000000e+06
1.625711000000000000e+06
1.627703000000000000e+06
1.629273000000000000e+06
1.631969000000000000e+06
1.634181000000000000e+06
1.636220000000000000e+06
1.637576000000000000e+06
1.639741000000000000e+06
1.642150000000000000e+06
1.644150000000000000e+06
1.646035000000000000e+06
1.647795000000000000e+06
1.650244000000000000e+06
1.652169000000000000e+06
1.654262000000000000e+06
1.656407000000000000e+06
1.658849000000000000e+06
1.660888000000000000e+06
1.662668000000000000e+06
1.664857000000000000e+06
1.666479000000000000e+06
1.669104000000000000e+06
1.670634000000000000e+06
1.673006000000000000e+06
1.675047000000000000e+06
1.677294000000000000e+06
1.679049000000000000e+06
1.681303000000000000e+06
1.682928000000000000e+06
1.685478000000000000e+06
1.686916000000000000e+06
1.689255000000000000e+06
1.691433000000000000e+06
1.693033000000000000e+06
1.695033000000000000e+06
1.697430000000000000e+06
1.699524000000000000e+06
1.701865000000000000e+06
1.703777000000000000e+06
1.705777000000000000e+06
1.707777000000000000e+06
1.709637000000000000e+06
1.711767000000000000e+06
1.713767000000000000e+06
1.715544000000000000e+06
1.717751000000000000e+06
1.720287000000000000e+06
1.721382000000000000e+06
1.724025000000000000e+06
1.725541000000000000e+06
1.727917000000000000e+06
1.730478000000000000e+06
1.732478000000000000e+06
1.734243000000000000e+06
1.736397000000000000e+06
1.738244000000000000e+06
1.740692000000000000e+06
1.742567000000000000e+06
1.744726000000000000e+06
1.746534000000000000e+06
1.748463000000000000e+06
1.750342000000000000e+06
1.752587000000000000e+06
1.754260000000000000e+06
1.756260000000000000e+06
1.758860000000000000e+06
1.760570000000000000e+06
1.763141000000000000e+06
1.765201000000000000e+06
1.767128000000000000e+06
1.769128000000000000e+06
1.771128000000000000e+06
1.772732000000000000e+06
1.775014000000000000e+06
1.777392000000000000e+06
1.779061000000000000e+06
1.781680000000000000e+06
1.783392000000000000e+06
1.785853000000000000e+06
1.787712000000000000e+06
1.789712000000000000e+06
1.791773000000000000e+06
1.793305000000000000e+06
1.795983000000000000e+06
1.797869000000000000e+06
1.799667000000000000e+06
1.802017000000000000e+06
1.804223000000000000e+06
1.805872000000000000e+06
1.808316000000000000e+06
1.809989000000000000e+06
1.812146000000000000e+06
1.813729000000000000e+06
1.816194000000000000e+06
1.818194000000000000e+06
1.820618000000000000e+06
1.821775000000000000e+06
1.824655000000000000e+06
1.826602000000000000e+06
1.828559000000000000e+06
1.830713000000000000e+06
1.832620000000000000e+06
1.834327000000000000e+06
1.836550000000000000e+06
1.838833000000000000e+06
1.841081000000000000e+06
1.842836000000000000e+06
1.844630000000000000e+06
1.847134000000000000e+06
1.849208000000000000e+06
1.851186000000000000e+06
1.853426000000000000e+06
1.854842000000000000e+06
1.857177000000000000e+06
1.859481000000000000e+06
1.861141000000000000e+06
1.863334000000000000e+06
1.865604000000000000e+06
1.867332000000000000e+06
1.869235000000000000e+06
1.871638000000000000e+06
1.873050000000000000e+06
1.875885000000000000e+06
1.877065000000000000e+06
1.880012000000000000e+06
1.882009000000000000e+06
1.883568000000000000e+06
1.885794000000000000e+06
1.887523000000000000e+06
1.889509000000000000e+06
1.892000000000000000e+06
1.894000000000000000e+06
1.896427000000000000e+06
1.898088000000000000e+06
1.900088000000000000e+06
1.901863000000000000e+06
1.904260000000000000e+06
1.906066000000000000e+06
1.908138000000000000e+06
1.910764000000000000e+06
1.912598000000000000e+06
1.914138000000000000e+06
1.916750000000000000e+06
1.918919000000000000e+06
1.920734000000000000e+06
1.922943000000000000e+06
1.924668000000000000e+06
1.926517000000000000e+06
1.929211000000000000e+06
1.930301000000000000e+06
1.933128000000000000e+06
1.935351000000000000e+06
1.937176000000000000e+06
1.939424000000000000e+06
1.940933000000000000e+06
1.943120000000000000e+06
1.945471000000000000e+06
1.946980000000000000e+06
1.949138000000000000e+06
1.951214000000000000e+06
1.953214000000000000e+06
1.954915000000000000e+06
1.957287000000000000e+06
1.959081000000000000e+06
1.961081000000000000e+06
1.963407000000000000e+06
1.965258000000000000e+06
1.967518000000000000e+06
1.970086000000000000e+06
1.971271000000000000e+06
1.973711000000000000e+06
1.975536000000000000e+06
1.977492000000000000e+06
1.980302000000000000e+06
1.982302000000000000e+06
1.983863000000000000e+06
1.986458000000000000e+06
1.988197000000000000e+06
1.990404000000000000e+06
1.992404000000000000e+06
1.994721000000000000e+06
1.996058000000000000e+06
1.998347000000000000e+06
2.000058000000000000e+06
