2.034000000000000000e+03
4.096000000000000000e+03
6.129000000000000000e+03
8.191000000000000000e+03
1.022900000000000000e+04
1.220700000000000000e+04
1.428100000000000000e+04
1.619000000000000000e+04
1.833700000000000000e+04
2.047900000000000000e+04
2.251100000000000000e+04
2.421700000000000000e+04
2.658600000000000000e+04
2.858600000000000000e+04
3.063200000000000000e+04
3.256300000000000000e+04
3.461100000000000000e+04
3.668200000000000000e+04
3.871400000000000000e+04
4.092600000000000000e+04
4.292100000000000000e+04
4.505300000000000000e+04
4.701000000000000000e+04
4.886000000000000000e+04
5.086300000000000000e+04
5.324400000000000000e+04
5.518400000000000000e+04
5.727700000000000000e+04
5.938100000000000000e+04
6.124300000000000000e+04
6.344000000000000000e+04
6.538700000000000000e+04
6.756600000000000000e+04
6.956900000000000000e+04
7.158600000000000000e+04
7.355100000000000000e+04
7.573300000000000000e+04
7.765600000000000000e+04
7.980700000000000000e+04
8.183400000000000000e+04
8.381900000000000000e+04
8.587600000000000000e+04
8.793100000000000000e+04
8.989800000000000000e+04
9.212700000000000000e+04
9.413200000000000000e+04
9.608900000000000000e+04
9.822900000000000000e+04
1.003280000000000000e+05
1.022700000000000000e+05
1.043770000000000000e+05
1.063330000000000000e+05
1.083690000000000000e+05
1.105100000000000000e+05
1.125670000000000000e+05
1.144810000000000000e+05
1.166250000000000000e+05
1.187000000000000000e+05
1.207550000000000000e+05
1.227280000000000000e+05
1.247440000000000000e+05
1.268310000000000000e+05
1.289460000000000000e+05
1.310110000000000000e+05
1.330340000000000000e+05
1.351280000000000000e+05
1.370610000000000000e+05
1.391330000000000000e+05
1.411100000000000000e+05
1.431730000000000000e+05
1.452470000000000000e+05
1.473000000000000000e+05
1.494830000000000000e+05
1.515370000000000000e+05
1.535940000000000000e+05
1.554510000000000000e+05
1.574100000000000000e+05
1.597250000000000000e+05
1.617410000000000000e+05
1.637700000000000000e+05
1.657970000000000000e+05
1.677470000000000000e+05
1.699620000000000000e+05
1.719290000000000000e+05
1.739250000000000000e+05
1.760440000000000000e+05
1.779450000000000000e+05
1.801060000000000000e+05
1.821470000000000000e+05
1.843020000000000000e+05
1.861960000000000000e+05
1.883100000000000000e+05
1.903510000000000000e+05
1.924680000000000000e+05
1.943580000000000000e+05
1.965580000000000000e+05
1.984770000000000000e+05
2.006630000000000000e+05
2.026580000000000000e+05
2.047740000000000000e+05
2.067940000000000000e+05
2.088880000000000000e+05
2.109010000000000000e+05
2.129700000000000000e+05
2.149780000000000000e+05
2.169870000000000000e+05
2.189340000000000000e+05
2.210820000000000000e+05
2.230440000000000000e+05
2.251740000000000000e+05
2.271580000000000000e+05
2.293570000000000000e+05
2.314240000000000000e+05
2.333590000000000000e+05
2.353950000000000000e+05
2.375670000000000000e+05
2.393700000000000000e+05
2.415210000000000000e+05
2.437040000000000000e+05
2.455990000000000000e+05
2.477070000000000000e+05
2.497680000000000000e+05
2.517780000000000000e+05
2.537980000000000000e+05
2.559900000000000000e+05
2.579240000000000000e+05
2.599200000000000000e+05
2.620280000000000000e+05
2.640040000000000000e+05
2.662320000000000000e+05
2.681810000000000000e+05
2.701970000000000000e+05
2.722840000000000000e+05
2.743370000000000000e+05
2.764640000000000000e+05
2.784210000000000000e+05
2.804770000000000000e+05
2.824130000000000000e+05
2.844770000000000000e+05
2.866530000000000000e+05
2.887510000000000000e+05
2.906380000000000000e+05
2.927780000000000000e+05
2.946550000000000000e+05
2.967390000000000000e+05
2.988260000000000000e+05
3.008380000000000000e+05
3.029430000000000000e+05
3.051330000000000000e+05
3.071750000000000000e+05
3.091630000000000000e+05
3.111900000000000000e+05
3.131570000000000000e+05
3.151680000000000000e+05
3.172480000000000000e+05
3.194290000000000000e+05
3.214220000000000000e+05
3.234640000000000000e+05
3.254530000000000000e+05
3.275000000000000000e+05
3.296700000000000000e+05
3.316490000000000000e+05
3.337410000000000000e+05
3.352670000000000000e+05
3.378860000000000000e+05
3.397070000000000000e+05
3.417570000000000000e+05
3.439210000000000000e+05
3.458200000000000000e+05
3.479910000000000000e+05
3.500800000000000000e+05
3.521600000000000000e+05
3.540660000000000000e+05
3.561560000000000000e+05
3.583740000000000000e+05
3.602830000000000000e+05
3.623100000000000000e+05
3.644210000000000000e+05
3.665380000000000000e+05
3.683760000000000000e+05
3.705090000000000000e+05
3.725420000000000000e+05
3.747700000000000000e+05
3.767620000000000000e+05
3.788070000000000000e+05
3.807990000000000000e+05
3.827880000000000000e+05
3.850120000000000000e+05
3.870530000000000000e+05
3.889130000000000000e+05
3.910860000000000000e+05
3.930060000000000000e+05
3.949460000000000000e+05
3.971710000000000000e+05
3.990890000000000000e+05
4.013840000000000000e+05
4.032900000000000000e+05
4.054220000000000000e+05
4.074870000000000000e+05
4.095960000000000000e+05
4.113180000000000000e+05
4.133970000000000000e+05
4.155820000000000000e+05
4.175730000000000000e+05
4.194570000000000000e+05
4.217970000000000000e+05
4.239100000000000000e+05
4.259360000000000000e+05
4.280190000000000000e+05
4.300350000000000000e+05
4.319370000000000000e+05
4.339280000000000000e+05
4.359770000000000000e+05
4.380500000000000000e+05
4.401460000000000000e+05
4.422220000000000000e+05
4.441720000000000000e+05
4.464010000000000000e+05
4.482230000000000000e+05
4.502540000000000000e+05
4.521600000000000000e+05
4.545480000000000000e+05
4.565300000000000000e+05
4.585940000000000000e+05
4.605510000000000000e+05
4.625390000000000000e+05
4.646770000000000000e+05
4.666960000000000000e+05
4.688510000000000000e+05
4.710180000000000000e+05
4.724560000000000000e+05
4.749240000000000000e+05
4.771800000000000000e+05
4.791450000000000000e+05
4.812140000000000000e+05
4.832230000000000000e+05
4.852760000000000000e+05
4.871540000000000000e+05
4.893240000000000000e+05
4.913740000000000000e+05
4.931360000000000000e+05
4.955190000000000000e+05
4.972160000000000000e+05
4.995900000000000000e+05
5.016800000000000000e+05
5.036450000000000000e+05
5.057160000000000000e+05
5.078400000000000000e+05
5.096830000000000000e+05
5.118710000000000000e+05
5.138250000000000000e+05
5.159840000000000000e+05
5.179810000000000000e+05
5.193240000000000000e+05
5.221070000000000000e+05
5.239360000000000000e+05
5.258870000000000000e+05
5.283420000000000000e+05
5.297430000000000000e+05
5.324600000000000000e+05
5.342190000000000000e+05
5.361150000000000000e+05
5.383940000000000000e+05
5.404760000000000000e+05
5.424880000000000000e+05
5.447180000000000000e+05
5.462760000000000000e+05
5.486650000000000000e+05
5.509070000000000000e+05
5.525120000000000000e+05
5.543680000000000000e+05
5.568260000000000000e+05
5.590060000000000000e+05
5.610310000000000000e+05
5.628960000000000000e+05
5.650290000000000000e+05
5.672240000000000000e+05
5.692950000000000000e+05
5.713800000000000000e+05
5.733210000000000000e+05
5.753950000000000000e+05
5.772780000000000000e+05
5.794380000000000000e+05
5.815870000000000000e+05
5.831990000000000000e+05
5.857030000000000000e+05
5.877280000000000000e+05
5.898040000000000000e+05
5.912420000000000000e+05
5.938260000000000000e+05
5.957350000000000000e+05
5.976460000000000000e+05
5.997240000000000000e+05
6.014970000000000000e+05
6.039860000000000000e+05
6.061870000000000000e+05
6.077120000000000000e+05
6.101920000000000000e+05
6.122180000000000000e+05
6.139930000000000000e+05
6.160910000000000000e+05
6.183530000000000000e+05
6.200440000000000000e+05
6.222920000000000000e+05
6.245610000000000000e+05
6.266610000000000000e+05
6.287100000000000000e+05
6.306410000000000000e+05
6.324960000000000000e+05
6.348000000000000000e+05
6.368070000000000000e+05
6.389120000000000000e+05
6.406780000000000000e+05
6.428330000000000000e+05
6.444310000000000000e+05
6.469420000000000000e+05
6.492130000000000000e+05
6.508410000000000000e+05
6.526740000000000000e+05
6.545010000000000000e+05
6.570350000000000000e+05
6.592520000000000000e+05
6.614130000000000000e+05
6.630170000000000000e+05
6.654090000000000000e+05
6.674600000000000000e+05
6.695970000000000000e+05
6.716430000000000000e+05
6.737000000000000000e+05
6.754600000000000000e+05
6.776590000000000000e+05
6.799100000000000000e+05
6.814650000000000000e+05
6.837100000000000000e+05
6.856800000000000000e+05
6.876390000000000000e+05
6.900760000000000000e+05
6.913120000000000000e+05
6.936440000000000000e+05
6.958070000000000000e+05
6.978050000000000000e+05
6.999300000000000000e+05
7.017040000000000000e+05
7.044020000000000000e+05
7.063770000000000000e+05
7.076120000000000000e+05
7.104190000000000000e+05
7.126030000000000000e+05
7.146050000000000000e+05
7.158620000000000000e+05
7.186080000000000000e+05
7.205870000000000000e+05
7.225660000000000000e+05
7.246880000000000000e+05
7.267220000000000000e+05
7.290850000000000000e+05
7.307380000000000000e+05
7.328100000000000000e+05
7.352190000000000000e+05
7.371350000000000000e+05
7.389130000000000000e+05
7.413620000000000000e+05
7.432640000000000000e+05
7.453800000000000000e+05
7.469420000000000000e+05
7.492260000000000000e+05
7.511710000000000000e+05
7.534490000000000000e+05
7.554040000000000000e+05
7.575920000000000000e+05
7.597850000000000000e+05
7.610070000000000000e+05
7.636620000000000000e+05
7.657160000000000000e+05
7.679750000000000000e+05
7.695210000000000000e+05
7.714570000000000000e+05
7.738100000000000000e+05
7.757240000000000000e+05
7.777070000000000000e+05
7.797450000000000000e+05
7.817730000000000000e+05
7.840870000000000000e+05
7.860640000000000000e+05
7.881180000000000000e+05
7.901010000000000000e+05
7.925330000000000000e+05
7.945360000000000000e+05
7.963250000000000000e+05
7.984860000000000000e+05
8.007610000000000000e+05
8.026090000000000000e+05
8.045550000000000000e+05
8.062800000000000000e+05
8.082800000000000000e+05
8.109670000000000000e+05
8.130260000000000000e+05
8.143580000000000000e+05
8.170650000000000000e+05
8.189230000000000000e+05
8.204950000000000000e+05
8.231150000000000000e+05
8.251150000000000000e+05
8.273080000000000000e+05
8.293460000000000000e+05
8.308360000000000000e+05
8.333940000000000000e+05
8.351010000000000000e+05
8.371610000000000000e+05
8.390680000000000000e+05
8.409830000000000000e+05
8.436060000000000000e+05
8.455030000000000000e+05
8.478180000000000000e+05
8.496290000000000000e+05
8.511420000000000000e+05
8.539020000000000000e+05
8.559570000000000000e+05
8.574890000000000000e+05
8.600280000000000000e+05
8.618990000000000000e+05
8.639160000000000000e+05
8.653970000000000000e+05
8.679910000000000000e+05
8.700730000000000000e+05
8.719780000000000000e+05
8.742810000000000000e+05
8.762920000000000000e+05
8.782070000000000000e+05
8.803830000000000000e+05
8.822140000000000000e+05
8.844910000000000000e+05
8.863400000000000000e+05
8.883580000000000000e+05
8.904610000000000000e+05
8.928080000000000000e+05
8.944870000000000000e+05
8.966490000000000000e+05
8.983680000000000000e+05
9.009380000000000000e+05
9.030950000000000000e+05
9.048300000000000000e+05
9.070530000000000000e+05
9.090530000000000000e+05
9.109760000000000000e+05
9.132980000000000000e+05
9.154170000000000000e+05
9.169750000000000000e+05
9.191740000000000000e+05
9.208080000000000000e+05
9.236440000000000000e+05
9.253410000000000000e+05
9.275050000000000000e+05
9.296900000000000000e+05
9.312950000000000000e+05
9.336370000000000000e+05
9.358470000000000000e+05
9.377220000000000000e+05
9.393700000000000000e+05
9.415340000000000000e+05
9.440760000000000000e+05
9.461540000000000000e+05
9.474340000000000000e+05
9.498370000000000000e+05
9.520040000000000000e+05
9.540970000000000000e+05
9.555050000000000000e+05
9.582290000000000000e+05
9.605010000000000000e+05
9.616800000000000000e+05
9.642270000000000000e+05
9.663030000000000000e+05
9.679980000000000000e+05
9.705600000000000000e+05
9.721660000000000000e+05
9.745300000000000000e+05
9.767380000000000000e+05
9.783920000000000000e+05
9.805900000000000000e+05
9.827100000000000000e+05
9.846820000000000000e+05
9.869880000000000000e+05
9.887410000000000000e+05
9.912320000000000000e+05
9.931050000000000000e+05
9.947720000000000000e+05
9.966820000000000000e+05
9.989550000000000000e+05
1.000639000000000000e+06
1.002928000000000000e+06
1.005548000000000000e+06
1.007530000000000000e+06
1.008834000000000000e+06
1.011364000000000000e+06
1.013320000000000000e+06
1.015072000000000000e+06
1.017796000000000000e+06
1.019645000000000000e+06
1.021645000000000000e+06
1.023906000000000000e+06
1.025766000000000000e+06
1.027641000000000000e+06
1.029641000000000000e+06
1.031373000000000000e+06
1.033373000000000000e+06
1.036286000000000000e+06
1.038083000000000000e+06
1.039675000000000000e+06
1.042313000000000000e+06
1.043970000000000000e+06
1.046364000000000000e+06
1.048364000000000000e+06
1.049845000000000000e+06
1.051845000000000000e+06
1.054124000000000000e+06
1.056124000000000000e+06
1.058124000000000000e+06
1.060245000000000000e+06
1.062860000000000000e+06
1.064668000000000000e+06
1.066912000000000000e+06
1.068797000000000000e+06
1.070734000000000000e+06
1.072839000000000000e+06
1.074998000000000000e+06
1.077006000000000000e+06
1.079257000000000000e+06
1.080946000000000000e+06
1.083131000000000000e+06
1.084774000000000000e+06
1.087279000000000000e+06
1.089173000000000000e+06
1.090991000000000000e+06
1.093341000000000000e+06
1.095426000000000000e+06
1.097079000000000000e+06
1.099476000000000000e+06
1.101536000000000000e+06
1.103536000000000000e+06
1.105018000000000000e+06
1.107140000000000000e+06
1.109856000000000000e+06
1.111808000000000000e+06
1.113827000000000000e+06
1.115283000000000000e+06
1.118051000000000000e+06
1.119745000000000000e+06
1.121984000000000000e+06
1.124122000000000000e+06
1.126146000000000000e+06
1.128375000000000000e+06
1.130157000000000000e+06
1.132337000000000000e+06
1.134480000000000000e+06
1.135709000000000000e+06
1.138454000000000000e+06
1.140701000000000000e+06
1.141939000000000000e+06
1.144609000000000000e+06
1.146490000000000000e+06
1.148673000000000000e+06
1.150922000000000000e+06
1.152705000000000000e+06
1.154436000000000000e+06
1.156806000000000000e+06
1.158386000000000000e+06
1.160978000000000000e+06
1.162825000000000000e+06
1.165031000000000000e+06
1.166757000000000000e+06
1.168912000000000000e+06
1.171392000000000000e+06
1.173381000000000000e+06
1.175244000000000000e+06
1.177197000000000000e+06
1.179309000000000000e+06
1.181631000000000000e+06
1.183711000000000000e+06
1.185773000000000000e+06
1.187682000000000000e+06
1.189543000000000000e+06
1.191773000000000000e+06
1.193966000000000000e+06
1.195555000000000000e+06
1.197829000000000000e+06
1.199502000000000000e+06
1.201502000000000000e+06
1.204210000000000000e+06
1.205674000000000000e+06
1.207637000000000000e+06
1.210259000000000000e+06
1.212156000000000000e+06
1.214119000000000000e+06
1.216108000000000000e+06
1.218280000000000000e+06
1.220190000000000000e+06
1.221979000000000000e+06
1.224472000000000000e+06
1.226539000000000000e+06
1.228539000000000000e+06
1.230816000000000000e+06
1.232816000000000000e+06
1.234816000000000000e+06
1.236703000000000000e+06
1.238517000000000000e+06
1.240517000000000000e+06
1.243111000000000000e+06
1.245069000000000000e+06
1.247119000000000000e+06
1.249119000000000000e+06
1.251100000000000000e+06
1.252790000000000000e+06
1.254790000000000000e+06
1.256790000000000000e+06
1.258790000000000000e+06
1.261280000000000000e+06
1.263280000000000000e+06
1.265280000000000000e+06
1.266844000000000000e+06
1.269628000000000000e+06
1.271023000000000000e+06
1.273810000000000000e+06
1.275769000000000000e+06
1.277716000000000000e+06
1.279477000000000000e+06
1.281133000000000000e+06
1.283564000000000000e+06
1.285343000000000000e+06
1.287255000000000000e+06
1.289996000000000000e+06
1.291996000000000000e+06
1.293833000000000000e+06
1.295754000000000000e+06
1.298354000000000000e+06
1.300354000000000000e+06
1.302181000000000000e+06
1.304159000000000000e+06
1.306159000000000000e+06
1.308159000000000000e+06
1.310159000000000000e+06
1.312159000000000000e+06
1.314101000000000000e+06
1.316693000000000000e+06
1.317977000000000000e+06
1.320415000000000000e+06
1.322895000000000000e+06
1.324519000000000000e+06
1.326519000000000000e+06
1.328879000000000000e+06
1.330879000000000000e+06
1.332879000000000000e+06
1.334879000000000000e+06
1.336514000000000000e+06
1.338950000000000000e+06
1.340950000000000000e+06
1.342838000000000000e+06
1.344718000000000000e+06
1.347211000000000000e+06
1.349170000000000000e+06
1.351664000000000000e+06
1.353097000000000000e+06
1.355680000000000000e+06
1.357601000000000000e+06
1.359695000000000000e+06
1.361762000000000000e+06
1.363762000000000000e+06
1.365762000000000000e+06
1.367946000000000000e+06
1.369599000000000000e+06
1.372100000000000000e+06
1.373924000000000000e+06
1.375924000000000000e+06
1.378267000000000000e+06
1.380032000000000000e+06
1.381584000000000000e+06
1.383584000000000000e+06
1.385938000000000000e+06
1.388388000000000000e+06
1.390388000000000000e+06
1.392388000000000000e+06
1.394388000000000000e+06
1.396388000000000000e+06
1.398055000000000000e+06
1.400039000000000000e+06
1.402396000000000000e+06
1.404772000000000000e+06
1.406182000000000000e+06
1.408424000000000000e+06
1.410935000000000000e+06
1.412381000000000000e+06
1.414712000000000000e+06
1.416614000000000000e+06
1.419218000000000000e+06
1.421025000000000000e+06
1.423155000000000000e+06
1.424928000000000000e+06
1.427173000000000000e+06
1.429446000000000000e+06
1.431016000000000000e+06
1.433016000000000000e+06
1.435610000000000000e+06
1.437610000000000000e+06
1.439108000000000000e+06
1.441759000000000000e+06
1.443626000000000000e+06
1.445626000000000000e+06
1.447626000000000000e+06
1.449169000000000000e+06
1.451063000000000000e+06
1.453853000000000000e+06
1.455870000000000000e+06
1.457870000000000000e+06
1.459904000000000000e+06
1.462020000000000000e+06
1.464020000000000000e+06
1.465506000000000000e+06
1.467426000000000000e+06
1.470426000000000000e+06
1.472426000000000000e+06
1.474161000000000000e+06
1.476027000000000000e+06
1.478027000000000000e+06
1.480632000000000000e+06
1.482241000000000000e+06
1.484577000000000000e+06
1.486147000000000000e+06
1.488147000000000000e+06
1.490564000000000000e+06
1.492887000000000000e+06
1.494050000000000000e+06
1.496419000000000000e+06
1.498250000000000000e+06
1.501182000000000000e+06
1.502979000000000000e+06
1.504996000000000000e+06
1.506977000000000000e+06
1.508402000000000000e+06
1.510924000000000000e+06
1.512552000000000000e+06
1.514552000000000000e+06
1.516766000000000000e+06
1.518707000000000000e+06
1.521168000000000000e+06
1.522989000000000000e+06
1.524989000000000000e+06
1.527326000000000000e+06
1.529286000000000000e+06
1.531780000000000000e+06
1.533082000000000000e+06
1.535766000000000000e+06
1.538017000000000000e+06
1.539499000000000000e+06
1.542083000000000000e+06
1.543991000000000000e+06
1.545886000000000000e+06
1.547886000000000000e+06
1.549852000000000000e+06
1.551852000000000000e+06
1.553756000000000000e+06
1.555756000000000000e+06
1.558387000000000000e+06
1.560568000000000000e+06
1.562568000000000000e+06
1.564558000000000000e+06
1.566062000000000000e+06
1.568548000000000000e+06
1.570197000000000000e+06
1.572592000000000000e+06
1.574887000000000000e+06
1.576942000000000000e+06
1.578942000000000000e+06
1.580932000000000000e+06
1.582643000000000000e+06
1.584643000000000000e+06
1.586971000000000000e+06
1.588971000000000000e+06
1.591111000000000000e+06
1.592629000000000000e+06
1.594470000000000000e+06
1.596920000000000000e+06
1.598792000000000000e+06
1.601518000000000000e+06
1.603518000000000000e+06
1.605129000000000000e+06
1.606851000000000000e+06
1.609560000000000000e+06
1.611211000000000000e+06
1.613034000000000000e+06
1.615798000000000000e+06
1.617699000000000000e+06
1.619638000000000000e+06
1.621638000000000000e+06
1.623638000000000000e+06
1.625904000000000000e+06
1.627777000000000000e+06
1.629906000000000000e+06
1.631928000000000000e+06
1.633877000000000000e+06
1.636119000000000000e+06
1.637737000000000000e+06
1.639737000000000000e+06
1.641737000000000000e+06
1.644458000000000000e+06
1.646021000000000000e+06
1.648021000000000000e+06
1.650120000000000000e+06
1.652617000000000000e+06
1.654406000000000000e+06
1.656759000000000000e+06
1.658217000000000000e+06
1.660631000000000000e+06
1.662758000000000000e+06
1.664593000000000000e+06
1.666292000000000000e+06
1.668910000000000000e+06
1.671028000000000000e+06
1.672855000000000000e+06
1.674517000000000000e+06
1.677259000000000000e+06
1.678870000000000000e+06
1.680870000000000000e+06
1.682870000000000000e+06
1.684691000000000000e+06
1.686691000000000000e+06
1.689213000000000000e+06
1.691040000000000000e+06
1.693542000000000000e+06
1.695542000000000000e+06
1.696793000000000000e+06
1.699523000000000000e+06
1.701523000000000000e+06
1.703523000000000000e+06
1.705290000000000000e+06
1.707262000000000000e+06
1.709729000000000000e+06
1.711448000000000000e+06
1.713296000000000000e+06
1.715296000000000000e+06
1.718185000000000000e+06
1.720098000000000000e+06
1.722094000000000000e+06
1.723871000000000000e+06
1.725871000000000000e+06
1.727871000000000000e+06
1.729655000000000000e+06
1.732419000000000000e+06
1.734634000000000000e+06
1.736047000000000000e+06
1.738256000000000000e+06
1.740216000000000000e+06
1.742767000000000000e+06
1.744767000000000000e+06
1.746000000000000000e+06
1.748000000000000000e+06
1.750972000000000000e+06
1.752388000000000000e+06
1.754725000000000000e+06
1.756901000000000000e+06
1.758980000000000000e+06
1.760797000000000000e+06
1.762546000000000000e+06
1.764877000000000000e+06
1.766488000000000000e+06
1.769096000000000000e+06
1.770818000000000000e+06
1.773238000000000000e+06
1.774935000000000000e+06
1.776666000000000000e+06
1.779666000000000000e+06
1.781450000000000000e+06
1.782969000000000000e+06
1.785729000000000000e+06
1.786966000000000000e+06
1.789471000000000000e+06
1.791955000000000000e+06
1.793538000000000000e+06
1.795865000000000000e+06
1.797900000000000000e+06
1.799973000000000000e+06
1.802223000000000000e+06
1.803541000000000000e+06
1.806077000000000000e+06
1.808249000000000000e+06
1.810165000000000000e+06
1.811926000000000000e+06
1.813926000000000000e+06
1.815585000000000000e+06
1.818585000000000000e+06
1.819950000000000000e+06
1.822691000000000000e+06
1.824530000000000000e+06
1.826530000000000000e+06
1.828530000000000000e+06
1.830499000000000000e+06
1.832753000000000000e+06
1.834753000000000000e+06
1.836329000000000000e+06
1.838989000000000000e+06
1.840455000000000000e+06
1.842455000000000000e+06
1.845187000000000000e+06
1.847272000000000000e+06
1.849272000000000000e+06
1.851242000000000000e+06
1.853242000000000000e+06
1.855242000000000000e+06
1.856631000000000000e+06
1.859355000000000000e+06
1.861098000000000000e+06
1.862696000000000000e+06
1.865628000000000000e+06
1.867480000000000000e+06
1.869480000000000000e+06
1.871049000000000000e+06
1.873325000000000000e+06
1.875171000000000000e+06
1.877171000000000000e+06
1.879488000000000000e+06
1.881958000000000000e+06
1.883831000000000000e+06
1.886084000000000000e+06
1.887394000000000000e+06
1.890052000000000000e+06
1.891744000000000000e+06
1.893909000000000000e+06
1.896390000000000000e+06
1.898390000000000000e+06
1.900390000000000000e+06
1.902390000000000000e+06
1.904390000000000000e+06
1.906027000000000000e+06
1.907943000000000000e+06
1.909943000000000000e+06
1.912387000000000000e+06
1.914323000000000000e+06
1.916323000000000000e+06
1.918323000000000000e+06
1.920322000000000000e+06
1.922723000000000000e+06
1.924792000000000000e+06
1.926732000000000000e+06
1.929178000000000000e+06
1.931096000000000000e+06
1.933096000000000000e+06
1.934716000000000000e+06
1.937064000000000000e+06
1.939064000000000000e+06
1.941307000000000000e+06
1.943307000000000000e+06
1.945563000000000000e+06
1.946653000000000000e+06
1.949299000000000000e+06
1.951582000000000000e+06
1.952914000000000000e+06
1.955664000000000000e+06
1.957468000000000000e+06
1.959891000000000000e+06
1.961403000000000000e+06
1.963485000000000000e+06
1.965691000000000000e+06
1.967691000000000000e+06
1.970129000000000000e+06
1.971967000000000000e+06
1.974100000000000000e+06
1.975476000000000000e+06
1.977523000000000000e+06
1.979523000000000000e+06
1.982171000000000000e+06
1.983823000000000000e+06
1.985999000000000000e+06
1.987783000000000000e+06
1.990434000000000000e+06
1.991752000000000000e+06
1.994654000000000000e+06
1.996357000000000000e+06
1.998110000000000000e+06
2.000170000000000000e+06
