-1.266704817103664915e+01
5.231226410246929248e+00
1.003028606858267402e+01
1.302523663342554983e+01
1.482009453982962199e+01
1.522861290367222331e+01
1.613050444746025391e+01
1.687481790950845451e+01
1.861441868419550261e+01
1.940899603319432387e+01
1.951760632323492572e+01
2.013552171805608282e+01
2.059993966229839302e+01
2.137427812703271712e+01
2.208416412616792712e+01
2.265920123578343848e+01
2.307741178588031161e+01
2.322719521142701282e+01
2.357130071977641705e+01
2.377436036060908719e+01
2.434497019910027404e+01
2.483012486785442618e+01
2.537912338900619957e+01
2.569449055230310819e+01
2.595914150621633709e+01
2.636847027082788131e+01
2.666562713286490194e+01
2.688334630551631221e+01
2.711724725070558861e+01
2.737818284047338935e+01
2.769984505929229357e+01
2.799254827053031036e+01
2.825222893938556368e+01
2.843808698100763976e+01
2.869358571782281686e+01
2.889467324369467249e+01
2.907936573195516061e+01
2.911983456960905059e+01
2.912793347272004851e+01
2.911973446559123246e+01
2.917739687335610554e+01
2.925496825576389526e+01
2.933396053627865641e+01
2.941576644255442829e+01
2.953058511156110910e+01
2.961345437078561460e+01
2.977179581083575854e+01
2.978428309165551369e+01
2.984150002076926356e+01
3.082724612576573620e+01
3.105882942863650342e+01
3.135712508552236599e+01
3.164583315270412101e+01
3.187678544787234003e+01
3.219119785704639725e+01
3.245328176840349244e+01
3.280184672410057090e+01
3.288407567625998240e+01
3.304218663448335747e+01
3.332106726088500182e+01
3.354667692665027090e+01
3.379660584424610903e+01
3.394725187872387551e+01
3.402435563459511059e+01
3.410145367638153857e+01
3.424946510401834132e+01
3.449011536249966525e+01
3.469333972745094030e+01
3.472726702059116377e+01
3.475357894944399106e+01
3.479414566379709584e+01
3.471953696561522662e+01
3.466842368399753127e+01
3.471318180919156049e+01
3.473172462301848640e+01
3.466034128647890356e+01
3.471077985118864717e+01
3.471004207444779865e+01
3.470698583569520679e+01
3.464728442943846431e+01
3.460485182486344513e+01
3.449049775270577811e+01
3.450988793571065827e+01
3.453979439469807744e+01
3.457831755821259634e+01
3.462438219055597699e+01
3.472557593011430299e+01
3.488511138927784572e+01
3.493650248384073365e+01
3.500630859662287264e+01
3.512233193913377249e+01
3.512928988047716672e+01
3.508987561185957560e+01
3.511959031770531681e+01
3.511101074357539886e+01
3.500250665819825002e+01
3.500242422142680709e+01
3.496311880699827412e+01
3.489550350691513358e+01
3.486674553690139788e+01
3.476924722013952618e+01
3.468759721713749400e+01
3.469761744014145677e+01
3.479363453077370139e+01
3.473423293633206299e+01
3.465936824414539785e+01
3.458631333994182455e+01
3.468853325465989457e+01
3.463004314633273140e+01
3.459768865253985126e+01
3.463723749055889556e+01
3.461444055860703628e+01
3.452099411298460296e+01
3.452633207902702139e+01
3.443221328639381085e+01
3.440074215435141269e+01
3.437568733508310714e+01
3.442551174926236968e+01
3.438386413098377403e+01
3.438952710845481420e+01
3.439067464019579035e+01
3.450595931065038968e+01
3.449907061438132416e+01
3.441254859207847261e+01
3.456800574559419914e+01
3.462538810444402060e+01
3.462886939613765946e+01
3.456021936877548484e+01
3.454634009832108887e+01
3.465937432824448194e+01
3.474815641823842327e+01
3.474669502238910468e+01
3.467499554170699838e+01
3.465226509963446233e+01
3.465102674406197991e+01
3.470900260065495502e+01
3.482584617655713544e+01
3.489605469133118021e+01
3.495780221462149484e+01
3.500579737788309131e+01
3.507671983244992475e+01
3.527457410734120202e+01
3.534275777956563047e+01
3.547130547342306528e+01
3.566993453826938776e+01
3.600076437738058388e+01
3.620165812349987533e+01
3.639087661687287323e+01
3.663001150598281441e+01
3.700719316070703968e+01
3.723898150283703501e+01
3.744938862348425346e+01
3.765296726978476016e+01
3.794876523399411639e+01
3.820522429813354393e+01
3.856584008429916821e+01
3.873795869907408473e+01
3.908934196776713321e+01
3.929753743716357661e+01
3.954734814631813578e+01
3.987596434626738073e+01
4.022011327231990663e+01
4.049366164890442832e+01
4.099089551503865891e+01
4.134487826289618084e+01
4.177571238035109502e+01
4.238977218318122198e+01
4.277261152618571316e+01
4.318545487942928673e+01
4.365428258779704862e+01
4.410654320874304091e+01
4.443801857349366458e+01
4.489380198581991266e+01
4.544823744662436837e+01
4.581654480758106018e+01
4.624085279756187106e+01
4.686341705679505054e+01
4.762355314072901535e+01
4.836102553468475662e+01
4.858975441774187942e+01
4.936061053142464772e+01
5.018788656355972932e+01
5.084993645475692858e+01
5.164303736453744875e+01
5.200060215462459468e+01
5.235942049950508448e+01
5.303864835035563630e+01
5.401976855590887538e+01
5.440162064812056997e+01
5.515088427154836381e+01
5.583992032454886356e+01
5.621615815668808125e+01
5.655161821272379541e+01
5.688642491531955869e+01
5.719122026308439644e+01
5.714013500040985605e+01
5.675360438352998216e+01
5.710010625753470492e+01
5.756312230669525576e+01
5.775775200797176723e+01
5.784204126814427838e+01
5.762492146432723672e+01
5.764532997325576957e+01
5.785172642636124607e+01
5.813575802713658902e+01
5.848363994134081878e+01
5.889889706619173637e+01
5.952310625307020331e+01
6.022067631473363036e+01
6.079411255675163517e+01
6.122147073176235921e+01
6.129242727915276134e+01
6.170021933627464250e+01
6.216248485758761433e+01
6.276739585089565310e+01
6.311199256301742366e+01
6.345789389045857831e+01
6.369455460950352688e+01
6.401654695191274413e+01
6.383669919901825551e+01
6.425919672128991067e+01
6.446887539670737510e+01
6.474556875965106428e+01
6.519029232402304785e+01
6.544778577146971088e+01
6.574488558208101097e+01
6.595039427775537888e+01
6.604559669018654233e+01
6.654095709732715136e+01
6.668565345751008522e+01
6.691248024447504861e+01
6.715380765625776860e+01
6.741092754720243363e+01
6.802683478466489930e+01
6.857240458687377327e+01
6.904824628270075948e+01
6.935931550774040488e+01
6.995107452056146258e+01
7.021647487307704694e+01
7.052120854254756921e+01
7.116459195448983621e+01
7.174192928169638606e+01
7.230427911759397830e+01
7.287797430882487504e+01
7.391005243140958214e+01
7.517478634347808963e+01
7.576127691475750225e+01
7.598566353009000807e+01
7.641740457174869050e+01
7.776670885719089199e+01
7.889087259887402581e+01
7.950021026541514857e+01
7.984774130042961815e+01
8.039396480888848373e+01
8.012447928219138760e+01
8.029924787660003460e+01
8.069043352684630577e+01
8.094878016375294294e+01
8.109218214490022092e+01
8.152938516626203125e+01
8.222567154924517752e+01
8.245480031764505213e+01
8.254751408860106210e+01
8.272131017639541994e+01
8.286522500800005275e+01
8.317757844963782077e+01
8.359105207114171776e+01
8.385108780319791322e+01
8.461252160813391754e+01
8.501081740379082419e+01
8.558659274509038539e+01
8.577620714061460205e+01
8.617425368375778305e+01
8.653483542690031527e+01
8.667871515594150367e+01
8.677929411663060932e+01
8.702401969097115852e+01
8.747354526198625990e+01
8.738927502239801015e+01
8.751163240954227263e+01
8.777210055645382170e+01
8.794996242156921085e+01
8.799034387169177762e+01
8.804873235137000620e+01
8.809487587739671710e+01
8.820209104841815417e+01
8.829180314633160265e+01
8.837703651552172346e+01
8.828195267012077352e+01
8.837322920131627768e+01
8.844148319648311940e+01
8.870673035837890552e+01
8.880103415174781389e+01
8.885946750283710571e+01
8.884380515182827764e+01
8.906088462117504889e+01
8.955146404671619109e+01
8.962778973635205659e+01
8.974490197727301677e+01
8.974316079664860979e+01
8.984749549206833308e+01
9.019023592462036731e+01
9.033044055939306816e+01
9.109183125558649863e+01
9.118842780373897483e+01
9.116370752268571209e+01
9.118386961285180803e+01
9.130496219961352722e+01
9.114986393204914350e+01
9.104864129055673061e+01
9.120680997111196575e+01
9.137876717470662413e+01
9.149728750117130005e+01
9.158179999740758603e+01
9.163343100066909130e+01
9.170840248067088396e+01
9.176393034461300147e+01
9.176441854494636630e+01
9.186468424249767395e+01
9.174552026249737935e+01
9.153708726929238537e+01
9.148823296741947786e+01
9.153489210529784259e+01
9.134398576047098572e+01
9.149648098825156239e+01
9.143176023258625662e+01
9.125824493558789641e+01
9.150486618763292768e+01
9.149377494053305782e+01
9.142324843337264895e+01
9.141501400996820337e+01
9.131306527954281194e+01
9.145762913051640908e+01
9.145076231027040592e+01
9.134630750074563821e+01
9.144090570291371023e+01
9.148742590288810561e+01
9.156815260866773087e+01
9.157774701222805902e+01
9.167629278695824269e+01
9.138528263160314680e+01
9.134207834145037452e+01
9.132083608794390273e+01
9.138700591480053959e+01
9.132313701218737378e+01
9.129218742426689914e+01
9.137928680477484988e+01
9.135589834880300941e+01
9.141398615145179463e+01
9.139902837391821322e+01
9.142040809370014642e+01
9.140037994255202136e+01
9.137065522888258329e+01
9.145721492680331721e+01
9.156510082670924078e+01
9.164163774023602116e+01
9.183950129215698155e+01
9.199323983254919312e+01
9.216319182561383627e+01
9.215635059928213479e+01
9.215494850462913234e+01
9.221208242259693577e+01
9.233644446613797641e+01
9.236762887726575855e+01
9.230254459680556067e+01
9.242984228553477521e+01
9.245394762576221126e+01
9.240351084702213313e+01
9.235930233511457743e+01
9.262383844261114518e+01
9.263042118798470881e+01
9.270429718544787079e+01
9.288922886642218657e+01
9.277137958640435045e+01
9.285243152253768528e+01
9.299025002129710060e+01
9.299086738787067929e+01
9.299570070148240575e+01
9.300019190664448843e+01
9.310887776372199198e+01
9.250455990669779283e+01
9.252723328702822414e+01
9.253521507333739748e+01
9.262693623535103882e+01
9.252044542276509276e+01
9.252323332302324843e+01
9.233690291860257560e+01
9.226438411551565366e+01
9.217619404240322467e+01
9.225693481541713936e+01
9.223184445849193480e+01
9.219967068612791650e+01
9.223309044403282542e+01
9.214389066594181088e+01
9.192022202424615784e+01
9.188915550663828924e+01
9.173106141493910570e+01
9.161279798237087846e+01
9.152651558614589078e+01
9.136203162872074302e+01
9.131135415467093708e+01
9.114437503525266493e+01
9.101978675388311046e+01
9.086712450427553733e+01
9.085025615660734388e+01
9.084811704527736254e+01
9.081781014822989562e+01
9.068799198595986866e+01
9.069520756970840125e+01
9.075226602960876221e+01
9.069118226760316759e+01
9.063239081053680479e+01
9.059236997107838363e+01
9.063078132341895810e+01
9.065470319014883671e+01
9.057363927035812878e+01
9.066777958348637867e+01
9.079311705869473315e+01
9.079750561469408865e+01
9.079473270341514990e+01
9.056678661965432298e+01
9.060583229680042905e+01
9.059913899160432038e+01
9.070202300105955828e+01
9.069977550421674550e+01
9.084883595829693093e+01
9.090627123533717224e+01
9.094827112819075410e+01
9.088219048536639377e+01
9.145521879733757942e+01
9.151327702825552990e+01
9.156639601158593678e+01
9.162679791469412294e+01
9.161632647353991388e+01
9.164639801982156087e+01
9.181580700506799531e+01
9.122750549616569060e+01
9.149953746206661265e+01
9.161728463873920703e+01
9.173530425354651641e+01
9.190439865892759030e+01
9.210187107306201426e+01
9.218327804426100158e+01
9.245633814866698685e+01
9.245823135311449903e+01
9.269478908755550606e+01
9.288676325775861642e+01
9.308394212360582287e+01
9.327825040819374181e+01
9.351021110720728302e+01
9.372249461405581883e+01
9.398969719487290320e+01
9.421555474985466105e+01
9.442729398668215879e+01
9.460239035240928729e+01
9.476598640617359592e+01
9.499033899826946481e+01
9.518963841458257491e+01
9.542447689480178497e+01
9.560199778077128485e+01
9.582496523646638309e+01
9.612687857609422792e+01
9.620543560233521418e+01
9.635548525938214937e+01
9.660735788940615976e+01
9.680165376048472581e+01
9.696273899210227398e+01
9.711890501662519171e+01
9.732613123185480219e+01
9.772539437606020840e+01
9.787941006350685313e+01
9.812799202652064423e+01
9.822417399622790413e+01
9.838508220988245512e+01
9.838910996515274121e+01
9.860171038472121552e+01
9.878769632336909012e+01
9.895487401519396542e+01
9.919554545113345512e+01
9.929452123465924274e+01
9.939245083037936013e+01
9.952971907247805916e+01
9.983887695669024254e+01
9.998048248201480703e+01
1.007219543294630455e+02
1.007675980937273721e+02
1.008311755306695403e+02
1.009165940069435976e+02
1.008389042961744764e+02
1.008683924265371701e+02
1.008814275588423186e+02
1.010472291508641263e+02
1.010424490324812155e+02
1.011788074666317385e+02
1.012119808415164499e+02
1.012674172801783214e+02
1.012798320755103276e+02
1.012124154651000509e+02
1.012017212552501206e+02
1.012813199938643152e+02
1.013582594094690279e+02
1.013310718309898704e+02
1.012337871044829996e+02
1.012914785377410567e+02
1.013004131056334529e+02
1.010828055159479675e+02
1.010963005728703621e+02
1.011186846291487598e+02
1.011452498313352919e+02
1.011336409797326326e+02
1.011713533791567414e+02
1.013378085854162549e+02
1.013955855832271880e+02
1.014067531792452286e+02
1.013569834140562165e+02
1.013623583382863700e+02
1.014124771769532742e+02
1.014406973763693856e+02
1.013270636748872704e+02
1.013920089860032618e+02
1.014172767672875182e+02
1.014445943190022490e+02
1.014012480952851973e+02
1.013532740065108726e+02
1.013609470917978683e+02
1.013625153053259993e+02
1.013645828037921888e+02
1.014749294758680236e+02
1.016149065904306354e+02
1.016288005680129913e+02
1.016837253792714364e+02
1.016817351665287958e+02
1.017075771217905213e+02
1.017655679434787999e+02
1.017477294581062068e+02
1.017796634955909809e+02
1.018038085507748889e+02
1.019652270285031648e+02
1.019762044759585677e+02
1.020279926283852205e+02
1.020628911998280159e+02
1.021864601924289815e+02
1.022015017008471602e+02
1.022249474359747978e+02
1.023502511940404105e+02
1.025967336949412498e+02
1.026043636327342057e+02
1.027160804101735749e+02
1.027581107499458994e+02
1.027475058440971907e+02
1.027403532387366027e+02
1.028536300186901826e+02
1.028691406431781559e+02
1.028442538289716310e+02
1.030933957211954635e+02
1.031531909786094587e+02
1.031518289456236630e+02
1.031755648225633735e+02
1.031816009260091818e+02
1.032193945273330229e+02
1.031949679273084115e+02
1.031881983825059308e+02
1.031744975749878535e+02
1.033152967522138965e+02
1.033315640235667843e+02
1.034088747482801836e+02
1.035157381756632162e+02
1.035787286788159918e+02
1.036090092936021421e+02
1.037214596009234810e+02
1.037037514785677956e+02
1.038129836524979481e+02
1.039138810323845377e+02
1.037765217980109327e+02
1.039113756338320371e+02
1.039682735854084257e+02
1.039430488137014805e+02
1.039708902854007135e+02
1.040503442064635777e+02
1.041308643514700520e+02
1.041840610663221867e+02
1.042825982667827702e+02
1.043816861545671628e+02
1.045123886047811226e+02
1.046141783181103762e+02
1.046849047148971721e+02
1.047775285045170364e+02
1.048703604455065062e+02
1.049157648333191020e+02
1.049420508232458786e+02
1.049364769393254164e+02
1.049715978085384762e+02
1.049280622583938225e+02
1.048447179377251217e+02
1.048782603433585479e+02
1.049446468141486122e+02
1.049558955810034178e+02
1.049979097280182430e+02
1.050054576713940264e+02
1.051194528750520050e+02
1.051629791214130307e+02
1.051894474911263018e+02
1.051863778857529610e+02
1.051784976347301495e+02
1.052582350497167738e+02
1.052595512876011696e+02
1.053084389603818494e+02
1.053356364366297413e+02
1.053556074838747918e+02
1.054592800733406932e+02
1.054429939879337468e+02
1.055103063488766537e+02
1.056509002114737257e+02
1.056086732652311753e+02
1.056239218061813148e+02
1.055871372108147597e+02
1.057154860189596235e+02
1.056679720385920689e+02
1.057753896559365927e+02
1.058305332364863887e+02
1.059286880962481376e+02
1.060513672674838261e+02
1.062246460199110913e+02
1.062204637585778642e+02
1.063531975697542435e+02
1.063765184124542031e+02
1.064387273551718351e+02
1.064334071780910875e+02
1.064862489294487773e+02
1.063652627867446085e+02
1.064056117965053119e+02
1.064610184284777858e+02
1.065138947703047023e+02
1.064449789580326637e+02
1.065051572288370352e+02
1.065632612402621504e+02
1.066108087375348674e+02
1.066671304618397329e+02
1.065895268412318586e+02
1.066408415163237606e+02
1.066380209248738709e+02
1.066981169409869636e+02
1.068028248879004423e+02
1.068603493029552425e+02
1.068594518250572065e+02
1.065935516811678951e+02
1.067213855479232905e+02
1.068437481489345799e+02
1.068856923926523592e+02
1.068363398065974224e+02
1.068787966153961975e+02
1.068559971463561311e+02
1.068561578567701105e+02
1.067944019941416229e+02
1.069034135772902658e+02
1.068351721166944799e+02
1.068490299706967903e+02
1.068864392724697723e+02
1.068485322090090932e+02
1.069124048396454896e+02
1.067060291916721866e+02
1.066011060426462222e+02
1.067006027595428890e+02
1.065388707248417575e+02
1.066255232202349674e+02
1.065404215579239064e+02
1.065515892964619127e+02
1.062394138989108825e+02
1.062031110738105610e+02
1.061374528829221049e+02
1.060449275142831311e+02
1.059143903126244055e+02
1.057526851719618577e+02
1.057108804745479773e+02
1.056197420642776876e+02
1.055189491726673054e+02
1.054163363825056479e+02
1.052861949486094773e+02
1.053198639877621332e+02
1.051736493128688750e+02
1.051675418657036403e+02
1.050874031836456908e+02
1.051675763772127681e+02
1.050711149350749594e+02
1.049724127700357883e+02
1.049270595461659639e+02
1.047841145800846476e+02
1.048099439144799021e+02
1.047223563646931126e+02
1.047127674473832712e+02
1.046872987847694247e+02
1.045821924403939676e+02
1.043024941971592483e+02
1.042493437586565932e+02
1.042538766278559734e+02
1.041066749852043216e+02
1.039985598892589707e+02
1.038637577264625662e+02
1.030406631772197414e+02
1.030546478101497456e+02
1.030348456668663744e+02
1.030480492180269607e+02
1.029499768888258444e+02
1.027715518645631363e+02
1.027729430481617214e+02
1.027536029723017066e+02
1.026484643505447139e+02
1.025448438817588794e+02
1.026378337008672901e+02
1.025394263523137113e+02
1.024222065173008360e+02
1.025134831246625282e+02
1.025576504247478766e+02
1.025444561042772165e+02
1.024814423745991974e+02
1.024237212830953894e+02
1.026459658601225016e+02
1.026066393145458591e+02
1.025773656666888769e+02
1.026095732251619239e+02
1.026463267301648159e+02
1.027730217042267782e+02
1.028164029852118375e+02
1.028326399876704471e+02
1.028870279119922060e+02
1.026649600538358555e+02
1.027815509505215061e+02
1.026021440561847697e+02
1.027536332489962518e+02
1.024011074279124074e+02
1.024350062976614026e+02
1.025383196769386984e+02
1.026287637599111662e+02
1.025247317113230707e+02
1.025925924622738421e+02
1.026792736188042312e+02
1.026075889951031996e+02
1.027325231681695783e+02
1.027938022974888668e+02
1.027161962572186553e+02
1.027945844595138993e+02
1.030505709552379017e+02
1.028993782514052384e+02
1.031618120321260506e+02
1.031543230735696710e+02
1.031139588443466550e+02
1.031659263016237702e+02
1.037336778178693351e+02
1.037675275590590900e+02
1.036635885948501823e+02
1.035695200314297892e+02
1.037231542377683695e+02
1.037458534090205404e+02
1.037925749658366499e+02
1.038522765546215112e+02
1.037099457597636842e+02
1.038723168647251924e+02
1.039447211541369569e+02
1.041366629158955561e+02
1.042802732538578852e+02
1.043914633757707691e+02
1.044304331530109238e+02
1.044669000299137451e+02
1.046108512235148140e+02
1.046178217970459201e+02
1.046058606653444372e+02
1.047683795601230514e+02
1.048609291970111173e+02
1.048873178770294601e+02
1.049853834133949135e+02
1.049216904810240578e+02
1.049158334150390317e+02
1.049700175774137705e+02
1.049064071729751930e+02
1.051576628067467425e+02
1.054694398280058181e+02
1.054961590324507057e+02
1.054648668784629137e+02
1.059115529743663160e+02
1.059435226422376246e+02
1.057412751152116641e+02
1.057510073690401100e+02
1.059251895508690922e+02
1.059647488671872821e+02
1.059392873301169686e+02
1.060633246269139249e+02
1.060639573070595674e+02
1.060921590795608722e+02
1.061756528971654205e+02
1.061777423009062176e+02
1.062191821014128834e+02
1.064629905708355011e+02
1.064286249538703970e+02
1.062478250786186464e+02
1.063489332531838159e+02
1.066159632046785504e+02
1.066490353709447731e+02
1.068273506858955102e+02
1.068857302767039101e+02
1.070854475551130065e+02
1.071188744456391362e+02
1.072273779158820304e+02
1.072291532611035905e+02
1.072779286348224446e+02
1.074685244968276976e+02
1.074943903986408600e+02
1.074885014403087382e+02
1.074146820574843559e+02
1.074155477203647138e+02
1.074011949657853648e+02
1.073938534849620510e+02
1.074811158057052012e+02
1.074803285980297858e+02
1.074880599550143643e+02
1.074808703715849276e+02
1.074675279872437272e+02
1.074137496984617854e+02
1.074970574170696125e+02
1.074120623015718792e+02
1.075097134426795833e+02
1.076240313035661842e+02
1.075889675464301831e+02
1.076083612020436817e+02
1.076308200241223858e+02
1.076498595577206316e+02
1.076872039423053451e+02
1.076723383140198678e+02
1.076573198075652300e+02
1.076204826124999840e+02
1.077729798071774496e+02
1.077985139363913731e+02
1.077531008114175535e+02
1.077156106462201137e+02
1.077663721590411541e+02
1.077524680708579154e+02
1.077592582339269427e+02
1.077133335977525519e+02
1.077052112277698654e+02
1.076966913106563908e+02
1.077837436724464055e+02
1.076293154855753755e+02
1.076912276377580753e+02
1.078794893599051790e+02
1.079724033810334589e+02
1.080149626337110789e+02
1.078648203706430166e+02
1.079075109405924735e+02
1.078368661422234567e+02
1.077541065819115147e+02
1.077815222194264493e+02
1.077647282024626350e+02
1.078494446451841782e+02
1.077936573348077900e+02
1.077846652739804654e+02
1.077690103617910040e+02
1.078669132650899485e+02
1.079695243137730216e+02
1.079571918556284800e+02
1.079934521502043054e+02
1.079288115778103787e+02
1.078612223832992214e+02
1.080096059906258574e+02
1.081254842872467776e+02
1.081679542796378826e+02
1.082150164090834608e+02
1.082254961613214022e+02
1.082516179883425735e+02
1.083246929224664541e+02
1.082057265009218128e+02
1.082072910636267693e+02
1.081346067873029284e+02
1.082225996818931009e+02
1.082105338113470481e+02
1.082366581440446538e+02
1.083280591072728782e+02
1.083918212597924651e+02
1.083993992590378781e+02
1.084572600970593328e+02
1.085159205437521024e+02
1.084895043508414290e+02
1.086103694113315754e+02
1.086493316730495167e+02
1.086657824058902264e+02
1.087398721846896592e+02
1.088002195180151688e+02
1.088734576188660697e+02
1.089610339346609891e+02
1.089855376236577627e+02
1.089837307167112499e+02
1.091565442004879856e+02
1.092172666366667926e+02
1.092983844811908227e+02
1.093479355020055266e+02
1.093942968414308439e+02
1.095597442930407794e+02
1.096258470052612637e+02
1.098794541811643626e+02
1.099423304520741880e+02
1.099440162055353909e+02
1.100096778223049512e+02
1.100699226505814607e+02
1.101694311206665589e+02
1.101493069665391857e+02
1.102317293270555751e+02
1.101895757312438349e+02
1.101911684739721409e+02
1.101107936493753527e+02
1.100550633841802295e+02
1.101384043391520180e+02
1.101653110000268185e+02
1.101494062786982369e+02
1.101688678907171237e+02
1.102945998494995905e+02
1.102636113450276412e+02
1.102509993644577833e+02
1.101924869469650901e+02
1.102929049128400578e+02
1.104623119304235530e+02
1.105284755862522275e+02
1.106505173793061232e+02
1.106626343158721966e+02
1.106801234422442235e+02
1.104858789951920528e+02
1.105046961337160951e+02
1.104809492213960738e+02
1.105174944886405370e+02
1.105734414326339135e+02
1.105202325604380320e+02
1.106154676541352870e+02
1.106569380101878011e+02
1.107154573200029688e+02
1.107015639833075085e+02
1.106149486870439631e+02
1.105795737764782416e+02
1.106418125717830350e+02
1.106929979960226405e+02
1.107092339816993132e+02
1.107454347612028158e+02
1.107666272545299933e+02
1.108394334306275653e+02
1.107746905065682057e+02
1.106871562856814819e+02
1.105914067625276829e+02
1.105515862869035999e+02
1.105091090925049855e+02
1.104597940254346184e+02
1.104107368124753208e+02
1.104613671391824425e+02
1.104563633744970019e+02
1.104066610990669659e+02
1.104324639447113583e+02
1.104813718486711878e+02
1.104442699714261664e+02
1.105186660984234948e+02
1.104928136498441802e+02
1.105983624782448658e+02
1.106428996727116214e+02
1.105788712215572218e+02
1.105683392784194439e+02
1.105109655967087150e+02
1.104387964657466483e+02
1.103471567020329474e+02
1.103207325717967251e+02
1.103393881233592992e+02
1.102537095163484082e+02
1.101224944922470428e+02
1.100671416007623407e+02
1.100988966846636572e+02
1.100830576395561877e+02
1.100617101263385820e+02
1.101788167235906286e+02
1.102825420387488151e+02
1.103294131595038152e+02
1.103645672805069751e+02
1.103700142952466052e+02
1.102052921371866461e+02
1.100868854380035913e+02
