1.207414177282299228e+01
3.134245984823205600e+00
9.721290252485013994e+00
1.255840314115708800e+01
1.508591509830913857e+01
1.588159462940521927e+01
1.700183949238870795e+01
1.769836408816390971e+01
1.841536414866979143e+01
1.903428933838837267e+01
1.943678438262903185e+01
1.996231768561272091e+01
2.042713268805590587e+01
2.093927806644049028e+01
2.106831426508073335e+01
2.129436144090938043e+01
2.177530526327198857e+01
2.224246699829387452e+01
2.261310259639015996e+01
2.311568906391451605e+01
2.402648382917148950e+01
2.457845995625516622e+01
2.508532646506943564e+01
2.530168460517197460e+01
2.585031554912002960e+01
2.606751993202369988e+01
2.637821166322519773e+01
2.664363746206064931e+01
2.689306173362347607e+01
2.716812102786003891e+01
2.738209841379481801e+01
2.750912621182805395e+01
2.768805282479618768e+01
2.787667455124964278e+01
2.812499468719486728e+01
2.830317476094096563e+01
2.849240248642911055e+01
2.869558713731300514e+01
2.876486525597145061e+01
2.894203466301391003e+01
2.908008626228599169e+01
2.912425753914067172e+01
2.926498042383905940e+01
2.935348224982384480e+01
2.942876777504335806e+01
2.934327925488046773e+01
2.941802217556712051e+01
2.950197455766875620e+01
2.944011900969190165e+01
2.989094781903424192e+01
3.067807024197182386e+01
3.086803516294468963e+01
3.116513297201052879e+01
3.131559792016596333e+01
3.162798190366400775e+01
3.188429352256269311e+01
3.211434074970740227e+01
3.226497936136574651e+01
3.252615401921186589e+01
3.273977007597623867e+01
3.293646231484967046e+01
3.314997659660461693e+01
3.330144336663465054e+01
3.345831177370263276e+01
3.366031362523112591e+01
3.375107163485320427e+01
3.383276352596391234e+01
3.395539296758965264e+01
3.394074915559522765e+01
3.390531151700508161e+01
3.381640992200901508e+01
3.381073087645671649e+01
3.383465745386526891e+01
3.377248496368915909e+01
3.382830072059928739e+01
3.380341608006581566e+01
3.382552943660051170e+01
3.391873334587823763e+01
3.395889963041923210e+01
3.393103309893317032e+01
3.390669490400014041e+01
3.400411297163110902e+01
3.383111735317347524e+01
3.372062637967954402e+01
3.370840602788562990e+01
3.366191655207909150e+01
3.356230117527751844e+01
3.359567050912178843e+01
3.347749331917059123e+01
3.352519751950062243e+01
3.359754125826503923e+01
3.347343373011898393e+01
3.350621462102137826e+01
3.341411516051343256e+01
3.357735380054114671e+01
3.353345123722363752e+01
3.357434881205126942e+01
3.372856154222610314e+01
3.371728812040988288e+01
3.375783816973449802e+01
3.381105096259791765e+01
3.372909421100093397e+01
3.375030615308131843e+01
3.375753796079434466e+01
3.368711749099411179e+01
3.376841736704210462e+01
3.379891408719117152e+01
3.365066609456050628e+01
3.358814157814393297e+01
3.358462008519414610e+01
3.351641193081277947e+01
3.358395706395963742e+01
3.367809603529605056e+01
3.374431562644951299e+01
3.378251274823112738e+01
3.381961809230938343e+01
3.381043379828449957e+01
3.376357903165838081e+01
3.380162456576368868e+01
3.382763225653158656e+01
3.375313168196706215e+01
3.387337028312393272e+01
3.391191618010715558e+01
3.386006966787712713e+01
3.380945632457675032e+01
3.378618600641124203e+01
3.374083376692885139e+01
3.381139786227216604e+01
3.395873925566756668e+01
3.395918152588384231e+01
3.407864130050727169e+01
3.422500631491761425e+01
3.439122972703395220e+01
3.447373363440050298e+01
3.455067955293606730e+01
3.457908481893269936e+01
3.461109003211578283e+01
3.473821084070939946e+01
3.475359680451083477e+01
3.486448397082190809e+01
3.499970452167774937e+01
3.508724753940454377e+01
3.527872032336148322e+01
3.542810931002258457e+01
3.559274161490484545e+01
3.570926957818750935e+01
3.578576145400124631e+01
3.588315882731160400e+01
3.599283121344638658e+01
3.585332825922986189e+01
3.602133094972312932e+01
3.600781663159467172e+01
3.605630365156144990e+01
3.607609441147957341e+01
3.611592706150160836e+01
3.621119964049097462e+01
3.644257249591790071e+01
3.658785028470115464e+01
3.660699379516420038e+01
3.678702042023664376e+01
3.687023003969466828e+01
3.688115671439341270e+01
3.689800553787014792e+01
3.693659221147694183e+01
3.692626951571989480e+01
3.707343163681501608e+01
3.729749132114947230e+01
3.738329034907539494e+01
3.749183470879083302e+01
3.758164037030272198e+01
3.697984870641112565e+01
3.698280144015375015e+01
3.722732289092058267e+01
3.724894727896458591e+01
3.724509631601450366e+01
3.726785770216847737e+01
3.730751068416263649e+01
3.732497277285458637e+01
3.737561593691066975e+01
3.720992393215767891e+01
3.730950474589116084e+01
3.722137516392642453e+01
3.721401623547147608e+01
3.720098777925085187e+01
3.737653019585977887e+01
3.740519143604792163e+01
3.744707641290786171e+01
3.746136498416685612e+01
3.754577495732939241e+01
3.753150593548126324e+01
3.755624041657772239e+01
3.756676617341011593e+01
3.757331785973510563e+01
3.752363658585181838e+01
3.726402552418235103e+01
3.725931995518536155e+01
3.729175381133691758e+01
3.721158336839761205e+01
3.742282762243927152e+01
3.735540494208532181e+01
3.738520881628771519e+01
3.744206277500654068e+01
3.732780483201276667e+01
3.730696336824433246e+01
3.728574315638807235e+01
3.729986393816933798e+01
3.732002785885160989e+01
3.738109391287017758e+01
3.728102970073990718e+01
3.732585961461540336e+01
3.720113249312181836e+01
3.712072480227615756e+01
3.716490709443622364e+01
3.711353389049495632e+01
3.707504183642011242e+01
3.703456314509070779e+01
3.705102037271210236e+01
3.707506960756708025e+01
3.687446790651037531e+01
3.733025753250736045e+01
3.731069953030326758e+01
3.734049066390982574e+01
3.748452790216721553e+01
3.753320210336732998e+01
3.756885381689782832e+01
3.764865641730596479e+01
3.766544337542708831e+01
3.778796362361220673e+01
3.798218930816285877e+01
3.807465181813905275e+01
3.815132090501449369e+01
3.814426220891201069e+01
3.815039231881598170e+01
3.813106636590194398e+01
3.820231367295452429e+01
3.832509065026660977e+01
3.828381526877263497e+01
3.799314803523390793e+01
3.801767872370796653e+01
3.796052692614885160e+01
3.791969436026327145e+01
3.786781951440374883e+01
3.788797803498387395e+01
3.812634980079278790e+01
3.795737585169525374e+01
3.787756875355920982e+01
3.790470406713330931e+01
3.790703741615328681e+01
3.798687988606508270e+01
3.794833082574248095e+01
3.799658630289530947e+01
3.792968248066814141e+01
3.786345436459241398e+01
3.783010543933346526e+01
3.772659373700472685e+01
3.771264792175717417e+01
3.760427725652444764e+01
3.773277576939135258e+01
3.760809671592068071e+01
3.778359871535688086e+01
3.789358656204596087e+01
3.778728152925685890e+01
3.785142321465772852e+01
3.779922453319929332e+01
3.787087417473509987e+01
3.786647692353106009e+01
3.788830344468237143e+01
3.807088172393180514e+01
3.822752416953876065e+01
3.824942930551281961e+01
3.830118565644517048e+01
3.824860221541050009e+01
3.839471497653550358e+01
3.830017514639516207e+01
3.825218450584225138e+01
3.825007561453453775e+01
3.826727653301037435e+01
3.834534152332986423e+01
3.837819922973780251e+01
3.839727970903627607e+01
3.845383507579072102e+01
3.861835020962184473e+01
3.874681098815307934e+01
3.882185327264378571e+01
3.894453262091813173e+01
3.915819160901369145e+01
3.955030338959944913e+01
3.966475040533728702e+01
3.999302974097076913e+01
4.022037677681944245e+01
4.055491160138901563e+01
4.107677857949385469e+01
4.166451009633509983e+01
4.205261835898013345e+01
4.270865312924100010e+01
4.348370992747252473e+01
4.418781401600265468e+01
4.483638150599104222e+01
4.559576117049519439e+01
4.633922040865235203e+01
4.711215214429285680e+01
4.794263106210441094e+01
4.868551577035989908e+01
4.946482023526800731e+01
5.027385767714554987e+01
5.120573403620338127e+01
5.215183742530688704e+01
5.330317939716396580e+01
5.414256647662079303e+01
5.505820641115164449e+01
5.604280403484092687e+01
5.689589276989558186e+01
5.808383943051016729e+01
5.895773112091640655e+01
5.974428098830896516e+01
6.057909437559145971e+01
6.129125588255913470e+01
6.219377742440333634e+01
6.308931334637622967e+01
6.407613821157849543e+01
6.503380252399666972e+01
6.602914598613250519e+01
6.714661756167950557e+01
6.809101806369551468e+01
6.897318329850511986e+01
7.000012438829780592e+01
7.110605504771386620e+01
7.199427723490056508e+01
7.307638739597720701e+01
7.410164765591639480e+01
7.500609868668171032e+01
7.605472322352719061e+01
7.704617555408937335e+01
7.850318547399231761e+01
7.948580874351881675e+01
8.043534835815241024e+01
8.123809813186035456e+01
8.215562020266484922e+01
8.302455903988777663e+01
8.381397040386391950e+01
8.456640514479700244e+01
8.542095230504909864e+01
8.623875487104209014e+01
8.673823616692533278e+01
8.728221968420758969e+01
8.786578239266556523e+01
8.848389154136026491e+01
8.901564629677147877e+01
8.961152661238931216e+01
9.019587608439613291e+01
9.069338981480105133e+01
9.133911964658616967e+01
9.190300474097577421e+01
9.247423918530347464e+01
9.300389946359972271e+01
9.322990845641444935e+01
9.356646695106933009e+01
9.412696866362922776e+01
9.445351739229904808e+01
9.478501283315986825e+01
9.524479974579351449e+01
9.566175850881019471e+01
9.608398943737223874e+01
9.644320137753220479e+01
9.690751240669769118e+01
9.753640792170467932e+01
9.799429172039468483e+01
9.826618792364622834e+01
9.849846914094236183e+01
9.892294184547476732e+01
9.920616306065574008e+01
9.941156961174885964e+01
9.969449269849606310e+01
1.001613616044008381e+02
1.004060251896199247e+02
1.008131197318923711e+02
1.010059800223467761e+02
1.012673898953784004e+02
1.014964076676208720e+02
1.017871205280879252e+02
1.020302921565429415e+02
1.022755115463692732e+02
1.024629263197077620e+02
1.026055148448943299e+02
1.028853544642557125e+02
1.033413890026569817e+02
1.036297332622794727e+02
1.040601196287647809e+02
1.043935257305141420e+02
1.047398513026057998e+02
1.047830995063459198e+02
1.049971557618555948e+02
1.050811088471345300e+02
1.050463506489815870e+02
1.050994785445994921e+02
1.052992707025381236e+02
1.051542717221721119e+02
1.052801452048975506e+02
1.054196415143260879e+02
1.055608198651954268e+02
1.057170816730917124e+02
1.055693415269852835e+02
1.057220350146174184e+02
1.059085011247377395e+02
1.059833697148006308e+02
1.060011028950307264e+02
1.061013453039728915e+02
1.062533684747666314e+02
1.064379735170307271e+02
1.065071898261849839e+02
1.067196308395839992e+02
1.068399931600779240e+02
1.071725595977261065e+02
1.070142956522656874e+02
1.069951472575326932e+02
1.070221467313939741e+02
1.071845156201958389e+02
1.071065168419148534e+02
1.069061274218554587e+02
1.069667181560986648e+02
1.070137662336703954e+02
1.068625474020892341e+02
1.067237005638614562e+02
1.066221818155035663e+02
1.064802088371978641e+02
1.064678287399291179e+02
1.062777482658797936e+02
1.062673550568238170e+02
1.062363425965070149e+02
1.061247264096693499e+02
1.060932533241121547e+02
1.061118665999813544e+02
1.061481453387751799e+02
1.060307965043749761e+02
1.058865716506381034e+02
1.058140407080277470e+02
1.053958034984976138e+02
1.052276738675097363e+02
1.052250435329857794e+02
1.051800296191990611e+02
1.052761888597725033e+02
1.054390272737668255e+02
1.053891459185169737e+02
1.055029669426848926e+02
1.055272516858961325e+02
1.058501329444891468e+02
1.058676770827369324e+02
1.060140774307624980e+02
1.059816699887947635e+02
1.060324593969608742e+02
1.062512645834119382e+02
1.063177889917424039e+02
1.063476262403110155e+02
1.063538227680406578e+02
1.063039076078525227e+02
1.063316055212608120e+02
1.061817558300846542e+02
1.063255093351298086e+02
1.062766655387129191e+02
1.063067931062912379e+02
1.062239133949407943e+02
1.064046713154161097e+02
1.066543335927408833e+02
1.068406210021537674e+02
1.070492591145615791e+02
1.072832544955579976e+02
1.075771265551147735e+02
1.079363094363350655e+02
1.079518140136755591e+02
1.081661868165801366e+02
1.083302405567081053e+02
1.085525117756436515e+02
1.089808009654459937e+02
1.093900461166447684e+02
1.095407594768486206e+02
1.100365014098172480e+02
1.102602127656237627e+02
1.103676048552370759e+02
1.106278302889206344e+02
1.109413525776716796e+02
1.110535374041780727e+02
1.113018857510025725e+02
1.116215555886525692e+02
1.118670670068624418e+02
1.119809108121908139e+02
1.123116833501421041e+02
1.124429953197767134e+02
1.124504598743657482e+02
1.126255211758343791e+02
1.127180921697844838e+02
1.128286802512815257e+02
1.130673895882562618e+02
1.131851476284062841e+02
1.133959727868699758e+02
1.135819729003813450e+02
1.136514087069116954e+02
1.136838017505540108e+02
1.138149280808693646e+02
1.138906990804286892e+02
1.140374900016122410e+02
1.141503539680105632e+02
1.142241083597196649e+02
1.145799709273454567e+02
1.147565578032627371e+02
1.151287437707243413e+02
1.152490932380882498e+02
1.155698528420126081e+02
1.157163214720003026e+02
1.159190565284812493e+02
1.161830880228048386e+02
1.163451142184101599e+02
1.163642363605416108e+02
1.163192832923891160e+02
1.163838256249582770e+02
1.164024372194816124e+02
1.163178021355313234e+02
1.162016392723833320e+02
1.162932869284252746e+02
1.162080469168569294e+02
1.162963929689295526e+02
1.162761366584460916e+02
1.161738906390142603e+02
1.160321071335501273e+02
1.160996337870379591e+02
1.161285443180784256e+02
1.160372898463035085e+02
1.160731693481070153e+02
1.160792962741762864e+02
1.161537216607853651e+02
1.163637880975617804e+02
1.164168748387839400e+02
1.163852587239477714e+02
1.164296790018702126e+02
1.165656935614976106e+02
1.166516621622840404e+02
1.167202806671693338e+02
1.169250651006758517e+02
1.169623821614311083e+02
1.171913793127049956e+02
1.171628069912223111e+02
1.172502240184480939e+02
1.172791338008961048e+02
1.171914319304640770e+02
1.171647962518407411e+02
1.172056628318430853e+02
1.172516133327926440e+02
1.173615113483030825e+02
1.171261893868983464e+02
1.172047739503269241e+02
1.171751571538233065e+02
1.173598941532922737e+02
1.172913413763835706e+02
1.171334409561035130e+02
1.168930006894088933e+02
1.166941361305210734e+02
1.164637723803955112e+02
1.162143319155182439e+02
1.161880287193316690e+02
1.162483330378240112e+02
1.160505548145908818e+02
1.160665693329049333e+02
1.160746171529307844e+02
1.159462031328398552e+02
1.157588100371930864e+02
1.157733051484540567e+02
1.160053928572735344e+02
1.162025259811394022e+02
1.162627552813608958e+02
1.163146046407105558e+02
1.163993476874717601e+02
1.164909512695376321e+02
1.166357744114765751e+02
1.165646259879460018e+02
1.165557312017150053e+02
1.164832308089973196e+02
1.168458685795354199e+02
1.164948820837572327e+02
1.165855512451961289e+02
1.166766294105668180e+02
1.165089092877616110e+02
1.163648444400959647e+02
1.162698771939577398e+02
1.164319125952700347e+02
1.163962762884551552e+02
1.165297357479669671e+02
1.166914084323080232e+02
1.166858849149673318e+02
1.168117522618408088e+02
1.169152304204038160e+02
1.168133857130231945e+02
1.167251749883069323e+02
1.167782944792178625e+02
1.167317996249822727e+02
1.169087512399032676e+02
1.167659367394076639e+02
1.168864832577946231e+02
1.170929526333778483e+02
1.170670042226200707e+02
1.172649557734746111e+02
1.171479632380030438e+02
1.173993333450395937e+02
1.176318173113060368e+02
1.177888603366250209e+02
1.181159184906046846e+02
1.184922255527700088e+02
1.188449177073198371e+02
1.188074463455143217e+02
1.185220769358832200e+02
1.188064210554516649e+02
1.188226356707544227e+02
1.188545033787679159e+02
1.189347790164589043e+02
1.193361494724840099e+02
1.194456441022032891e+02
1.195676993838651470e+02
1.193915477017800129e+02
1.192779679108633530e+02
1.192567056719014005e+02
1.194469239071794817e+02
1.194309173837714297e+02
1.194005563733789472e+02
1.194358857267416738e+02
1.193772332100678284e+02
1.194825404433647833e+02
1.195573464884206061e+02
1.196900413566037287e+02
1.195189734892356910e+02
1.195797581780286407e+02
1.197663947080207549e+02
1.196816152309221053e+02
1.198577105322066814e+02
1.200307435309255197e+02
1.198811377452322660e+02
1.199676419589768557e+02
1.199423285698980948e+02
1.201110792058026107e+02
1.200974636420257013e+02
1.198593554487274560e+02
1.200525326074366177e+02
1.201108530805864376e+02
1.203725156250504256e+02
1.204741052222596096e+02
1.205767323853752373e+02
1.206628034606178090e+02
1.206432368300471865e+02
1.207016317640938183e+02
1.202771533710657934e+02
1.202718524384767562e+02
1.201005896913521127e+02
1.200339004581727949e+02
1.199087110121591593e+02
1.198647331374422151e+02
1.196659535539260446e+02
1.195557332226555474e+02
1.193825056829180937e+02
1.192674707821934703e+02
1.194706327874456662e+02
1.192107856436613815e+02
1.190942745769572753e+02
1.189119360265136152e+02
1.188204520615498012e+02
1.187185750886235240e+02
1.185198533728072618e+02
1.185268415441247214e+02
1.183487659551373383e+02
1.182957244692348127e+02
1.179979243076986535e+02
1.177668962228065226e+02
1.178986418464805297e+02
1.177905341492437543e+02
1.175210918420527690e+02
1.177067527969035297e+02
1.172480893599623784e+02
1.171436429145972511e+02
1.169164494147224218e+02
1.167362262632559720e+02
1.169177557561771579e+02
1.167069852555722917e+02
1.167817746751066323e+02
1.166613183538202634e+02
1.166526251939502856e+02
1.165708824948396227e+02
1.164951193769797300e+02
1.163679937886486044e+02
1.160377589577234119e+02
1.157946826096712130e+02
1.157037942340366925e+02
1.155285639297831040e+02
1.153273600442858395e+02
1.148819864504201007e+02
1.145187389319069240e+02
1.143939639637733450e+02
1.141299361879796379e+02
1.140146506481898854e+02
1.139763931299362554e+02
1.141502563536125621e+02
1.140007986601814451e+02
1.140806537861183756e+02
1.140968064071707886e+02
1.143454669633042755e+02
1.142547229103673203e+02
1.142590487485942674e+02
1.143905075693716071e+02
1.143127338982760079e+02
1.144088328479398058e+02
1.142685102987749843e+02
1.143752134928640061e+02
1.142316576063881826e+02
1.144508196299340312e+02
1.145438523706793035e+02
1.147788219725638896e+02
1.149494619655435912e+02
1.150935384883879351e+02
1.149747850960033304e+02
1.148140210778065438e+02
1.148793133876530987e+02
1.147552312577395668e+02
1.146398132910778855e+02
1.145521857644822035e+02
1.148480351011583593e+02
1.146879712752935347e+02
1.151088605259111688e+02
1.152386700974741984e+02
1.151605302070427257e+02
1.153012526599174947e+02
1.153086644498402649e+02
1.152920025468209673e+02
1.155481285455380061e+02
1.156298622276650718e+02
1.156503565962697735e+02
1.159535088061544457e+02
1.159666412333476870e+02
1.157321663348346306e+02
1.158235888181435485e+02
1.160084082511779400e+02
1.160619200434836102e+02
1.161356180426426334e+02
1.161702653048494653e+02
1.164798300422848882e+02
1.165956374849887140e+02
1.167901896805889805e+02
1.166329321813287407e+02
1.165957613901124006e+02
1.163810942684509939e+02
1.165641638369371265e+02
1.166652710526112031e+02
1.164373089123639318e+02
1.159840428282504803e+02
1.158646653730631044e+02
1.160283108984236407e+02
1.160981920662910483e+02
1.160482144652656871e+02
1.158978952916982763e+02
1.156874658854589200e+02
1.154500703148561627e+02
1.151427883481862011e+02
1.153498882236157499e+02
1.154884481067727364e+02
1.154573131654888840e+02
1.153884561801540229e+02
1.153219016199964102e+02
1.149585011689990210e+02
1.150324734873688186e+02
1.152700983830095964e+02
1.152449627324582195e+02
1.154073316781748701e+02
1.154842271840620498e+02
1.153284362156064020e+02
1.152372546994206033e+02
1.151252371308096514e+02
1.151638702195555055e+02
1.147388593420449041e+02
1.148537789365441881e+02
1.147232587776087485e+02
1.144639276224497308e+02
1.143517779376264798e+02
1.143366944208796809e+02
1.139718999425548134e+02
1.138498199185886506e+02
1.139029760102500290e+02
1.138911484685375797e+02
1.140147920325925384e+02
1.141058008233182477e+02
1.139497033091815155e+02
1.141872209348689609e+02
1.141560341209480214e+02
1.140418145665895509e+02
1.140002347298346876e+02
1.138978692013335632e+02
1.138086847053052537e+02
1.140656756324455330e+02
1.143232684679484379e+02
1.142734917022932279e+02
1.142337440924734580e+02
1.144023917929042540e+02
1.145257809195683194e+02
1.142547826571575627e+02
1.139972611291654658e+02
1.139325131006796568e+02
1.139232518024073926e+02
1.137075116498177323e+02
1.138528925889536936e+02
1.137038914001862224e+02
1.138466181483390613e+02
1.143182108386450579e+02
1.142699451731685372e+02
1.140970470243915997e+02
1.140390567091066032e+02
1.140359665488470995e+02
1.139807019336927851e+02
1.142453978038236215e+02
1.143397919999607950e+02
1.143669548068255182e+02
1.144543910318460860e+02
1.146370195291013232e+02
1.146164587455322135e+02
1.145630452171943006e+02
1.147451278383799576e+02
1.148872215932583458e+02
1.150547749089238607e+02
1.152747554505114778e+02
1.154770182765565920e+02
1.156405244450780572e+02
1.156483036531199673e+02
1.157037347050001159e+02
1.154260564201942003e+02
1.155228078913938532e+02
1.153252946436724216e+02
1.151743413688195545e+02
1.151340747480205522e+02
1.149873772877586333e+02
1.150805004513452729e+02
1.152600748868124327e+02
1.151168983922279949e+02
1.150953186403855995e+02
1.151349019826564444e+02
1.150744750172389530e+02
1.152986437537077506e+02
1.156269246183157122e+02
1.154245602442988599e+02
1.151787124849946338e+02
1.150560650571929244e+02
1.149542079734645199e+02
1.147813911536892562e+02
1.147685356795710447e+02
1.152657255130059326e+02
1.155688244073955104e+02
1.155334770424988733e+02
1.154037755079463778e+02
1.155742552049774758e+02
1.156083883985825196e+02
1.160080462589183838e+02
1.161262310838293388e+02
1.160444185880738246e+02
1.161466406266627729e+02
1.161716966742723542e+02
1.160744191111563737e+02
1.161170642592816762e+02
1.162792690871519454e+02
1.159589779566193073e+02
1.162163190277825890e+02
1.159081688832558541e+02
1.160170939287149849e+02
1.157825303258200194e+02
1.157852070146561516e+02
1.159194001011570379e+02
1.155650069132016853e+02
1.158164356079849284e+02
1.159707983121692081e+02
1.162730960586142714e+02
1.163618494397460523e+02
1.164754415826803182e+02
1.164363094739838402e+02
1.167109424798165094e+02
1.168750540269270886e+02
1.170484516373391983e+02
1.172047971241675270e+02
1.171634663150275202e+02
1.173998254121810163e+02
1.174858747978185534e+02
1.175865303196911356e+02
1.171808071568402738e+02
1.173089984295795176e+02
1.172895808479059383e+02
1.173233152424696328e+02
1.170326289417753998e+02
1.170860056058569967e+02
1.169166799044950125e+02
1.172558525091021551e+02
1.175588088805294262e+02
1.179723393419057658e+02
1.180194856327408672e+02
1.182638596218735643e+02
1.181975058679658162e+02
1.182499972799644041e+02
1.185242052411442444e+02
1.185660041859411535e+02
1.185944031291975307e+02
1.187166265269457313e+02
1.186696266603400005e+02
1.187125313340634278e+02
1.186189244070078104e+02
1.187830496760586385e+02
1.186846651890889177e+02
1.189374903875768581e+02
1.187070581216704284e+02
1.185587119429362559e+02
1.185470983636850377e+02
1.189474909070249709e+02
1.190283799497745179e+02
1.191274808079180900e+02
1.189398042282525125e+02
1.190834007730980346e+02
1.194293650266870799e+02
1.192308117897938757e+02
1.195274353509550735e+02
1.192857388226394306e+02
1.191174675864922960e+02
1.188930029221862839e+02
1.187669658895917166e+02
1.187582212771191905e+02
1.189099667077433651e+02
1.187678880563877044e+02
1.190956309162365159e+02
1.191742780908196409e+02
1.194306269887523229e+02
1.194451491387848847e+02
1.191616154053748318e+02
1.193184308341131867e+02
1.192396080688974536e+02
1.196397645026597587e+02
1.195877655994964925e+02
1.197458651941005883e+02
1.198690171359980781e+02
1.202298201864633711e+02
1.202447373526641456e+02
1.200996494022906376e+02
1.199499330794521654e+02
1.200517026475871489e+02
1.203251755320437582e+02
1.203003305300428849e+02
1.203136499269938753e+02
1.206062776364194775e+02
1.204937878136619815e+02
1.203984928600324338e+02
1.199749804611309401e+02
1.199104519722643403e+02
1.199721090475276526e+02
1.199257114714720274e+02
1.200808630989480434e+02
1.201541025157651745e+02
1.200953639154365078e+02
1.204821041986051142e+02
1.204657964176013110e+02
1.204712891383889115e+02
1.206299288806798415e+02
1.209021952020632966e+02
1.208006385704399293e+02
1.209988306156615891e+02
1.210922813205189925e+02
1.211630807334601627e+02
1.211309413141597560e+02
1.211119860110143378e+02
1.213428084270991576e+02
1.212041170438077842e+02
1.212418087529668753e+02
1.209701728633696689e+02
1.209307604281213457e+02
1.209889661238596688e+02
1.204847217602656571e+02
1.204418561677539259e+02
1.204612097298824835e+02
1.203762398532929723e+02
1.203861760965069010e+02
1.201786466843774548e+02
1.201957614107474370e+02
1.202686524981083096e+02
