2.539753041659785146e-02
7.044050192768002150e-01
2.308593992414726959e+00
5.255767554593322011e+00
7.899307811409669533e+00
1.027999407019825640e+01
1.664430716863863324e+01
2.509563190826999346e+01
3.342267704193247368e+01
4.349495177017996639e+01
5.103615794530806937e+01
5.756473813771699355e+01
6.957135941625003284e+01
8.396786088819186489e+01
9.220154193534953890e+01
9.927477041390265811e+01
1.051483976174801569e+02
1.124423522259906747e+02
1.171778741390882317e+02
1.241436719877421950e+02
1.289807957689657769e+02
1.326073607566156625e+02
1.345000394628014533e+02
1.360884054144348454e+02
1.389198337799422234e+02
1.435079740431404502e+02
1.490009443674064187e+02
1.494973993756720745e+02
1.558483721441265004e+02
1.586662109660224758e+02
1.630525602800074125e+02
1.647327286496125396e+02
1.662980310480626258e+02
1.679784331388797227e+02
1.696660034663606211e+02
1.721939584004470873e+02
1.730052988266289731e+02
1.749863495533078890e+02
1.782147279606829784e+02
1.809010908044977270e+02
1.849489034996226451e+02
1.871875903463689212e+02
1.875578032328778022e+02
1.895475004831321826e+02
1.907510304663434226e+02
1.873001311832036038e+02
1.825778388318931604e+02
1.846756533345904643e+02
1.819778084249944072e+02
1.814100763446514009e+02
1.817507941028704295e+02
1.807179433184105051e+02
1.847880024729269337e+02
1.884485450279804581e+02
1.867010401274782225e+02
1.879580116408280901e+02
1.907393413984782455e+02
1.958527600252568561e+02
1.940967844873565582e+02
1.974347100482659130e+02
2.012313625460125195e+02
2.001529453609819313e+02
2.023923382164613827e+02
2.009191638715099089e+02
1.985494253808711562e+02
2.026494484890798162e+02
2.048798982541614180e+02
2.087383479967051869e+02
2.108363437302995465e+02
2.134096509935923791e+02
2.122501943732500536e+02
2.120720640374765935e+02
2.132701293563694946e+02
2.146394369576540271e+02
2.191386472266532337e+02
2.200963198398940506e+02
2.211341472365389791e+02
2.196223656803846325e+02
2.182619590415980895e+02
2.167032087149400184e+02
2.200529426705535059e+02
2.219847066704317058e+02
2.246800035549385939e+02
2.250954000926720653e+02
2.257491563636637011e+02
2.270785479092307924e+02
2.304653441567285768e+02
2.328134313092107277e+02
2.341165689186888130e+02
2.370569931715789096e+02
2.400394198368521756e+02
2.399331280026317188e+02
2.405217513203195949e+02
2.421040268118428003e+02
2.436545733664093234e+02
2.444608524364345783e+02
2.452285807440711380e+02
2.441440250711863769e+02
2.429942672667387171e+02
2.449207091051673331e+02
2.446880208415337847e+02
2.460539461933561256e+02
2.477709072727576824e+02
2.497917604769740478e+02
2.470709994887487539e+02
2.491675796426345073e+02
2.513211085261586391e+02
2.546243458305922047e+02
2.563622901742677413e+02
2.561368364333700924e+02
2.539267649821742907e+02
2.525865036342905228e+02
2.521697499644671154e+02
2.523443638185434850e+02
2.569095354431779015e+02
2.651359220000928758e+02
2.667111732544433949e+02
2.626470157154494700e+02
2.660317919809587579e+02
2.661078183422226289e+02
2.727398802240106761e+02
2.814054579394170901e+02
2.877948843594181199e+02
2.921221274081062234e+02
2.997180035508570199e+02
3.081390595500893710e+02
3.149174303582597076e+02
3.147317040017894101e+02
3.132494749730956869e+02
3.162348414361875371e+02
3.218251897417054579e+02
3.325709563215348226e+02
3.421710789802008890e+02
3.482780876348614925e+02
3.590150538058118173e+02
3.687147089846667427e+02
3.769113801192792721e+02
3.823682366909029042e+02
3.805184349530020427e+02
3.828280274889040697e+02
3.846452531999068469e+02
3.863505461588368917e+02
3.961764839562441125e+02
4.092065531891740875e+02
4.124092311253072012e+02
4.247768409708125432e+02
4.303948007558711879e+02
4.338196278638068861e+02
4.317269136721600944e+02
4.260093411718512471e+02
4.321529721903386303e+02
4.328656286567304505e+02
4.385585946194321991e+02
4.418172614816785995e+02
4.497491164376918960e+02
4.553537998080787474e+02
4.632476234249938898e+02
4.651621067977404209e+02
4.643360900544819287e+02
4.595100890249867120e+02
4.570410894974280609e+02
4.575438366956091158e+02
4.708064908740408328e+02
4.755276838116798785e+02
4.733259316814077238e+02
4.772686642984486980e+02
4.830526191001484335e+02
4.837848298257168267e+02
4.741459194495028555e+02
4.584088220609509108e+02
4.501443240222655504e+02
4.574760034839733862e+02
4.575894432018017142e+02
4.596152448308934026e+02
4.609054518011776054e+02
4.668335455467342285e+02
4.643505556629834814e+02
4.620671984104769763e+02
4.639909679825843227e+02
4.585613618517405712e+02
4.616201388906064835e+02
4.638816222265328406e+02
4.642746584272456403e+02
4.584233281875660282e+02
4.552829487143935125e+02
4.656886200810443484e+02
4.744006788764002636e+02
4.785392175429931854e+02
4.884113774036666769e+02
4.795398640156362831e+02
4.758022347640448402e+02
4.660697826273168403e+02
4.703272714828126482e+02
4.787246208723289556e+02
4.829165916375529264e+02
5.003240258898914021e+02
4.941244488673317505e+02
4.917253226937882005e+02
4.961724565053163474e+02
4.957356716617733241e+02
5.014174327180184605e+02
4.993290795880941459e+02
5.023565613593460171e+02
5.034310757518729247e+02
5.016934927750377256e+02
5.049647039013237304e+02
5.038379580077188962e+02
5.037548769009228522e+02
5.128884874533426910e+02
5.207979505653059960e+02
5.246567195886328818e+02
5.258094829933784240e+02
5.240212644839100449e+02
5.163758931215219263e+02
5.200220037915081548e+02
5.263788129399251829e+02
5.233187360779872961e+02
5.234735758838567108e+02
5.327555800181721679e+02
5.294794110598822954e+02
5.332243601325177451e+02
5.362839066706945914e+02
5.456719047719806213e+02
5.515934028378023868e+02
5.738545734876770439e+02
5.652404368568841164e+02
5.619685477782618364e+02
5.742476267292449847e+02
5.749326224725296015e+02
5.860321836220558680e+02
5.709532966072467843e+02
5.620229980923304538e+02
5.608891493003075084e+02
5.671442926606558785e+02
5.565985523187777062e+02
5.470730714129542775e+02
5.554286439179859372e+02
5.458390139779435231e+02
5.368566225630551116e+02
5.471986985529499634e+02
5.318937211933197204e+02
5.275133052963340106e+02
5.181983941928340300e+02
5.144925232821940426e+02
4.924772128628108021e+02
4.920158312397103373e+02
4.971508986573594484e+02
4.967196108889656898e+02
4.932077330430679467e+02
4.893610780141528949e+02
4.875642186869926036e+02
4.954643585956374068e+02
4.877117878415132850e+02
4.839674906842833479e+02
4.769364178489939263e+02
4.726201270871156908e+02
4.691854307048386659e+02
4.531712220663182507e+02
4.453367295793066205e+02
4.554935532572011994e+02
4.514416014417802216e+02
4.455342172487364110e+02
4.460303157038841277e+02
4.411266358557819558e+02
4.538026574128416541e+02
4.545534197306364490e+02
4.549959918779500754e+02
4.551567716242075221e+02
4.536354308623278939e+02
4.586431972395841967e+02
4.660577443252636272e+02
4.740483287028892505e+02
4.774049026212139211e+02
4.864006790143687908e+02
4.983509117422239001e+02
4.890739596994917520e+02
5.029337122217176557e+02
5.102059769945099674e+02
5.165557715583624940e+02
5.229750948719786265e+02
5.360897284169666364e+02
5.201418827464933656e+02
5.353748867589677047e+02
5.433838487100091470e+02
5.486628025466758345e+02
5.578763857521898899e+02
5.669890601792658344e+02
5.640703058669453185e+02
5.681379080691336867e+02
5.755593429242354659e+02
5.823271747922985924e+02
5.879093711415637244e+02
5.973946916176003015e+02
6.055820847207759243e+02
6.133714258544709992e+02
6.012081971427753615e+02
5.959361340158911844e+02
6.115551956625769208e+02
6.076035760568827300e+02
6.046957871668897724e+02
5.884044865818365224e+02
5.976477570717463550e+02
5.984976646209720457e+02
5.956660417522031139e+02
5.864431445601217092e+02
5.994662051498153232e+02
5.948933234658134097e+02
5.962752813734473420e+02
5.788991819416064573e+02
5.757935515267188293e+02
5.839007320806359758e+02
5.820658185127290380e+02
5.845177357555425033e+02
5.903302287533904291e+02
6.075942730147766042e+02
6.009168403590863363e+02
6.160251206610462305e+02
6.362257681084612386e+02
6.378099000694202232e+02
6.471277663643162441e+02
6.666299800401560560e+02
6.633827507627935347e+02
6.629091632038072248e+02
6.690795497481460643e+02
6.880556166134758769e+02
6.778978666090509932e+02
6.864507106178035656e+02
6.815638885185138633e+02
6.897407101527818440e+02
6.817649557297813772e+02
6.991695108641256411e+02
7.071655760330141902e+02
7.096554928039346350e+02
7.252547928022272572e+02
7.337252660076661641e+02
7.504607426506113370e+02
7.322264776235134605e+02
7.194893509094077899e+02
7.089847621806253528e+02
7.123993235298493119e+02
7.042814576097596273e+02
6.940041438273834729e+02
6.854652359938077097e+02
6.912909176183045474e+02
6.741111433761496983e+02
6.895323690476959655e+02
7.133854881569837971e+02
7.109734520659632153e+02
7.111126652016189382e+02
7.089474360770720978e+02
7.170516825879079761e+02
7.300043712582637454e+02
7.280747737504904080e+02
7.151967031588542341e+02
6.984777657996145308e+02
6.804936334411263488e+02
6.956415253929183109e+02
7.152882085098779044e+02
7.217447719107597095e+02
7.346381613163114253e+02
7.212330658844465461e+02
7.374498440597714080e+02
7.294682760540611071e+02
7.459532614964118693e+02
7.518345733169973073e+02
7.544285484609202967e+02
7.532741109612851460e+02
7.624737103694887992e+02
7.506181623894237873e+02
7.458451752448999059e+02
7.563365713206740111e+02
7.653291841862873071e+02
7.571429379172400331e+02
7.459221494785887216e+02
7.604441917676616640e+02
7.770190227924290411e+02
7.669307279315689811e+02
7.913911788418973856e+02
7.928825809804159235e+02
7.743818488491444896e+02
7.827263399924996747e+02
7.843346394229770340e+02
7.852416899663485310e+02
8.082823974093074639e+02
8.366114209584826540e+02
8.323487124204458496e+02
8.500422606661394411e+02
8.562419276404777975e+02
8.681112920772000052e+02
8.792819629080426012e+02
8.902012460794385333e+02
8.847273676529571276e+02
8.909232747393779164e+02
9.008301816745022279e+02
9.140470133763167269e+02
9.170775779229298905e+02
9.171145055431500168e+02
9.139878804151918530e+02
9.207540047336750604e+02
9.396501123139646552e+02
9.541258596132284993e+02
9.469652998782388522e+02
9.509764339817048722e+02
9.542185874053150201e+02
9.198975273882028887e+02
9.414533112619844815e+02
9.642367760580787035e+02
9.782066296009278403e+02
9.772812199424863593e+02
9.586818938023193368e+02
9.298644366266740917e+02
9.042450849506820987e+02
8.903045097668535846e+02
8.935133231102007585e+02
8.548459382664757413e+02
8.516674475028892175e+02
8.493088521695194686e+02
8.284268605173847391e+02
8.259242941904803956e+02
8.221820905518101199e+02
8.224273492809943491e+02
8.333388202978925392e+02
8.402218883742551725e+02
8.331747483783954067e+02
8.469008007042452846e+02
8.486009460613843203e+02
8.609408131139613261e+02
8.579729899027609008e+02
8.639486493419799444e+02
8.887002399289216328e+02
8.977644416804247385e+02
8.754508618102163382e+02
8.791034012743525636e+02
8.784591307440075525e+02
8.940321650121497896e+02
9.166431055763928271e+02
8.926741190711235276e+02
9.142755169742598582e+02
9.207281755944994757e+02
9.279667961308255144e+02
9.209182495495132343e+02
9.335491116923124082e+02
9.472674809495460977e+02
9.442219605769089412e+02
9.690104593839309928e+02
9.414474158831445720e+02
9.297257903769135510e+02
9.303875612673889464e+02
9.250965425412974810e+02
9.346902772920650477e+02
9.155589815625892243e+02
9.289667488770702448e+02
9.353878622256967219e+02
9.406828772142815751e+02
9.560489369672301336e+02
9.515722486936429050e+02
9.329649774093305723e+02
9.454656738672194933e+02
9.620481182093250254e+02
9.570184333356068009e+02
9.595828510800772619e+02
9.374757159774005686e+02
9.246541597013188039e+02
9.547220544712899937e+02
9.673380119911093971e+02
9.883832173774057992e+02
1.007039836451549036e+03
1.030164766634253510e+03
1.038537296776127050e+03
1.042893314929718372e+03
1.053671582243487137e+03
1.050101781363001464e+03
1.052324228070203617e+03
1.048462537536373702e+03
1.061859744584177179e+03
1.083009138374653048e+03
1.097372879949815115e+03
1.123885029779035904e+03
1.127653422080973769e+03
1.136215399502305672e+03
1.122729777016418439e+03
1.108701028857734855e+03
1.079627055580140450e+03
1.087597207862628920e+03
1.078484598705635790e+03
1.098965957738360203e+03
1.120232791109029449e+03
1.120107285127312252e+03
1.099205114010786929e+03
1.113089594099637907e+03
1.094223393734171168e+03
1.106469470733053640e+03
1.136870079368679399e+03
1.163413175519340939e+03
1.186415960920616271e+03
1.178040448858428590e+03
1.176242254738200472e+03
1.154698435852897319e+03
1.157025383678207845e+03
1.153411989674503502e+03
1.170019758642212309e+03
1.162043970545406864e+03
1.140815674062930157e+03
1.138192246868949951e+03
1.141897777816709095e+03
1.158328909327899510e+03
1.128603663313374909e+03
1.120089246120855023e+03
1.129316901332889302e+03
1.160012600840723508e+03
1.168645539045075338e+03
1.170395764545284010e+03
1.180749203168721579e+03
1.190233783650275655e+03
1.215667888298546131e+03
1.229898077309700057e+03
1.218428496300186680e+03
1.228076717930520772e+03
1.199520787314741938e+03
1.185497830549838454e+03
1.208971123208815698e+03
1.200358372975816792e+03
1.223204920542798163e+03
1.215336639924669726e+03
1.215600811597077382e+03
1.193710017770474906e+03
1.184492496177906787e+03
1.188919965811862085e+03
1.204265222776920837e+03
1.191079796479361903e+03
1.194454905785794381e+03
1.196497450305215125e+03
1.186522772186135171e+03
1.197549360568829798e+03
1.221917910173228165e+03
1.225172854728597486e+03
1.220486458840820660e+03
1.217937113190874015e+03
1.236384015726730240e+03
1.248187690191490674e+03
1.260418126564496561e+03
1.256320180638836291e+03
1.249206045327666743e+03
1.270199337930731190e+03
1.258252506804181166e+03
1.269180041296098125e+03
1.278554819429477675e+03
1.281164480972780666e+03
1.265077147789884521e+03
1.252836725400680052e+03
1.270493914292851059e+03
1.278636860634703226e+03
1.298479477704788451e+03
1.307139223294004523e+03
1.311515443512236288e+03
1.305343968337540673e+03
1.289582270525889271e+03
1.259514932434822413e+03
1.266844213676782147e+03
1.268808911682606549e+03
1.250793711756877201e+03
1.255237744155043856e+03
1.256335516016084966e+03
1.253111936110650959e+03
1.269800564265587809e+03
1.286463678735344956e+03
1.291095288325939919e+03
1.281485957903275221e+03
1.265806268344645105e+03
1.274981520226111797e+03
1.291614019316506983e+03
1.286367269090799027e+03
1.277922224322350075e+03
1.252574964379312632e+03
1.247690016038863178e+03
1.227645240822765572e+03
1.236633462228591270e+03
1.246792550312313097e+03
1.244405992150951988e+03
1.235138160213997253e+03
1.235300722514965173e+03
1.234494459353663615e+03
1.223420929789093179e+03
1.201059196252766469e+03
1.188362393378001343e+03
1.204132863585318319e+03
1.213953377907637559e+03
1.216045250105240484e+03
1.223955196268911777e+03
1.233671442214059425e+03
1.254223457063744718e+03
1.227311768089160523e+03
1.239304006616552670e+03
1.228176352313977532e+03
1.244947174542939365e+03
1.210383491530838683e+03
1.209762521495175179e+03
1.204277206325545194e+03
1.203676745309071521e+03
1.215487968353542328e+03
1.175083937125891680e+03
1.165364987022650212e+03
1.171313228311313196e+03
1.179419353595020993e+03
1.210507680582881676e+03
1.229335734479498797e+03
1.238263053512335773e+03
1.211258871553420931e+03
1.219161358674860594e+03
1.228403901917964731e+03
1.229176918331337220e+03
1.251324502803096948e+03
1.232796603244511971e+03
1.210379235653603473e+03
1.220082028807899633e+03
1.233113082448634486e+03
1.211990144286297209e+03
1.181863873819125729e+03
1.174579234807351440e+03
1.178461438785492419e+03
1.177681141846458331e+03
1.173181231751101677e+03
1.161827668055660070e+03
1.163732753516194862e+03
1.168036791889629740e+03
1.190785963695959936e+03
1.212897351099158186e+03
1.193582034989596650e+03
1.212779414669387506e+03
1.214825877078679241e+03
1.192267914791853173e+03
1.210154923821771945e+03
1.200650601110892012e+03
1.192695820864700863e+03
1.166334880135953654e+03
1.168174303268000358e+03
1.154632652269804339e+03
1.156579943147439735e+03
1.107702488487336723e+03
1.098746521808126545e+03
1.108488344675650751e+03
1.131444199286544062e+03
1.160280837540419043e+03
1.160412462900606442e+03
1.181474589831062531e+03
1.144496794452842096e+03
1.144280302558102903e+03
1.166357294257927606e+03
1.198198542292107277e+03
1.173270591687600017e+03
1.179004253003236045e+03
1.192645766263010955e+03
1.211966798037100034e+03
1.192874379240174676e+03
1.184460312895011384e+03
1.163751635583928191e+03
1.161930397575284587e+03
1.170858617864099415e+03
1.176797736595031211e+03
1.188350412731239885e+03
1.200790358603165032e+03
1.217972533398048881e+03
1.209172447116519834e+03
1.224243870626504759e+03
1.226384502854484253e+03
1.238583886916603660e+03
1.218468329676490157e+03
1.206415367246285314e+03
1.208100824946885268e+03
1.246508879036904318e+03
1.233982461934783714e+03
1.210195783671321806e+03
1.192002808364299199e+03
1.145501891725470614e+03
1.175249104942128497e+03
1.191259371230437864e+03
1.187793504370642268e+03
1.152503566607153061e+03
1.171871406401370905e+03
1.177351761533999706e+03
1.141563867582550301e+03
1.146777148765119591e+03
1.166266106348223275e+03
1.183725305817090202e+03
1.180096226851818756e+03
1.201678599262181933e+03
1.201032832203553653e+03
1.179263356582104279e+03
1.173407601493842094e+03
1.171932257337940200e+03
1.177630559937495491e+03
1.183551483935601027e+03
1.171734261853228190e+03
1.162501024751557907e+03
1.155742481678438708e+03
1.178263045883120412e+03
1.175370880555122085e+03
1.190821307958738771e+03
1.185465553005915353e+03
1.187730625312155098e+03
1.218918711287087945e+03
1.222092842195492040e+03
1.251274024217291753e+03
1.273245399460203089e+03
1.288688415207701837e+03
1.300629909631831879e+03
1.308186414976556762e+03
1.295820050873176569e+03
1.296217123346251128e+03
1.310686600101234035e+03
1.329661693603370622e+03
1.343519575117177510e+03
1.350455685109928254e+03
1.347343276527435819e+03
1.365305946581519038e+03
1.381662310541454872e+03
1.349085583682796369e+03
1.342106932985211643e+03
1.312164134725630902e+03
1.327761099622021902e+03
1.334697574631893758e+03
1.351032986117734481e+03
1.345764415467078152e+03
1.359948255380667661e+03
1.377656077377767133e+03
1.375564975808944837e+03
1.381039935426456395e+03
1.401417790784946419e+03
1.379379012791881678e+03
1.363560759791771488e+03
1.360105485516234694e+03
1.373883154413696957e+03
1.361241433064167495e+03
1.363453329597225320e+03
1.356545534339936012e+03
1.354514657295207144e+03
1.349621977954741851e+03
1.348490071023494238e+03
1.364783568586059573e+03
1.350035906526724375e+03
1.333298173681222352e+03
1.358083706311183960e+03
1.358255390527330064e+03
1.372583678865170896e+03
1.398036483254043787e+03
1.384118009474711698e+03
1.396496913796402168e+03
1.386356297382484854e+03
1.374712297075058132e+03
1.353816931228619978e+03
1.385949774851583243e+03
1.398791170665887421e+03
1.399641338098614597e+03
1.373686421409697004e+03
1.400948737433635642e+03
1.390105402305286361e+03
1.379383539614233314e+03
1.343057689466819511e+03
1.330163240283665118e+03
1.332141777034714096e+03
1.311872565956088920e+03
1.334012509854868767e+03
1.329368410764087230e+03
1.322318944316912393e+03
1.327744337534263650e+03
1.342314102300230843e+03
1.365816300433663400e+03
1.366488313485813478e+03
1.371021232912279174e+03
1.375942887122074808e+03
1.343959859895285945e+03
1.326928170714859789e+03
1.338940452064938654e+03
1.334772001199954275e+03
1.351819154739479018e+03
1.338739615075128086e+03
1.338876625926467568e+03
1.316440034235771691e+03
1.316067821472290689e+03
1.297616670128099713e+03
1.321948972372633079e+03
1.318113000414395174e+03
1.313174053810301757e+03
1.329277294797012473e+03
1.338201856118384512e+03
1.333434955597698035e+03
1.362189713204140389e+03
1.338642411722412817e+03
1.317477596823684280e+03
1.347587768157954088e+03
1.357808819225092066e+03
1.364365699903582026e+03
1.375346778815563084e+03
1.383360994757392518e+03
1.392267262518658526e+03
1.408992630294276978e+03
1.412441469070722633e+03
1.426560638992044460e+03
1.398612872477151996e+03
1.409126839169054847e+03
1.402357549273711584e+03
1.406739688576721846e+03
1.413472928032655091e+03
1.425183210629582845e+03
1.414548401830541252e+03
1.433818153478808199e+03
1.441803638530226635e+03
1.451279887322542891e+03
1.460027990504225954e+03
1.467056934388206855e+03
1.459330810363276441e+03
1.469431374210701279e+03
1.470069704499066347e+03
1.454915862277855013e+03
1.449251056890533164e+03
1.458046162381703880e+03
1.459967903473268962e+03
1.476495626109405521e+03
1.475364809289029836e+03
1.476582713811459143e+03
1.464165626303371937e+03
1.481767532025612581e+03
1.465191072089680802e+03
1.483089368200911849e+03
1.505340223906116989e+03
1.488170870018185497e+03
1.476774048933041286e+03
1.477234871807349236e+03
1.496174028843007363e+03
1.488335110426758547e+03
1.501015932108415882e+03
1.520035456602978911e+03
1.521476580067012947e+03
1.479382466610713664e+03
1.512306587942660371e+03
1.514499186631823932e+03
1.498770876643106476e+03
1.489171517917360234e+03
1.494651452021099431e+03
1.488588553574849129e+03
1.480515965047495229e+03
1.485386564349883656e+03
1.501498247748179438e+03
1.517630681061070391e+03
1.515138525749812516e+03
1.511144713027868647e+03
1.508387730867912069e+03
1.506039832529230580e+03
1.505243365991034125e+03
1.501765322446241271e+03
1.527855466096141072e+03
1.532510084634029226e+03
1.517285816658268686e+03
1.522398974606534466e+03
1.530604376884683461e+03
1.538712689596244218e+03
1.519038585560916999e+03
1.520492369635748901e+03
1.512016356922719751e+03
1.482850176704009073e+03
1.473582047560581486e+03
1.501476364109145607e+03
1.510166734920892623e+03
1.498202461796163107e+03
1.500195185891972415e+03
1.468374120395412319e+03
1.463211541544146257e+03
1.436961252328354249e+03
1.463486282129566462e+03
1.479449271468606867e+03
1.480922726352030850e+03
1.476310761695993051e+03
1.482422644467192868e+03
1.493098787912298803e+03
1.492545829844862055e+03
1.499533434563531955e+03
1.505509063891019650e+03
1.498476570921574648e+03
1.470862548581409555e+03
1.455834259035275863e+03
1.439813794322973990e+03
1.438182146118671199e+03
1.440024135767881489e+03
1.436307167294854253e+03
1.445722701318468580e+03
1.447807816113293484e+03
1.421429533144304060e+03
1.399829486732741316e+03
1.393644449795587889e+03
1.395868323424860137e+03
1.396719114203803656e+03
1.399537850900314425e+03
1.403202967232643914e+03
1.437911832834160805e+03
1.447851773444486071e+03
1.444586053753612532e+03
1.436778109893150940e+03
1.436471987205666892e+03
1.435950328331063247e+03
1.430756651019853280e+03
1.429558994503621761e+03
1.423837901421978813e+03
1.379880616214845986e+03
1.384350529887302173e+03
1.401580433586634854e+03
1.406392480409759628e+03
1.426214728931068294e+03
1.415763051975089411e+03
1.415833387173825258e+03
1.396272758413034126e+03
1.407237400766777228e+03
1.373953454929461486e+03
1.379162245483866400e+03
1.394709646643673750e+03
1.381235684446572805e+03
1.358795738936893486e+03
1.363133228789160967e+03
1.369217080915369252e+03
1.355763184071450723e+03
1.389956515759497506e+03
1.400968399278561719e+03
1.398234300795017134e+03
1.388406735251276132e+03
1.392009243238270074e+03
1.372322921854395190e+03
1.338655181581428906e+03
1.328391773099164993e+03
1.321659313367628101e+03
1.330325197045820005e+03
1.330960076979025644e+03
1.333001708987442044e+03
1.302201891285659713e+03
1.327229156575541765e+03
1.362795554123337979e+03
1.345249532835390710e+03
1.366316101185980870e+03
1.382873018855801547e+03
1.381005819168564585e+03
1.350103189197449183e+03
1.341386561514091454e+03
1.339657898369899385e+03
1.334651185063313505e+03
1.332964316347722843e+03
1.336875664023980789e+03
1.338404791979837455e+03
1.324595030130946270e+03
1.320842430087948969e+03
1.356425636608345940e+03
1.358973614546933732e+03
1.348433634968020215e+03
1.339429568955064497e+03
1.332206958741568315e+03
1.355942246163985146e+03
1.352407754091751713e+03
1.365317285839200849e+03
1.341041943384090473e+03
1.345695886370119752e+03
1.361838178731183234e+03
1.382349857019199135e+03
1.398339218460417442e+03
1.415527686810964042e+03
1.394611456539088977e+03
1.405234546428951717e+03
1.407822854132623206e+03
1.388297853748956641e+03
1.391407677894577319e+03
1.415697675106968063e+03
1.397567174998820065e+03
1.425319190440489592e+03
1.408196506241763700e+03
1.410884115010418100e+03
1.390536760468806051e+03
1.392186663492211665e+03
1.401186647405735812e+03
1.423200503310292561e+03
1.435705237254721396e+03
1.404651468928128224e+03
