-2.445560275686304297e-01
2.757296951200652213e+00
5.135530355718358031e+00
9.306462534601386949e+00
1.649693086778977857e+01
2.410592628945271088e+01
3.939606958164351624e+01
5.300077734892449399e+01
7.158891967238838561e+01
8.807997123102411763e+01
1.048611325678843542e+02
1.284318732939583185e+02
1.436113554311037035e+02
1.592685426132232749e+02
1.787525035946620733e+02
1.956951398578570434e+02
2.010682191402057413e+02
2.087227685646890905e+02
2.147227808813377976e+02
2.342258039647678061e+02
2.371290933494845490e+02
2.477024530802791276e+02
2.623153691722347389e+02
2.686930039993240484e+02
2.696247460201911395e+02
2.779570193919274743e+02
2.888429660815870648e+02
2.999186190045882086e+02
3.034851820024930475e+02
3.061749905482556073e+02
3.126126797131494186e+02
3.176400119900349637e+02
3.272868979513252157e+02
3.257764756866344555e+02
3.307758526797437071e+02
3.359326698274949763e+02
3.391640830344138635e+02
3.376180403945340345e+02
3.375116214983121381e+02
3.421497979329864165e+02
3.454794864268783385e+02
3.487049948006293789e+02
3.475705944306022275e+02
3.585517249979259304e+02
3.618351882907920753e+02
3.613300799220292561e+02
3.655761512914609739e+02
3.686233601267415452e+02
3.692456119663914933e+02
3.647427089648065817e+02
3.667878556328296895e+02
3.627074343093631796e+02
3.597540381919168340e+02
3.539821630800381058e+02
3.556692489539707367e+02
3.562237479948499299e+02
3.541315659102601785e+02
3.522574350435022552e+02
3.602351248698869881e+02
3.596121947195083521e+02
3.622372232537468335e+02
3.673023750011627726e+02
3.673807266547165682e+02
3.658510891641290073e+02
3.644084341056262701e+02
3.674705168435419864e+02
3.642469931114263204e+02
3.607008222352760072e+02
3.601688962136157102e+02
3.606229694549604119e+02
3.625331504968513059e+02
3.655846496164216433e+02
3.697049307203643593e+02
3.744196353683773282e+02
3.723315171018073784e+02
3.800215781999031606e+02
3.831669402300888692e+02
3.860375096581059324e+02
3.873593987728644379e+02
3.893761064054349958e+02
4.000163431651713495e+02
3.994685903843040933e+02
3.984145717947826597e+02
4.025113727816219580e+02
4.078567998784513406e+02
4.096225216984032613e+02
4.108674085001683238e+02
4.127285692945379765e+02
4.149473431416162725e+02
4.117201095091599541e+02
4.162079046659427490e+02
4.202525987965150875e+02
4.148083177158392232e+02
4.112326241661659196e+02
4.187179674486233694e+02
4.211179112088937018e+02
4.202057932364272119e+02
4.182480685669992795e+02
4.142934316558298633e+02
4.171769092987062209e+02
4.247830773543064424e+02
4.290474127145677699e+02
4.372873462916137441e+02
4.336242102276807486e+02
4.386385816013556109e+02
4.382565742594263156e+02
4.457714838683421021e+02
4.536113061386793106e+02
4.635857095018758969e+02
4.606540537696332649e+02
4.607581810027053848e+02
4.653429815477251168e+02
4.693683745484418068e+02
4.602016910159237000e+02
4.592332505945001344e+02
4.629907689648338192e+02
4.687863951659224426e+02
4.617985489616938821e+02
4.664075955195726237e+02
4.684492440272726981e+02
4.696184078423864889e+02
4.726114022755380120e+02
4.740010306344884157e+02
4.880238034842620891e+02
4.957705246367457335e+02
5.026360958893545217e+02
4.971764705551074712e+02
5.127322116272157473e+02
5.116109888813772955e+02
5.111934133683607229e+02
5.127602906392428395e+02
5.160989695502145196e+02
5.243315415951102523e+02
5.286876135816332862e+02
5.323182275917292827e+02
5.340727487065781816e+02
5.381991747516484565e+02
5.362670788491417397e+02
5.320482108022614511e+02
5.366936284212866894e+02
5.539173422351020690e+02
5.595703715758166936e+02
5.663444120963641808e+02
5.596866886206400977e+02
5.496827689891424598e+02
5.638257287835307352e+02
5.650197920530612237e+02
5.562326495635620631e+02
5.667813929150368040e+02
5.695763982545323643e+02
5.635060287277383395e+02
5.550796900068803552e+02
5.640480753337874376e+02
5.607992783681390847e+02
5.733205711505484032e+02
5.781687760703511003e+02
5.617885770624516226e+02
5.599315984954786245e+02
5.632563933972002133e+02
5.580775635894858624e+02
5.720842474682292504e+02
5.718845063034278837e+02
5.733473155386902818e+02
5.773956057452473942e+02
5.812304628540574640e+02
5.783433389029429463e+02
5.887471986670121851e+02
6.063650190432816771e+02
6.072601383532215777e+02
6.150270588926114215e+02
6.310530646875926095e+02
6.272191387291460387e+02
6.408329006500027845e+02
6.420333146714251598e+02
6.468824829683617281e+02
6.472757031513007178e+02
6.557777996138590879e+02
6.649747214051509445e+02
6.690926357079023319e+02
6.738536575297068794e+02
6.805865018121269259e+02
6.788946060763955757e+02
6.806230089418667148e+02
6.817487936829780892e+02
6.867311318381593992e+02
6.777929018422510126e+02
6.950666060458862603e+02
6.968542683817312309e+02
7.005592816510794592e+02
6.960776682627096079e+02
6.923640789516516634e+02
6.977146912799620395e+02
7.137263219905829601e+02
7.219015028884164167e+02
7.264020706219664589e+02
7.430176571667807366e+02
7.525164673951732084e+02
7.604626833420608136e+02
7.762335519458624731e+02
7.796636600261351759e+02
8.031602447151582282e+02
7.971128409415841816e+02
8.032061324380586029e+02
8.140085951669739188e+02
8.256898227140419522e+02
8.022549330322804053e+02
8.089978368421103596e+02
8.111619720698529363e+02
8.265250784818427974e+02
8.245294973732982271e+02
8.222937546223704430e+02
8.098083591889676427e+02
8.164039065124557055e+02
8.014569530848848444e+02
7.967798273105265707e+02
8.180166604338645584e+02
8.306564899857861519e+02
8.171611736126858432e+02
8.057131421285495207e+02
8.228423229802688184e+02
8.263788085654382485e+02
8.305713943554509342e+02
8.226092661987511292e+02
8.297685358741401842e+02
8.176016951428740640e+02
8.369938080021685209e+02
8.613837671574319756e+02
8.582680370436861494e+02
8.720251990360735590e+02
8.698848024400083432e+02
8.403490983703361508e+02
8.638415942063121520e+02
8.666850602742348428e+02
8.772745171223021998e+02
8.832404168132717359e+02
8.648447127162737615e+02
8.789122041945774981e+02
8.784067856491634529e+02
8.774409632466557696e+02
8.993194441554586547e+02
9.083811070328604274e+02
9.027469627037164628e+02
9.138466162392866181e+02
9.168037527087265062e+02
9.327419707342593256e+02
9.317790096344220956e+02
9.284788027366917049e+02
9.388686539946919538e+02
9.594895955811963404e+02
9.602131753955102340e+02
9.695185953419553471e+02
9.840301854257742207e+02
9.986767925494949623e+02
9.953187132962633541e+02
9.938380942977611312e+02
9.707266105685554294e+02
9.376555290058922765e+02
9.398464607964306197e+02
9.367512101938445994e+02
9.370369450375060296e+02
9.447552577993466230e+02
9.484511965268899303e+02
9.453233955569724003e+02
9.312388038754265835e+02
9.432827363766169810e+02
9.237993552791111824e+02
9.162265527626960875e+02
8.980140697445136766e+02
8.986247688710114971e+02
9.258630903404523451e+02
9.537375650593487535e+02
9.637369859200111932e+02
9.680564840149402244e+02
9.617415907166589477e+02
9.679381225335124554e+02
9.837341855858247754e+02
9.803822249691741035e+02
9.846644229482844821e+02
9.808233253289752156e+02
9.955900428954224708e+02
9.697237577404583817e+02
1.000233142814873531e+03
1.012830647827378698e+03
1.021326149420312845e+03
1.016363967956858687e+03
1.041128626923198908e+03
1.001242428947002281e+03
1.015729605380211979e+03
1.031010188792583222e+03
1.045138854836794962e+03
1.063602003302934691e+03
1.081233960073916251e+03
1.078637534196038359e+03
1.082516632867346061e+03
1.094248552916849576e+03
1.100618775303382108e+03
1.123039118772228903e+03
1.127034040778772805e+03
1.149471789752443328e+03
1.155836331330442135e+03
1.153157539367565732e+03
1.165717778564494438e+03
1.181428708216111772e+03
1.182905770811014918e+03
1.194654947642372917e+03
1.243869835470137332e+03
1.240283962290538057e+03
1.251019734594542570e+03
1.243570425097034786e+03
1.242867259803004799e+03
1.238598381120731574e+03
1.238348524030875069e+03
1.247249255366139550e+03
1.266262028850744628e+03
1.279383910640539625e+03
1.286753923509541664e+03
1.294708708412619671e+03
1.289073693602255162e+03
1.273993094007943910e+03
1.314352772357782214e+03
1.349871454824346529e+03
1.366955636656701472e+03
1.376904855561679597e+03
1.370315353758404399e+03
1.379792390519700803e+03
1.352311988616638928e+03
1.376633374599713989e+03
1.348517775368184175e+03
1.357794709717507430e+03
1.358577974866273962e+03
1.371181519553679664e+03
1.399746909227500964e+03
1.439465825000812401e+03
1.451609164077493006e+03
1.450783855332266057e+03
1.443062088855548609e+03
1.477103828296745860e+03
1.472151714299644482e+03
1.452935504374311677e+03
1.458358000561768904e+03
1.434200843727576057e+03
1.437176887845298324e+03
1.472594122828405034e+03
1.469828291471233342e+03
1.452525393190835075e+03
1.434770496461007951e+03
1.437776676464498678e+03
1.415494448674392970e+03
1.431086847638302970e+03
1.451291729982139714e+03
1.472720591276259256e+03
1.450949438056851704e+03
1.452204128691095320e+03
1.417270957523599463e+03
1.427068821134108475e+03
1.414520324562175119e+03
1.433531549889023609e+03
1.444825042249047328e+03
1.449547689144780406e+03
1.464115398478883435e+03
1.486520514778880397e+03
1.518547304283680205e+03
1.553887133645306221e+03
1.530597604003457263e+03
1.501870142250062145e+03
1.513815604400597749e+03
1.545199811848477339e+03
1.539558448693611808e+03
1.563896110612269467e+03
1.558257659414243562e+03
1.544903295439658450e+03
1.533011806426088242e+03
1.539655684665342051e+03
1.572779873465558012e+03
1.583687721583237817e+03
1.601719709387190733e+03
1.605462637895059288e+03
1.612230269833758939e+03
1.604285471566651722e+03
1.561962503822424424e+03
1.604739328389313414e+03
1.629129384468101534e+03
1.647067325260214602e+03
1.610571438912762687e+03
1.603362668510864069e+03
1.607502389811011653e+03
1.674045339784354155e+03
1.713699012757991795e+03
1.692396895384895970e+03
1.701073086777052595e+03
1.689678179333616299e+03
1.676387787979053883e+03
1.708863469720793546e+03
1.736220007549091179e+03
1.747759671603468405e+03
1.768950045611406722e+03
1.791842107577810793e+03
1.782271232874752968e+03
1.783954736693868426e+03
1.796354575732593048e+03
1.766055098887756685e+03
1.773722196933857731e+03
1.815460465139501594e+03
1.827419645188409959e+03
1.800759346202224151e+03
1.795392145589171378e+03
1.773359352896959990e+03
1.793373562899481385e+03
1.808251617962440378e+03
1.809569576403880774e+03
1.698767720431633734e+03
1.712301973457463419e+03
1.677054386977786180e+03
1.727432003660503142e+03
1.751317449793309606e+03
1.766420580484421180e+03
1.760165777484739920e+03
1.747025539430189610e+03
1.743154119324226940e+03
1.690103493895067913e+03
1.655505521426590576e+03
1.654008361455650629e+03
1.681384429175458308e+03
1.679480340000534397e+03
1.663580414063966373e+03
1.648848077231971502e+03
1.655853100875957352e+03
1.690092209802177649e+03
1.709611584437318925e+03
1.735819527650317241e+03
1.740345410337067733e+03
1.750973328011578360e+03
1.753446393277467678e+03
1.801261093238600097e+03
1.805664246673128901e+03
1.863302443143570372e+03
1.848686490444693163e+03
1.845207467368426933e+03
1.830066195295965599e+03
1.842626889770878734e+03
1.845654943684729233e+03
1.859524826192912087e+03
1.898378267951415637e+03
1.920119685888563481e+03
1.917100005303995204e+03
1.959035931911464331e+03
1.997228945613408314e+03
1.993488634994587301e+03
2.007946774646997028e+03
2.012336996831393662e+03
2.020052392283620520e+03
2.033531251101903308e+03
2.050333429562128458e+03
2.078544692902841234e+03
2.064417026908100979e+03
2.093508814427736070e+03
2.045520205191524383e+03
2.095262316066505718e+03
2.121415227017444067e+03
2.096455344111228897e+03
2.071217615567983103e+03
2.064116365087100803e+03
2.093786751172839558e+03
2.136015191083849004e+03
2.136925304712881825e+03
2.166921536840327462e+03
2.215717582876089182e+03
2.227777257088141596e+03
2.235626198499544898e+03
2.228589616921368361e+03
2.243615398020341217e+03
2.271075576979046673e+03
2.219484992076661001e+03
2.250566299956662988e+03
2.259221750566233823e+03
2.275080610965228516e+03
2.299813909116760897e+03
2.278730784724638397e+03
2.287175503702355400e+03
2.294536608032771710e+03
2.295512550018525417e+03
2.256293280959945605e+03
2.225044974132432799e+03
2.213473897365317043e+03
2.226726513190494643e+03
2.229761736908350940e+03
2.206715618644156166e+03
2.205442377814302290e+03
2.230746155798772634e+03
2.222339772101197923e+03
2.273197824609532290e+03
2.245574915609098753e+03
2.196103771519961811e+03
2.236245943366592201e+03
2.224408768143583529e+03
2.205794753796614714e+03
2.198041360166198501e+03
2.223556295820348623e+03
2.254285632207421258e+03
2.236142331979920073e+03
2.281608830639006555e+03
2.248143327249219965e+03
2.239993152256142821e+03
2.189135358780730257e+03
2.177025109282258654e+03
2.180507559926297290e+03
2.212873474207990057e+03
2.215019000602100277e+03
2.253786211158025253e+03
2.266399125863590598e+03
2.261110372223139166e+03
2.320984786471145526e+03
2.333422468564000610e+03
2.358099896677235847e+03
2.388011798878123955e+03
2.402673668629196072e+03
2.416745699397143198e+03
2.458788934637273087e+03
2.457472539326738115e+03
2.469091426945268267e+03
2.471060068543007219e+03
2.508594648375761153e+03
2.444146954559610094e+03
2.474274122217621425e+03
2.509366651859399553e+03
2.524684257642849843e+03
2.502460828591797508e+03
2.505593997434393714e+03
2.442091400871718179e+03
2.389263320500830105e+03
2.376252694739106573e+03
2.344552660009474039e+03
2.396992778366682614e+03
2.433746923884777971e+03
2.455036160900735922e+03
2.471028305911435837e+03
2.479551619351479076e+03
2.483969761006283989e+03
2.459978581890869464e+03
2.457760847643003217e+03
2.490235696934856605e+03
2.495670014947705113e+03
2.381575426071864058e+03
2.332341500302451550e+03
2.322149803610353501e+03
2.319841051179215356e+03
2.353682387780678255e+03
2.309353535580060452e+03
2.272746989702028714e+03
2.288608758591029527e+03
2.282960774730143839e+03
2.318627867501587389e+03
2.312701907216126983e+03
2.293548891423871282e+03
2.337897181108595305e+03
2.322679954195779828e+03
2.368569198701203732e+03
2.378834922739746617e+03
2.403194625438823550e+03
2.411462293539703751e+03
2.452829481802179089e+03
2.445128173010832597e+03
2.433949459652087171e+03
2.408637778956900092e+03
2.445186293045695493e+03
2.439178397915970436e+03
2.428589395388315097e+03
2.410203089411149449e+03
2.463775210397104729e+03
2.472529514700733671e+03
2.411548673708514343e+03
2.414014464978603883e+03
2.435906378476575355e+03
2.464069360118734039e+03
2.491390130431334455e+03
2.499322778121019837e+03
2.531486420766922947e+03
2.554756265458808684e+03
2.548042394422029247e+03
2.541007688130256611e+03
2.581465249695152579e+03
2.580312002489610677e+03
2.592762454506516406e+03
2.581450345668294176e+03
2.613915080145160573e+03
2.592862362737549120e+03
2.583847140945962565e+03
2.567957289926758676e+03
2.556120293910278178e+03
2.572077307099398695e+03
2.553820773862994884e+03
2.596637781637215085e+03
2.604613691483594266e+03
2.584493690158247318e+03
2.612783381494567948e+03
2.648387059078259426e+03
2.621479535880248932e+03
2.615774128538172135e+03
2.599785970110991002e+03
2.608210457518271141e+03
2.613397210558220195e+03
2.641659632141177553e+03
2.644499834042809198e+03
2.682869085166902551e+03
2.630674250019782903e+03
2.646974672042294515e+03
2.683228952591234702e+03
2.708057989317329429e+03
2.712113197757341368e+03
2.687614143610698648e+03
2.666599405903004026e+03
2.665689868759970977e+03
2.711900723658009156e+03
2.715746120039970265e+03
2.695052659631565348e+03
2.696941402267138983e+03
2.725545019249606867e+03
2.738422309076593592e+03
2.748161348017360069e+03
2.750284828966416171e+03
2.753163995010926556e+03
2.750635749148096693e+03
2.746312351989328818e+03
2.693523064852076914e+03
2.702978551605050598e+03
2.676947223280120397e+03
2.656788383003471608e+03
2.665492379452532987e+03
2.634714475074350958e+03
2.605633545866035092e+03
2.633053683218508922e+03
2.614938027263312961e+03
2.601709240735317508e+03
2.579757393890959065e+03
2.520816588550209872e+03
2.479752318212336377e+03
2.476594808752486188e+03
2.492335124138809988e+03
2.468904964800626658e+03
2.450913673407550505e+03
2.368787778049256758e+03
2.393419973164498515e+03
2.348722281373983606e+03
2.375379225178658999e+03
2.358687751109903729e+03
2.323435846763172776e+03
2.319301492380252512e+03
2.272972786636064029e+03
2.283314822679385543e+03
2.285149049291623669e+03
2.254329305466138067e+03
2.224467067026076620e+03
2.197457081828429182e+03
2.198523744135799006e+03
2.156097663698421457e+03
2.202197701595585841e+03
2.256636967483584158e+03
2.266397100986001533e+03
2.264334894717948373e+03
2.269045360180767602e+03
2.237333465705551589e+03
2.233232891637488137e+03
2.245302515682208195e+03
2.318053536302755674e+03
2.361916620206469815e+03
2.403590506845601340e+03
2.389881836620249487e+03
2.363456595358952654e+03
2.428959626353832391e+03
2.469000833720869196e+03
2.479853577213850713e+03
2.504367555813510990e+03
2.462743767251135523e+03
2.470537296110705483e+03
2.455917469984479339e+03
2.489233107140814809e+03
2.491353765555019436e+03
2.472693020741086912e+03
2.452798342184392368e+03
2.509042954954273227e+03
2.510964899941141994e+03
2.542316743881037837e+03
2.559979243529156065e+03
2.603434608084970023e+03
2.603888819109557062e+03
2.593835278482485592e+03
2.613808114848015975e+03
2.581821593101181861e+03
2.591035432454938018e+03
2.602286892080644520e+03
2.602276057361360472e+03
2.583687814886007345e+03
2.651597891726516082e+03
2.668731086437655449e+03
2.699793264889191505e+03
2.648863249348301906e+03
2.619755659382422436e+03
2.606462749453941342e+03
2.646258403425857068e+03
2.645841270244709904e+03
2.664090494533950277e+03
2.620356343782230852e+03
2.619315721824146294e+03
2.602038391155648696e+03
2.604226975573858908e+03
2.614437979087361327e+03
2.570352237235041230e+03
2.580071286338270966e+03
2.538391490911401434e+03
2.535626571120095832e+03
2.520197807292931429e+03
2.469822852857150338e+03
2.461753471085712590e+03
2.464204837742807285e+03
2.491102785526342814e+03
2.524849377677853226e+03
2.555553536437025286e+03
2.598694193429033476e+03
2.651207589642701350e+03
2.668092603255856829e+03
2.581963463950260575e+03
2.597005187765073970e+03
2.624644751331748921e+03
2.592234000687009029e+03
2.557249545845369994e+03
2.537985358510150490e+03
2.555911673400818927e+03
2.592874745459371752e+03
2.577651923483372229e+03
2.532291410554250433e+03
2.524798981255011313e+03
2.490424503032031225e+03
2.524177067948507101e+03
2.522926535063710162e+03
2.574913178089288976e+03
2.560871566373161841e+03
2.599277440940812085e+03
2.625866790936748203e+03
2.686206048170983195e+03
2.725908371994184108e+03
2.717431848964102301e+03
2.732008181548237189e+03
2.782629366350046439e+03
2.782535309910442265e+03
2.770833647989975361e+03
2.823460032980632604e+03
2.865563318316135337e+03
2.818591523296276137e+03
2.863492774874427596e+03
2.813983961995032587e+03
2.796355682972211071e+03
2.834896542729576595e+03
2.807777698221956598e+03
2.820251904819850097e+03
2.842968724847399244e+03
2.879994289811446833e+03
2.859318165170968769e+03
2.835988835654265586e+03
2.848381874176615383e+03
2.876306932058994335e+03
2.907120903931922385e+03
2.903457135162664144e+03
2.906523525663934379e+03
2.888470255516848283e+03
2.921242026937630726e+03
2.975638979350720547e+03
2.934596856963938535e+03
2.970125099110108749e+03
2.973678976270494786e+03
2.960245859742253288e+03
2.959138150635822058e+03
3.004345253668197529e+03
3.001057008676621990e+03
3.011179322500952367e+03
3.009796385257490329e+03
2.990257682416446642e+03
3.000037202340323802e+03
3.007314271439286131e+03
3.054564222205150145e+03
3.067862307076955403e+03
3.061668104600188144e+03
3.030065089158581031e+03
3.048983675427863545e+03
3.085417409310183302e+03
3.122996966203148077e+03
3.112086055783935080e+03
3.125236298819170770e+03
3.106515115799133582e+03
3.078359478869489521e+03
3.055182235330157710e+03
3.077358856163471955e+03
3.116706002981650727e+03
3.113791239657220558e+03
3.109085388308954862e+03
3.096844087760465300e+03
3.067484603773750223e+03
3.045321216846752122e+03
2.951095317571914620e+03
3.003934546971625423e+03
3.016328561352274846e+03
2.986125821976695534e+03
3.009475787578022391e+03
3.005682820188344522e+03
2.993183187463268496e+03
3.003093931565615549e+03
2.978690028869604703e+03
2.998052676784805954e+03
2.996174872197823788e+03
2.997988196093722308e+03
2.947863758131478789e+03
2.959962305898859540e+03
2.956887456069511245e+03
2.920132070951148762e+03
2.901271498301405700e+03
2.884260934434405044e+03
2.873886648776123820e+03
2.919243938178644385e+03
2.917819883400523850e+03
2.898904868517934119e+03
2.906312375911461004e+03
2.894772259429026235e+03
2.921382680660171445e+03
2.916255785045630091e+03
2.926334868393148554e+03
2.981531161288024123e+03
3.002560841762701784e+03
2.915089207370479016e+03
2.936582827229549366e+03
2.950166738978032299e+03
3.000288684880078108e+03
3.023756809246268404e+03
3.047005726416225571e+03
3.070378323587776322e+03
3.104264964825987590e+03
3.130206490583208506e+03
3.141782148647070699e+03
3.155831566048125296e+03
3.201175346601518868e+03
3.213953500411507775e+03
3.214026000333043612e+03
3.244578301563334662e+03
3.283926366520498959e+03
3.282090808387572906e+03
3.305764286279001226e+03
3.310790624540626141e+03
3.298283545076385053e+03
3.259512089701105197e+03
3.280645454887761844e+03
3.210731982233285180e+03
3.231181038834355604e+03
3.221025768909389171e+03
3.223088548077566884e+03
3.233023416133570663e+03
3.221903615908700885e+03
3.190902121419292143e+03
3.220942246196460474e+03
3.216790907484380114e+03
3.213026394275241728e+03
3.235450420191545163e+03
3.246623087102560476e+03
3.259837699091600825e+03
3.211792184781872947e+03
3.170708992203612979e+03
3.171443692485319843e+03
3.210189776823759530e+03
3.241891174325754946e+03
3.202404329013672395e+03
3.207473816401077329e+03
3.204147638650537829e+03
3.217158021198923961e+03
3.209096785674529201e+03
3.203461207867484063e+03
3.175076078467608113e+03
3.132583698622289830e+03
3.124526518694033712e+03
3.127817546361677614e+03
3.129109562576628377e+03
3.141011853179869831e+03
3.132438469515640918e+03
3.104693555771096726e+03
3.076800053302229571e+03
3.073965192506950189e+03
3.090082584976405087e+03
3.151391647612648285e+03
3.110916333108262734e+03
3.158792814782654659e+03
3.193816129408702636e+03
3.166104533582732529e+03
3.177469619744646934e+03
3.196243777204494108e+03
3.159741599955753827e+03
3.197175352415778889e+03
3.175828624375378695e+03
3.170152463926983273e+03
3.137005920699398303e+03
3.130243184540566745e+03
3.130385164113749852e+03
3.133068953726616655e+03
3.147572062085440393e+03
3.172700992348137788e+03
3.198695810959990467e+03
3.196932344325876784e+03
3.155023776087749866e+03
3.164577758868528690e+03
3.140569721287256471e+03
3.123646483370795067e+03
3.114833452101015610e+03
3.117403940748265541e+03
3.156900821804859333e+03
3.189126977532823730e+03
3.187424471918264317e+03
3.211233362932353430e+03
3.229211274545263677e+03
3.169821045563700409e+03
3.112737104365326104e+03
3.085872922299204674e+03
3.085630365681027342e+03
3.100802019850633314e+03
3.108505520406068626e+03
3.098115081735933018e+03
3.101404577455867638e+03
3.136851745174888038e+03
3.101318853575349749e+03
3.112504496738476064e+03
3.156013612589895274e+03
3.166692603604248688e+03
3.198945424332937819e+03
3.199015611655542671e+03
3.197794649596704858e+03
3.189712263669327967e+03
3.240852695617762492e+03
3.249265102842723081e+03
3.272201522137588654e+03
3.203938136700135146e+03
3.217495752824532701e+03
3.178971163809810150e+03
3.141765610096381806e+03
3.177090704400073264e+03
3.154502301998170424e+03
3.143414909909888138e+03
3.170954636554162789e+03
3.146639263026915160e+03
3.174052812409366652e+03
3.111764291940994553e+03
3.048067653726393473e+03
3.048219167703134644e+03
2.961594707535176894e+03
2.957252168801343032e+03
3.047490673700388470e+03
3.058545430459159434e+03
3.072535150292389062e+03
3.105057578535841913e+03
3.068908345696597735e+03
3.047084596293208961e+03
3.048643334955477258e+03
3.043851986282173129e+03
3.043287464040463874e+03
2.983089617066157643e+03
2.977043337510070614e+03
2.924490795533975870e+03
2.922247418439661487e+03
2.905774440129175673e+03
2.841826898256489585e+03
2.886254882805348643e+03
2.855942466840177076e+03
2.825511158190638071e+03
2.837775392259189175e+03
2.887675909391149162e+03
2.899641243696979473e+03
2.887236836330961069e+03
2.911314869699919200e+03
2.850071055199239709e+03
2.903123752356114437e+03
2.892434698304071844e+03
2.891889846247398964e+03
2.910539038770411480e+03
2.944294818591448347e+03
