2.044000000000000000e+03
4.077000000000000000e+03
6.125000000000000000e+03
8.184000000000000000e+03
1.018500000000000000e+04
1.224000000000000000e+04
1.415600000000000000e+04
1.633300000000000000e+04
1.837700000000000000e+04
2.043200000000000000e+04
2.238800000000000000e+04
2.452300000000000000e+04
2.649300000000000000e+04
2.856900000000000000e+04
3.065300000000000000e+04
3.261500000000000000e+04
3.471600000000000000e+04
3.667600000000000000e+04
3.877400000000000000e+04
4.069900000000000000e+04
4.268100000000000000e+04
4.484400000000000000e+04
4.710400000000000000e+04
4.908000000000000000e+04
5.113500000000000000e+04
5.317900000000000000e+04
5.515800000000000000e+04
5.722600000000000000e+04
5.916800000000000000e+04
6.135000000000000000e+04
6.336200000000000000e+04
6.550400000000000000e+04
6.749600000000000000e+04
6.962000000000000000e+04
7.159500000000000000e+04
7.350700000000000000e+04
7.564800000000000000e+04
7.761800000000000000e+04
7.963100000000000000e+04
8.183600000000000000e+04
8.389400000000000000e+04
8.599400000000000000e+04
8.795900000000000000e+04
9.002100000000000000e+04
9.202500000000000000e+04
9.412900000000000000e+04
9.616000000000000000e+04
9.830000000000000000e+04
1.002970000000000000e+05
1.021930000000000000e+05
1.044000000000000000e+05
1.063510000000000000e+05
1.083570000000000000e+05
1.104870000000000000e+05
1.124810000000000000e+05
1.145490000000000000e+05
1.166900000000000000e+05
1.187060000000000000e+05
1.208240000000000000e+05
1.228800000000000000e+05
1.248210000000000000e+05
1.268160000000000000e+05
1.290220000000000000e+05
1.309360000000000000e+05
1.329540000000000000e+05
1.350800000000000000e+05
1.369860000000000000e+05
1.392350000000000000e+05
1.411280000000000000e+05
1.432840000000000000e+05
1.452390000000000000e+05
1.473510000000000000e+05
1.493470000000000000e+05
1.512210000000000000e+05
1.533990000000000000e+05
1.555950000000000000e+05
1.576780000000000000e+05
1.597320000000000000e+05
1.617380000000000000e+05
1.637200000000000000e+05
1.658620000000000000e+05
1.678760000000000000e+05
1.699590000000000000e+05
1.719170000000000000e+05
1.738960000000000000e+05
1.760760000000000000e+05
1.781500000000000000e+05
1.801270000000000000e+05
1.821290000000000000e+05
1.842290000000000000e+05
1.862320000000000000e+05
1.882810000000000000e+05
1.904550000000000000e+05
1.924420000000000000e+05
1.943890000000000000e+05
1.965230000000000000e+05
1.984950000000000000e+05
2.005920000000000000e+05
2.025590000000000000e+05
2.043850000000000000e+05
2.067950000000000000e+05
2.088220000000000000e+05
2.109250000000000000e+05
2.129030000000000000e+05
2.148670000000000000e+05
2.170520000000000000e+05
2.190250000000000000e+05
2.210390000000000000e+05
2.230340000000000000e+05
2.251690000000000000e+05
2.270180000000000000e+05
2.292470000000000000e+05
2.313720000000000000e+05
2.332360000000000000e+05
2.353760000000000000e+05
2.374310000000000000e+05
2.395630000000000000e+05
2.414080000000000000e+05
2.436450000000000000e+05
2.456550000000000000e+05
2.476500000000000000e+05
2.496100000000000000e+05
2.517710000000000000e+05
2.538740000000000000e+05
2.559000000000000000e+05
2.578830000000000000e+05
2.599470000000000000e+05
2.620910000000000000e+05
2.636030000000000000e+05
2.661690000000000000e+05
2.681090000000000000e+05
2.702470000000000000e+05
2.722750000000000000e+05
2.743190000000000000e+05
2.763760000000000000e+05
2.784400000000000000e+05
2.805270000000000000e+05
2.824170000000000000e+05
2.844920000000000000e+05
2.866720000000000000e+05
2.887220000000000000e+05
2.905300000000000000e+05
2.926370000000000000e+05
2.948150000000000000e+05
2.966440000000000000e+05
2.989340000000000000e+05
3.008760000000000000e+05
3.027200000000000000e+05
3.051090000000000000e+05
3.070120000000000000e+05
3.091420000000000000e+05
3.112600000000000000e+05
3.133240000000000000e+05
3.153330000000000000e+05
3.172550000000000000e+05
3.192290000000000000e+05
3.214270000000000000e+05
3.234330000000000000e+05
3.254910000000000000e+05
3.275200000000000000e+05
3.296230000000000000e+05
3.316750000000000000e+05
3.336130000000000000e+05
3.356320000000000000e+05
3.376760000000000000e+05
3.398390000000000000e+05
3.418850000000000000e+05
3.440280000000000000e+05
3.459180000000000000e+05
3.479060000000000000e+05
3.501680000000000000e+05
3.522040000000000000e+05
3.539550000000000000e+05
3.561790000000000000e+05
3.583370000000000000e+05
3.602360000000000000e+05
3.624250000000000000e+05
3.644760000000000000e+05
3.663760000000000000e+05
3.684700000000000000e+05
3.704490000000000000e+05
3.721310000000000000e+05
3.746320000000000000e+05
3.767440000000000000e+05
3.787540000000000000e+05
3.808100000000000000e+05
3.829580000000000000e+05
3.849810000000000000e+05
3.868060000000000000e+05
3.890200000000000000e+05
3.908100000000000000e+05
3.931300000000000000e+05
3.952330000000000000e+05
3.972590000000000000e+05
3.992140000000000000e+05
4.012330000000000000e+05
4.032800000000000000e+05
4.054360000000000000e+05
4.073520000000000000e+05
4.093720000000000000e+05
4.114910000000000000e+05
4.136000000000000000e+05
4.156060000000000000e+05
4.176640000000000000e+05
4.196630000000000000e+05
4.218210000000000000e+05
4.238960000000000000e+05
4.258890000000000000e+05
4.280120000000000000e+05
4.299970000000000000e+05
4.319760000000000000e+05
4.337370000000000000e+05
4.357790000000000000e+05
4.380410000000000000e+05
4.400990000000000000e+05
4.421380000000000000e+05
4.442800000000000000e+05
4.462940000000000000e+05
4.484740000000000000e+05
4.503740000000000000e+05
4.525560000000000000e+05
4.546280000000000000e+05
4.564160000000000000e+05
4.583250000000000000e+05
4.606140000000000000e+05
4.628460000000000000e+05
4.647050000000000000e+05
4.667570000000000000e+05
4.687940000000000000e+05
4.709980000000000000e+05
4.724870000000000000e+05
4.743620000000000000e+05
4.767400000000000000e+05
4.792200000000000000e+05
4.812200000000000000e+05
4.830850000000000000e+05
4.851460000000000000e+05
4.871490000000000000e+05
4.891440000000000000e+05
4.913300000000000000e+05
4.933660000000000000e+05
4.947180000000000000e+05
4.975960000000000000e+05
4.996800000000000000e+05
5.016120000000000000e+05
5.036790000000000000e+05
5.057090000000000000e+05
5.075290000000000000e+05
5.097620000000000000e+05
5.113190000000000000e+05
5.137030000000000000e+05
5.160010000000000000e+05
5.180570000000000000e+05
5.195130000000000000e+05
5.221840000000000000e+05
5.241320000000000000e+05
5.261930000000000000e+05
5.283570000000000000e+05
5.303180000000000000e+05
5.323580000000000000e+05
5.342630000000000000e+05
5.361090000000000000e+05
5.386060000000000000e+05
5.404900000000000000e+05
5.426960000000000000e+05
5.445640000000000000e+05
5.465690000000000000e+05
5.485710000000000000e+05
5.508590000000000000e+05
5.526290000000000000e+05
5.548330000000000000e+05
5.569800000000000000e+05
5.586950000000000000e+05
5.609450000000000000e+05
5.631700000000000000e+05
5.647880000000000000e+05
5.668500000000000000e+05
5.692010000000000000e+05
5.709570000000000000e+05
5.732630000000000000e+05
5.751830000000000000e+05
5.773580000000000000e+05
5.795350000000000000e+05
5.813280000000000000e+05
5.828200000000000000e+05
5.854850000000000000e+05
5.872600000000000000e+05
5.890850000000000000e+05
5.914580000000000000e+05
5.933460000000000000e+05
5.956770000000000000e+05
5.976660000000000000e+05
5.999090000000000000e+05
6.019520000000000000e+05
6.037990000000000000e+05
6.054780000000000000e+05
6.075230000000000000e+05
6.102900000000000000e+05
6.119370000000000000e+05
6.142830000000000000e+05
6.160780000000000000e+05
6.184490000000000000e+05
6.200980000000000000e+05
6.221980000000000000e+05
6.245820000000000000e+05
6.265430000000000000e+05
6.286330000000000000e+05
6.307560000000000000e+05
6.326730000000000000e+05
6.346540000000000000e+05
6.365600000000000000e+05
6.388490000000000000e+05
6.409490000000000000e+05
6.430460000000000000e+05
6.448670000000000000e+05
6.468030000000000000e+05
6.488820000000000000e+05
6.508860000000000000e+05
6.532490000000000000e+05
6.553170000000000000e+05
6.570670000000000000e+05
6.592880000000000000e+05
6.609140000000000000e+05
6.634700000000000000e+05
6.653420000000000000e+05
6.673220000000000000e+05
6.693490000000000000e+05
6.716810000000000000e+05
6.737890000000000000e+05
6.757240000000000000e+05
6.774380000000000000e+05
6.799180000000000000e+05
6.818800000000000000e+05
6.839950000000000000e+05
6.859380000000000000e+05
6.872070000000000000e+05
6.900610000000000000e+05
6.921330000000000000e+05
6.942690000000000000e+05
6.955640000000000000e+05
6.982260000000000000e+05
6.995000000000000000e+05
7.015490000000000000e+05
7.043610000000000000e+05
7.062890000000000000e+05
7.082890000000000000e+05
7.102920000000000000e+05
7.124060000000000000e+05
7.144860000000000000e+05
7.167860000000000000e+05
7.188160000000000000e+05
7.205850000000000000e+05
7.224180000000000000e+05
7.249820000000000000e+05
7.268510000000000000e+05
7.288730000000000000e+05
7.309790000000000000e+05
7.331120000000000000e+05
7.345910000000000000e+05
7.369300000000000000e+05
7.388840000000000000e+05
7.413500000000000000e+05
7.432850000000000000e+05
7.448100000000000000e+05
7.473330000000000000e+05
7.495160000000000000e+05
7.509510000000000000e+05
7.535930000000000000e+05
7.547700000000000000e+05
7.577310000000000000e+05
7.597640000000000000e+05
7.611260000000000000e+05
7.638220000000000000e+05
7.659280000000000000e+05
7.676560000000000000e+05
7.700270000000000000e+05
7.718570000000000000e+05
7.738180000000000000e+05
7.758700000000000000e+05
7.781550000000000000e+05
7.800600000000000000e+05
7.823020000000000000e+05
7.840680000000000000e+05
7.858980000000000000e+05
7.884480000000000000e+05
7.904610000000000000e+05
7.917770000000000000e+05
7.942280000000000000e+05
7.965830000000000000e+05
7.986560000000000000e+05
8.007680000000000000e+05
8.021020000000000000e+05
8.044930000000000000e+05
8.062450000000000000e+05
8.087660000000000000e+05
8.107510000000000000e+05
8.129090000000000000e+05
8.148350000000000000e+05
8.169530000000000000e+05
8.191390000000000000e+05
8.211480000000000000e+05
8.231480000000000000e+05
8.251550000000000000e+05
8.271260000000000000e+05
8.292830000000000000e+05
8.309530000000000000e+05
8.331760000000000000e+05
8.349020000000000000e+05
8.373770000000000000e+05
8.390550000000000000e+05
8.414430000000000000e+05
8.434080000000000000e+05
8.458050000000000000e+05
8.478520000000000000e+05
8.495960000000000000e+05
8.510380000000000000e+05
8.534230000000000000e+05
8.557510000000000000e+05
8.576420000000000000e+05
8.596910000000000000e+05
8.618110000000000000e+05
8.638850000000000000e+05
8.660680000000000000e+05
8.682090000000000000e+05
8.701910000000000000e+05
8.723810000000000000e+05
8.742310000000000000e+05
8.759960000000000000e+05
8.783530000000000000e+05
8.805230000000000000e+05
8.825840000000000000e+05
8.847290000000000000e+05
8.865930000000000000e+05
8.884100000000000000e+05
8.903600000000000000e+05
8.926570000000000000e+05
8.947830000000000000e+05
8.960830000000000000e+05
8.986610000000000000e+05
9.001440000000000000e+05
9.031060000000000000e+05
9.047120000000000000e+05
9.069020000000000000e+05
9.092830000000000000e+05
9.112170000000000000e+05
9.132730000000000000e+05
9.152120000000000000e+05
9.171090000000000000e+05
9.192740000000000000e+05
9.215440000000000000e+05
9.234990000000000000e+05
9.254990000000000000e+05
9.271750000000000000e+05
9.293470000000000000e+05
9.314560000000000000e+05
9.335470000000000000e+05
9.356570000000000000e+05
9.372810000000000000e+05
9.399650000000000000e+05
9.418900000000000000e+05
9.435130000000000000e+05
9.457090000000000000e+05
9.481100000000000000e+05
9.498930000000000000e+05
9.518700000000000000e+05
9.540270000000000000e+05
9.562170000000000000e+05
9.582680000000000000e+05
9.602900000000000000e+05
9.621430000000000000e+05
9.644640000000000000e+05
9.665640000000000000e+05
9.684770000000000000e+05
9.705590000000000000e+05
9.726530000000000000e+05
9.746770000000000000e+05
9.768760000000000000e+05
9.783410000000000000e+05
9.802310000000000000e+05
9.824980000000000000e+05
9.844980000000000000e+05
9.869210000000000000e+05
9.890330000000000000e+05
9.907330000000000000e+05
9.929840000000000000e+05
9.952530000000000000e+05
9.969280000000000000e+05
9.990390000000000000e+05
1.001368000000000000e+06
1.003190000000000000e+06
1.005133000000000000e+06
1.006720000000000000e+06
1.009148000000000000e+06
1.011674000000000000e+06
1.013319000000000000e+06
1.015575000000000000e+06
1.017512000000000000e+06
1.019512000000000000e+06
1.021928000000000000e+06
1.023347000000000000e+06
1.026026000000000000e+06
1.027462000000000000e+06
1.030118000000000000e+06
1.031547000000000000e+06
1.033513000000000000e+06
1.035902000000000000e+06
1.038243000000000000e+06
1.040228000000000000e+06
1.042246000000000000e+06
1.044163000000000000e+06
1.046323000000000000e+06
1.048461000000000000e+06
1.050073000000000000e+06
1.052122000000000000e+06
1.054708000000000000e+06
1.056655000000000000e+06
1.058431000000000000e+06
1.060332000000000000e+06
1.062332000000000000e+06
1.064713000000000000e+06
1.066074000000000000e+06
1.068231000000000000e+06
1.070740000000000000e+06
1.072902000000000000e+06
1.075002000000000000e+06
1.076620000000000000e+06
1.079128000000000000e+06
1.081136000000000000e+06
1.083056000000000000e+06
1.084498000000000000e+06
1.087308000000000000e+06
1.089368000000000000e+06
1.090733000000000000e+06
1.093554000000000000e+06
1.095290000000000000e+06
1.097644000000000000e+06
1.099462000000000000e+06
1.101120000000000000e+06
1.103690000000000000e+06
1.105818000000000000e+06
1.107434000000000000e+06
1.109887000000000000e+06
1.111471000000000000e+06
1.113528000000000000e+06
1.115808000000000000e+06
1.117884000000000000e+06
1.120222000000000000e+06
1.122169000000000000e+06
1.124082000000000000e+06
1.125447000000000000e+06
1.128100000000000000e+06
1.130100000000000000e+06
1.132139000000000000e+06
1.134549000000000000e+06
1.136358000000000000e+06
1.138498000000000000e+06
1.140399000000000000e+06
1.142431000000000000e+06
1.144325000000000000e+06
1.146681000000000000e+06
1.148497000000000000e+06
1.150170000000000000e+06
1.152751000000000000e+06
1.154083000000000000e+06
1.156884000000000000e+06
1.158912000000000000e+06
1.160877000000000000e+06
1.163243000000000000e+06
1.165306000000000000e+06
1.167306000000000000e+06
1.169173000000000000e+06
1.171090000000000000e+06
1.173188000000000000e+06
1.175192000000000000e+06
1.177149000000000000e+06
1.179221000000000000e+06
1.181466000000000000e+06
1.183539000000000000e+06
1.185704000000000000e+06
1.187517000000000000e+06
1.189721000000000000e+06
1.191624000000000000e+06
1.193563000000000000e+06
1.195258000000000000e+06
1.198074000000000000e+06
1.200059000000000000e+06
1.202136000000000000e+06
1.204062000000000000e+06
1.205785000000000000e+06
1.207524000000000000e+06
1.209812000000000000e+06
1.212361000000000000e+06
1.214202000000000000e+06
1.216181000000000000e+06
1.218232000000000000e+06
1.220532000000000000e+06
1.222368000000000000e+06
1.224644000000000000e+06
1.226262000000000000e+06
1.228601000000000000e+06
1.230836000000000000e+06
1.232572000000000000e+06
1.234096000000000000e+06
1.236602000000000000e+06
1.238923000000000000e+06
1.240809000000000000e+06
1.242776000000000000e+06
1.244945000000000000e+06
1.247077000000000000e+06
1.249091000000000000e+06
1.250907000000000000e+06
1.253057000000000000e+06
1.255166000000000000e+06
1.256670000000000000e+06
1.259257000000000000e+06
1.260818000000000000e+06
1.263606000000000000e+06
1.264813000000000000e+06
1.267699000000000000e+06
1.269469000000000000e+06
1.271199000000000000e+06
1.273199000000000000e+06
1.275841000000000000e+06
1.277647000000000000e+06
1.279956000000000000e+06
1.281983000000000000e+06
1.283970000000000000e+06
1.286122000000000000e+06
1.287938000000000000e+06
1.289894000000000000e+06
1.291894000000000000e+06
1.294306000000000000e+06
1.296095000000000000e+06
1.298080000000000000e+06
1.300176000000000000e+06
1.302408000000000000e+06
1.304221000000000000e+06
1.305684000000000000e+06
1.308644000000000000e+06
1.310644000000000000e+06
1.311885000000000000e+06
1.314467000000000000e+06
1.316127000000000000e+06
1.318627000000000000e+06
1.320724000000000000e+06
1.322183000000000000e+06
1.324508000000000000e+06
1.326263000000000000e+06
1.329031000000000000e+06
1.331161000000000000e+06
1.332744000000000000e+06
1.334975000000000000e+06
1.336487000000000000e+06
1.339118000000000000e+06
1.340517000000000000e+06
1.342517000000000000e+06
1.345463000000000000e+06
1.346826000000000000e+06
1.349158000000000000e+06
1.351626000000000000e+06
1.353107000000000000e+06
1.355414000000000000e+06
1.357553000000000000e+06
1.359560000000000000e+06
1.361912000000000000e+06
1.363831000000000000e+06
1.365700000000000000e+06
1.367912000000000000e+06
1.370054000000000000e+06
1.372026000000000000e+06
1.373982000000000000e+06
1.376183000000000000e+06
1.378196000000000000e+06
1.379790000000000000e+06
1.382033000000000000e+06
1.384033000000000000e+06
1.386313000000000000e+06
1.388365000000000000e+06
1.390528000000000000e+06
1.392348000000000000e+06
1.394350000000000000e+06
1.396609000000000000e+06
1.398432000000000000e+06
1.400373000000000000e+06
1.402105000000000000e+06
1.404529000000000000e+06
1.406753000000000000e+06
1.408753000000000000e+06
1.410702000000000000e+06
1.412450000000000000e+06
1.414572000000000000e+06
1.416572000000000000e+06
1.418953000000000000e+06
1.420852000000000000e+06
1.422550000000000000e+06
1.425141000000000000e+06
1.426559000000000000e+06
1.429391000000000000e+06
1.430858000000000000e+06
1.433200000000000000e+06
1.435262000000000000e+06
1.437067000000000000e+06
1.439663000000000000e+06
1.441785000000000000e+06
1.443244000000000000e+06
1.445662000000000000e+06
1.447894000000000000e+06
1.449523000000000000e+06
1.451698000000000000e+06
1.453670000000000000e+06
1.455138000000000000e+06
1.458039000000000000e+06
1.460039000000000000e+06
1.461936000000000000e+06
1.464061000000000000e+06
1.466196000000000000e+06
1.468196000000000000e+06
1.470285000000000000e+06
1.472369000000000000e+06
1.474174000000000000e+06
1.476166000000000000e+06
1.478236000000000000e+06
1.480574000000000000e+06
1.481967000000000000e+06
1.484677000000000000e+06
1.486491000000000000e+06
1.488878000000000000e+06
1.490482000000000000e+06
1.492547000000000000e+06
1.494846000000000000e+06
1.496767000000000000e+06
1.498920000000000000e+06
1.500578000000000000e+06
1.502767000000000000e+06
1.504851000000000000e+06
1.506993000000000000e+06
1.508889000000000000e+06
1.511046000000000000e+06
1.513046000000000000e+06
1.515007000000000000e+06
1.517482000000000000e+06
1.519334000000000000e+06
1.521084000000000000e+06
1.523445000000000000e+06
1.525192000000000000e+06
1.526876000000000000e+06
1.528876000000000000e+06
1.531615000000000000e+06
1.533920000000000000e+06
1.535677000000000000e+06
1.537612000000000000e+06
1.539903000000000000e+06
1.541246000000000000e+06
1.543480000000000000e+06
1.545931000000000000e+06
1.547859000000000000e+06
1.549989000000000000e+06
1.551813000000000000e+06
1.554279000000000000e+06
1.556338000000000000e+06
1.557977000000000000e+06
1.560397000000000000e+06
1.562224000000000000e+06
1.564401000000000000e+06
1.566461000000000000e+06
1.568413000000000000e+06
1.570217000000000000e+06
1.572115000000000000e+06
1.574624000000000000e+06
1.576407000000000000e+06
1.578842000000000000e+06
1.580746000000000000e+06
1.583056000000000000e+06
1.584202000000000000e+06
1.586703000000000000e+06
1.588443000000000000e+06
1.590563000000000000e+06
1.592793000000000000e+06
1.594793000000000000e+06
1.597428000000000000e+06
1.598861000000000000e+06
1.601323000000000000e+06
1.603323000000000000e+06
1.605204000000000000e+06
1.607534000000000000e+06
1.609467000000000000e+06
1.611543000000000000e+06
1.613811000000000000e+06
1.615470000000000000e+06
1.617427000000000000e+06
1.619443000000000000e+06
1.621848000000000000e+06
1.623818000000000000e+06
1.625818000000000000e+06
1.628085000000000000e+06
1.629478000000000000e+06
1.632201000000000000e+06
1.633455000000000000e+06
1.636179000000000000e+06
1.638355000000000000e+06
1.640216000000000000e+06
1.641789000000000000e+06
1.643789000000000000e+06
1.646305000000000000e+06
1.648617000000000000e+06
1.649855000000000000e+06
1.652605000000000000e+06
1.654783000000000000e+06
1.656319000000000000e+06
1.658755000000000000e+06
1.660768000000000000e+06
1.662472000000000000e+06
1.664756000000000000e+06
1.666985000000000000e+06
1.668835000000000000e+06
1.670379000000000000e+06
1.673210000000000000e+06
1.674787000000000000e+06
1.677035000000000000e+06
1.678743000000000000e+06
1.681134000000000000e+06
1.682775000000000000e+06
1.685043000000000000e+06
1.687457000000000000e+06
1.689537000000000000e+06
1.691586000000000000e+06
1.693510000000000000e+06
1.694823000000000000e+06
1.696978000000000000e+06
1.699687000000000000e+06
1.701668000000000000e+06
1.703708000000000000e+06
1.705572000000000000e+06
1.707668000000000000e+06
1.709102000000000000e+06
1.711850000000000000e+06
1.713927000000000000e+06
1.715734000000000000e+06
1.717776000000000000e+06
1.720013000000000000e+06
1.722148000000000000e+06
1.724049000000000000e+06
1.726381000000000000e+06
1.728265000000000000e+06
1.730428000000000000e+06
1.731701000000000000e+06
1.734031000000000000e+06
1.736535000000000000e+06
1.738535000000000000e+06
1.740259000000000000e+06
1.742821000000000000e+06
1.744895000000000000e+06
1.746345000000000000e+06
1.748217000000000000e+06
1.750928000000000000e+06
1.752240000000000000e+06
1.755026000000000000e+06
1.756918000000000000e+06
1.759155000000000000e+06
1.761022000000000000e+06
1.763291000000000000e+06
1.764868000000000000e+06
1.766775000000000000e+06
1.769092000000000000e+06
1.771443000000000000e+06
1.772628000000000000e+06
1.775446000000000000e+06
1.777294000000000000e+06
1.779294000000000000e+06
1.781650000000000000e+06
1.783706000000000000e+06
1.785204000000000000e+06
1.787066000000000000e+06
1.789874000000000000e+06
1.791769000000000000e+06
1.793769000000000000e+06
1.796064000000000000e+06
1.797751000000000000e+06
1.800011000000000000e+06
1.801892000000000000e+06
1.804003000000000000e+06
1.806093000000000000e+06
1.808203000000000000e+06
1.810236000000000000e+06
1.812000000000000000e+06
1.814189000000000000e+06
1.816562000000000000e+06
1.818622000000000000e+06
1.820622000000000000e+06
1.822270000000000000e+06
1.824410000000000000e+06
1.826708000000000000e+06
1.828115000000000000e+06
1.830778000000000000e+06
1.832513000000000000e+06
1.834479000000000000e+06
1.836479000000000000e+06
1.838461000000000000e+06
1.840880000000000000e+06
1.842922000000000000e+06
1.844383000000000000e+06
1.847261000000000000e+06
1.848598000000000000e+06
1.851114000000000000e+06
1.852974000000000000e+06
1.855269000000000000e+06
1.857446000000000000e+06
1.859258000000000000e+06
1.861172000000000000e+06
1.863382000000000000e+06
1.865046000000000000e+06
1.867311000000000000e+06
1.869501000000000000e+06
1.871501000000000000e+06
1.872923000000000000e+06
1.875636000000000000e+06
1.877636000000000000e+06
1.879861000000000000e+06
1.881800000000000000e+06
1.883538000000000000e+06
1.885916000000000000e+06
1.888088000000000000e+06
1.890043000000000000e+06
1.892049000000000000e+06
1.893966000000000000e+06
1.895637000000000000e+06
1.897999000000000000e+06
1.899853000000000000e+06
1.902190000000000000e+06
1.904136000000000000e+06
1.906519000000000000e+06
1.907763000000000000e+06
1.910094000000000000e+06
1.912736000000000000e+06
1.914523000000000000e+06
1.916456000000000000e+06
1.918782000000000000e+06
1.920262000000000000e+06
1.922983000000000000e+06
1.924862000000000000e+06
1.926526000000000000e+06
1.928224000000000000e+06
1.930842000000000000e+06
1.932756000000000000e+06
1.935126000000000000e+06
1.936713000000000000e+06
1.939124000000000000e+06
1.941305000000000000e+06
1.943205000000000000e+06
1.945375000000000000e+06
1.947227000000000000e+06
1.949227000000000000e+06
1.951743000000000000e+06
1.953658000000000000e+06
1.955745000000000000e+06
1.957225000000000000e+06
1.959792000000000000e+06
1.961679000000000000e+06
1.963582000000000000e+06
1.965664000000000000e+06
1.967664000000000000e+06
1.970124000000000000e+06
1.971647000000000000e+06
1.973907000000000000e+06
1.975343000000000000e+06
1.977828000000000000e+06
1.979827000000000000e+06
1.982136000000000000e+06
1.984271000000000000e+06
1.985808000000000000e+06
1.988326000000000000e+06
1.990223000000000000e+06
1.992405000000000000e+06
1.994150000000000000e+06
1.996621000000000000e+06
1.998212000000000000e+06
2.000669000000000000e+06
