2.040000000000000000e+03
4.086000000000000000e+03
6.131000000000000000e+03
8.172000000000000000e+03
1.023500000000000000e+04
1.225800000000000000e+04
1.432500000000000000e+04
1.635900000000000000e+04
1.838200000000000000e+04
2.047500000000000000e+04
2.252200000000000000e+04
2.455100000000000000e+04
2.659200000000000000e+04
2.865700000000000000e+04
3.068600000000000000e+04
3.270000000000000000e+04
3.480500000000000000e+04
3.682500000000000000e+04
3.886400000000000000e+04
4.094300000000000000e+04
4.299500000000000000e+04
4.503600000000000000e+04
4.710000000000000000e+04
4.911200000000000000e+04
5.118300000000000000e+04
5.324300000000000000e+04
5.524400000000000000e+04
5.733400000000000000e+04
5.936600000000000000e+04
6.136500000000000000e+04
6.347600000000000000e+04
6.552300000000000000e+04
6.758000000000000000e+04
6.959800000000000000e+04
7.167900000000000000e+04
7.369700000000000000e+04
7.573300000000000000e+04
7.778900000000000000e+04
7.981600000000000000e+04
8.189800000000000000e+04
8.392400000000000000e+04
8.601000000000000000e+04
8.803000000000000000e+04
9.006400000000000000e+04
9.210100000000000000e+04
9.418300000000000000e+04
9.615000000000000000e+04
9.825500000000000000e+04
1.002970000000000000e+05
1.023470000000000000e+05
1.043810000000000000e+05
1.064800000000000000e+05
1.085090000000000000e+05
1.105540000000000000e+05
1.125760000000000000e+05
1.146390000000000000e+05
1.167330000000000000e+05
1.187500000000000000e+05
1.208170000000000000e+05
1.228190000000000000e+05
1.248830000000000000e+05
1.269320000000000000e+05
1.289720000000000000e+05
1.310560000000000000e+05
1.330800000000000000e+05
1.351090000000000000e+05
1.371760000000000000e+05
1.391920000000000000e+05
1.412480000000000000e+05
1.433550000000000000e+05
1.454000000000000000e+05
1.474160000000000000e+05
1.494980000000000000e+05
1.515160000000000000e+05
1.535440000000000000e+05
1.555830000000000000e+05
1.576250000000000000e+05
1.597180000000000000e+05
1.617480000000000000e+05
1.637760000000000000e+05
1.658860000000000000e+05
1.678610000000000000e+05
1.699220000000000000e+05
1.719930000000000000e+05
1.739780000000000000e+05
1.761280000000000000e+05
1.781170000000000000e+05
1.801510000000000000e+05
1.822170000000000000e+05
1.842560000000000000e+05
1.863370000000000000e+05
1.883460000000000000e+05
1.904200000000000000e+05
1.924310000000000000e+05
1.944860000000000000e+05
1.965820000000000000e+05
1.986490000000000000e+05
2.006380000000000000e+05
2.026930000000000000e+05
2.046950000000000000e+05
2.068210000000000000e+05
2.088120000000000000e+05
2.108890000000000000e+05
2.129890000000000000e+05
2.150230000000000000e+05
2.170550000000000000e+05
2.190760000000000000e+05
2.211810000000000000e+05
2.231970000000000000e+05
2.252630000000000000e+05
2.273270000000000000e+05
2.293250000000000000e+05
2.313710000000000000e+05
2.333970000000000000e+05
2.355170000000000000e+05
2.375440000000000000e+05
2.395850000000000000e+05
2.416300000000000000e+05
2.436930000000000000e+05
2.456950000000000000e+05
2.477990000000000000e+05
2.498160000000000000e+05
2.518880000000000000e+05
2.539330000000000000e+05
2.559100000000000000e+05
2.579800000000000000e+05
2.600420000000000000e+05
2.621170000000000000e+05
2.641340000000000000e+05
2.661630000000000000e+05
2.682400000000000000e+05
2.702890000000000000e+05
2.723430000000000000e+05
2.744080000000000000e+05
2.764230000000000000e+05
2.784360000000000000e+05
2.805590000000000000e+05
2.825410000000000000e+05
2.846480000000000000e+05
2.866870000000000000e+05
2.886970000000000000e+05
2.907310000000000000e+05
2.928350000000000000e+05
2.948840000000000000e+05
2.969100000000000000e+05
2.990060000000000000e+05
3.009770000000000000e+05
3.031030000000000000e+05
3.051110000000000000e+05
3.071170000000000000e+05
3.092480000000000000e+05
3.111290000000000000e+05
3.132420000000000000e+05
3.153600000000000000e+05
3.174220000000000000e+05
3.194320000000000000e+05
3.214890000000000000e+05
3.235420000000000000e+05
3.256040000000000000e+05
3.276440000000000000e+05
3.296460000000000000e+05
3.317330000000000000e+05
3.337620000000000000e+05
3.358390000000000000e+05
3.379110000000000000e+05
3.399310000000000000e+05
3.419660000000000000e+05
3.439870000000000000e+05
3.460370000000000000e+05
3.481070000000000000e+05
3.501490000000000000e+05
3.521520000000000000e+05
3.542560000000000000e+05
3.563440000000000000e+05
3.583880000000000000e+05
3.604460000000000000e+05
3.624410000000000000e+05
3.645430000000000000e+05
3.665620000000000000e+05
3.686010000000000000e+05
3.706270000000000000e+05
3.726480000000000000e+05
3.747820000000000000e+05
3.767640000000000000e+05
3.788350000000000000e+05
3.807920000000000000e+05
3.829260000000000000e+05
3.849890000000000000e+05
3.870300000000000000e+05
3.891180000000000000e+05
3.910600000000000000e+05
3.932080000000000000e+05
3.952410000000000000e+05
3.972770000000000000e+05
3.993290000000000000e+05
4.013300000000000000e+05
4.033570000000000000e+05
4.054730000000000000e+05
4.075030000000000000e+05
4.095160000000000000e+05
4.116270000000000000e+05
4.135810000000000000e+05
4.157350000000000000e+05
4.176930000000000000e+05
4.198050000000000000e+05
4.218270000000000000e+05
4.239000000000000000e+05
4.259300000000000000e+05
4.280010000000000000e+05
4.300080000000000000e+05
4.320540000000000000e+05
4.341030000000000000e+05
4.361780000000000000e+05
4.381920000000000000e+05
4.402640000000000000e+05
4.423390000000000000e+05
4.443730000000000000e+05
4.464070000000000000e+05
4.484590000000000000e+05
4.505080000000000000e+05
4.525200000000000000e+05
4.546210000000000000e+05
4.566680000000000000e+05
4.586980000000000000e+05
4.606750000000000000e+05
4.626990000000000000e+05
4.648840000000000000e+05
4.668950000000000000e+05
4.689200000000000000e+05
4.709870000000000000e+05
4.729670000000000000e+05
4.751050000000000000e+05
4.770950000000000000e+05
4.791410000000000000e+05
4.812670000000000000e+05
4.833280000000000000e+05
4.853040000000000000e+05
4.873690000000000000e+05
4.894530000000000000e+05
4.914220000000000000e+05
4.934580000000000000e+05
4.956000000000000000e+05
4.976110000000000000e+05
4.996230000000000000e+05
5.016390000000000000e+05
5.037410000000000000e+05
5.057920000000000000e+05
5.078950000000000000e+05
5.099080000000000000e+05
5.119610000000000000e+05
5.140340000000000000e+05
5.160310000000000000e+05
5.180810000000000000e+05
5.201750000000000000e+05
5.221990000000000000e+05
5.242870000000000000e+05
5.263260000000000000e+05
5.283600000000000000e+05
5.304180000000000000e+05
5.324790000000000000e+05
5.344950000000000000e+05
5.364770000000000000e+05
5.385880000000000000e+05
5.406300000000000000e+05
5.426770000000000000e+05
5.447120000000000000e+05
5.467830000000000000e+05
5.487540000000000000e+05
5.509060000000000000e+05
5.529220000000000000e+05
5.549650000000000000e+05
5.568690000000000000e+05
5.590220000000000000e+05
5.611040000000000000e+05
5.631980000000000000e+05
5.652290000000000000e+05
5.672960000000000000e+05
5.693020000000000000e+05
5.713240000000000000e+05
5.732960000000000000e+05
5.754240000000000000e+05
5.775170000000000000e+05
5.795490000000000000e+05
5.816310000000000000e+05
5.836010000000000000e+05
5.857200000000000000e+05
5.877370000000000000e+05
5.897550000000000000e+05
5.917980000000000000e+05
5.938710000000000000e+05
5.959480000000000000e+05
5.980150000000000000e+05
6.000330000000000000e+05
6.020840000000000000e+05
6.041270000000000000e+05
6.062070000000000000e+05
6.082080000000000000e+05
6.102220000000000000e+05
6.123220000000000000e+05
6.143300000000000000e+05
6.163990000000000000e+05
6.184820000000000000e+05
6.204700000000000000e+05
6.225740000000000000e+05
6.245870000000000000e+05
6.266690000000000000e+05
6.286890000000000000e+05
6.307670000000000000e+05
6.327950000000000000e+05
6.348050000000000000e+05
6.368700000000000000e+05
6.389670000000000000e+05
6.409290000000000000e+05
6.430140000000000000e+05
6.451090000000000000e+05
6.471260000000000000e+05
6.491140000000000000e+05
6.511610000000000000e+05
6.532220000000000000e+05
6.552550000000000000e+05
6.572790000000000000e+05
6.594320000000000000e+05
6.614510000000000000e+05
6.635490000000000000e+05
6.655790000000000000e+05
6.676070000000000000e+05
6.696260000000000000e+05
6.717360000000000000e+05
6.737280000000000000e+05
6.757270000000000000e+05
6.778860000000000000e+05
6.798940000000000000e+05
6.819750000000000000e+05
6.839720000000000000e+05
6.860740000000000000e+05
6.880170000000000000e+05
6.901100000000000000e+05
6.921650000000000000e+05
6.941930000000000000e+05
6.962960000000000000e+05
6.983110000000000000e+05
7.003220000000000000e+05
7.023660000000000000e+05
7.043090000000000000e+05
7.064680000000000000e+05
7.086060000000000000e+05
7.106410000000000000e+05
7.126260000000000000e+05
7.146640000000000000e+05
7.167630000000000000e+05
7.187770000000000000e+05
7.208460000000000000e+05
7.229040000000000000e+05
7.249570000000000000e+05
7.270030000000000000e+05
7.290790000000000000e+05
7.310830000000000000e+05
7.330990000000000000e+05
7.351310000000000000e+05
7.372220000000000000e+05
7.392810000000000000e+05
7.413400000000000000e+05
7.433500000000000000e+05
7.454570000000000000e+05
7.474520000000000000e+05
7.495280000000000000e+05
7.515490000000000000e+05
7.536190000000000000e+05
7.556320000000000000e+05
7.577210000000000000e+05
7.597640000000000000e+05
7.617780000000000000e+05
7.638320000000000000e+05
7.659240000000000000e+05
7.679710000000000000e+05
7.700200000000000000e+05
7.720220000000000000e+05
7.740450000000000000e+05
7.761240000000000000e+05
7.781770000000000000e+05
7.802780000000000000e+05
7.822920000000000000e+05
7.843420000000000000e+05
7.863720000000000000e+05
7.884070000000000000e+05
7.904540000000000000e+05
7.925670000000000000e+05
7.946040000000000000e+05
7.966250000000000000e+05
7.986510000000000000e+05
8.006940000000000000e+05
8.027890000000000000e+05
8.047830000000000000e+05
8.068800000000000000e+05
8.089410000000000000e+05
8.109830000000000000e+05
8.129730000000000000e+05
8.150290000000000000e+05
8.171190000000000000e+05
8.191720000000000000e+05
8.211510000000000000e+05
8.232800000000000000e+05
8.253220000000000000e+05
8.272850000000000000e+05
8.294230000000000000e+05
8.314230000000000000e+05
8.335260000000000000e+05
8.354790000000000000e+05
8.376180000000000000e+05
8.395820000000000000e+05
8.416530000000000000e+05
8.436900000000000000e+05
8.457170000000000000e+05
8.478480000000000000e+05
8.498650000000000000e+05
8.519340000000000000e+05
8.539940000000000000e+05
8.560060000000000000e+05
8.580480000000000000e+05
8.601540000000000000e+05
8.621640000000000000e+05
8.642170000000000000e+05
8.661520000000000000e+05
8.682710000000000000e+05
8.703350000000000000e+05
8.724120000000000000e+05
8.743890000000000000e+05
8.765000000000000000e+05
8.785840000000000000e+05
8.805380000000000000e+05
8.826860000000000000e+05
8.847080000000000000e+05
8.866350000000000000e+05
8.887990000000000000e+05
8.908730000000000000e+05
8.928330000000000000e+05
8.949460000000000000e+05
8.970180000000000000e+05
8.989930000000000000e+05
9.009640000000000000e+05
9.031200000000000000e+05
9.052100000000000000e+05
9.072490000000000000e+05
9.092490000000000000e+05
9.112930000000000000e+05
9.133140000000000000e+05
9.154360000000000000e+05
9.174390000000000000e+05
9.195360000000000000e+05
9.215720000000000000e+05
9.235750000000000000e+05
9.254670000000000000e+05
9.276340000000000000e+05
9.296840000000000000e+05
9.318070000000000000e+05
9.338200000000000000e+05
9.358500000000000000e+05
9.379010000000000000e+05
9.400290000000000000e+05
9.420240000000000000e+05
9.440590000000000000e+05
9.461000000000000000e+05
9.482100000000000000e+05
9.502490000000000000e+05
9.522300000000000000e+05
9.543560000000000000e+05
9.563590000000000000e+05
9.584390000000000000e+05
9.604750000000000000e+05
9.624890000000000000e+05
9.645410000000000000e+05
9.666250000000000000e+05
9.686420000000000000e+05
9.706550000000000000e+05
9.727430000000000000e+05
9.748400000000000000e+05
9.768180000000000000e+05
9.788890000000000000e+05
9.809290000000000000e+05
9.830290000000000000e+05
9.850400000000000000e+05
9.870590000000000000e+05
9.891540000000000000e+05
9.911890000000000000e+05
9.931430000000000000e+05
9.953030000000000000e+05
9.972870000000000000e+05
9.993200000000000000e+05
1.001456000000000000e+06
1.003425000000000000e+06
1.005484000000000000e+06
1.007595000000000000e+06
1.009642000000000000e+06
1.011588000000000000e+06
1.013715000000000000e+06
1.015722000000000000e+06
1.017708000000000000e+06
1.019883000000000000e+06
1.021837000000000000e+06
1.023940000000000000e+06
1.025997000000000000e+06
1.028051000000000000e+06
1.030087000000000000e+06
1.032140000000000000e+06
1.034216000000000000e+06
1.036210000000000000e+06
1.038255000000000000e+06
1.040357000000000000e+06
1.042389000000000000e+06
1.044408000000000000e+06
1.046471000000000000e+06
1.048517000000000000e+06
1.050547000000000000e+06
1.052585000000000000e+06
1.054557000000000000e+06
1.056718000000000000e+06
1.058812000000000000e+06
1.060821000000000000e+06
1.062846000000000000e+06
1.064883000000000000e+06
1.067001000000000000e+06
1.068991000000000000e+06
1.071009000000000000e+06
1.073152000000000000e+06
1.075075000000000000e+06
1.077248000000000000e+06
1.079205000000000000e+06
1.081340000000000000e+06
1.083263000000000000e+06
1.085331000000000000e+06
1.087471000000000000e+06
1.089488000000000000e+06
1.091505000000000000e+06
1.093518000000000000e+06
1.095620000000000000e+06
1.097638000000000000e+06
1.099707000000000000e+06
1.101819000000000000e+06
1.103830000000000000e+06
1.105902000000000000e+06
1.107915000000000000e+06
1.109877000000000000e+06
1.112048000000000000e+06
1.114073000000000000e+06
1.116073000000000000e+06
1.118183000000000000e+06
1.120210000000000000e+06
1.122209000000000000e+06
1.124277000000000000e+06
1.126375000000000000e+06
1.128369000000000000e+06
1.130351000000000000e+06
1.132501000000000000e+06
1.134499000000000000e+06
1.136539000000000000e+06
1.138621000000000000e+06
1.140735000000000000e+06
1.142621000000000000e+06
1.144779000000000000e+06
1.146824000000000000e+06
1.148830000000000000e+06
1.150898000000000000e+06
1.152944000000000000e+06
1.155070000000000000e+06
1.157024000000000000e+06
1.159072000000000000e+06
1.161110000000000000e+06
1.163238000000000000e+06
1.165268000000000000e+06
1.167229000000000000e+06
1.169290000000000000e+06
1.171441000000000000e+06
1.173442000000000000e+06
1.175552000000000000e+06
1.177478000000000000e+06
1.179573000000000000e+06
1.181606000000000000e+06
1.183710000000000000e+06
1.185766000000000000e+06
1.187821000000000000e+06
1.189827000000000000e+06
1.191910000000000000e+06
1.193951000000000000e+06
1.196025000000000000e+06
1.198055000000000000e+06
1.200126000000000000e+06
1.202149000000000000e+06
1.204222000000000000e+06
1.206215000000000000e+06
1.208266000000000000e+06
1.210285000000000000e+06
1.212316000000000000e+06
1.214438000000000000e+06
1.216497000000000000e+06
1.218504000000000000e+06
1.220606000000000000e+06
1.222655000000000000e+06
1.224642000000000000e+06
1.226671000000000000e+06
1.228637000000000000e+06
1.230809000000000000e+06
1.232850000000000000e+06
1.234898000000000000e+06
1.236850000000000000e+06
1.238925000000000000e+06
1.241016000000000000e+06
1.243027000000000000e+06
1.245135000000000000e+06
1.247170000000000000e+06
1.249241000000000000e+06
1.251288000000000000e+06
1.253283000000000000e+06
1.255356000000000000e+06
1.257330000000000000e+06
1.259491000000000000e+06
1.261527000000000000e+06
1.263589000000000000e+06
1.265582000000000000e+06
1.267671000000000000e+06
1.269633000000000000e+06
1.271763000000000000e+06
1.273835000000000000e+06
1.275882000000000000e+06
1.277760000000000000e+06
1.279947000000000000e+06
1.281931000000000000e+06
1.284013000000000000e+06
1.286111000000000000e+06
1.288097000000000000e+06
1.290228000000000000e+06
1.292214000000000000e+06
1.294268000000000000e+06
1.296372000000000000e+06
1.298409000000000000e+06
1.300432000000000000e+06
1.302511000000000000e+06
1.304564000000000000e+06
1.306602000000000000e+06
1.308653000000000000e+06
1.310691000000000000e+06
1.312706000000000000e+06
1.314771000000000000e+06
1.316791000000000000e+06
1.318816000000000000e+06
1.320828000000000000e+06
1.322929000000000000e+06
1.325054000000000000e+06
1.327003000000000000e+06
1.329039000000000000e+06
1.331187000000000000e+06
1.333145000000000000e+06
1.335276000000000000e+06
1.337230000000000000e+06
1.339349000000000000e+06
1.341423000000000000e+06
1.343424000000000000e+06
1.345535000000000000e+06
1.347419000000000000e+06
1.349543000000000000e+06
1.351597000000000000e+06
1.353660000000000000e+06
1.355731000000000000e+06
1.357692000000000000e+06
1.359823000000000000e+06
1.361871000000000000e+06
1.363960000000000000e+06
1.365920000000000000e+06
1.367943000000000000e+06
1.370051000000000000e+06
1.372090000000000000e+06
1.374166000000000000e+06
1.376177000000000000e+06
1.378235000000000000e+06
1.380282000000000000e+06
1.382370000000000000e+06
1.384375000000000000e+06
1.386474000000000000e+06
1.388431000000000000e+06
1.390479000000000000e+06
1.392597000000000000e+06
1.394667000000000000e+06
1.396662000000000000e+06
1.398775000000000000e+06
1.400712000000000000e+06
1.402846000000000000e+06
1.404853000000000000e+06
1.406905000000000000e+06
1.408941000000000000e+06
1.410955000000000000e+06
1.413077000000000000e+06
1.415057000000000000e+06
1.417173000000000000e+06
1.419233000000000000e+06
1.421280000000000000e+06
1.423343000000000000e+06
1.425369000000000000e+06
1.427370000000000000e+06
1.429466000000000000e+06
1.431505000000000000e+06
1.433590000000000000e+06
1.435571000000000000e+06
1.437554000000000000e+06
1.439666000000000000e+06
1.441642000000000000e+06
1.443717000000000000e+06
1.445789000000000000e+06
1.447923000000000000e+06
1.449877000000000000e+06
1.451984000000000000e+06
1.453994000000000000e+06
1.456084000000000000e+06
1.458153000000000000e+06
1.460103000000000000e+06
1.462195000000000000e+06
1.464309000000000000e+06
1.466335000000000000e+06
1.468368000000000000e+06
1.470445000000000000e+06
1.472481000000000000e+06
1.474546000000000000e+06
1.476573000000000000e+06
1.478639000000000000e+06
1.480611000000000000e+06
1.482606000000000000e+06
1.484621000000000000e+06
1.486790000000000000e+06
1.488865000000000000e+06
1.490889000000000000e+06
1.492918000000000000e+06
1.494928000000000000e+06
1.497042000000000000e+06
1.499051000000000000e+06
1.501124000000000000e+06
1.503178000000000000e+06
1.505204000000000000e+06
1.507234000000000000e+06
1.509274000000000000e+06
1.511367000000000000e+06
1.513458000000000000e+06
1.515409000000000000e+06
1.517478000000000000e+06
1.519473000000000000e+06
1.521615000000000000e+06
1.523634000000000000e+06
1.525671000000000000e+06
1.527715000000000000e+06
1.529740000000000000e+06
1.531870000000000000e+06
1.533875000000000000e+06
1.535835000000000000e+06
1.537939000000000000e+06
1.540064000000000000e+06
1.542119000000000000e+06
1.544101000000000000e+06
1.546112000000000000e+06
1.548203000000000000e+06
1.550216000000000000e+06
1.552353000000000000e+06
1.554331000000000000e+06
1.556422000000000000e+06
1.558395000000000000e+06
1.560497000000000000e+06
1.562536000000000000e+06
1.564594000000000000e+06
1.566666000000000000e+06
1.568706000000000000e+06
1.570746000000000000e+06
1.572818000000000000e+06
1.574849000000000000e+06
1.576903000000000000e+06
1.578925000000000000e+06
1.581012000000000000e+06
1.583059000000000000e+06
1.585100000000000000e+06
1.587096000000000000e+06
1.589134000000000000e+06
1.591151000000000000e+06
1.593215000000000000e+06
1.595385000000000000e+06
1.597386000000000000e+06
1.599402000000000000e+06
1.601465000000000000e+06
1.603558000000000000e+06
1.605616000000000000e+06
1.607656000000000000e+06
1.609636000000000000e+06
1.611687000000000000e+06
1.613692000000000000e+06
1.615856000000000000e+06
1.617829000000000000e+06
1.619843000000000000e+06
1.622005000000000000e+06
1.624053000000000000e+06
1.626074000000000000e+06
1.628089000000000000e+06
1.630112000000000000e+06
1.632171000000000000e+06
1.634079000000000000e+06
1.636210000000000000e+06
1.638304000000000000e+06
1.640406000000000000e+06
1.642392000000000000e+06
1.644314000000000000e+06
1.646545000000000000e+06
1.648480000000000000e+06
1.650595000000000000e+06
1.652668000000000000e+06
1.654686000000000000e+06
1.656813000000000000e+06
1.658781000000000000e+06
1.660901000000000000e+06
1.662879000000000000e+06
1.664989000000000000e+06
1.666988000000000000e+06
1.668928000000000000e+06
1.671151000000000000e+06
1.673071000000000000e+06
1.675132000000000000e+06
1.677187000000000000e+06
1.679353000000000000e+06
1.681370000000000000e+06
1.683317000000000000e+06
1.685408000000000000e+06
1.687497000000000000e+06
1.689462000000000000e+06
1.691617000000000000e+06
1.693661000000000000e+06
1.695717000000000000e+06
1.697772000000000000e+06
1.699608000000000000e+06
1.701887000000000000e+06
1.703767000000000000e+06
1.705972000000000000e+06
1.707928000000000000e+06
1.710019000000000000e+06
1.712092000000000000e+06
1.714091000000000000e+06
1.716220000000000000e+06
1.718235000000000000e+06
1.720171000000000000e+06
1.722173000000000000e+06
1.724345000000000000e+06
1.726354000000000000e+06
1.728509000000000000e+06
1.730458000000000000e+06
1.732460000000000000e+06
1.734590000000000000e+06
1.736572000000000000e+06
1.738634000000000000e+06
1.740718000000000000e+06
1.742844000000000000e+06
1.744836000000000000e+06
1.746930000000000000e+06
1.748967000000000000e+06
1.750948000000000000e+06
1.752993000000000000e+06
1.755029000000000000e+06
1.757128000000000000e+06
1.759201000000000000e+06
1.761272000000000000e+06
1.763319000000000000e+06
1.765307000000000000e+06
1.767389000000000000e+06
1.769399000000000000e+06
1.771497000000000000e+06
1.773509000000000000e+06
1.775499000000000000e+06
1.777610000000000000e+06
1.779669000000000000e+06
1.781611000000000000e+06
1.783684000000000000e+06
1.785772000000000000e+06
1.787828000000000000e+06
1.789911000000000000e+06
1.791849000000000000e+06
1.793961000000000000e+06
1.796045000000000000e+06
1.798103000000000000e+06
1.800186000000000000e+06
1.802225000000000000e+06
1.804227000000000000e+06
1.806230000000000000e+06
1.808277000000000000e+06
1.810421000000000000e+06
1.812433000000000000e+06
1.814450000000000000e+06
1.816356000000000000e+06
1.818603000000000000e+06
1.820608000000000000e+06
1.822589000000000000e+06
1.824669000000000000e+06
1.826718000000000000e+06
1.828830000000000000e+06
1.830803000000000000e+06
1.832851000000000000e+06
1.834998000000000000e+06
1.836884000000000000e+06
1.839065000000000000e+06
1.841113000000000000e+06
1.843094000000000000e+06
1.845173000000000000e+06
1.847203000000000000e+06
1.849252000000000000e+06
1.851365000000000000e+06
1.853353000000000000e+06
1.855423000000000000e+06
1.857531000000000000e+06
1.859542000000000000e+06
1.861629000000000000e+06
1.863583000000000000e+06
1.865652000000000000e+06
1.867624000000000000e+06
1.869765000000000000e+06
1.871839000000000000e+06
1.873776000000000000e+06
1.875959000000000000e+06
1.877983000000000000e+06
1.879936000000000000e+06
1.882037000000000000e+06
1.884131000000000000e+06
1.886203000000000000e+06
1.888158000000000000e+06
1.890275000000000000e+06
1.892232000000000000e+06
1.894290000000000000e+06
1.896433000000000000e+06
1.898422000000000000e+06
1.900497000000000000e+06
1.902547000000000000e+06
1.904569000000000000e+06
1.906548000000000000e+06
1.908585000000000000e+06
1.910664000000000000e+06
1.912739000000000000e+06
1.914819000000000000e+06
1.916843000000000000e+06
1.918921000000000000e+06
1.920947000000000000e+06
1.922998000000000000e+06
1.925080000000000000e+06
1.927152000000000000e+06
1.929167000000000000e+06
1.931134000000000000e+06
1.933187000000000000e+06
1.935228000000000000e+06
1.937266000000000000e+06
1.939420000000000000e+06
1.941417000000000000e+06
1.943518000000000000e+06
1.945448000000000000e+06
1.947609000000000000e+06
1.949664000000000000e+06
1.951558000000000000e+06
1.953693000000000000e+06
1.955754000000000000e+06
1.957797000000000000e+06
1.959858000000000000e+06
1.961970000000000000e+06
1.963887000000000000e+06
1.966047000000000000e+06
1.968006000000000000e+06
1.970121000000000000e+06
1.972168000000000000e+06
1.974213000000000000e+06
1.976264000000000000e+06
1.978354000000000000e+06
1.980410000000000000e+06
1.982378000000000000e+06
1.984496000000000000e+06
1.986467000000000000e+06
1.988601000000000000e+06
1.990598000000000000e+06
1.992692000000000000e+06
1.994709000000000000e+06
1.996681000000000000e+06
1.998810000000000000e+06
2.000877000000000000e+06
