2.043000000000000000e+03
4.091000000000000000e+03
6.138000000000000000e+03
8.187000000000000000e+03
1.018100000000000000e+04
1.227900000000000000e+04
1.421300000000000000e+04
1.632900000000000000e+04
1.842100000000000000e+04
2.039600000000000000e+04
2.251300000000000000e+04
2.436300000000000000e+04
2.640200000000000000e+04
2.860300000000000000e+04
3.070900000000000000e+04
3.271900000000000000e+04
3.473100000000000000e+04
3.671800000000000000e+04
3.884100000000000000e+04
4.055300000000000000e+04
4.287100000000000000e+04
4.463400000000000000e+04
4.689100000000000000e+04
4.890600000000000000e+04
5.097400000000000000e+04
5.298400000000000000e+04
5.528100000000000000e+04
5.723600000000000000e+04
5.910300000000000000e+04
6.131700000000000000e+04
6.328900000000000000e+04
6.528000000000000000e+04
6.743800000000000000e+04
6.947100000000000000e+04
7.166500000000000000e+04
7.363200000000000000e+04
7.555500000000000000e+04
7.754600000000000000e+04
7.973600000000000000e+04
8.172900000000000000e+04
8.351500000000000000e+04
8.593100000000000000e+04
8.780000000000000000e+04
8.982500000000000000e+04
9.198900000000000000e+04
9.401400000000000000e+04
9.615300000000000000e+04
9.818400000000000000e+04
1.001410000000000000e+05
1.023870000000000000e+05
1.043260000000000000e+05
1.064900000000000000e+05
1.085240000000000000e+05
1.104760000000000000e+05
1.125550000000000000e+05
1.146620000000000000e+05
1.166540000000000000e+05
1.185290000000000000e+05
1.208170000000000000e+05
1.228280000000000000e+05
1.248850000000000000e+05
1.265910000000000000e+05
1.288530000000000000e+05
1.309840000000000000e+05
1.329990000000000000e+05
1.351010000000000000e+05
1.371960000000000000e+05
1.391540000000000000e+05
1.412330000000000000e+05
1.433280000000000000e+05
1.452990000000000000e+05
1.473810000000000000e+05
1.494900000000000000e+05
1.515360000000000000e+05
1.534720000000000000e+05
1.555700000000000000e+05
1.576770000000000000e+05
1.595680000000000000e+05
1.617010000000000000e+05
1.638230000000000000e+05
1.657040000000000000e+05
1.678890000000000000e+05
1.698380000000000000e+05
1.720020000000000000e+05
1.739590000000000000e+05
1.760130000000000000e+05
1.780970000000000000e+05
1.802170000000000000e+05
1.821980000000000000e+05
1.842210000000000000e+05
1.862790000000000000e+05
1.883430000000000000e+05
1.903020000000000000e+05
1.923880000000000000e+05
1.944070000000000000e+05
1.965460000000000000e+05
1.986450000000000000e+05
2.007040000000000000e+05
2.026280000000000000e+05
2.045940000000000000e+05
2.067090000000000000e+05
2.088150000000000000e+05
2.106910000000000000e+05
2.129700000000000000e+05
2.149420000000000000e+05
2.168750000000000000e+05
2.189530000000000000e+05
2.210960000000000000e+05
2.231250000000000000e+05
2.251490000000000000e+05
2.273050000000000000e+05
2.292230000000000000e+05
2.313630000000000000e+05
2.333070000000000000e+05
2.354550000000000000e+05
2.373570000000000000e+05
2.394380000000000000e+05
2.415300000000000000e+05
2.436430000000000000e+05
2.456320000000000000e+05
2.477170000000000000e+05
2.497260000000000000e+05
2.518550000000000000e+05
2.539460000000000000e+05
2.559500000000000000e+05
2.580450000000000000e+05
2.599720000000000000e+05
2.619780000000000000e+05
2.640350000000000000e+05
2.660660000000000000e+05
2.681830000000000000e+05
2.702110000000000000e+05
2.721880000000000000e+05
2.743420000000000000e+05
2.763950000000000000e+05
2.784030000000000000e+05
2.805760000000000000e+05
2.824860000000000000e+05
2.846080000000000000e+05
2.867040000000000000e+05
2.887360000000000000e+05
2.906850000000000000e+05
2.928490000000000000e+05
2.947440000000000000e+05
2.969570000000000000e+05
2.989470000000000000e+05
3.008200000000000000e+05
3.030320000000000000e+05
3.049680000000000000e+05
3.071580000000000000e+05
3.090890000000000000e+05
3.112330000000000000e+05
3.131810000000000000e+05
3.153790000000000000e+05
3.173620000000000000e+05
3.193530000000000000e+05
3.214930000000000000e+05
3.234210000000000000e+05
3.256120000000000000e+05
3.276500000000000000e+05
3.296520000000000000e+05
3.315340000000000000e+05
3.337790000000000000e+05
3.357280000000000000e+05
3.377120000000000000e+05
3.399450000000000000e+05
3.418130000000000000e+05
3.439170000000000000e+05
3.459850000000000000e+05
3.481070000000000000e+05
3.501690000000000000e+05
3.521730000000000000e+05
3.540600000000000000e+05
3.561530000000000000e+05
3.582060000000000000e+05
3.602650000000000000e+05
3.623680000000000000e+05
3.644220000000000000e+05
3.665850000000000000e+05
3.686210000000000000e+05
3.705020000000000000e+05
3.726350000000000000e+05
3.746890000000000000e+05
3.767530000000000000e+05
3.786080000000000000e+05
3.807430000000000000e+05
3.829310000000000000e+05
3.849900000000000000e+05
3.870010000000000000e+05
3.890510000000000000e+05
3.910160000000000000e+05
3.929830000000000000e+05
3.951310000000000000e+05
3.972190000000000000e+05
3.992930000000000000e+05
4.013960000000000000e+05
4.032580000000000000e+05
4.054320000000000000e+05
4.073250000000000000e+05
4.094210000000000000e+05
4.114490000000000000e+05
4.134630000000000000e+05
4.156690000000000000e+05
4.177140000000000000e+05
4.197290000000000000e+05
4.217420000000000000e+05
4.237780000000000000e+05
4.258300000000000000e+05
4.279910000000000000e+05
4.300020000000000000e+05
4.320040000000000000e+05
4.340210000000000000e+05
4.358870000000000000e+05
4.380550000000000000e+05
4.401950000000000000e+05
4.421840000000000000e+05
4.440620000000000000e+05
4.460950000000000000e+05
4.483070000000000000e+05
4.502410000000000000e+05
4.523320000000000000e+05
4.545330000000000000e+05
4.566440000000000000e+05
4.585920000000000000e+05
4.606990000000000000e+05
4.627560000000000000e+05
4.645750000000000000e+05
4.668060000000000000e+05
4.689200000000000000e+05
4.709720000000000000e+05
4.726620000000000000e+05
4.750660000000000000e+05
4.769770000000000000e+05
4.788260000000000000e+05
4.806570000000000000e+05
4.830710000000000000e+05
4.850360000000000000e+05
4.868400000000000000e+05
4.891800000000000000e+05
4.912000000000000000e+05
4.934790000000000000e+05
4.951370000000000000e+05
4.974850000000000000e+05
4.996530000000000000e+05
5.017540000000000000e+05
5.036860000000000000e+05
5.058230000000000000e+05
5.074130000000000000e+05
5.095980000000000000e+05
5.119030000000000000e+05
5.137540000000000000e+05
5.157650000000000000e+05
5.180490000000000000e+05
5.201150000000000000e+05
5.220940000000000000e+05
5.242850000000000000e+05
5.260800000000000000e+05
5.281330000000000000e+05
5.302680000000000000e+05
5.324130000000000000e+05
5.344130000000000000e+05
5.355840000000000000e+05
5.384630000000000000e+05
5.403130000000000000e+05
5.426080000000000000e+05
5.444410000000000000e+05
5.463310000000000000e+05
5.481010000000000000e+05
5.505050000000000000e+05
5.521520000000000000e+05
5.547810000000000000e+05
5.570460000000000000e+05
5.584940000000000000e+05
5.609600000000000000e+05
5.626690000000000000e+05
5.651620000000000000e+05
5.670980000000000000e+05
5.688540000000000000e+05
5.713600000000000000e+05
5.725760000000000000e+05
5.752730000000000000e+05
5.774910000000000000e+05
5.794280000000000000e+05
5.815230000000000000e+05
5.836220000000000000e+05
5.857280000000000000e+05
5.877030000000000000e+05
5.896080000000000000e+05
5.914210000000000000e+05
5.938350000000000000e+05
5.959120000000000000e+05
5.975840000000000000e+05
5.999940000000000000e+05
6.014360000000000000e+05
6.035790000000000000e+05
6.059110000000000000e+05
6.081210000000000000e+05
6.101540000000000000e+05
6.118510000000000000e+05
6.138090000000000000e+05
6.162890000000000000e+05
6.183250000000000000e+05
6.204210000000000000e+05
6.223660000000000000e+05
6.244640000000000000e+05
6.266120000000000000e+05
6.286890000000000000e+05
6.305050000000000000e+05
6.327490000000000000e+05
6.342920000000000000e+05
6.367320000000000000e+05
6.387190000000000000e+05
6.406620000000000000e+05
6.422240000000000000e+05
6.449650000000000000e+05
6.468030000000000000e+05
6.491170000000000000e+05
6.512630000000000000e+05
6.526530000000000000e+05
6.552190000000000000e+05
6.571730000000000000e+05
6.594510000000000000e+05
6.613150000000000000e+05
6.632810000000000000e+05
6.652900000000000000e+05
6.673930000000000000e+05
6.691580000000000000e+05
6.717400000000000000e+05
6.734420000000000000e+05
6.758090000000000000e+05
6.774360000000000000e+05
6.797210000000000000e+05
6.815720000000000000e+05
6.832090000000000000e+05
6.854120000000000000e+05
6.877790000000000000e+05
6.898440000000000000e+05
6.912830000000000000e+05
6.939870000000000000e+05
6.955970000000000000e+05
6.982380000000000000e+05
7.001160000000000000e+05
7.022660000000000000e+05
7.044480000000000000e+05
7.055980000000000000e+05
7.083120000000000000e+05
7.105990000000000000e+05
7.126040000000000000e+05
7.147260000000000000e+05
7.167910000000000000e+05
7.187380000000000000e+05
7.207700000000000000e+05
7.220020000000000000e+05
7.247830000000000000e+05
7.265870000000000000e+05
7.282730000000000000e+05
7.304540000000000000e+05
7.327530000000000000e+05
7.349560000000000000e+05
7.372160000000000000e+05
7.390060000000000000e+05
7.408590000000000000e+05
7.431410000000000000e+05
7.453540000000000000e+05
7.473060000000000000e+05
7.493930000000000000e+05
7.509840000000000000e+05
7.535310000000000000e+05
7.554080000000000000e+05
7.576870000000000000e+05
7.597340000000000000e+05
7.614400000000000000e+05
7.636720000000000000e+05
7.659300000000000000e+05
7.676270000000000000e+05
7.698310000000000000e+05
7.720200000000000000e+05
7.738530000000000000e+05
7.758250000000000000e+05
7.779980000000000000e+05
7.801030000000000000e+05
7.817520000000000000e+05
7.842840000000000000e+05
7.864000000000000000e+05
7.882080000000000000e+05
7.901960000000000000e+05
7.923250000000000000e+05
7.939380000000000000e+05
7.964910000000000000e+05
7.983810000000000000e+05
8.005580000000000000e+05
8.027440000000000000e+05
8.043430000000000000e+05
8.068520000000000000e+05
8.087520000000000000e+05
8.109530000000000000e+05
8.129350000000000000e+05
8.144920000000000000e+05
8.170570000000000000e+05
8.190170000000000000e+05
8.211180000000000000e+05
8.231460000000000000e+05
8.244700000000000000e+05
8.264070000000000000e+05
8.291550000000000000e+05
8.313690000000000000e+05
8.334680000000000000e+05
8.353990000000000000e+05
8.374880000000000000e+05
8.391510000000000000e+05
8.411750000000000000e+05
8.433890000000000000e+05
8.456660000000000000e+05
8.474010000000000000e+05
8.499160000000000000e+05
8.518830000000000000e+05
8.536740000000000000e+05
8.556940000000000000e+05
8.573850000000000000e+05
8.599650000000000000e+05
8.616670000000000000e+05
8.637660000000000000e+05
8.662580000000000000e+05
8.678920000000000000e+05
8.698730000000000000e+05
8.722540000000000000e+05
8.740540000000000000e+05
8.762090000000000000e+05
8.784810000000000000e+05
8.802370000000000000e+05
8.826400000000000000e+05
8.844350000000000000e+05
8.864510000000000000e+05
8.880880000000000000e+05
8.907770000000000000e+05
8.927510000000000000e+05
8.945600000000000000e+05
8.967320000000000000e+05
8.984850000000000000e+05
9.011090000000000000e+05
9.030060000000000000e+05
9.051880000000000000e+05
9.066870000000000000e+05
9.090410000000000000e+05
9.109520000000000000e+05
9.129570000000000000e+05
9.145830000000000000e+05
9.173830000000000000e+05
9.193470000000000000e+05
9.211400000000000000e+05
9.235150000000000000e+05
9.254790000000000000e+05
9.275470000000000000e+05
9.295360000000000000e+05
9.317080000000000000e+05
9.335430000000000000e+05
9.357100000000000000e+05
9.376730000000000000e+05
9.394210000000000000e+05
9.418360000000000000e+05
9.440440000000000000e+05
9.457940000000000000e+05
9.480850000000000000e+05
9.497590000000000000e+05
9.522030000000000000e+05
9.542550000000000000e+05
9.563370000000000000e+05
9.584030000000000000e+05
9.603220000000000000e+05
9.623800000000000000e+05
9.646070000000000000e+05
9.664650000000000000e+05
9.685880000000000000e+05
9.707490000000000000e+05
9.727230000000000000e+05
9.742300000000000000e+05
9.767690000000000000e+05
9.785040000000000000e+05
9.809640000000000000e+05
9.829310000000000000e+05
9.850290000000000000e+05
9.871090000000000000e+05
9.890250000000000000e+05
9.903080000000000000e+05
9.929430000000000000e+05
9.950810000000000000e+05
9.963900000000000000e+05
9.991570000000000000e+05
1.001155000000000000e+06
1.003380000000000000e+06
1.005050000000000000e+06
1.007385000000000000e+06
1.009428000000000000e+06
1.011219000000000000e+06
1.013751000000000000e+06
1.015207000000000000e+06
1.017731000000000000e+06
1.019091000000000000e+06
1.021903000000000000e+06
1.023215000000000000e+06
1.025641000000000000e+06
1.027297000000000000e+06
1.029816000000000000e+06
1.032069000000000000e+06
1.034184000000000000e+06
1.036214000000000000e+06
1.037662000000000000e+06
1.040035000000000000e+06
1.042174000000000000e+06
1.043724000000000000e+06
1.046460000000000000e+06
1.048556000000000000e+06
1.050232000000000000e+06
1.052615000000000000e+06
1.053928000000000000e+06
1.055859000000000000e+06
1.058411000000000000e+06
1.060479000000000000e+06
1.062328000000000000e+06
1.064769000000000000e+06
1.066980000000000000e+06
1.068851000000000000e+06
1.070901000000000000e+06
1.072883000000000000e+06
1.074812000000000000e+06
1.077130000000000000e+06
1.078426000000000000e+06
1.080885000000000000e+06
1.083334000000000000e+06
1.085052000000000000e+06
1.087446000000000000e+06
1.089214000000000000e+06
1.091366000000000000e+06
1.093457000000000000e+06
1.095597000000000000e+06
1.097718000000000000e+06
1.099758000000000000e+06
1.101558000000000000e+06
1.103665000000000000e+06
1.105644000000000000e+06
1.107242000000000000e+06
1.109495000000000000e+06
1.111484000000000000e+06
1.113252000000000000e+06
1.115982000000000000e+06
1.117816000000000000e+06
1.120210000000000000e+06
1.122136000000000000e+06
1.124340000000000000e+06
1.125662000000000000e+06
1.127875000000000000e+06
1.130071000000000000e+06
1.132409000000000000e+06
1.133977000000000000e+06
1.136061000000000000e+06
1.138378000000000000e+06
1.140657000000000000e+06
1.142194000000000000e+06
1.144762000000000000e+06
1.146582000000000000e+06
1.148324000000000000e+06
1.150948000000000000e+06
1.152454000000000000e+06
1.154657000000000000e+06
1.157075000000000000e+06
1.158793000000000000e+06
1.160769000000000000e+06
1.162760000000000000e+06
1.165160000000000000e+06
1.167348000000000000e+06
1.168923000000000000e+06
1.171410000000000000e+06
1.173191000000000000e+06
1.175188000000000000e+06
1.177517000000000000e+06
1.179517000000000000e+06
1.181355000000000000e+06
1.182985000000000000e+06
1.185739000000000000e+06
1.187752000000000000e+06
1.189857000000000000e+06
1.191609000000000000e+06
1.193068000000000000e+06
1.195990000000000000e+06
1.197819000000000000e+06
1.199819000000000000e+06
1.201819000000000000e+06
1.203793000000000000e+06
1.205901000000000000e+06
1.208096000000000000e+06
1.210251000000000000e+06
1.212317000000000000e+06
1.214255000000000000e+06
1.216098000000000000e+06
1.218222000000000000e+06
1.220492000000000000e+06
1.222597000000000000e+06
1.224414000000000000e+06
1.226666000000000000e+06
1.228636000000000000e+06
1.229956000000000000e+06
1.232756000000000000e+06
1.234756000000000000e+06
1.236950000000000000e+06
1.238151000000000000e+06
1.240097000000000000e+06
1.242522000000000000e+06
1.244522000000000000e+06
1.247228000000000000e+06
1.249216000000000000e+06
1.251151000000000000e+06
1.252595000000000000e+06
1.255208000000000000e+06
1.257037000000000000e+06
1.258791000000000000e+06
1.261280000000000000e+06
1.263053000000000000e+06
1.265303000000000000e+06
1.267636000000000000e+06
1.269453000000000000e+06
1.271431000000000000e+06
1.272987000000000000e+06
1.275508000000000000e+06
1.277674000000000000e+06
1.279662000000000000e+06
1.281555000000000000e+06
1.283555000000000000e+06
1.286073000000000000e+06
1.288118000000000000e+06
1.289497000000000000e+06
1.292280000000000000e+06
1.293427000000000000e+06
1.296223000000000000e+06
1.298278000000000000e+06
1.300204000000000000e+06
1.302274000000000000e+06
1.304020000000000000e+06
1.306482000000000000e+06
1.308634000000000000e+06
1.309871000000000000e+06
1.312619000000000000e+06
1.314661000000000000e+06
1.316728000000000000e+06
1.318688000000000000e+06
1.320340000000000000e+06
1.322890000000000000e+06
1.324298000000000000e+06
1.326736000000000000e+06
1.328857000000000000e+06
1.331177000000000000e+06
1.332509000000000000e+06
1.334941000000000000e+06
1.336550000000000000e+06
1.339196000000000000e+06
1.341298000000000000e+06
1.343303000000000000e+06
1.345334000000000000e+06
1.347292000000000000e+06
1.348806000000000000e+06
1.351474000000000000e+06
1.353555000000000000e+06
1.355224000000000000e+06
1.357010000000000000e+06
1.359793000000000000e+06
1.361294000000000000e+06
1.362993000000000000e+06
1.365330000000000000e+06
1.367879000000000000e+06
1.369887000000000000e+06
1.371828000000000000e+06
1.373251000000000000e+06
1.375988000000000000e+06
1.377921000000000000e+06
1.379883000000000000e+06
1.381739000000000000e+06
1.384277000000000000e+06
1.386144000000000000e+06
1.388019000000000000e+06
1.389747000000000000e+06
1.392265000000000000e+06
1.394542000000000000e+06
1.396182000000000000e+06
1.398287000000000000e+06
1.400827000000000000e+06
1.402440000000000000e+06
1.404510000000000000e+06
1.406501000000000000e+06
1.408584000000000000e+06
1.410591000000000000e+06
1.412610000000000000e+06
1.414392000000000000e+06
1.416299000000000000e+06
1.418799000000000000e+06
1.420620000000000000e+06
1.422620000000000000e+06
1.425081000000000000e+06
1.427285000000000000e+06
1.429049000000000000e+06
1.431245000000000000e+06
1.432775000000000000e+06
1.434965000000000000e+06
1.436933000000000000e+06
1.439074000000000000e+06
1.441563000000000000e+06
1.443563000000000000e+06
1.445614000000000000e+06
1.447603000000000000e+06
1.449603000000000000e+06
1.451773000000000000e+06
1.453737000000000000e+06
1.455482000000000000e+06
1.457756000000000000e+06
1.459985000000000000e+06
1.461771000000000000e+06
1.463415000000000000e+06
1.466240000000000000e+06
1.468276000000000000e+06
1.470439000000000000e+06
1.472291000000000000e+06
1.474523000000000000e+06
1.475777000000000000e+06
1.478572000000000000e+06
1.480002000000000000e+06
1.482243000000000000e+06
1.484347000000000000e+06
1.486615000000000000e+06
1.488866000000000000e+06
1.490636000000000000e+06
1.492390000000000000e+06
1.494594000000000000e+06
1.496773000000000000e+06
1.498662000000000000e+06
1.501159000000000000e+06
1.502515000000000000e+06
1.504542000000000000e+06
1.506892000000000000e+06
1.508428000000000000e+06
1.510938000000000000e+06
1.512960000000000000e+06
1.515439000000000000e+06
1.516967000000000000e+06
1.519363000000000000e+06
1.521027000000000000e+06
1.523067000000000000e+06
1.525317000000000000e+06
1.527393000000000000e+06
1.529841000000000000e+06
1.531110000000000000e+06
1.532984000000000000e+06
1.535879000000000000e+06
1.538032000000000000e+06
1.539754000000000000e+06
1.541851000000000000e+06
1.544157000000000000e+06
1.546094000000000000e+06
1.547780000000000000e+06
1.550336000000000000e+06
1.551668000000000000e+06
1.553531000000000000e+06
1.555945000000000000e+06
1.558388000000000000e+06
1.560386000000000000e+06
1.562607000000000000e+06
1.564486000000000000e+06
1.566619000000000000e+06
1.568694000000000000e+06
1.569950000000000000e+06
1.572673000000000000e+06
1.574773000000000000e+06
1.576534000000000000e+06
1.578785000000000000e+06
1.580099000000000000e+06
1.582665000000000000e+06
1.584765000000000000e+06
1.587008000000000000e+06
1.589090000000000000e+06
1.590944000000000000e+06
1.592587000000000000e+06
1.594874000000000000e+06
1.597048000000000000e+06
1.599382000000000000e+06
1.601132000000000000e+06
1.603226000000000000e+06
1.605305000000000000e+06
1.607625000000000000e+06
1.609428000000000000e+06
1.611722000000000000e+06
1.613521000000000000e+06
1.615170000000000000e+06
1.617091000000000000e+06
1.619232000000000000e+06
1.621647000000000000e+06
1.623647000000000000e+06
1.625434000000000000e+06
1.627274000000000000e+06
1.630085000000000000e+06
1.631384000000000000e+06
1.634192000000000000e+06
1.636198000000000000e+06
1.637446000000000000e+06
1.640417000000000000e+06
1.641893000000000000e+06
1.643893000000000000e+06
1.646198000000000000e+06
1.648398000000000000e+06
1.650069000000000000e+06
1.652407000000000000e+06
1.654262000000000000e+06
1.656696000000000000e+06
1.658537000000000000e+06
1.660092000000000000e+06
1.662548000000000000e+06
1.664620000000000000e+06
1.666948000000000000e+06
1.669079000000000000e+06
1.670978000000000000e+06
1.672978000000000000e+06
1.675054000000000000e+06
1.677310000000000000e+06
1.678457000000000000e+06
1.680785000000000000e+06
1.682953000000000000e+06
1.684702000000000000e+06
1.687135000000000000e+06
1.689286000000000000e+06
1.691444000000000000e+06
1.693140000000000000e+06
1.695075000000000000e+06
1.697075000000000000e+06
1.699568000000000000e+06
1.701335000000000000e+06
1.703341000000000000e+06
1.705807000000000000e+06
1.707135000000000000e+06
1.709474000000000000e+06
1.711474000000000000e+06
1.713768000000000000e+06
1.716020000000000000e+06
1.717839000000000000e+06
1.720287000000000000e+06
1.721848000000000000e+06
1.723848000000000000e+06
1.726378000000000000e+06
1.728378000000000000e+06
1.730108000000000000e+06
1.732409000000000000e+06
1.734409000000000000e+06
1.735904000000000000e+06
1.738470000000000000e+06
1.740470000000000000e+06
1.741986000000000000e+06
1.744422000000000000e+06
1.746619000000000000e+06
1.748619000000000000e+06
1.750725000000000000e+06
1.752889000000000000e+06
1.754727000000000000e+06
1.756521000000000000e+06
1.759019000000000000e+06
1.761019000000000000e+06
1.762342000000000000e+06
1.764591000000000000e+06
1.767390000000000000e+06
1.768767000000000000e+06
1.771076000000000000e+06
1.773287000000000000e+06
1.775335000000000000e+06
1.777002000000000000e+06
1.778720000000000000e+06
1.781148000000000000e+06
1.783458000000000000e+06
1.785632000000000000e+06
1.787363000000000000e+06
1.789192000000000000e+06
1.791571000000000000e+06
1.793775000000000000e+06
1.795451000000000000e+06
1.797671000000000000e+06
1.799969000000000000e+06
1.801969000000000000e+06
1.804222000000000000e+06
1.805927000000000000e+06
1.808025000000000000e+06
1.810025000000000000e+06
1.811522000000000000e+06
1.814094000000000000e+06
1.816084000000000000e+06
1.818084000000000000e+06
1.820022000000000000e+06
1.822257000000000000e+06
1.824577000000000000e+06
1.826653000000000000e+06
1.828697000000000000e+06
1.830207000000000000e+06
1.832825000000000000e+06
1.834388000000000000e+06
1.836482000000000000e+06
1.838586000000000000e+06
1.840853000000000000e+06
1.842571000000000000e+06
1.844947000000000000e+06
1.846527000000000000e+06
1.848895000000000000e+06
1.850897000000000000e+06
1.852919000000000000e+06
1.854919000000000000e+06
1.856794000000000000e+06
1.859558000000000000e+06
1.861596000000000000e+06
1.863298000000000000e+06
1.865385000000000000e+06
1.867298000000000000e+06
1.869710000000000000e+06
1.871566000000000000e+06
1.873078000000000000e+06
1.875153000000000000e+06
1.877479000000000000e+06
1.879919000000000000e+06
1.881276000000000000e+06
1.883601000000000000e+06
1.885868000000000000e+06
1.888075000000000000e+06
1.889418000000000000e+06
1.892289000000000000e+06
1.893663000000000000e+06
1.896320000000000000e+06
1.898187000000000000e+06
1.900418000000000000e+06
1.902168000000000000e+06
1.903822000000000000e+06
1.905922000000000000e+06
1.907922000000000000e+06
1.910033000000000000e+06
1.912559000000000000e+06
1.914702000000000000e+06
1.916568000000000000e+06
1.918109000000000000e+06
1.920666000000000000e+06
1.922073000000000000e+06
1.924689000000000000e+06
1.926948000000000000e+06
1.928638000000000000e+06
1.930628000000000000e+06
1.932774000000000000e+06
1.935123000000000000e+06
1.936702000000000000e+06
1.939332000000000000e+06
1.940768000000000000e+06
1.942768000000000000e+06
1.945401000000000000e+06
1.947523000000000000e+06
1.949118000000000000e+06
1.951447000000000000e+06
1.952830000000000000e+06
1.955483000000000000e+06
1.957387000000000000e+06
1.959670000000000000e+06
1.961734000000000000e+06
1.963125000000000000e+06
1.965414000000000000e+06
1.967414000000000000e+06
1.970154000000000000e+06
1.972094000000000000e+06
1.974195000000000000e+06
1.975972000000000000e+06
1.978187000000000000e+06
1.979558000000000000e+06
1.981785000000000000e+06
1.984163000000000000e+06
1.985973000000000000e+06
1.988562000000000000e+06
1.990067000000000000e+06
1.992070000000000000e+06
1.994719000000000000e+06
1.996489000000000000e+06
1.998575000000000000e+06
2.000450000000000000e+06
