1.643478548703912168e+01
2.397711827287962194e+01
3.981935904250612879e+01
6.146577544546089200e+01
8.405649289816329883e+01
1.070399424052718444e+02
1.282356501971604530e+02
1.527632762558521904e+02
1.709694635628414972e+02
1.871412690102181955e+02
1.969713323014469779e+02
2.060198084781736156e+02
2.097401904086985098e+02
2.122030339005747237e+02
2.163187315465588085e+02
2.198605977659075847e+02
2.219052937262462990e+02
2.317427797353997221e+02
2.407077186975247685e+02
2.497038288740342296e+02
2.622080989975394800e+02
2.736828320850300997e+02
2.848781978700237687e+02
2.937243292375277406e+02
3.019413715167764281e+02
3.080621098573183758e+02
3.140968323577797605e+02
3.152183279147312192e+02
3.207732444943728183e+02
3.252272056596659695e+02
3.274888955161538320e+02
3.302040914911583513e+02
3.302049593036549027e+02
3.312023148079681505e+02
3.334669024229470438e+02
3.316852084584525642e+02
3.341449502597100150e+02
3.351272552819393695e+02
3.345904581721925979e+02
3.386011594024441251e+02
3.390515166277252774e+02
3.405519915511368936e+02
3.443692953012326825e+02
3.470683397822533607e+02
3.483929468606980890e+02
3.510412322224807440e+02
3.527441316389961798e+02
3.526724601000311736e+02
3.534863146999878722e+02
3.563971468041809771e+02
3.587718617703293376e+02
3.574828756846440001e+02
3.566091700024226725e+02
3.591271171698292619e+02
3.582190061345774552e+02
3.567119026311135599e+02
3.536744252233725092e+02
3.541669022469552601e+02
3.567248451391041613e+02
3.582491691989879428e+02
3.589915095175846318e+02
3.585067729793178160e+02
3.567866979256450009e+02
3.578990707808525826e+02
3.583537083787076085e+02
3.583874658286892441e+02
3.586329081410275990e+02
3.591993637259201364e+02
3.612877795101960601e+02
3.667391888042067762e+02
3.668119721560041171e+02
3.716302382046875437e+02
3.820067964184962079e+02
3.897411641964049522e+02
4.022305931756926043e+02
4.168039115397280057e+02
4.278165544620306378e+02
4.368190645058517703e+02
4.464895632706260926e+02
4.548598517642287220e+02
4.606230456268224316e+02
4.642091790908459643e+02
4.609623757867531140e+02
4.585197919219236837e+02
4.558448795545775170e+02
4.533779226812265506e+02
4.535856445924909508e+02
4.563523825999068322e+02
4.585310126314227546e+02
4.609319263776459366e+02
4.647860460361617925e+02
4.690340183145556239e+02
4.662919607779460307e+02
4.613469218283551072e+02
4.542711762618700391e+02
4.498745891687307221e+02
4.446992739850427938e+02
4.404397667841673183e+02
4.365003471096773637e+02
4.405368332693836351e+02
4.365462578421307285e+02
4.454889956930829271e+02
4.518828297190423200e+02
4.538598739948868115e+02
4.565822333737306167e+02
4.593333806843515958e+02
4.677272409571502294e+02
4.728210441791351286e+02
4.818413610566051375e+02
4.822990745398409445e+02
4.840958745421689855e+02
4.837547321638178914e+02
4.856456063667444596e+02
4.879263297107316362e+02
4.949867403394767393e+02
4.956239705946131835e+02
5.007663628092746535e+02
5.077493901795722309e+02
5.122184851804699974e+02
5.168054110626012516e+02
5.203260838995927315e+02
5.205556763360168588e+02
5.195793718999228759e+02
5.216209834020899052e+02
5.177100303716237022e+02
5.249869185115848040e+02
5.236740875985224193e+02
5.216946210619892099e+02
5.239596282397722007e+02
5.286563775125144957e+02
5.339528212881969012e+02
5.283801687163228280e+02
5.317549625216847744e+02
5.331398327326759272e+02
5.344979124645884667e+02
5.408567632549639939e+02
5.372759566997985985e+02
5.376128243656321501e+02
5.353203300280013082e+02
5.337457299610233576e+02
5.468806936037354944e+02
5.473294043001254749e+02
5.506001826335884743e+02
5.512888249633374471e+02
5.534796693027379888e+02
5.555773370363021968e+02
5.557936762577718355e+02
5.598905388883117666e+02
5.615666841091468768e+02
5.619449918235965242e+02
5.628587220969470764e+02
5.589421595194894508e+02
5.602213123890907127e+02
5.615974923898410225e+02
5.633248779164388225e+02
5.656033923129057257e+02
5.693716872927053601e+02
5.691285159969706910e+02
5.670315389640887815e+02
5.687845368491971385e+02
5.690187976135006238e+02
5.718194164007853715e+02
5.722421484582700941e+02
5.760077670819802051e+02
5.738980053455647976e+02
5.750652022546501030e+02
5.816628416739605427e+02
5.884234308644961402e+02
5.901906615857285487e+02
5.884451395215264711e+02
5.910147427809490637e+02
5.874789034103085896e+02
5.898878241105223879e+02
5.906641593877457126e+02
5.935271850535993963e+02
5.950855440104803620e+02
5.960726402063612568e+02
5.923773324059242213e+02
5.931531887744315554e+02
5.968250692542718525e+02
6.011379695722563383e+02
6.045875439884564457e+02
6.062347061020202545e+02
6.095942869591281124e+02
6.100526217766106356e+02
6.101391336002038770e+02
6.076397885165739581e+02
6.116308866820045296e+02
6.137493582963573999e+02
6.144207473026862090e+02
6.131861213269723976e+02
6.160697712073161938e+02
6.210018691090228913e+02
6.220002346208011659e+02
6.225405272578504992e+02
6.268889946498551353e+02
6.322225648249647065e+02
6.359798423239466274e+02
6.372078269027351780e+02
6.405016482902764210e+02
6.439936991617116746e+02
6.459505341123283415e+02
6.443066392675403904e+02
6.496106257359352867e+02
6.500432349675928663e+02
6.504452197572732075e+02
6.558173099103206596e+02
6.560022140499767147e+02
6.591729318051989139e+02
6.643745720716674441e+02
6.674075210617470475e+02
6.646692750107162055e+02
6.710406913389083456e+02
6.679591021714213639e+02
6.693435042656117275e+02
6.785224702335498250e+02
6.810670335256165799e+02
6.898401961880233557e+02
6.968045435407279911e+02
7.006268779298427489e+02
7.065004621976705721e+02
7.119580661433645901e+02
7.189169090252498791e+02
7.236679357607063139e+02
7.252335444920300915e+02
7.330586289586847215e+02
7.411316389995267855e+02
7.455300965812141385e+02
7.560571075783379911e+02
7.604190599565856701e+02
7.642684984194003164e+02
7.734822533222893526e+02
7.777166057286926844e+02
7.821517957950429718e+02
7.848777188100332296e+02
7.977024661038293516e+02
8.014652995527559369e+02
8.128910252038859880e+02
8.161047693256066395e+02
8.256820484355412191e+02
8.248682106861127750e+02
8.191139188946382319e+02
8.223722291784526988e+02
8.263927288645394356e+02
8.243458239298638546e+02
8.186162589116062236e+02
8.220341682673222294e+02
8.251894489061189688e+02
8.319184233342716652e+02
8.394233931643324240e+02
8.412717559132305496e+02
8.424053908442613192e+02
8.408819888017020503e+02
8.419155561404000991e+02
8.517428103908782759e+02
8.541420177611690860e+02
8.541405766645818858e+02
8.617697860783868009e+02
8.657097410730671072e+02
8.733292683752619041e+02
8.796459324657927255e+02
8.858235889898948017e+02
8.838778626670422227e+02
8.859541094753934658e+02
8.976762546988618396e+02
9.040098568635373795e+02
9.039679039483046381e+02
9.110687622870420910e+02
9.152987811693620870e+02
9.177391698564076705e+02
9.218900092149319789e+02
9.205200919385906673e+02
9.157291443348233315e+02
9.209312890472579056e+02
9.221103611462174285e+02
9.231318987120769179e+02
9.232230603106083890e+02
9.221810205404487988e+02
9.198547524101659292e+02
9.168161718274598115e+02
9.220586611983210332e+02
9.333855489917193609e+02
9.298769004591773637e+02
9.352948533042394956e+02
9.391112804520150803e+02
9.412542701326198085e+02
9.429530347220413660e+02
9.451193803962856919e+02
9.486422680248522283e+02
9.439353841855970586e+02
9.408747067975065193e+02
9.500721084234369300e+02
9.477715190389059217e+02
9.481258218222366168e+02
9.482407769863145859e+02
9.394043299562111997e+02
9.372024572744463740e+02
9.362277796160879006e+02
9.367543750520562753e+02
9.418851942198343750e+02
9.473408018424572674e+02
9.452926375344038661e+02
9.487976540624732706e+02
9.499158581568217414e+02
9.539997532444139097e+02
9.493837680507651839e+02
9.487556996802586582e+02
9.531373601766681531e+02
9.591224827493264229e+02
9.595566574147866277e+02
9.576087695059461566e+02
9.596507707893100587e+02
9.545542979754605994e+02
9.573177890204268579e+02
9.545427495068688586e+02
9.607293751890654221e+02
9.634414812837582076e+02
9.621648235233712967e+02
9.644449756502501714e+02
9.689952590459988642e+02
9.735205316271026277e+02
9.750551813948015933e+02
9.777241170571631983e+02
9.806575521378806570e+02
9.826614256148138793e+02
9.868188876564673819e+02
9.896534130615515323e+02
9.956773170533099346e+02
9.964151761569634118e+02
9.987326663623498462e+02
9.918146822544899806e+02
9.933930472670065228e+02
9.994860206584182833e+02
1.002817136900222863e+03
1.007463277495584293e+03
1.018212077295790664e+03
1.018857244846647518e+03
1.022600819438351436e+03
1.030171151098203836e+03
1.031098770189491233e+03
1.040055285576009510e+03
1.041631621758373285e+03
1.043508178811577181e+03
1.043286877882425870e+03
1.052565577741740071e+03
1.056572370138378574e+03
1.058959447416931425e+03
1.060312751225988677e+03
1.060192747635549495e+03
1.069760342174658945e+03
1.076370601521096660e+03
1.074789708939811135e+03
1.074786935882708576e+03
1.077274115106594309e+03
1.078547091738743347e+03
1.086840649530714472e+03
1.082087734319660740e+03
1.087184787861420091e+03
1.092184709902332315e+03
1.103158768417452166e+03
1.104024889223414675e+03
1.110659770824333236e+03
1.120121159772717419e+03
1.121576075031008031e+03
1.129638193927866041e+03
1.133560355223376746e+03
1.135051098111093324e+03
1.126218886760211944e+03
1.130890093127413593e+03
1.130109546795226379e+03
1.134245134412712332e+03
1.133141001134697490e+03
1.135009174188040106e+03
1.140524848684556218e+03
1.140263443275316604e+03
1.152289620279238306e+03
1.148734355187758410e+03
1.160400946348901925e+03
1.168846404307185367e+03
1.176996428325130182e+03
1.179220841395298976e+03
1.184707030628438133e+03
1.190024618119093702e+03
1.188749384952562650e+03
1.206873808500710084e+03
1.206962059003861896e+03
1.212123747555779573e+03
1.223068401276454324e+03
1.232226724942509691e+03
1.252797901705530421e+03
1.260939078857202276e+03
1.273660309694690795e+03
1.289481418061290469e+03
1.295218724249817569e+03
1.295217295974110129e+03
1.307144804093349421e+03
1.309106978726789066e+03
1.316781765315713756e+03
1.318258724362709700e+03
1.331165561068516581e+03
1.335469792684275944e+03
1.343652607210046881e+03
1.364608563645109143e+03
1.359036770839099518e+03
1.362178527498654148e+03
1.379289226608623267e+03
1.397960104225550822e+03
1.399219703486302706e+03
1.406361264664881446e+03
1.379741694323374531e+03
1.367987127986256382e+03
1.373411576389404672e+03
1.402007429946314460e+03
1.414731764835323247e+03
1.414785743534260746e+03
1.421088462774065874e+03
1.411602924925732623e+03
1.403923234953171914e+03
1.406182316642512433e+03
1.415758610032927209e+03
1.432614268938366195e+03
1.418433674834381918e+03
1.427787541633264027e+03
1.430300383228867759e+03
1.437522818154188599e+03
1.442381518795289139e+03
1.419028067999766790e+03
1.423571943045939634e+03
1.421922800624522552e+03
1.434660017371018967e+03
1.441745457007364394e+03
1.446514875332010206e+03
1.431437686719114481e+03
1.408563235606579610e+03
1.406147036165471945e+03
1.413145086894804081e+03
1.423485720107397356e+03
1.439475034089777409e+03
1.427174644629814793e+03
1.428153196316985031e+03
1.428360411110810219e+03
1.434086877013580761e+03
1.425908845758303414e+03
1.415622130622178702e+03
1.438207103956964829e+03
1.449439500943785561e+03
1.455903303120083365e+03
1.474715639969503627e+03
1.485896706345936082e+03
1.500666596239978617e+03
1.499010916041531800e+03
1.511955519667197905e+03
1.509550941596688290e+03
1.517758927458897006e+03
1.544206651320787159e+03
1.569038255565487589e+03
1.576527962200143065e+03
1.593773919511602116e+03
1.618194084312996893e+03
1.655426983482823971e+03
1.658914563366595303e+03
1.678141139358102237e+03
1.708711236129520103e+03
1.715730646214615263e+03
1.744051223884906449e+03
1.768989066610572081e+03
1.799148304158168003e+03
1.805076461123250965e+03
1.838901595722670208e+03
1.846667780116301174e+03
1.877356135447940233e+03
1.899820754797347945e+03
1.899086714133899704e+03
1.924966283077564412e+03
1.914251700683508716e+03
1.939860770042536842e+03
1.954204311219974443e+03
1.957002241119744212e+03
1.974204343524188062e+03
1.999655823176047761e+03
2.009221479341442773e+03
2.043272135519659514e+03
2.056131286709549386e+03
2.096142219969899543e+03
2.085568037889147490e+03
2.086681303018945982e+03
2.087575860953366828e+03
2.085181665247637284e+03
2.043610389861974454e+03
2.064810250835735133e+03
2.078984937837725738e+03
2.074841048641659654e+03
2.047352634605424555e+03
2.048338225634366154e+03
2.037188845771532897e+03
2.006190666017484091e+03
2.039212672883996902e+03
2.068632991579042937e+03
2.077525390296021214e+03
2.069495602031793169e+03
2.077107514850219104e+03
2.086829121583087726e+03
2.081369082569113289e+03
2.092450684009223551e+03
2.081015474210668344e+03
2.078859094149749581e+03
2.092656379925300826e+03
2.091681299414086880e+03
2.106336352381080815e+03
2.102742814181694484e+03
2.124214171385193367e+03
2.141583096884182396e+03
2.161250726595575088e+03
2.135821383910281384e+03
2.132309969768291921e+03
2.151479148080054983e+03
2.187276369911739948e+03
2.185414067238820735e+03
2.190056025601529200e+03
2.225003016264749022e+03
2.261167077516810878e+03
2.275327926643021328e+03
2.237464509299548808e+03
2.256597340839890421e+03
2.251595070306183516e+03
2.262520340606495211e+03
2.238529359876026774e+03
2.260069491661416578e+03
2.279471476518498093e+03
2.249554239993525243e+03
2.221370749464775599e+03
2.213993507763262187e+03
2.224819781958468411e+03
2.225219736693453342e+03
2.250499760016546134e+03
2.248817240055700040e+03
2.246205524805474397e+03
2.275006085932278438e+03
2.258952636655266815e+03
2.256871697690311521e+03
2.287688239562977287e+03
2.290416567327441953e+03
2.271654177492378949e+03
2.269760579484070604e+03
2.290985300037095385e+03
2.276977491711579660e+03
2.308633637481512324e+03
2.313919609024470901e+03
2.331464941087059742e+03
2.340139558435862909e+03
2.342923004667789428e+03
2.354758957019872014e+03
2.351887639542766465e+03
2.337759677976058811e+03
2.325224244200531302e+03
2.335592395220453454e+03
2.357024275142418446e+03
2.382222681828428449e+03
2.372572382431655569e+03
2.428095251867530806e+03
2.444444386790577482e+03
2.471962651687826565e+03
2.484480843446665858e+03
2.524773810376897472e+03
2.519117336997094753e+03
2.523382519197205056e+03
2.526972955745627587e+03
2.558867711199764472e+03
2.573962421058718519e+03
2.578170557153638129e+03
2.485108455965953453e+03
2.483542769845591920e+03
2.483912490694096505e+03
2.478534198399596335e+03
2.483263759001714334e+03
2.520877263821384076e+03
2.542255365831202198e+03
2.530724028113586428e+03
2.534081824515449171e+03
2.536040076634300021e+03
2.563454380129343917e+03
2.560383662191488838e+03
2.534969240207029088e+03
2.549441342531127248e+03
2.513719707079838372e+03
2.526919811981265411e+03
2.525334814081101285e+03
2.522098097851273906e+03
2.540978804306555958e+03
2.553701806364208096e+03
2.555233637032090883e+03
2.535608892533070048e+03
2.552587444569239779e+03
2.544712811842054180e+03
2.565653733824535266e+03
2.552533790292773119e+03
2.551681839218019832e+03
2.519924405326200485e+03
2.494956188964723424e+03
2.450847666681559531e+03
2.465364111748951927e+03
2.482446610067577240e+03
2.472825425569852996e+03
2.514815685783617482e+03
2.529936647506569443e+03
2.529252652423826021e+03
2.537806719559048815e+03
2.536432916507596929e+03
2.546028132735208601e+03
2.573631317257945739e+03
2.644433279600873448e+03
2.644778449998244923e+03
2.681047131324182828e+03
2.695665273605675338e+03
2.702520784805572475e+03
2.651832192614915130e+03
2.629717545594859530e+03
2.628093910657017659e+03
2.645437683265699434e+03
2.656167741444267904e+03
2.665084560152896302e+03
2.663290446065639117e+03
2.675944599732285042e+03
2.662017011200306570e+03
2.660112375040942425e+03
2.690810919516276499e+03
2.688348372681328328e+03
2.681555165222483538e+03
2.687720718758024759e+03
2.684289929248820044e+03
2.691935948719017688e+03
2.678070744679317158e+03
2.697110110281503239e+03
2.703936544714821139e+03
2.708175142589779625e+03
2.702175849690740506e+03
2.717337878393456776e+03
2.716656086703994788e+03
2.726804563005553973e+03
2.754845130900796448e+03
2.780351434535622957e+03
2.772174740009496418e+03
2.803688897112952418e+03
2.786778174686940019e+03
2.787329404475485717e+03
2.787865113042376834e+03
2.781394049569246818e+03
2.781733691412462122e+03
2.763502185761617056e+03
2.769150958327302305e+03
2.763313354054043430e+03
2.791543882171522000e+03
2.794802840833996925e+03
2.787281937431811457e+03
2.780574081904766444e+03
2.792893334985276852e+03
2.791628942897684283e+03
2.787683069237948075e+03
2.822187015938784043e+03
2.854755537743037166e+03
2.865114630958853922e+03
2.869316986106879995e+03
2.885823927086429194e+03
2.895273213725152345e+03
2.900869993262585012e+03
2.901091880827266323e+03
2.891385306302332992e+03
2.892992474736523945e+03
2.905740366841934247e+03
2.907318020919731225e+03
2.909650520286455958e+03
2.896596175035587294e+03
2.903780594768804804e+03
2.876634689810016880e+03
2.868404894432144829e+03
2.867677057521450934e+03
2.882056688293457682e+03
2.885547591553934126e+03
2.886749989598948105e+03
2.899594410727368540e+03
2.868681289993861355e+03
2.853662706666113991e+03
2.847405558929579456e+03
2.846324789990013414e+03
2.848004078151276190e+03
2.873075029579250895e+03
2.877698943431925272e+03
2.871317130988255485e+03
2.865104157403677618e+03
2.843440875389565463e+03
2.829324638628502726e+03
2.848840551479394890e+03
2.838427003126185355e+03
2.836300838714753809e+03
2.821754120562879052e+03
2.821020168941765405e+03
2.825445572424752299e+03
2.822186379593511901e+03
2.803235433415619354e+03
2.808158511252584503e+03
2.791922418521607142e+03
2.771151173530852702e+03
2.795941983220020120e+03
2.741524035390740210e+03
2.726002438903394705e+03
2.728216288097688903e+03
2.730310691134061926e+03
2.717784661150914417e+03
2.717011736660401311e+03
2.737776064718723774e+03
2.735843123262628978e+03
2.705499795459913457e+03
2.707400776202362977e+03
2.714625168044959992e+03
2.721028282171300361e+03
2.712975314341984358e+03
2.707548269410554894e+03
2.708190521447173523e+03
2.698341460778469354e+03
2.689459578132177739e+03
2.706218307164934231e+03
2.702501675136565609e+03
2.709690768822882546e+03
2.723262695102951966e+03
2.680262110855933315e+03
2.656425330935029706e+03
2.649627606329594983e+03
2.606470732673052225e+03
2.646361143963272752e+03
2.637872911488073441e+03
2.640377456310329762e+03
2.615991575155179817e+03
2.627855236222445455e+03
2.595249721623167716e+03
2.589810057496429181e+03
2.596501999434143272e+03
2.557000052666823194e+03
2.551087373412705347e+03
2.557753057858129978e+03
2.572447524525379777e+03
2.557355863125775159e+03
2.555296486423172610e+03
2.538617075038521762e+03
2.538739143296133079e+03
2.536301339446047223e+03
2.534563557293855411e+03
2.517513947140580058e+03
2.490925830549161674e+03
2.498994547069799864e+03
2.527968195553455644e+03
2.527813882098952035e+03
2.530190601810684711e+03
2.521589508748660137e+03
2.494033388688958439e+03
2.496768982579987551e+03
2.479977228396057399e+03
2.475622974235711808e+03
2.507140687867373344e+03
2.495957799443487602e+03
2.459733279480624333e+03
2.452821023831422735e+03
2.472451231337317950e+03
2.502971775287232958e+03
2.505732880252782252e+03
2.530301256109351925e+03
2.507466924352760088e+03
2.499182913255488984e+03
2.483996905037151919e+03
2.501456376132740843e+03
2.491349073764702098e+03
2.512404190887727509e+03
2.501796274261050712e+03
2.500130640182681873e+03
2.509218839977927018e+03
2.517994409054148036e+03
2.483144066172451858e+03
2.463495744542964985e+03
2.455943207057415748e+03
2.456504386930044802e+03
2.476426054644569831e+03
2.441440093713444185e+03
2.404241637317984441e+03
2.405604957349484721e+03
2.393834236544638316e+03
2.402450369440401118e+03
2.375318370039055480e+03
2.381894380955068755e+03
2.377673250026335609e+03
2.376785157461608833e+03
2.374744890221753849e+03
2.371849885744442417e+03
2.370569996237860778e+03
2.370052029116497579e+03
2.340844965375403717e+03
2.354953785596880152e+03
2.360537539398429999e+03
2.365963765004466495e+03
2.367075832210069166e+03
2.348846556186952967e+03
2.362885973644034493e+03
2.366430711693406010e+03
2.382162480915792003e+03
2.381287569654957224e+03
2.381289331901303285e+03
2.366103963892558113e+03
2.368185440658920015e+03
2.391447069757931331e+03
2.363481459441569768e+03
2.367910243340966190e+03
2.370868786181477844e+03
2.398205335721343090e+03
2.416725031177925302e+03
2.412814674560274398e+03
2.420283124968451830e+03
2.439431113495066256e+03
2.455272979652443155e+03
2.434637396767504470e+03
2.463697419919166350e+03
2.473843238300832127e+03
2.495084443553822894e+03
2.490607586408501447e+03
2.491116002667920384e+03
2.521018353011317686e+03
2.521019342587111169e+03
2.523722298630262685e+03
2.511673174974001995e+03
2.525019436203003806e+03
2.510366191865322889e+03
2.532618220421406022e+03
2.539282053128642929e+03
2.511930389354860381e+03
2.548380367999207920e+03
2.560289018370862323e+03
2.551756771326971830e+03
2.523992796436440130e+03
2.506271891305395911e+03
2.508170944345156386e+03
2.526059297198033164e+03
2.513513146505157692e+03
2.519951276586788481e+03
2.520030802117206349e+03
2.539758279726298497e+03
2.547836960204123898e+03
2.550949810069941577e+03
2.536850316183553332e+03
2.585559747749157395e+03
2.556004242383573910e+03
2.574460346062101507e+03
2.569548927321314295e+03
2.544857805906722660e+03
2.549330006959005459e+03
2.549556970144574734e+03
2.558430376694828738e+03
2.546232920640819430e+03
2.571387285343801523e+03
2.575083406488482979e+03
2.584388655909501722e+03
2.562479152089009858e+03
2.571272906524890459e+03
2.538751912504755182e+03
2.509875896292690413e+03
2.501920426165447225e+03
2.507127783908538277e+03
2.527473262447970228e+03
2.513590569243167920e+03
2.498964429332991585e+03
2.434002924260304553e+03
2.408921314018046360e+03
2.402455490582687162e+03
2.409373299668521213e+03
2.418793761704397184e+03
2.449992113912506738e+03
2.427074170580590362e+03
2.413102627876900897e+03
2.434317337958484586e+03
2.433683112450422414e+03
2.410268064411437535e+03
2.391735431484282344e+03
2.409400904743026331e+03
2.409316997198832269e+03
2.406500427170098646e+03
2.395332614449677749e+03
2.398741252877986426e+03
2.377219648966084151e+03
2.383081214163093591e+03
2.378655951265087879e+03
2.365100507507683687e+03
2.337657189397664752e+03
2.338881895248159253e+03
2.305864138707198890e+03
2.302257812169229055e+03
2.319144675318056670e+03
2.320411617252789711e+03
2.324588603116758350e+03
2.341373717914772442e+03
2.320472827287966538e+03
2.342558192134020373e+03
2.351316219743972397e+03
2.358023850704624692e+03
2.371957547296033226e+03
2.402176706292265862e+03
2.403132671934924929e+03
2.415513091873347093e+03
2.456115133718868492e+03
2.508359907053216375e+03
2.507634919454939791e+03
2.510571078129547914e+03
2.494682358821996786e+03
2.484080089978313936e+03
2.501441385458584136e+03
2.510497470003951094e+03
2.534115981767872654e+03
2.530052801030868068e+03
2.529512815005793527e+03
2.561779492368247702e+03
2.530098860766357575e+03
2.498530512770844325e+03
2.482389940156442663e+03
2.504992363024211500e+03
2.522062959530576791e+03
2.516741131369329651e+03
2.522927226320273348e+03
2.513442998379236542e+03
2.520016359989442208e+03
2.505814649556255517e+03
2.535624268112399477e+03
2.525719983605972175e+03
2.535345239379737905e+03
2.512330551329568152e+03
2.527715982787952726e+03
2.526946889730197199e+03
2.524265721732038401e+03
2.541770424624911357e+03
2.561450241815386562e+03
2.604701068528355790e+03
2.588235042211419568e+03
2.558623580615765604e+03
2.522865311179390119e+03
2.509605185658223036e+03
2.493812440622530630e+03
2.502453655327165507e+03
2.492176306269321685e+03
2.499768197427996256e+03
2.490958799207770426e+03
2.518689793217371516e+03
2.518506980009659401e+03
2.530576282183674721e+03
2.525904242999208691e+03
2.530340954900199904e+03
2.532857373655883293e+03
2.509123031497842476e+03
2.509035661612842432e+03
2.526515573635987039e+03
2.541088878038176063e+03
2.569043886440728329e+03
2.577231733950132821e+03
2.613857952984305030e+03
2.578481714391488367e+03
2.580964299784199284e+03
2.585307612308714397e+03
2.613101332552304029e+03
2.612458639137673345e+03
2.621259831435569140e+03
2.636093827285088537e+03
2.637045658063053452e+03
2.639074917205884503e+03
2.649096027745306401e+03
2.683588723494789974e+03
2.691908597595991978e+03
2.712737702123047256e+03
2.720772565462787952e+03
2.713695661597650542e+03
2.698288499744690398e+03
2.670301350324294617e+03
2.666952412489205472e+03
2.672307565414907913e+03
2.653521947064236883e+03
