2.047000000000000000e+03
4.096000000000000000e+03
6.115000000000000000e+03
8.175000000000000000e+03
1.022600000000000000e+04
1.226000000000000000e+04
1.433000000000000000e+04
1.635600000000000000e+04
1.839300000000000000e+04
2.042700000000000000e+04
2.250500000000000000e+04
2.451100000000000000e+04
2.657400000000000000e+04
2.866700000000000000e+04
3.070800000000000000e+04
3.276500000000000000e+04
3.475300000000000000e+04
3.680400000000000000e+04
3.887900000000000000e+04
4.091200000000000000e+04
4.299700000000000000e+04
4.497300000000000000e+04
4.704400000000000000e+04
4.912900000000000000e+04
5.115100000000000000e+04
5.320500000000000000e+04
5.522800000000000000e+04
5.733200000000000000e+04
5.939100000000000000e+04
6.139200000000000000e+04
6.347100000000000000e+04
6.551400000000000000e+04
6.752700000000000000e+04
6.957500000000000000e+04
7.163700000000000000e+04
7.368400000000000000e+04
7.573500000000000000e+04
7.776800000000000000e+04
7.982300000000000000e+04
8.190800000000000000e+04
8.389200000000000000e+04
8.599300000000000000e+04
8.802900000000000000e+04
9.001800000000000000e+04
9.216000000000000000e+04
9.419500000000000000e+04
9.620100000000000000e+04
9.821200000000000000e+04
1.003030000000000000e+05
1.023260000000000000e+05
1.043580000000000000e+05
1.064680000000000000e+05
1.085230000000000000e+05
1.105660000000000000e+05
1.125470000000000000e+05
1.146220000000000000e+05
1.166920000000000000e+05
1.187490000000000000e+05
1.207450000000000000e+05
1.228110000000000000e+05
1.248690000000000000e+05
1.269460000000000000e+05
1.289860000000000000e+05
1.310430000000000000e+05
1.330500000000000000e+05
1.351160000000000000e+05
1.371660000000000000e+05
1.392290000000000000e+05
1.412320000000000000e+05
1.433450000000000000e+05
1.453740000000000000e+05
1.474500000000000000e+05
1.494910000000000000e+05
1.515280000000000000e+05
1.535130000000000000e+05
1.555550000000000000e+05
1.576510000000000000e+05
1.597320000000000000e+05
1.617650000000000000e+05
1.638390000000000000e+05
1.658140000000000000e+05
1.678670000000000000e+05
1.699760000000000000e+05
1.719790000000000000e+05
1.740150000000000000e+05
1.760810000000000000e+05
1.781250000000000000e+05
1.802000000000000000e+05
1.821740000000000000e+05
1.842960000000000000e+05
1.863470000000000000e+05
1.883880000000000000e+05
1.904070000000000000e+05
1.924800000000000000e+05
1.944930000000000000e+05
1.965810000000000000e+05
1.985870000000000000e+05
2.006970000000000000e+05
2.027200000000000000e+05
2.047750000000000000e+05
2.067910000000000000e+05
2.087930000000000000e+05
2.108900000000000000e+05
2.129430000000000000e+05
2.150020000000000000e+05
2.170220000000000000e+05
2.190840000000000000e+05
2.210920000000000000e+05
2.232000000000000000e+05
2.252300000000000000e+05
2.272920000000000000e+05
2.292930000000000000e+05
2.313430000000000000e+05
2.334430000000000000e+05
2.354680000000000000e+05
2.375310000000000000e+05
2.396000000000000000e+05
2.416100000000000000e+05
2.436490000000000000e+05
2.456570000000000000e+05
2.476550000000000000e+05
2.497940000000000000e+05
2.518200000000000000e+05
2.538960000000000000e+05
2.559530000000000000e+05
2.580390000000000000e+05
2.600250000000000000e+05
2.621020000000000000e+05
2.641050000000000000e+05
2.661550000000000000e+05
2.682730000000000000e+05
2.703070000000000000e+05
2.723360000000000000e+05
2.743890000000000000e+05
2.764560000000000000e+05
2.784590000000000000e+05
2.804890000000000000e+05
2.825620000000000000e+05
2.846170000000000000e+05
2.866510000000000000e+05
2.886690000000000000e+05
2.907610000000000000e+05
2.928630000000000000e+05
2.948580000000000000e+05
2.968800000000000000e+05
2.989330000000000000e+05
3.009650000000000000e+05
3.030280000000000000e+05
3.051390000000000000e+05
3.071350000000000000e+05
3.092300000000000000e+05
3.111810000000000000e+05
3.133380000000000000e+05
3.153860000000000000e+05
3.173580000000000000e+05
3.194370000000000000e+05
3.214650000000000000e+05
3.235760000000000000e+05
3.256070000000000000e+05
3.276330000000000000e+05
3.296780000000000000e+05
3.317610000000000000e+05
3.338100000000000000e+05
3.357420000000000000e+05
3.377680000000000000e+05
3.399000000000000000e+05
3.419350000000000000e+05
3.440630000000000000e+05
3.460540000000000000e+05
3.481110000000000000e+05
3.501930000000000000e+05
3.522360000000000000e+05
3.542700000000000000e+05
3.563470000000000000e+05
3.583450000000000000e+05
3.603540000000000000e+05
3.623930000000000000e+05
3.644720000000000000e+05
3.665520000000000000e+05
3.686290000000000000e+05
3.706120000000000000e+05
3.727020000000000000e+05
3.746720000000000000e+05
3.767280000000000000e+05
3.788520000000000000e+05
3.808880000000000000e+05
3.829650000000000000e+05
3.849540000000000000e+05
3.869950000000000000e+05
3.890540000000000000e+05
3.911410000000000000e+05
3.931390000000000000e+05
3.951880000000000000e+05
3.972680000000000000e+05
3.992520000000000000e+05
4.013000000000000000e+05
4.033900000000000000e+05
4.054490000000000000e+05
4.075390000000000000e+05
4.095370000000000000e+05
4.116170000000000000e+05
4.136220000000000000e+05
4.156460000000000000e+05
4.177170000000000000e+05
4.197610000000000000e+05
4.217900000000000000e+05
4.239270000000000000e+05
4.259640000000000000e+05
4.279780000000000000e+05
4.300410000000000000e+05
4.320350000000000000e+05
4.341200000000000000e+05
4.361180000000000000e+05
4.381820000000000000e+05
4.402950000000000000e+05
4.422940000000000000e+05
4.444010000000000000e+05
4.464530000000000000e+05
4.484600000000000000e+05
4.504860000000000000e+05
4.525070000000000000e+05
4.546020000000000000e+05
4.566930000000000000e+05
4.587410000000000000e+05
4.607050000000000000e+05
4.628480000000000000e+05
4.648710000000000000e+05
4.668640000000000000e+05
4.689790000000000000e+05
4.710140000000000000e+05
4.730160000000000000e+05
4.751120000000000000e+05
4.771370000000000000e+05
4.792290000000000000e+05
4.812200000000000000e+05
4.832770000000000000e+05
4.853470000000000000e+05
4.873460000000000000e+05
4.893900000000000000e+05
4.914350000000000000e+05
4.934910000000000000e+05
4.956090000000000000e+05
4.976480000000000000e+05
4.996310000000000000e+05
5.016910000000000000e+05
5.037630000000000000e+05
5.058210000000000000e+05
5.078450000000000000e+05
5.098680000000000000e+05
5.119840000000000000e+05
5.140290000000000000e+05
5.160520000000000000e+05
5.181020000000000000e+05
5.201350000000000000e+05
5.222400000000000000e+05
5.242360000000000000e+05
5.262320000000000000e+05
5.283770000000000000e+05
5.304150000000000000e+05
5.323540000000000000e+05
5.344760000000000000e+05
5.364420000000000000e+05
5.385650000000000000e+05
5.405920000000000000e+05
5.426710000000000000e+05
5.447430000000000000e+05
5.467000000000000000e+05
5.487960000000000000e+05
5.508990000000000000e+05
5.528730000000000000e+05
5.549060000000000000e+05
5.570020000000000000e+05
5.590950000000000000e+05
5.611380000000000000e+05
5.631660000000000000e+05
5.652300000000000000e+05
5.671980000000000000e+05
5.692580000000000000e+05
5.713740000000000000e+05
5.734000000000000000e+05
5.754390000000000000e+05
5.774740000000000000e+05
5.795030000000000000e+05
5.816090000000000000e+05
5.836630000000000000e+05
5.857170000000000000e+05
5.876850000000000000e+05
5.897800000000000000e+05
5.917280000000000000e+05
5.938390000000000000e+05
5.959180000000000000e+05
5.980030000000000000e+05
6.000140000000000000e+05
6.020010000000000000e+05
6.040900000000000000e+05
6.060900000000000000e+05
6.081740000000000000e+05
6.103040000000000000e+05
6.123270000000000000e+05
6.142980000000000000e+05
6.163990000000000000e+05
6.184800000000000000e+05
6.204540000000000000e+05
6.225020000000000000e+05
6.246060000000000000e+05
6.266590000000000000e+05
6.286970000000000000e+05
6.307200000000000000e+05
6.326950000000000000e+05
6.348730000000000000e+05
6.369110000000000000e+05
6.388600000000000000e+05
6.409440000000000000e+05
6.430140000000000000e+05
6.449720000000000000e+05
6.471040000000000000e+05
6.491520000000000000e+05
6.511970000000000000e+05
6.531970000000000000e+05
6.552660000000000000e+05
6.572930000000000000e+05
6.593620000000000000e+05
6.614460000000000000e+05
6.634890000000000000e+05
6.655990000000000000e+05
6.675760000000000000e+05
6.696220000000000000e+05
6.716320000000000000e+05
6.736980000000000000e+05
6.757290000000000000e+05
6.777860000000000000e+05
6.798280000000000000e+05
6.819050000000000000e+05
6.839430000000000000e+05
6.860440000000000000e+05
6.879580000000000000e+05
6.901130000000000000e+05
6.921750000000000000e+05
6.941780000000000000e+05
6.962690000000000000e+05
6.983190000000000000e+05
7.003110000000000000e+05
7.023710000000000000e+05
7.044060000000000000e+05
7.065070000000000000e+05
7.085960000000000000e+05
7.105900000000000000e+05
7.126950000000000000e+05
7.146290000000000000e+05
7.167650000000000000e+05
7.187490000000000000e+05
7.208960000000000000e+05
7.228540000000000000e+05
7.249780000000000000e+05
7.269540000000000000e+05
7.290650000000000000e+05
7.310700000000000000e+05
7.330070000000000000e+05
7.351240000000000000e+05
7.372500000000000000e+05
7.392310000000000000e+05
7.412280000000000000e+05
7.434110000000000000e+05
7.453950000000000000e+05
7.474100000000000000e+05
7.495460000000000000e+05
7.515740000000000000e+05
7.534910000000000000e+05
7.555800000000000000e+05
7.577250000000000000e+05
7.597500000000000000e+05
7.617440000000000000e+05
7.638300000000000000e+05
7.658630000000000000e+05
7.678840000000000000e+05
7.699170000000000000e+05
7.720500000000000000e+05
7.740250000000000000e+05
7.761840000000000000e+05
7.781970000000000000e+05
7.801800000000000000e+05
7.822160000000000000e+05
7.843240000000000000e+05
7.863850000000000000e+05
7.883960000000000000e+05
7.904750000000000000e+05
7.925000000000000000e+05
7.945310000000000000e+05
7.966190000000000000e+05
7.986090000000000000e+05
8.006620000000000000e+05
8.027980000000000000e+05
8.048630000000000000e+05
8.068830000000000000e+05
8.089390000000000000e+05
8.108920000000000000e+05
8.130420000000000000e+05
8.149920000000000000e+05
8.171470000000000000e+05
8.190690000000000000e+05
8.210860000000000000e+05
8.232160000000000000e+05
8.252220000000000000e+05
8.272600000000000000e+05
8.293750000000000000e+05
8.314180000000000000e+05
8.335180000000000000e+05
8.355660000000000000e+05
8.376290000000000000e+05
8.395920000000000000e+05
8.416370000000000000e+05
8.437140000000000000e+05
8.457280000000000000e+05
8.478440000000000000e+05
8.498120000000000000e+05
8.519220000000000000e+05
8.539390000000000000e+05
8.559040000000000000e+05
8.580970000000000000e+05
8.600960000000000000e+05
8.621280000000000000e+05
8.642180000000000000e+05
8.661880000000000000e+05
8.681210000000000000e+05
8.703270000000000000e+05
8.723540000000000000e+05
8.743190000000000000e+05
8.765320000000000000e+05
8.783990000000000000e+05
8.806030000000000000e+05
8.826070000000000000e+05
8.846920000000000000e+05
8.867050000000000000e+05
8.888170000000000000e+05
8.907730000000000000e+05
8.928210000000000000e+05
8.947630000000000000e+05
8.969660000000000000e+05
8.989810000000000000e+05
9.010110000000000000e+05
9.030350000000000000e+05
9.051660000000000000e+05
9.071550000000000000e+05
9.091970000000000000e+05
9.112580000000000000e+05
9.133640000000000000e+05
9.153990000000000000e+05
9.173600000000000000e+05
9.195520000000000000e+05
9.214630000000000000e+05
9.235950000000000000e+05
9.255680000000000000e+05
9.276410000000000000e+05
9.296880000000000000e+05
9.318000000000000000e+05
9.337920000000000000e+05
9.358020000000000000e+05
9.378350000000000000e+05
9.399540000000000000e+05
9.420690000000000000e+05
9.440940000000000000e+05
9.460470000000000000e+05
9.482180000000000000e+05
9.502130000000000000e+05
9.521930000000000000e+05
9.543250000000000000e+05
9.563060000000000000e+05
9.583840000000000000e+05
9.603180000000000000e+05
9.624390000000000000e+05
9.645630000000000000e+05
9.666520000000000000e+05
9.686540000000000000e+05
9.707220000000000000e+05
9.727090000000000000e+05
9.748120000000000000e+05
9.767900000000000000e+05
9.788610000000000000e+05
9.809830000000000000e+05
9.829170000000000000e+05
9.849400000000000000e+05
9.870720000000000000e+05
9.891750000000000000e+05
9.910930000000000000e+05
9.931460000000000000e+05
9.953070000000000000e+05
9.972540000000000000e+05
9.994080000000000000e+05
1.001316000000000000e+06
1.003421000000000000e+06
1.005489000000000000e+06
1.007600000000000000e+06
1.009656000000000000e+06
1.011600000000000000e+06
1.013700000000000000e+06
1.015774000000000000e+06
1.017756000000000000e+06
1.019799000000000000e+06
1.021879000000000000e+06
1.023970000000000000e+06
1.025947000000000000e+06
1.027950000000000000e+06
1.030137000000000000e+06
1.032086000000000000e+06
1.034153000000000000e+06
1.036169000000000000e+06
1.038226000000000000e+06
1.040362000000000000e+06
1.042327000000000000e+06
1.044418000000000000e+06
1.046495000000000000e+06
1.048566000000000000e+06
1.050488000000000000e+06
1.052654000000000000e+06
1.054617000000000000e+06
1.056634000000000000e+06
1.058758000000000000e+06
1.060860000000000000e+06
1.062823000000000000e+06
1.064866000000000000e+06
1.066852000000000000e+06
1.068801000000000000e+06
1.071069000000000000e+06
1.073064000000000000e+06
1.075121000000000000e+06
1.077198000000000000e+06
1.079129000000000000e+06
1.081311000000000000e+06
1.083273000000000000e+06
1.085432000000000000e+06
1.087470000000000000e+06
1.089414000000000000e+06
1.091499000000000000e+06
1.093544000000000000e+06
1.095581000000000000e+06
1.097600000000000000e+06
1.099651000000000000e+06
1.101740000000000000e+06
1.103770000000000000e+06
1.105798000000000000e+06
1.107850000000000000e+06
1.109927000000000000e+06
1.111932000000000000e+06
1.114003000000000000e+06
1.116115000000000000e+06
1.118183000000000000e+06
1.120203000000000000e+06
1.122304000000000000e+06
1.124317000000000000e+06
1.126246000000000000e+06
1.128404000000000000e+06
1.130421000000000000e+06
1.132491000000000000e+06
1.134475000000000000e+06
1.136587000000000000e+06
1.138636000000000000e+06
1.140688000000000000e+06
1.142758000000000000e+06
1.144715000000000000e+06
1.146639000000000000e+06
1.148832000000000000e+06
1.150778000000000000e+06
1.152978000000000000e+06
1.154979000000000000e+06
1.156895000000000000e+06
1.159141000000000000e+06
1.161103000000000000e+06
1.163221000000000000e+06
1.165187000000000000e+06
1.167347000000000000e+06
1.169372000000000000e+06
1.171338000000000000e+06
1.173376000000000000e+06
1.175400000000000000e+06
1.177474000000000000e+06
1.179504000000000000e+06
1.181543000000000000e+06
1.183712000000000000e+06
1.185666000000000000e+06
1.187798000000000000e+06
1.189757000000000000e+06
1.191869000000000000e+06
1.193906000000000000e+06
1.195972000000000000e+06
1.198057000000000000e+06
1.200049000000000000e+06
1.202100000000000000e+06
1.204219000000000000e+06
1.206155000000000000e+06
1.208244000000000000e+06
1.210145000000000000e+06
1.212416000000000000e+06
1.214377000000000000e+06
1.216366000000000000e+06
1.218494000000000000e+06
1.220448000000000000e+06
1.222515000000000000e+06
1.224648000000000000e+06
1.226665000000000000e+06
1.228706000000000000e+06
1.230754000000000000e+06
1.232891000000000000e+06
1.234807000000000000e+06
1.236892000000000000e+06
1.238905000000000000e+06
1.240950000000000000e+06
1.243081000000000000e+06
1.245123000000000000e+06
1.247196000000000000e+06
1.249214000000000000e+06
1.251200000000000000e+06
1.253293000000000000e+06
1.255276000000000000e+06
1.257393000000000000e+06
1.259480000000000000e+06
1.261445000000000000e+06
1.263614000000000000e+06
1.265488000000000000e+06
1.267600000000000000e+06
1.269611000000000000e+06
1.271690000000000000e+06
1.273835000000000000e+06
1.275762000000000000e+06
1.277907000000000000e+06
1.279829000000000000e+06
1.281868000000000000e+06
1.284061000000000000e+06
1.286056000000000000e+06
1.288146000000000000e+06
1.290079000000000000e+06
1.292210000000000000e+06
1.294315000000000000e+06
1.296328000000000000e+06
1.298399000000000000e+06
1.300376000000000000e+06
1.302432000000000000e+06
1.304530000000000000e+06
1.306457000000000000e+06
1.308535000000000000e+06
1.310572000000000000e+06
1.312755000000000000e+06
1.314809000000000000e+06
1.316828000000000000e+06
1.318768000000000000e+06
1.320909000000000000e+06
1.322969000000000000e+06
1.324929000000000000e+06
1.327092000000000000e+06
1.329054000000000000e+06
1.331029000000000000e+06
1.333243000000000000e+06
1.335206000000000000e+06
1.337318000000000000e+06
1.339376000000000000e+06
1.341357000000000000e+06
1.343463000000000000e+06
1.345425000000000000e+06
1.347268000000000000e+06
1.349618000000000000e+06
1.351516000000000000e+06
1.353590000000000000e+06
1.355647000000000000e+06
1.357725000000000000e+06
1.359753000000000000e+06
1.361827000000000000e+06
1.363942000000000000e+06
1.365978000000000000e+06
1.368031000000000000e+06
1.369952000000000000e+06
1.372137000000000000e+06
1.374070000000000000e+06
1.376114000000000000e+06
1.378199000000000000e+06
1.380294000000000000e+06
1.382386000000000000e+06
1.384255000000000000e+06
1.386432000000000000e+06
1.388381000000000000e+06
1.390459000000000000e+06
1.392541000000000000e+06
1.394635000000000000e+06
1.396569000000000000e+06
1.398596000000000000e+06
1.400658000000000000e+06
1.402800000000000000e+06
1.404873000000000000e+06
1.406944000000000000e+06
1.408934000000000000e+06
1.411047000000000000e+06
1.413030000000000000e+06
1.414976000000000000e+06
1.417142000000000000e+06
1.419242000000000000e+06
1.421222000000000000e+06
1.423206000000000000e+06
1.425357000000000000e+06
1.427380000000000000e+06
1.429425000000000000e+06
1.431546000000000000e+06
1.433413000000000000e+06
1.435618000000000000e+06
1.437550000000000000e+06
1.439739000000000000e+06
1.441660000000000000e+06
1.443721000000000000e+06
1.445776000000000000e+06
1.447859000000000000e+06
1.449841000000000000e+06
1.451968000000000000e+06
1.453958000000000000e+06
1.455963000000000000e+06
1.458100000000000000e+06
1.460195000000000000e+06
1.462156000000000000e+06
1.464270000000000000e+06
1.466237000000000000e+06
1.468284000000000000e+06
1.470365000000000000e+06
1.472357000000000000e+06
1.474521000000000000e+06
1.476503000000000000e+06
1.478607000000000000e+06
1.480670000000000000e+06
1.482697000000000000e+06
1.484606000000000000e+06
1.486746000000000000e+06
1.488688000000000000e+06
1.490895000000000000e+06
1.492773000000000000e+06
1.494972000000000000e+06
1.496974000000000000e+06
1.499107000000000000e+06
1.501070000000000000e+06
1.503205000000000000e+06
1.505278000000000000e+06
1.507115000000000000e+06
1.509357000000000000e+06
1.511350000000000000e+06
1.513374000000000000e+06
1.515484000000000000e+06
1.517516000000000000e+06
1.519531000000000000e+06
1.521528000000000000e+06
1.523681000000000000e+06
1.525588000000000000e+06
1.527658000000000000e+06
1.529751000000000000e+06
1.531809000000000000e+06
1.533901000000000000e+06
1.535841000000000000e+06
1.537937000000000000e+06
1.540081000000000000e+06
1.542128000000000000e+06
1.544101000000000000e+06
1.546184000000000000e+06
1.548257000000000000e+06
1.550283000000000000e+06
1.552373000000000000e+06
1.554195000000000000e+06
1.556315000000000000e+06
1.558524000000000000e+06
1.560443000000000000e+06
1.562561000000000000e+06
1.564670000000000000e+06
1.566591000000000000e+06
1.568747000000000000e+06
1.570742000000000000e+06
1.572783000000000000e+06
1.574901000000000000e+06
1.576868000000000000e+06
1.578830000000000000e+06
1.580966000000000000e+06
1.583070000000000000e+06
1.584968000000000000e+06
1.587129000000000000e+06
1.589084000000000000e+06
1.591159000000000000e+06
1.593215000000000000e+06
1.595276000000000000e+06
1.597327000000000000e+06
1.599476000000000000e+06
1.601371000000000000e+06
1.603519000000000000e+06
1.605581000000000000e+06
1.607660000000000000e+06
1.609501000000000000e+06
1.611643000000000000e+06
1.613706000000000000e+06
1.615726000000000000e+06
1.617779000000000000e+06
1.619939000000000000e+06
1.621874000000000000e+06
1.623990000000000000e+06
1.626006000000000000e+06
1.628011000000000000e+06
1.630059000000000000e+06
1.632246000000000000e+06
1.634209000000000000e+06
1.636325000000000000e+06
1.638296000000000000e+06
1.640384000000000000e+06
1.642362000000000000e+06
1.644444000000000000e+06
1.646552000000000000e+06
1.648572000000000000e+06
1.650646000000000000e+06
1.652618000000000000e+06
1.654738000000000000e+06
1.656700000000000000e+06
1.658739000000000000e+06
1.660809000000000000e+06
1.662883000000000000e+06
1.664808000000000000e+06
1.666959000000000000e+06
1.669087000000000000e+06
1.671102000000000000e+06
1.673198000000000000e+06
1.675114000000000000e+06
1.677103000000000000e+06
1.679319000000000000e+06
1.681365000000000000e+06
1.683438000000000000e+06
1.685392000000000000e+06
1.687369000000000000e+06
1.689516000000000000e+06
1.691538000000000000e+06
1.693614000000000000e+06
1.695478000000000000e+06
1.697747000000000000e+06
1.699828000000000000e+06
1.701844000000000000e+06
1.703757000000000000e+06
1.705982000000000000e+06
1.707948000000000000e+06
1.710054000000000000e+06
1.711993000000000000e+06
1.714064000000000000e+06
1.716084000000000000e+06
1.718119000000000000e+06
1.720258000000000000e+06
1.722295000000000000e+06
1.724244000000000000e+06
1.726283000000000000e+06
1.728508000000000000e+06
1.730435000000000000e+06
1.732408000000000000e+06
1.734626000000000000e+06
1.736625000000000000e+06
1.738637000000000000e+06
1.740717000000000000e+06
1.742830000000000000e+06
1.744813000000000000e+06
1.746781000000000000e+06
1.748986000000000000e+06
1.751024000000000000e+06
1.752974000000000000e+06
1.755103000000000000e+06
1.757055000000000000e+06
1.759210000000000000e+06
1.761138000000000000e+06
1.763218000000000000e+06
1.765191000000000000e+06
1.767382000000000000e+06
1.769317000000000000e+06
1.771368000000000000e+06
1.773379000000000000e+06
1.775518000000000000e+06
1.777594000000000000e+06
1.779624000000000000e+06
1.781758000000000000e+06
1.783758000000000000e+06
1.785725000000000000e+06
1.787750000000000000e+06
1.789849000000000000e+06
1.791939000000000000e+06
1.793902000000000000e+06
1.796016000000000000e+06
1.798087000000000000e+06
1.800154000000000000e+06
1.802063000000000000e+06
1.804237000000000000e+06
1.806132000000000000e+06
1.808328000000000000e+06
1.810395000000000000e+06
1.812351000000000000e+06
1.814409000000000000e+06
1.816434000000000000e+06
1.818613000000000000e+06
1.820625000000000000e+06
1.822643000000000000e+06
1.824667000000000000e+06
1.826754000000000000e+06
1.828858000000000000e+06
1.830860000000000000e+06
1.832948000000000000e+06
1.834976000000000000e+06
1.837024000000000000e+06
1.838979000000000000e+06
1.841094000000000000e+06
1.843084000000000000e+06
1.845244000000000000e+06
1.847145000000000000e+06
1.849138000000000000e+06
1.851365000000000000e+06
1.853330000000000000e+06
1.855402000000000000e+06
1.857503000000000000e+06
1.859522000000000000e+06
1.861591000000000000e+06
1.863675000000000000e+06
1.865541000000000000e+06
1.867740000000000000e+06
1.869778000000000000e+06
1.871657000000000000e+06
1.873899000000000000e+06
1.875695000000000000e+06
1.877886000000000000e+06
1.879976000000000000e+06
1.882082000000000000e+06
1.884141000000000000e+06
1.886061000000000000e+06
1.888151000000000000e+06
1.889944000000000000e+06
1.892316000000000000e+06
1.894266000000000000e+06
1.896338000000000000e+06
1.898420000000000000e+06
1.900483000000000000e+06
1.902439000000000000e+06
1.904519000000000000e+06
1.906511000000000000e+06
1.908655000000000000e+06
1.910718000000000000e+06
1.912813000000000000e+06
1.914815000000000000e+06
1.916741000000000000e+06
1.918898000000000000e+06
1.920980000000000000e+06
1.922934000000000000e+06
1.924972000000000000e+06
1.926989000000000000e+06
1.928939000000000000e+06
1.931191000000000000e+06
1.933290000000000000e+06
1.935117000000000000e+06
1.937094000000000000e+06
1.939432000000000000e+06
1.941377000000000000e+06
1.943542000000000000e+06
1.945400000000000000e+06
1.947560000000000000e+06
1.949579000000000000e+06
1.951571000000000000e+06
1.953729000000000000e+06
1.955682000000000000e+06
1.957764000000000000e+06
1.959903000000000000e+06
1.961892000000000000e+06
1.963933000000000000e+06
1.965962000000000000e+06
1.967998000000000000e+06
1.969994000000000000e+06
1.971988000000000000e+06
1.974253000000000000e+06
1.976280000000000000e+06
1.978255000000000000e+06
1.980371000000000000e+06
1.982442000000000000e+06
1.984463000000000000e+06
1.986368000000000000e+06
1.988532000000000000e+06
1.990642000000000000e+06
1.992639000000000000e+06
1.994592000000000000e+06
1.996640000000000000e+06
1.998797000000000000e+06
2.000875000000000000e+06
