3.313322360370213104e+00
1.120863372609038322e+01
1.813224772784143468e+01
1.692547085927891715e+01
1.865269502716421357e+01
1.966613563486876615e+01
2.075717467350052203e+01
2.110458740245473663e+01
2.112518912589544584e+01
2.160903262028425686e+01
2.227438231149723435e+01
2.296289012639537930e+01
2.336159082001077891e+01
2.377078040965505679e+01
2.430088626451427203e+01
2.471382181005499490e+01
2.510682493732836562e+01
2.549994846254291403e+01
2.585816935663866900e+01
2.628525695739328327e+01
2.671979788290376590e+01
2.708961139170376242e+01
2.739287062774168291e+01
2.758933280141521394e+01
2.784725926818172326e+01
2.786484062147603780e+01
2.811559929338974939e+01
2.821000358603173197e+01
2.821797434597006315e+01
2.836368837493207451e+01
2.846357802244628843e+01
2.859432820341725900e+01
2.874860539911059476e+01
2.889071118325464127e+01
2.892995273826240776e+01
2.911057468595571862e+01
2.926476597187757633e+01
2.941880006615565435e+01
2.955541164644057517e+01
2.979617687246994606e+01
2.989692948909947035e+01
3.019275970254958708e+01
3.032483793779670123e+01
3.049138269311752936e+01
3.062224278174953085e+01
3.083006447723386501e+01
3.097869619434588273e+01
3.114890895325914499e+01
3.133091886219435196e+01
3.204337880016122853e+01
3.244472892674805564e+01
3.263488466326215587e+01
3.316103427028941297e+01
3.342123436884138954e+01
3.369974368799493902e+01
3.393896939960364989e+01
3.434690312301675164e+01
3.472404067359433100e+01
3.505417749378580083e+01
3.535852335902379906e+01
3.563688594557219602e+01
3.590227145012538301e+01
3.626677445754719287e+01
3.642406973736449771e+01
3.669363401445578177e+01
3.681561542247904839e+01
3.702097709148442561e+01
3.724063546551838755e+01
3.741613295897553826e+01
3.756261548260724936e+01
3.770774939004976289e+01
3.785731124991091434e+01
3.807716245670087574e+01
3.823494572687201298e+01
3.855366337179590630e+01
3.871013763909805050e+01
3.894951182387955413e+01
3.921925618574468331e+01
3.941959021269408225e+01
3.964097422715713037e+01
3.984214422081608831e+01
4.001215754135455427e+01
4.014641433119383862e+01
4.038419660480185769e+01
4.053459146775444566e+01
4.069379381250027450e+01
4.083629375874510004e+01
4.096710542238469088e+01
4.110731476951340824e+01
4.120528560226671289e+01
4.127881925155030274e+01
4.142041756355155258e+01
4.150552044788140904e+01
4.162564708403269975e+01
4.164612124039283003e+01
4.173197367631096455e+01
4.177051704289750944e+01
4.177644742259090549e+01
4.186757595701703139e+01
4.193935855296218307e+01
4.198836921683041368e+01
4.206429875580690947e+01
4.212730643463720526e+01
4.217828016322140883e+01
4.224325431477387838e+01
4.226189635012205770e+01
4.229469359516280491e+01
4.225282080715005861e+01
4.219702941200276314e+01
4.211677150168498684e+01
4.218105827539224606e+01
4.218939134050278028e+01
4.218279155794554924e+01
4.220396782018003989e+01
4.223933668844390610e+01
4.218240575396933423e+01
4.216160407642476571e+01
4.218251120354460681e+01
4.221748599815923342e+01
4.218389406697834687e+01
4.218498936225864782e+01
4.218842124513373193e+01
4.221829252463271587e+01
4.216564710003529370e+01
4.216518141378011109e+01
4.213678624868518341e+01
4.209189558674397347e+01
4.210220200144186720e+01
4.212428054405062738e+01
4.211690168194633088e+01
4.210718656506034563e+01
4.219443657017789207e+01
4.219511504203388341e+01
4.223640933002597819e+01
4.222241995952839488e+01
4.222818084461944466e+01
4.225786677337921304e+01
4.226250711728533105e+01
4.220418185522819954e+01
4.222947129467533500e+01
4.226303932310168676e+01
4.224019106742951379e+01
4.222219102967014948e+01
4.223763624758125701e+01
4.227502806085708187e+01
4.229124223782706338e+01
4.234586665523890758e+01
4.236688857597278712e+01
4.233341680905254378e+01
4.231200738439293474e+01
4.235271246906904707e+01
4.240788489456742383e+01
4.241332679568781572e+01
4.236750050656779365e+01
4.241425702682641941e+01
4.240209926335087687e+01
4.249448218140799582e+01
4.253651432769184737e+01
4.262844579650857924e+01
4.263351486470632778e+01
4.269835804029228399e+01
4.271302555732179229e+01
4.269152554809087974e+01
4.271659522698099920e+01
4.278686109905292057e+01
4.280966942925097385e+01
4.279791718476382556e+01
4.282015943476917386e+01
4.291707489936523245e+01
4.289552925889579171e+01
4.291229513625043523e+01
4.291379277027137817e+01
4.299413842343564340e+01
4.300343519371897827e+01
4.305890858024125833e+01
4.308811166438879781e+01
4.306411685572366821e+01
4.303966496134371766e+01
4.303830367824925673e+01
4.308364379911007802e+01
4.312492967145977474e+01
4.312829013918525334e+01
4.311308840384134555e+01
4.309998036731527549e+01
4.313291020962370226e+01
4.312697582907250649e+01
4.311372240146153700e+01
4.316274263492422847e+01
4.324354463926661651e+01
4.326346894682494337e+01
4.328874360788164211e+01
4.338975010973546631e+01
4.342080494831613890e+01
4.344755279320886387e+01
4.349809347875309129e+01
4.349014430173249224e+01
4.349708722664460936e+01
4.357444347125780126e+01
4.359978021505366286e+01
4.369998988428280740e+01
4.369536364578007692e+01
4.376483550927382282e+01
4.391038209237955670e+01
4.391719811387290662e+01
4.398925513565217216e+01
4.400123339444500914e+01
4.405350667772651718e+01
4.410080071973786175e+01
4.412360521091584786e+01
4.415674415154307297e+01
4.430329126233669967e+01
4.430531010427505123e+01
4.439464365105973087e+01
4.448002336393099654e+01
4.456419405385771881e+01
4.454218057003836151e+01
4.462406997088660177e+01
4.460888828185234445e+01
4.471421056143623218e+01
4.474531916720789582e+01
4.478745569600580012e+01
4.480561941850264418e+01
4.485304731703254078e+01
4.488683109907821489e+01
4.490358444124318282e+01
4.503727561818651992e+01
4.509440193870790381e+01
4.511613245815760820e+01
4.511032961772039585e+01
4.525198049652724563e+01
4.531135290282238515e+01
4.540970624369138875e+01
4.542825447359070523e+01
4.546567178056936598e+01
4.552229745891245472e+01
4.566643166090518235e+01
4.569481583657012180e+01
4.570172924756626998e+01
4.575981027154819714e+01
4.582752023659363516e+01
4.575365160195269709e+01
4.580749130759424759e+01
4.587693711596118362e+01
4.591870569729693585e+01
4.601857222984949658e+01
4.604001005244271028e+01
4.606775176204845934e+01
4.609160690025692020e+01
4.599871062679338252e+01
4.595003321320261591e+01
4.591846346098545695e+01
4.584665788885590842e+01
4.581829786291618234e+01
4.581829675174807903e+01
4.579782959072323223e+01
4.580255997026843318e+01
4.576510647254448827e+01
4.575020976961115338e+01
4.570864532255157542e+01
4.564995072373066876e+01
4.566259471588009689e+01
4.563653906392157467e+01
4.558099225484500749e+01
4.556269611188050561e+01
4.562446962264796468e+01
4.560674233152624879e+01
4.567292708451298466e+01
4.565772475496565619e+01
4.559318576375823540e+01
4.563215851553679414e+01
4.564087507437877633e+01
4.570226013106229601e+01
4.569527878659454245e+01
4.569263229151410854e+01
4.566440986324598583e+01
4.572330078358575634e+01
4.576208503612694756e+01
4.579378282386738874e+01
4.572200684967489082e+01
4.568361926630252867e+01
4.567687148934446384e+01
4.570538496441064780e+01
4.566039415990183414e+01
4.569194776724696538e+01
4.567251744936564251e+01
4.570357933264094896e+01
4.574031632378418522e+01
4.570393529788601228e+01
4.571938829565542051e+01
4.572797051965446258e+01
4.566374973601696752e+01
4.564804824728814481e+01
4.562264040078744642e+01
4.563675892557007785e+01
4.562567159130188088e+01
4.565284284931768610e+01
4.568897766510583835e+01
4.574617959316177718e+01
4.580430860694318795e+01
4.584221735039225365e+01
4.587110494756103662e+01
4.590475154112937872e+01
4.592670947599861364e+01
4.594784580608990154e+01
4.594251322008414462e+01
4.598875431865697294e+01
4.603021157919085482e+01
4.604145677286605576e+01
4.609711896424677491e+01
4.612634505968632936e+01
4.613805395209392657e+01
4.620302964237137644e+01
4.622037947962520121e+01
4.623047124978081968e+01
4.620734829094880070e+01
4.618150027298545979e+01
4.617748556331288512e+01
4.623157684717264004e+01
4.626877389133085927e+01
4.622674224242601326e+01
4.618000024565397155e+01
4.625695468139309696e+01
4.628935772900906898e+01
4.631632556570284720e+01
4.625762261957552113e+01
4.627555097700531661e+01
4.614995811739872522e+01
4.618096641425941584e+01
4.617410897451984653e+01
4.617547707144561286e+01
4.619801436654991278e+01
4.623892439215946126e+01
4.621354213511299491e+01
4.620870046500929362e+01
4.620037593065606529e+01
4.618984681669353165e+01
4.620574859108019439e+01
4.628854436622327029e+01
4.638667244505440124e+01
4.639964890539921782e+01
4.639722250219848121e+01
4.640723220030671570e+01
4.636533607255227452e+01
4.630286450543896848e+01
4.627578278400388712e+01
4.627171119521442222e+01
4.622665805399242345e+01
4.628873821243022491e+01
4.617413296416049917e+01
4.617820553428695263e+01
4.620609214642870910e+01
4.620421024880251792e+01
4.617288171796491270e+01
4.617162279989974394e+01
4.623770843581593937e+01
4.625277345752328273e+01
4.625937473125113542e+01
4.619084365386084556e+01
4.622592917005640345e+01
4.621031175735449636e+01
4.621838864151188631e+01
4.619708621995583542e+01
4.624286029232835205e+01
4.624504168362039280e+01
4.628381046224153295e+01
4.631549585463205432e+01
4.625894590858953137e+01
4.626933620473222675e+01
4.630933606200706976e+01
4.634503720487035139e+01
4.633839572892880909e+01
4.632817610250799589e+01
4.636558645582908156e+01
4.644763113596633985e+01
4.656444462914179638e+01
4.665585867913562623e+01
4.672656162128874513e+01
4.677033606295797341e+01
4.680536112870799315e+01
4.684702916095923086e+01
4.692345785175102435e+01
4.692055568173659452e+01
4.692592621050479806e+01
4.695593817693109173e+01
4.696433497137656587e+01
4.699692177349181321e+01
4.695901203379539623e+01
4.696220879876432974e+01
4.709101005792769001e+01
4.707032730288644728e+01
4.711908839187576348e+01
4.724863573852004350e+01
4.732955365947187687e+01
4.740334815312737504e+01
4.746813879696005500e+01
4.750775258523280797e+01
4.757722646114662268e+01
4.764986138079055422e+01
4.771413673280574841e+01
4.780825863615595495e+01
4.791273054546267929e+01
4.802875442655409444e+01
4.813202574882861029e+01
4.813160182452758562e+01
4.820481867593272796e+01
4.831182220843511743e+01
4.842157886253315979e+01
4.853126997574052126e+01
4.854237588234979484e+01
4.864292740344152577e+01
4.875131604382161754e+01
4.885710540498065768e+01
4.896241333187878553e+01
4.898117411783096742e+01
4.908496768894043072e+01
4.920869157731210208e+01
4.929610315635432727e+01
4.932408063517697627e+01
4.927724659595198631e+01
4.932328090004586585e+01
4.939881936013253494e+01
4.945481124367196912e+01
4.945761892747763966e+01
4.946513691898863385e+01
4.957356486767893244e+01
4.974612400791849609e+01
4.972508706049066518e+01
4.979555186819195001e+01
4.982551071945834309e+01
4.991985960903538455e+01
4.994786059260917455e+01
5.007590317109639955e+01
5.006269697258279194e+01
5.018180268107285258e+01
5.018469792329270263e+01
5.028271409097477829e+01
5.032667639561810802e+01
5.044551514284148652e+01
5.057898474901620745e+01
5.068651824767950842e+01
5.064861040119068036e+01
5.069017371356127910e+01
5.064562786806894934e+01
5.079785409911775673e+01
5.086031941187271599e+01
5.091123938499483614e+01
5.109562150970175054e+01
5.119896766598946414e+01
5.118157008685436438e+01
5.120550626104017056e+01
5.121419706429772134e+01
5.119538905784011007e+01
5.127252997204258378e+01
5.129761628412438057e+01
5.130829386477797982e+01
5.136493827263294065e+01
5.136024353839339085e+01
5.148472019355703821e+01
5.141019039878461427e+01
5.131722313951925685e+01
5.136469890332903532e+01
5.151150879711520503e+01
5.153515765563662399e+01
5.138829062550559001e+01
5.143705486350712164e+01
5.145156692580657420e+01
5.151035800725883007e+01
5.165977894204567633e+01
5.167770061330452336e+01
5.172645576317090388e+01
5.170313076623065029e+01
5.176930686611772359e+01
5.189473485218013593e+01
5.186757834098663977e+01
5.177758477171166618e+01
5.172783853039596380e+01
5.169953916272713457e+01
5.164006600563010352e+01
5.158724457376778361e+01
5.166871435564539183e+01
5.170037459338949759e+01
5.172527298507845472e+01
5.174800411168468628e+01
5.156661109411753330e+01
5.165041950500008738e+01
5.171886157563881881e+01
5.166269779861934097e+01
5.160642255611444540e+01
5.149528359199688765e+01
5.152790122904749381e+01
5.156666680645606959e+01
5.163049633251407045e+01
5.160839153309604654e+01
5.174024929207892143e+01
5.167853329099216353e+01
5.158537016989095747e+01
5.138536432010809563e+01
5.135799457817335423e+01
5.134537524071984649e+01
5.132274959138587178e+01
5.123980256895556806e+01
5.135193717599905483e+01
5.116644060354389012e+01
5.116216901573405096e+01
5.108436976200556501e+01
5.103194909942310176e+01
5.102101536770769030e+01
5.103855962982503058e+01
5.111978857314671387e+01
5.089115649524731566e+01
5.086285389051045058e+01
5.096453507993101084e+01
5.112913675834972338e+01
5.095397406804246998e+01
5.106083250784845973e+01
5.113062922882887307e+01
5.114716872309464435e+01
5.124689756145205877e+01
5.123715172406033247e+01
5.133725674149883389e+01
5.133580622251729153e+01
5.115045309581935840e+01
5.116644035668478097e+01
5.112990071223914157e+01
5.126435705849627311e+01
5.126431187844004000e+01
5.139344356700885186e+01
5.125695415481650485e+01
5.126817464663700719e+01
5.114696521178507282e+01
5.108021353959259869e+01
5.098844280008022878e+01
5.111479404528171244e+01
5.109671164942526644e+01
5.090903028609257319e+01
5.084888404182333232e+01
5.069456087329005811e+01
5.073010733932662220e+01
5.078355625619385449e+01
5.079527687341010278e+01
5.081294571969451113e+01
5.069405229467575680e+01
5.072330478439239698e+01
5.073153257812823824e+01
5.067147671129533393e+01
5.076698633164870245e+01
5.068820649223616215e+01
5.065412935062008160e+01
5.077373755559352730e+01
5.080537065249858841e+01
5.079825249983141333e+01
5.101556583397043454e+01
5.094963603389786755e+01
5.101472581461641909e+01
5.102025045559999938e+01
5.100815465263907811e+01
5.106065379619603561e+01
5.102098776273867031e+01
5.116749895301373385e+01
5.106698927551276057e+01
5.088520885263058346e+01
5.083175234864497583e+01
5.087625860351976570e+01
5.068701202332847089e+01
5.057770852076620827e+01
5.053106192125974161e+01
5.043676209553539280e+01
5.031864396571560860e+01
5.031114078516900179e+01
5.031250295964419195e+01
5.049279364342880427e+01
5.047679794843628542e+01
5.052085819589996163e+01
5.049830225759614422e+01
5.053564312900535072e+01
5.064223909828167791e+01
5.074843415152334103e+01
5.073426423838105848e+01
5.083794206438771823e+01
5.095929927204418419e+01
5.095305066631356539e+01
5.085918937010497842e+01
5.097759490005478256e+01
5.099413301843797086e+01
5.122378785516289668e+01
5.144077869161449712e+01
5.121788822126085705e+01
5.132886348922043140e+01
5.130638045713396167e+01
5.130176337408572351e+01
5.128906554429747899e+01
5.134006167014489819e+01
5.134295218786978410e+01
5.144622047931419928e+01
5.134784241918104186e+01
5.130585373499017976e+01
5.141371875451424955e+01
5.137141536688900345e+01
5.149224264116920580e+01
5.137815388025786234e+01
5.129542217342015675e+01
5.151880546259088334e+01
5.152355198924136914e+01
5.156758196877903089e+01
5.159781133123653518e+01
5.171606009391744863e+01
5.183660728294685782e+01
5.188923287609145518e+01
5.193574170859680805e+01
5.192245472461851108e+01
5.191067626345328989e+01
5.209838747000318193e+01
5.222866236026604270e+01
5.235630038276985943e+01
5.238825547391044068e+01
5.243615801567641910e+01
5.256662842376146472e+01
5.251599828110419566e+01
5.255832023151220511e+01
5.233752361847596291e+01
5.234116146492692678e+01
5.239116642746466113e+01
5.242356546712124299e+01
5.235742266820822977e+01
5.212620557080465744e+01
5.203091343283023207e+01
5.199467972274223371e+01
5.210498228050452951e+01
5.212597967212601446e+01
5.227315690343120735e+01
5.224017517559698121e+01
5.222037876759544162e+01
5.245962224247825390e+01
5.245170565705818433e+01
5.244022811836943276e+01
5.259585403559735539e+01
5.244542557122304061e+01
5.242108893665135838e+01
5.228654213474542445e+01
5.231063920990523286e+01
5.222648092954209176e+01
5.237092828742977701e+01
5.243516191663768922e+01
5.239793899697350099e+01
5.242718081849684353e+01
5.233755454719587163e+01
5.223115884306171353e+01
5.221739227482587609e+01
5.210735996215736066e+01
5.210189132063990058e+01
5.202915859996133463e+01
5.191431057628830104e+01
5.219174443824503129e+01
5.205406388847460875e+01
5.200167988263375918e+01
5.201443889990528646e+01
5.215632243503165455e+01
5.225329854535529961e+01
5.232168606533431898e+01
5.235626006554591072e+01
5.240597851079785841e+01
5.246288974422883200e+01
5.233433417772483409e+01
5.229052245430641932e+01
5.223517740673194254e+01
5.214961178723747537e+01
5.216537700331299732e+01
5.237307251103877093e+01
5.253389978969997998e+01
5.257890236191931166e+01
5.257423445832021258e+01
5.262640516376598754e+01
5.252710696014290903e+01
5.273379244248702946e+01
5.274359466539898023e+01
5.282601197290254902e+01
5.279829406357904986e+01
5.282108955452690680e+01
5.271026637410431448e+01
5.254839539763335665e+01
5.254592635167616521e+01
5.251457261591215087e+01
5.237442221085442640e+01
5.223942095252543538e+01
5.219630902579486076e+01
5.230985627578684216e+01
5.229398451081992505e+01
5.215784069298229042e+01
5.208950578541401200e+01
5.215197070076812480e+01
5.222120534657954494e+01
5.231711120261095971e+01
5.244037173212175418e+01
5.243479138488768854e+01
5.236782175313568644e+01
5.246577601740852259e+01
5.252179540197725771e+01
5.251183873049046014e+01
5.253975742410271721e+01
5.262490532304778412e+01
5.275134811820277037e+01
5.258622269409403316e+01
5.271957414469213887e+01
5.276502327642189982e+01
5.254194750046941209e+01
5.240099179830622234e+01
5.233529857528093743e+01
5.246432130551276884e+01
5.236171206667403766e+01
5.238487373903442545e+01
5.228362223276507592e+01
5.245040811544283343e+01
5.236408925629520894e+01
5.236916904568376907e+01
5.225708919612092984e+01
5.228701066785877316e+01
5.224517358806596690e+01
5.227059118887778055e+01
5.218262780561410352e+01
5.228892719798205491e+01
5.215096077493899429e+01
5.229278284917280928e+01
5.215868901925752965e+01
5.219924816759060349e+01
5.226037289784394346e+01
5.213433443321098792e+01
5.212579266378504173e+01
5.235233366217954654e+01
5.257526385519030754e+01
5.252350281325652759e+01
5.259794435974737326e+01
5.261837368730343201e+01
5.268334042509032855e+01
5.264037977436439064e+01
5.264481201398917420e+01
5.265198236464566151e+01
5.276999304349076425e+01
5.298288395212735935e+01
5.287281037725153254e+01
5.286420132577452335e+01
5.289707853313347385e+01
5.278714539404590056e+01
5.289731314860998879e+01
5.303342799830707577e+01
5.308211390848107669e+01
5.317226565761531987e+01
5.333139632733619351e+01
5.337368743288020312e+01
5.330384681164110816e+01
5.337748743964640141e+01
5.337124962817468088e+01
5.337048672763661017e+01
5.330613660322899960e+01
5.332254117084534073e+01
5.338008272869680582e+01
5.335357282584296712e+01
5.334500165043650100e+01
5.336409071558848183e+01
5.317978046149239191e+01
5.313696228939815569e+01
5.319654473171548403e+01
5.323684213286879441e+01
5.333837130300415907e+01
5.351355259957712462e+01
5.351231403150634947e+01
5.348357003617261540e+01
5.349010659967660786e+01
5.341281398278252368e+01
5.340063965160661752e+01
5.352590631281802303e+01
5.341408053999002448e+01
5.355300180464463722e+01
5.345505747527233353e+01
5.343469593800926987e+01
5.344413648429403452e+01
5.351220972379027785e+01
5.344573096491087938e+01
5.337895877345775375e+01
5.337722941096028251e+01
5.324320442534716591e+01
5.318447020467535680e+01
5.323301004182781071e+01
5.332942973762909844e+01
5.334764745266567587e+01
5.342326159106954719e+01
5.351555562600216120e+01
5.345987165619798276e+01
5.350371995586640139e+01
5.344463138377327738e+01
5.333243967433856625e+01
5.335492327306426574e+01
5.336125256018917185e+01
5.335233714184090559e+01
5.331668563414544337e+01
5.329974137883372265e+01
5.322574237195608760e+01
5.312965675061807502e+01
5.306169867214858726e+01
5.289889310081363050e+01
5.290792365411770248e+01
5.280218583466336213e+01
5.293623857188630666e+01
5.289933993800224954e+01
5.296940348056789816e+01
5.291853839122268965e+01
5.290873501124387701e+01
5.286498968049279057e+01
5.295421608431152549e+01
5.295263038436159064e+01
5.293943900060330776e+01
5.301682861475979536e+01
5.297050155503430346e+01
5.293349324984222903e+01
5.285048208441000384e+01
5.286361181878616833e+01
5.296898255239705833e+01
5.299776910310651346e+01
5.289081971365641976e+01
5.303363685163162700e+01
5.298337386041936270e+01
5.296946485662099491e+01
5.305040697565839025e+01
5.310751586278134084e+01
5.297566103243210733e+01
5.289339155662828773e+01
5.295028468811169375e+01
5.290984817022015818e+01
5.289484654399628027e+01
5.302039723325762566e+01
5.304139240615651119e+01
5.306754602235663754e+01
5.302422311429982216e+01
5.311022121064004153e+01
5.316003077007348310e+01
5.307834378195879310e+01
5.295933566531984837e+01
5.291355387064434268e+01
5.285590843359441493e+01
5.295357614261118329e+01
5.298488948039210555e+01
5.288255552644938717e+01
5.273291204504624119e+01
5.267385100697492106e+01
5.269526358802532684e+01
5.257324074737445585e+01
5.266266232788586166e+01
5.274894388003137635e+01
5.283737221664978989e+01
5.291810706470629810e+01
5.298192829734114895e+01
5.298505033737617964e+01
5.313097645083330178e+01
5.313624264346435666e+01
5.311255396827945674e+01
5.308097129459433461e+01
5.306002504523515029e+01
5.316041977148490361e+01
5.316774845667202243e+01
5.316501251924959348e+01
5.307252342200834505e+01
5.303902588493156856e+01
5.304248738418553444e+01
5.302457245844983902e+01
5.299097826000576106e+01
5.293486705210381160e+01
5.300923752106734099e+01
5.309554941893595981e+01
5.308480496278996696e+01
5.314722790358942461e+01
5.307483786366103118e+01
5.299997040532328185e+01
5.294898467628490124e+01
5.301419362745227204e+01
5.307188621872958123e+01
5.310591342840127282e+01
5.316961942731253998e+01
5.316980570545712226e+01
5.320215361317313096e+01
5.324845541542720895e+01
5.325525932081822589e+01
5.312457729185612720e+01
5.310417586790329381e+01
5.311764150186058231e+01
5.315889589648434566e+01
5.330595078734709347e+01
5.324027126099227303e+01
5.329023402841046675e+01
5.335737839012092110e+01
5.342406777264921658e+01
5.343999287944292576e+01
5.358118787702220231e+01
5.368523897664811528e+01
5.360991548190374800e+01
5.362848645057913188e+01
5.361896655546058099e+01
5.352956316576322138e+01
5.360757605479321342e+01
5.357922250788680429e+01
5.360213297419237932e+01
5.361717027821342185e+01
5.363292223342595832e+01
5.358930129569308320e+01
5.347823770200545113e+01
5.349450979982755427e+01
5.351917555673314553e+01
5.356972559006342038e+01
5.359880682378597072e+01
5.347797929257341565e+01
5.357525364491225162e+01
5.359630349403499139e+01
5.368227092615342144e+01
5.358777407098293111e+01
5.358892740746776440e+01
5.364049262571270305e+01
5.354579217852898410e+01
5.347854388643831669e+01
5.335690953683570115e+01
5.339289379186000417e+01
5.347428955696077679e+01
5.352386503897419345e+01
5.357111124349199827e+01
5.357992159156623302e+01
5.346091880232606997e+01
5.344826054393318060e+01
5.343820625654635137e+01
5.344020996073560070e+01
5.348627331893878534e+01
5.350261875320270377e+01
5.345740151190858569e+01
5.345892400656713050e+01
5.350534605209817585e+01
5.350740202196001860e+01
5.353242501215952132e+01
5.345007938194662245e+01
5.352239714436802132e+01
5.349407408982391843e+01
5.344428257818955075e+01
5.343217880903463168e+01
5.343596079043047808e+01
5.334561868263131146e+01
5.337741880492905011e+01
5.342279096281080797e+01
5.347858296609866358e+01
5.346228834125393092e+01
5.352437661947690373e+01
5.351666183870821669e+01
5.346621213660650795e+01
5.342751616802119941e+01
5.334507712761482168e+01
5.331061010361204211e+01
5.337431120380783511e+01
5.340744360694836246e+01
5.337869949469444464e+01
5.335854271634658375e+01
5.327516197588334990e+01
5.325344940251000736e+01
5.339771358418702363e+01
5.336799969619712414e+01
5.340182956426632899e+01
5.335983542318322748e+01
5.329708804500972974e+01
5.322978095075574601e+01
5.324543065804962794e+01
5.332184124875205100e+01
5.336072085978954505e+01
5.336870108235352461e+01
5.341350482393268351e+01
5.337784193709708802e+01
5.344683107000157207e+01
5.347360273821718124e+01
5.343523513865591923e+01
5.346920982724548566e+01
5.343237214382195077e+01
5.352786255511183100e+01
5.351770795062213182e+01
5.350918738687808229e+01
5.344084527225604120e+01
