2.853789340492227100e-01
7.910621395744873441e-01
2.913249883523656436e+00
6.008292679923331825e+00
1.065480920113558305e+01
1.497010910756771018e+01
1.898911087450044732e+01
2.638769608100537312e+01
3.303389714009247768e+01
3.778034208407684957e+01
4.955530613211727342e+01
6.037157710821460910e+01
6.669914701551157066e+01
7.576459696548734257e+01
8.712259163946060880e+01
9.681071347567757357e+01
1.005213158772726132e+02
1.101977271142762191e+02
1.162256060386702643e+02
1.229064098439028925e+02
1.322091499806685988e+02
1.316271146967020229e+02
1.345047932032161100e+02
1.423071413149997682e+02
1.464534682102216436e+02
1.503855494024898292e+02
1.528009450418393556e+02
1.555960325095838641e+02
1.584029228845618320e+02
1.601876832469525027e+02
1.633947711994846372e+02
1.661133529788945111e+02
1.658763908375835285e+02
1.692882330015264642e+02
1.712542553869766095e+02
1.649109669719906037e+02
1.634136246419204213e+02
1.633214460040773304e+02
1.613106417998976099e+02
1.588979631474429652e+02
1.567986415664732931e+02
1.596856354632596720e+02
1.523424329771258670e+02
1.524841351701910241e+02
1.503059156461426369e+02
1.500499287836473172e+02
1.512050682979567569e+02
1.482634678774873862e+02
1.488393299062923631e+02
1.489483603890317625e+02
1.483907513584474600e+02
1.492240437222891956e+02
1.519328742874728277e+02
1.508379551921272821e+02
1.469446917481134278e+02
1.508706340355165878e+02
1.518673134354077092e+02
1.550127089425503755e+02
1.558544899450833725e+02
1.592995857028463149e+02
1.605739053838703398e+02
1.607774642012632569e+02
1.620670097740983522e+02
1.656584386107021771e+02
1.684185826045975318e+02
1.691970304490250783e+02
1.650766193990979787e+02
1.663481710954502830e+02
1.678064261728546569e+02
1.662893169639671669e+02
1.659490012428976513e+02
1.708855921539858969e+02
1.714094448763738967e+02
1.719718356487381641e+02
1.754425081995450171e+02
1.773273041674179069e+02
1.802020235709747453e+02
1.810741299012133538e+02
1.798444698580042029e+02
1.809166005340797483e+02
1.827649114035829143e+02
1.834644769320301236e+02
1.861978203866175932e+02
1.867956043745183763e+02
1.857283079837582420e+02
1.863668170741870540e+02
1.847352936443315912e+02
1.859492404013948317e+02
1.896652699138087712e+02
1.904186154468500547e+02
1.910585807198390569e+02
1.923025790686635332e+02
1.939755825579951534e+02
1.928137822850001157e+02
1.937929545179861748e+02
1.953005011571839589e+02
1.995971996197356191e+02
2.027317136525622061e+02
2.029924262493435947e+02
2.111552357562233624e+02
2.182422786874772385e+02
2.217539562350262656e+02
2.219876040883695225e+02
2.243762834067298400e+02
2.329660712346389175e+02
2.357071525162279499e+02
2.420823306380197266e+02
2.482141739638404090e+02
2.557651440722406448e+02
2.638398667683341614e+02
2.749177834147654949e+02
2.757947003762939744e+02
2.804236230653824578e+02
2.874149193290091375e+02
2.861499313900355901e+02
2.933572588192731700e+02
2.978083799413039969e+02
3.033389082507035823e+02
3.067482373248075760e+02
3.081787432777948652e+02
3.114032707103912117e+02
3.131759367385315613e+02
3.142198764470597325e+02
3.083518846506124760e+02
3.117377665788035301e+02
3.076876979849904501e+02
3.087244947298988222e+02
3.160131648502352846e+02
3.227988479110452431e+02
3.269297898769702329e+02
3.291446669660531370e+02
3.284280734258182406e+02
3.379061986166259430e+02
3.435529481649143690e+02
3.521343044094285801e+02
3.618151037755039852e+02
3.681116671423995399e+02
3.712749149745380919e+02
3.769477188963763297e+02
3.757539033854468471e+02
3.809427194865273236e+02
3.848789641770488288e+02
3.892800535116003289e+02
3.884081356989964320e+02
3.909911979679758929e+02
3.994519221279217618e+02
4.034781460278414329e+02
4.051384323510523018e+02
4.078861332166429747e+02
4.084504312502713788e+02
4.084955131357834830e+02
4.094214508348080699e+02
4.089468720261611452e+02
4.141497309916118752e+02
4.206515728299298189e+02
4.195797766922300980e+02
4.205284080192596434e+02
4.231676689585958115e+02
4.242829854053151166e+02
4.260224554136938764e+02
4.279047793420459698e+02
4.237521863376937858e+02
4.222478494716499426e+02
4.214163503310485339e+02
4.247422835053430958e+02
4.297615967279312486e+02
4.299207685571320212e+02
4.248992121720152682e+02
4.304200945538944438e+02
4.388195289153078420e+02
4.379592745461577579e+02
4.439862243416690717e+02
4.388317437390360283e+02
4.454151023810765651e+02
4.507158499122615467e+02
4.510074659616131498e+02
4.501362075878555515e+02
4.478822149846104708e+02
4.513930566214031614e+02
4.530905553543879023e+02
4.543065472017710249e+02
4.550870004765306476e+02
4.596570788473709399e+02
4.635581113400149320e+02
4.684257916101560113e+02
4.672893864028997655e+02
4.647414635868797177e+02
4.704649780055457313e+02
4.716611564518917135e+02
4.635469499694824549e+02
4.621424865489520926e+02
4.609385310314007143e+02
4.596841822739480108e+02
4.667680325675023028e+02
4.614637766849456284e+02
4.599611871020399576e+02
4.667668972944845223e+02
4.664082068750332155e+02
4.639942194501226140e+02
4.635715213775585539e+02
4.569028658119419788e+02
4.651390885163391999e+02
4.638111383627303894e+02
4.580500400999693511e+02
4.710516818104268850e+02
4.779531086838331362e+02
4.833901194706843398e+02
4.930928232399069202e+02
4.963238512504940445e+02
4.992290295924070165e+02
5.043540658061802446e+02
5.096472884228119824e+02
5.045986923578793153e+02
4.966724873657645389e+02
4.946170942145961931e+02
4.948623028347242325e+02
5.024125785600128324e+02
5.067211824793391770e+02
5.133909436300006064e+02
5.160645906812350177e+02
5.131213697491780295e+02
5.091511608410489771e+02
5.107393720514823485e+02
5.117537503485255002e+02
5.100451458780303255e+02
5.056044598329635278e+02
5.026978748602702467e+02
5.093186328396743647e+02
5.116664639684779559e+02
5.194330504056092650e+02
5.233677078172407846e+02
5.122899094810783254e+02
5.129696489379638251e+02
5.077553182900452384e+02
5.057212442243919668e+02
5.062017164934501352e+02
5.091854452019830433e+02
5.025333738985901277e+02
5.039500325741199163e+02
5.067332508857500102e+02
5.063930975595282575e+02
5.108743818358802855e+02
5.085697302564866504e+02
5.057194443588473973e+02
5.092157054337354225e+02
5.049753584934550759e+02
5.114812035372387413e+02
5.157793216664412057e+02
5.184557379144599736e+02
5.261656250262129788e+02
5.238230668542057629e+02
5.206925630454313705e+02
5.143296960845167405e+02
5.288640964563602438e+02
5.232711845322828594e+02
5.250155045588184066e+02
5.278194455419633186e+02
5.309616470932487573e+02
5.313760926778638805e+02
5.419451254303688756e+02
5.415561271477364471e+02
5.491276539478894847e+02
5.542119442331065784e+02
5.671235051053785128e+02
5.717410111358190079e+02
5.768608168304028823e+02
5.691590922182693930e+02
5.857765197505311789e+02
5.915978398919908159e+02
5.967806522720886733e+02
6.103443093058551767e+02
6.079595779358517120e+02
6.207459752742947785e+02
6.259583523318701737e+02
6.195688712558566067e+02
6.373005187706952483e+02
6.370898055683745724e+02
6.516411575023373643e+02
6.552586852765547292e+02
6.604348642342515632e+02
6.530303916242954756e+02
6.531223054393734628e+02
6.468033894592856541e+02
6.398859372102804173e+02
6.437976516227973889e+02
6.414383303743823035e+02
6.432703672651107354e+02
6.412827205501204162e+02
6.289024630271478600e+02
6.331459423169907268e+02
6.391298246274542407e+02
6.305279769208501648e+02
6.376908052687949748e+02
6.426101652538259259e+02
6.364547348506264370e+02
6.391661089406278506e+02
6.303137431396278316e+02
6.279628548948112439e+02
6.314261517997479132e+02
6.442310175480748740e+02
6.497125943400775441e+02
6.562152288747976172e+02
6.499958886142312622e+02
6.467604145149211945e+02
6.591472072857835656e+02
6.542165762640338471e+02
6.592711801287339313e+02
6.637865803722686451e+02
6.668686221273040928e+02
6.637568941416949428e+02
6.652202909502061630e+02
6.651070951219159042e+02
6.573196071249893748e+02
6.567640334153209096e+02
6.501964706619191929e+02
6.456969620781729873e+02
6.490695554784243768e+02
6.378063374328938835e+02
6.354600914273313492e+02
6.336779716482662934e+02
6.390605480390468074e+02
6.353171057322796287e+02
6.436202786970832221e+02
6.444438541475811917e+02
6.594510150806064530e+02
6.590806026103097111e+02
6.672115057711769168e+02
6.683348463919104461e+02
6.723612925164126182e+02
6.648851918931015916e+02
6.639438240892833392e+02
6.693604101111455975e+02
6.641470593167449579e+02
6.723440372789259527e+02
6.837728016125303157e+02
6.886647821920774959e+02
6.896751874222818515e+02
6.852975462182254205e+02
6.978525148076354299e+02
6.972602333930306031e+02
7.111238138674062839e+02
7.069737868135064218e+02
7.054010472385544972e+02
7.067496592264171795e+02
7.060393850382746450e+02
7.031793229746679117e+02
7.035396151223133074e+02
7.059403364062236506e+02
6.897438320137631536e+02
6.878102446612076619e+02
6.897470237001004989e+02
6.897655421020804170e+02
6.971486917293151464e+02
6.857650753309339962e+02
6.851773159696463154e+02
6.699442600559018501e+02
6.809029614701746596e+02
6.742093717513876072e+02
6.759527310432234799e+02
6.550815533857410173e+02
6.493007958995425497e+02
6.364546924572453008e+02
6.313570983262914069e+02
6.203633931817694247e+02
6.048785899626976743e+02
6.100536237905478174e+02
6.141239383505226215e+02
6.163412139505268215e+02
6.237064346757128988e+02
6.200752907572978074e+02
6.274191448407890448e+02
6.376632843336594760e+02
6.435995806899630907e+02
6.427242256415725024e+02
6.378403547793755024e+02
6.114091330771766479e+02
6.233028417354657904e+02
6.205665376923984695e+02
6.238555396862807356e+02
6.334921298740705424e+02
6.455309614861379259e+02
6.454747106289597696e+02
6.523136426264346710e+02
6.383241046830631831e+02
6.476000755745019433e+02
6.516625573758103656e+02
6.561894984386002534e+02
6.564512083531648159e+02
6.517558897258593333e+02
6.431707298868200269e+02
6.437188216041691931e+02
6.402775375255434938e+02
6.434480619491151856e+02
6.450302222438926947e+02
6.522609105718695446e+02
6.412866559188224755e+02
6.423070928639085651e+02
6.459751529757699018e+02
6.324263658328854945e+02
6.397081348576242590e+02
6.393409016894052002e+02
6.493290780933222095e+02
6.626655430355660883e+02
6.559438586182435529e+02
6.638180402867817520e+02
6.651930228107372614e+02
6.648015814449668142e+02
6.620153552002500419e+02
6.634435692201197980e+02
6.500655150867087286e+02
6.498868018023944160e+02
6.457883252676333541e+02
6.590764943069174251e+02
6.637874672233201636e+02
6.804374409815559375e+02
6.799047719572387223e+02
6.909846771878904974e+02
6.918208506161105333e+02
7.050708866268233805e+02
7.008691870598843252e+02
7.039134306246561437e+02
6.948460538935829618e+02
6.823284918890328754e+02
6.652096981467595924e+02
6.646146868871364859e+02
6.667455782516990439e+02
6.771729834333403915e+02
6.716288629750696373e+02
6.795009130280892578e+02
6.965733406842603017e+02
7.129149955063543302e+02
7.175705277076500579e+02
7.129946672580019822e+02
7.175630158604421922e+02
7.187016035786956536e+02
7.263786698570355611e+02
7.164143561539160601e+02
7.209265202715729401e+02
7.187003303806309304e+02
7.043866233024148187e+02
7.040230372188759702e+02
7.124973266412195017e+02
7.205071725426890907e+02
7.327473132442006545e+02
7.438567924904623396e+02
7.419903146941743444e+02
7.477153235347163900e+02
7.492230102888872807e+02
7.605997851721997449e+02
7.645274729615728120e+02
7.511016318357401360e+02
7.481319136387918434e+02
7.407623989690440567e+02
7.537402576811950894e+02
7.630192475778410426e+02
7.587153713463799249e+02
7.486669537364431335e+02
7.507420609918418677e+02
7.530817621787304006e+02
7.669536109642983774e+02
7.771537630573776596e+02
7.853736200060837973e+02
7.894444356791202608e+02
7.986194154839364501e+02
7.937504392991254463e+02
7.967631969339336138e+02
7.971162859036122654e+02
8.057692812236524560e+02
7.967025618245868372e+02
7.962450553866053724e+02
8.086001424893178182e+02
8.120404673205467816e+02
8.084274881635022894e+02
8.123338959252780569e+02
8.161866863879367884e+02
8.310783353291710682e+02
8.424822559844022862e+02
8.430889134827722273e+02
8.375633982878273400e+02
8.502945805619300472e+02
8.529980907287183527e+02
8.654375831079589716e+02
8.821147450387146591e+02
8.898177168804826351e+02
8.898533767210089991e+02
8.861677599763397666e+02
8.838335925706164744e+02
8.768444793057178686e+02
8.833518966827243730e+02
8.944344745771121552e+02
9.141450339607035858e+02
9.082171832484269771e+02
8.967982103460959706e+02
9.088825164364793636e+02
9.121443526774902466e+02
9.138317263076783092e+02
9.127745413136127581e+02
9.131234831148510693e+02
9.026650065596886634e+02
9.096588549688279954e+02
9.194648430256130496e+02
8.879505304190973902e+02
8.922944060322912492e+02
9.115152800237079873e+02
9.137311519448037416e+02
9.089879019215072731e+02
9.344769514031376048e+02
9.363403098088184606e+02
9.376209807700740839e+02
9.500901936217894672e+02
9.393464409594082554e+02
9.409210649664452148e+02
9.387043885142293220e+02
9.485916213809354076e+02
9.577348140353714143e+02
9.521187519797273353e+02
9.359882775572252740e+02
9.329945227581052904e+02
9.429124948056216908e+02
9.375476322676868222e+02
9.494900882384407623e+02
9.434170458851734793e+02
9.230602673066366606e+02
9.216453889507862414e+02
9.231221232020990328e+02
9.261338992214682548e+02
9.290076506915199843e+02
9.463975740254162474e+02
9.180749591998963979e+02
9.042660467390711574e+02
8.974404046719395183e+02
8.769472726351051506e+02
8.766244139754288653e+02
8.698126188952307984e+02
8.758677704697355466e+02
8.869743434479315738e+02
8.968045489639584957e+02
8.991602387549329478e+02
9.107452609585004666e+02
9.109598339577652268e+02
9.304525369106636390e+02
9.372348315588761807e+02
9.624272751303838049e+02
9.683174623232404201e+02
9.601644288873931146e+02
9.762795011239328460e+02
9.902456590270035122e+02
9.814978092484734589e+02
1.002361423972948273e+03
1.013350532988756413e+03
1.011500696355205037e+03
1.017990680803822215e+03
1.014619931780920979e+03
1.011845181846328614e+03
1.017421517285614414e+03
1.015466228168570524e+03
1.027244781237909137e+03
1.027703330664541681e+03
1.049229751055103179e+03
1.065088132703294832e+03
1.061851788692220680e+03
1.076261633329458164e+03
1.074033736972987754e+03
1.079867435265147833e+03
1.073819830637770110e+03
1.078566716947775149e+03
1.072820977061776375e+03
1.086330223563117670e+03
1.077833422592705801e+03
1.065405152389587101e+03
1.066712731448695195e+03
1.050337096055220854e+03
1.035553291702951356e+03
1.031977688723059600e+03
1.029371389645489899e+03
1.030852171815130532e+03
1.030602676673202041e+03
1.034063785282457729e+03
1.050309242919871394e+03
1.055454614149223062e+03
1.066022617711003932e+03
1.064643961730492492e+03
1.060448006656078860e+03
1.062148220565942211e+03
1.060063526567332019e+03
1.058415594739445623e+03
1.056293586165390025e+03
1.037876346874159026e+03
1.026094414886037612e+03
1.033565828315423914e+03
1.017407625840817332e+03
1.006111325312675149e+03
1.004987212166013933e+03
9.652732481071221855e+02
9.778159624267455001e+02
9.822420056891090780e+02
9.994293238561576800e+02
1.023753985654933899e+03
1.013351831258980496e+03
1.003804133809184805e+03
1.016339843484764401e+03
1.024952156059791150e+03
1.024405957197267071e+03
1.014412405539105634e+03
9.976213467290917833e+02
9.550377386508931750e+02
9.514474833497403097e+02
9.508677520600058415e+02
9.464715972001458795e+02
9.683401968917116847e+02
9.564690364285547730e+02
9.506410981030244329e+02
9.482045949724357570e+02
9.426922116822421458e+02
9.491437486764202731e+02
9.364052648892102297e+02
9.401120686367439703e+02
9.376775376077417832e+02
9.417385836938227612e+02
9.472199759774010772e+02
9.309161842261640913e+02
9.129989647833173194e+02
9.032946296173822702e+02
8.892334405383822968e+02
9.001754697130148770e+02
9.144831947151694749e+02
9.075483811152530507e+02
9.086379406650369219e+02
9.007681183345210911e+02
9.240419463813444736e+02
9.370884879156183160e+02
9.422627513270620057e+02
9.274213288935696937e+02
9.376173248950174184e+02
9.353333207586314302e+02
9.302532358564504875e+02
9.276882777742878261e+02
9.296675288715820216e+02
9.433298828969055876e+02
9.442656351833232975e+02
9.358937743780994651e+02
9.408467869124727940e+02
9.350540809370918396e+02
9.193677850333953074e+02
9.233958409594469003e+02
9.227319968040162621e+02
9.055548009310832640e+02
8.987582666443579456e+02
8.925014042154480194e+02
8.858761738881647716e+02
8.907599072728348801e+02
8.878405488954671227e+02
8.787695789678906522e+02
8.385104387985239782e+02
8.416343198610510399e+02
8.498518418164223931e+02
8.603431170682770244e+02
8.409062138121004182e+02
8.410762680093654353e+02
8.409573687697952664e+02
8.386385968169674925e+02
8.452765066976172648e+02
8.363704715615292571e+02
8.321512496349064349e+02
8.329760533899242319e+02
8.459945905853277281e+02
8.461225027582971734e+02
8.287835689716894194e+02
8.230145310122343290e+02
8.365831955197224943e+02
8.464379214901636033e+02
8.522583228569857283e+02
8.436213182513622542e+02
8.406673157046632241e+02
8.452927904743523868e+02
8.600510204801768168e+02
8.640815908116184119e+02
8.841126395472052764e+02
8.920936032435655534e+02
8.838705345559220632e+02
8.760991367236148335e+02
8.910336591730367672e+02
8.859262869906394826e+02
8.902476747731121804e+02
9.049602455212989298e+02
9.160915404220619394e+02
9.152742188589862735e+02
9.168892903638325151e+02
9.331302729526217945e+02
9.330340169360573555e+02
9.399664314436141694e+02
9.455145261425645913e+02
9.544857904161278839e+02
9.767354721995543514e+02
9.801614444213756769e+02
9.790330963607259491e+02
9.687694810097657410e+02
9.675248920570821838e+02
9.686603893374981453e+02
9.819697887326130967e+02
9.872454301031161776e+02
9.848507494403829696e+02
9.819233559862457241e+02
1.000201233840662894e+03
1.010980618589306232e+03
1.002675898702753329e+03
9.933295765557218147e+02
1.004668090664859392e+03
1.014897402859255067e+03
1.028783883224476540e+03
1.035088366977509395e+03
1.039641214219842823e+03
1.051703799217039432e+03
1.043040426335595384e+03
1.055585171860292121e+03
1.071376123956903939e+03
1.082403119821679638e+03
1.074551324324278994e+03
1.065776879769541665e+03
1.061686544907598545e+03
1.052661757847318768e+03
1.054153986533633542e+03
1.053129054154642972e+03
1.069437750972945423e+03
1.079650864852896120e+03
1.099693089012404471e+03
1.109034945631628034e+03
1.115575499425344333e+03
1.118908421791520595e+03
1.128566055683447303e+03
1.135182843736118684e+03
1.131227076029832006e+03
1.126274107759464869e+03
1.103954171902062853e+03
1.099327735279533272e+03
1.099946008094975468e+03
1.114265677564110774e+03
1.114174954584097577e+03
1.114575750527970968e+03
1.104185247942934893e+03
1.097248472777281904e+03
1.049452742897057533e+03
1.028264849257564265e+03
1.010675604389444288e+03
1.012651665899524801e+03
1.030595438668562110e+03
1.020714685738199478e+03
1.041502102191071572e+03
1.041797623607250898e+03
1.047528479245550216e+03
1.048453030772430566e+03
1.065371065445127215e+03
1.057922223613549249e+03
1.047779850265788127e+03
1.019934402944715430e+03
1.012126841631428533e+03
1.002212717857301300e+03
1.008564054926498898e+03
9.955135596128429825e+02
1.007761820135425182e+03
1.014682811703193920e+03
1.031164510258967994e+03
1.031581941672061703e+03
1.030237204379301375e+03
1.032476449942237878e+03
1.002283546267706811e+03
9.976450253298160078e+02
1.009748276293408594e+03
1.013147738336803855e+03
1.033276717196318941e+03
1.028689350996873372e+03
1.038169062119897262e+03
1.040940863489095591e+03
1.032983985343774066e+03
1.048457476590578608e+03
1.045734571977733822e+03
1.062333638042562825e+03
1.038845382168094147e+03
1.046412202320437245e+03
1.032918709967754467e+03
1.051779512823664618e+03
1.070808168814093733e+03
1.078792623423881196e+03
1.083619274629488928e+03
1.071861293828100088e+03
1.065048961944160737e+03
1.053075187354953641e+03
1.066263464603992361e+03
1.058341923649656792e+03
1.056155338046282623e+03
1.058513484726933484e+03
1.070922591360314755e+03
1.078177532310714014e+03
1.072245914896213435e+03
1.090096268017354532e+03
1.094372294473125976e+03
1.097947273817548648e+03
1.096755574800144132e+03
1.108114190525147478e+03
1.109179013455585164e+03
1.115924192312006426e+03
1.108506615123343181e+03
1.110968414712386448e+03
1.092349441625723102e+03
1.081819879614466799e+03
1.090225268272030007e+03
1.090732631231470577e+03
1.090400205029202425e+03
1.101347192584548338e+03
1.088089717232862085e+03
1.077183121857263131e+03
1.070828978234994111e+03
1.086240029048841279e+03
1.080456950162989870e+03
1.086564073689281031e+03
1.087553461600808077e+03
1.069965576276176080e+03
1.076672088946596887e+03
1.062009830629236149e+03
1.063015719131653213e+03
1.069456828258081259e+03
1.080825487588243050e+03
1.073127915649741226e+03
1.079797677955020163e+03
1.083845746680508682e+03
1.098172561726609047e+03
1.101857139845359370e+03
1.103232862436354708e+03
1.104951948170468313e+03
1.121347074975078158e+03
1.127079372242151749e+03
1.127762662385740896e+03
1.137939956253939954e+03
1.134910760997323678e+03
1.154595156174639669e+03
1.165154114029801349e+03
1.165778275429766154e+03
1.170387937520484911e+03
1.172431647046538728e+03
1.176361574455337177e+03
1.193171399873530845e+03
1.196718373810803769e+03
1.202935064540193252e+03
1.213122882909103282e+03
1.213553754020136921e+03
1.228857714771168503e+03
1.233614763644888626e+03
1.232372997728887867e+03
1.242485623872181350e+03
1.249893545235729107e+03
1.252286028171844237e+03
1.260737027292200764e+03
1.254791863995534186e+03
1.245338652083723673e+03
1.241191465383196146e+03
1.263569992892712435e+03
1.266752733389799687e+03
1.261366723004761980e+03
1.259292030480648464e+03
1.262778195183146408e+03
1.261979866802314746e+03
1.277388282224565728e+03
1.283226905462467585e+03
1.291103865407316334e+03
1.306166794304741870e+03
1.302077577692238265e+03
1.299242420976103404e+03
1.299928440253839199e+03
1.285317922590096714e+03
1.295578227565574707e+03
1.297318749310100429e+03
1.298684937682013924e+03
1.302062376038601997e+03
1.308935114107047184e+03
1.311940400739751567e+03
1.301699287464912686e+03
1.297024515841776520e+03
1.295229268082890258e+03
1.307505853417141680e+03
1.310401615766008717e+03
1.299278314585510543e+03
1.295018109478588258e+03
1.297348154831278180e+03
1.293039091625459378e+03
1.321312119189328314e+03
1.327429370221028421e+03
1.320985025353430274e+03
1.336732312870204623e+03
1.337126071825082136e+03
1.346011172793884725e+03
1.345383336740709183e+03
1.338741445141689837e+03
1.339415336726015994e+03
1.347082799977180002e+03
1.359335249279545451e+03
1.366635344698534482e+03
1.377476760858756961e+03
1.379122220352192244e+03
1.392444282103414253e+03
1.372507053999139089e+03
1.378350197974528783e+03
1.355962619575425379e+03
1.365242361417121174e+03
1.378724952116582926e+03
1.368290897508863509e+03
1.394645274937428439e+03
1.375416620372438729e+03
1.349864175905572665e+03
1.332504208882442072e+03
1.324842711521681395e+03
1.338194736866238600e+03
1.334188639448204412e+03
1.342378585080272160e+03
1.350382015789196203e+03
1.338606293801627544e+03
1.326947358854906952e+03
1.329992932627189248e+03
1.352327370265506033e+03
1.363009923754377496e+03
1.355750475490640156e+03
1.356389921404445204e+03
1.342758004169208107e+03
1.354305095826801789e+03
1.359371298882784231e+03
1.361821258691535149e+03
1.337145441598981279e+03
1.341605430828398767e+03
1.352583366741250302e+03
1.354239435342401748e+03
1.345218390177548372e+03
1.319460170665075111e+03
1.306269480068034227e+03
1.284068950003048258e+03
1.286173959350239102e+03
1.297761159184549115e+03
1.286673921798761057e+03
1.281755053385866859e+03
1.251858798991493131e+03
1.255730806460075428e+03
1.259598684608301937e+03
1.271406943712730481e+03
1.276449443801848474e+03
1.282068811330089602e+03
1.285607419367995590e+03
1.288335278161022188e+03
1.298487930327971981e+03
1.292608628656537576e+03
1.288918679799809524e+03
1.297326149307883270e+03
1.304223414519639846e+03
1.294437003246901440e+03
1.262969757105531244e+03
1.266522129874334496e+03
1.257166936234305240e+03
1.252853787132481784e+03
1.259564905577219406e+03
1.233717932026090011e+03
1.226302553184380031e+03
1.239252621261724016e+03
1.246505761778901842e+03
1.220738797829503028e+03
1.220179793411079572e+03
1.212141326296749412e+03
1.219045934677961441e+03
1.228138069232170210e+03
1.212859432732982441e+03
1.191160082984307337e+03
1.200014725770810401e+03
1.213881574931896694e+03
1.212513002498779315e+03
1.230144808434326933e+03
1.228294599604253790e+03
1.235638880847590372e+03
1.212906230142885533e+03
1.218839355501613227e+03
1.219486120856875232e+03
1.224111953347156259e+03
