2.045000000000000000e+03
4.085000000000000000e+03
6.106000000000000000e+03
8.134000000000000000e+03
1.019900000000000000e+04
1.217500000000000000e+04
1.433100000000000000e+04
1.631600000000000000e+04
1.839100000000000000e+04
2.044200000000000000e+04
2.233900000000000000e+04
2.440000000000000000e+04
2.642000000000000000e+04
2.835800000000000000e+04
3.053400000000000000e+04
3.250400000000000000e+04
3.467600000000000000e+04
3.682700000000000000e+04
3.888600000000000000e+04
4.093900000000000000e+04
4.282700000000000000e+04
4.476600000000000000e+04
4.691200000000000000e+04
4.906400000000000000e+04
5.106900000000000000e+04
5.322400000000000000e+04
5.523600000000000000e+04
5.701700000000000000e+04
5.931200000000000000e+04
6.133700000000000000e+04
6.336700000000000000e+04
6.539900000000000000e+04
6.737300000000000000e+04
6.944000000000000000e+04
7.159800000000000000e+04
7.359300000000000000e+04
7.569800000000000000e+04
7.768500000000000000e+04
7.975000000000000000e+04
8.185700000000000000e+04
8.396500000000000000e+04
8.588600000000000000e+04
8.797300000000000000e+04
9.004600000000000000e+04
9.194700000000000000e+04
9.410900000000000000e+04
9.618400000000000000e+04
9.807100000000000000e+04
1.001720000000000000e+05
1.022750000000000000e+05
1.043440000000000000e+05
1.063270000000000000e+05
1.083240000000000000e+05
1.104880000000000000e+05
1.124970000000000000e+05
1.146850000000000000e+05
1.166650000000000000e+05
1.187700000000000000e+05
1.206730000000000000e+05
1.228710000000000000e+05
1.247900000000000000e+05
1.268400000000000000e+05
1.289360000000000000e+05
1.310660000000000000e+05
1.328430000000000000e+05
1.349570000000000000e+05
1.368270000000000000e+05
1.392100000000000000e+05
1.412540000000000000e+05
1.432440000000000000e+05
1.451990000000000000e+05
1.474430000000000000e+05
1.494140000000000000e+05
1.514630000000000000e+05
1.535410000000000000e+05
1.549900000000000000e+05
1.576000000000000000e+05
1.594890000000000000e+05
1.617790000000000000e+05
1.637010000000000000e+05
1.657500000000000000e+05
1.677420000000000000e+05
1.697280000000000000e+05
1.716750000000000000e+05
1.736380000000000000e+05
1.760730000000000000e+05
1.778550000000000000e+05
1.801230000000000000e+05
1.821950000000000000e+05
1.842490000000000000e+05
1.861840000000000000e+05
1.880180000000000000e+05
1.903970000000000000e+05
1.924260000000000000e+05
1.944430000000000000e+05
1.964330000000000000e+05
1.985690000000000000e+05
2.003810000000000000e+05
2.026970000000000000e+05
2.045010000000000000e+05
2.067840000000000000e+05
2.088390000000000000e+05
2.109260000000000000e+05
2.129220000000000000e+05
2.148390000000000000e+05
2.169600000000000000e+05
2.189950000000000000e+05
2.209880000000000000e+05
2.229820000000000000e+05
2.251260000000000000e+05
2.270870000000000000e+05
2.292810000000000000e+05
2.312660000000000000e+05
2.334410000000000000e+05
2.353620000000000000e+05
2.375650000000000000e+05
2.394280000000000000e+05
2.415860000000000000e+05
2.436840000000000000e+05
2.455300000000000000e+05
2.476190000000000000e+05
2.496480000000000000e+05
2.517850000000000000e+05
2.538210000000000000e+05
2.558970000000000000e+05
2.578480000000000000e+05
2.600070000000000000e+05
2.620320000000000000e+05
2.641010000000000000e+05
2.662080000000000000e+05
2.681350000000000000e+05
2.703090000000000000e+05
2.722620000000000000e+05
2.740800000000000000e+05
2.762240000000000000e+05
2.783580000000000000e+05
2.803660000000000000e+05
2.825430000000000000e+05
2.845100000000000000e+05
2.864930000000000000e+05
2.885550000000000000e+05
2.906900000000000000e+05
2.928580000000000000e+05
2.948020000000000000e+05
2.967980000000000000e+05
2.988040000000000000e+05
3.008680000000000000e+05
3.029220000000000000e+05
3.048680000000000000e+05
3.070930000000000000e+05
3.091630000000000000e+05
3.112730000000000000e+05
3.132050000000000000e+05
3.151410000000000000e+05
3.173280000000000000e+05
3.192670000000000000e+05
3.215280000000000000e+05
3.234990000000000000e+05
3.254530000000000000e+05
3.274880000000000000e+05
3.295620000000000000e+05
3.314980000000000000e+05
3.335370000000000000e+05
3.355140000000000000e+05
3.377550000000000000e+05
3.397060000000000000e+05
3.418310000000000000e+05
3.439690000000000000e+05
3.460100000000000000e+05
3.479210000000000000e+05
3.499270000000000000e+05
3.519620000000000000e+05
3.541960000000000000e+05
3.560460000000000000e+05
3.583780000000000000e+05
3.603020000000000000e+05
3.623190000000000000e+05
3.645230000000000000e+05
3.664360000000000000e+05
3.684180000000000000e+05
3.705040000000000000e+05
3.725690000000000000e+05
3.744770000000000000e+05
3.767000000000000000e+05
3.788790000000000000e+05
3.806330000000000000e+05
3.828900000000000000e+05
3.848790000000000000e+05
3.868850000000000000e+05
3.890740000000000000e+05
3.908290000000000000e+05
3.930370000000000000e+05
3.948900000000000000e+05
3.972260000000000000e+05
3.992880000000000000e+05
4.012620000000000000e+05
4.033940000000000000e+05
4.052570000000000000e+05
4.075430000000000000e+05
4.094840000000000000e+05
4.113900000000000000e+05
4.136250000000000000e+05
4.155880000000000000e+05
4.176590000000000000e+05
4.196440000000000000e+05
4.218320000000000000e+05
4.236810000000000000e+05
4.256500000000000000e+05
4.276760000000000000e+05
4.297180000000000000e+05
4.319700000000000000e+05
4.340210000000000000e+05
4.357910000000000000e+05
4.380180000000000000e+05
4.403170000000000000e+05
4.422980000000000000e+05
4.441640000000000000e+05
4.460650000000000000e+05
4.484490000000000000e+05
4.503200000000000000e+05
4.522640000000000000e+05
4.545760000000000000e+05
4.566990000000000000e+05
4.586190000000000000e+05
4.608000000000000000e+05
4.626450000000000000e+05
4.648240000000000000e+05
4.668740000000000000e+05
4.687160000000000000e+05
4.708190000000000000e+05
4.730860000000000000e+05
4.748020000000000000e+05
4.768180000000000000e+05
4.790240000000000000e+05
4.809370000000000000e+05
4.829990000000000000e+05
4.852900000000000000e+05
4.864710000000000000e+05
4.892650000000000000e+05
4.912370000000000000e+05
4.932700000000000000e+05
4.953160000000000000e+05
4.974000000000000000e+05
4.994000000000000000e+05
5.015720000000000000e+05
5.037500000000000000e+05
5.049510000000000000e+05
5.078670000000000000e+05
5.097450000000000000e+05
5.119680000000000000e+05
5.136110000000000000e+05
5.156380000000000000e+05
5.177810000000000000e+05
5.199450000000000000e+05
5.213000000000000000e+05
5.238840000000000000e+05
5.259810000000000000e+05
5.279960000000000000e+05
5.301700000000000000e+05
5.314990000000000000e+05
5.344430000000000000e+05
5.357660000000000000e+05
5.385250000000000000e+05
5.404830000000000000e+05
5.426360000000000000e+05
5.438530000000000000e+05
5.463070000000000000e+05
5.485260000000000000e+05
5.506180000000000000e+05
5.524630000000000000e+05
5.547250000000000000e+05
5.562590000000000000e+05
5.588800000000000000e+05
5.608250000000000000e+05
5.624160000000000000e+05
5.647130000000000000e+05
5.667640000000000000e+05
5.688980000000000000e+05
5.710890000000000000e+05
5.728040000000000000e+05
5.753110000000000000e+05
5.768780000000000000e+05
5.792030000000000000e+05
5.812200000000000000e+05
5.832350000000000000e+05
5.856990000000000000e+05
5.876240000000000000e+05
5.898100000000000000e+05
5.918480000000000000e+05
5.937800000000000000e+05
5.957750000000000000e+05
5.976890000000000000e+05
5.997200000000000000e+05
6.019670000000000000e+05
6.033820000000000000e+05
6.060310000000000000e+05
6.079370000000000000e+05
6.101090000000000000e+05
6.119750000000000000e+05
6.139010000000000000e+05
6.160950000000000000e+05
6.184390000000000000e+05
6.198670000000000000e+05
6.220740000000000000e+05
6.245520000000000000e+05
6.264470000000000000e+05
6.283000000000000000e+05
6.307490000000000000e+05
6.325830000000000000e+05
6.342310000000000000e+05
6.367500000000000000e+05
6.387360000000000000e+05
6.406190000000000000e+05
6.424500000000000000e+05
6.448820000000000000e+05
6.465850000000000000e+05
6.485310000000000000e+05
6.508850000000000000e+05
6.529350000000000000e+05
6.552140000000000000e+05
6.568750000000000000e+05
6.591200000000000000e+05
6.612180000000000000e+05
6.633210000000000000e+05
6.655420000000000000e+05
6.672620000000000000e+05
6.694090000000000000e+05
6.713320000000000000e+05
6.733960000000000000e+05
6.754660000000000000e+05
6.775590000000000000e+05
6.795560000000000000e+05
6.818500000000000000e+05
6.838200000000000000e+05
6.857400000000000000e+05
6.872820000000000000e+05
6.895890000000000000e+05
6.919490000000000000e+05
6.941710000000000000e+05
6.958860000000000000e+05
6.981470000000000000e+05
7.003720000000000000e+05
7.022590000000000000e+05
7.038360000000000000e+05
7.061310000000000000e+05
7.083780000000000000e+05
7.098000000000000000e+05
7.126140000000000000e+05
7.143740000000000000e+05
7.161920000000000000e+05
7.182720000000000000e+05
7.205280000000000000e+05
7.224070000000000000e+05
7.248470000000000000e+05
7.268470000000000000e+05
7.288440000000000000e+05
7.308440000000000000e+05
7.326930000000000000e+05
7.346930000000000000e+05
7.369600000000000000e+05
7.389660000000000000e+05
7.409200000000000000e+05
7.431630000000000000e+05
7.450460000000000000e+05
7.471930000000000000e+05
7.494830000000000000e+05
7.514830000000000000e+05
7.533660000000000000e+05
7.552220000000000000e+05
7.573160000000000000e+05
7.589390000000000000e+05
7.618460000000000000e+05
7.634310000000000000e+05
7.656890000000000000e+05
7.675380000000000000e+05
7.696490000000000000e+05
7.716810000000000000e+05
7.734270000000000000e+05
7.758990000000000000e+05
7.774830000000000000e+05
7.801150000000000000e+05
7.822530000000000000e+05
7.843070000000000000e+05
7.860480000000000000e+05
7.884140000000000000e+05
7.904530000000000000e+05
7.922190000000000000e+05
7.940800000000000000e+05
7.966660000000000000e+05
7.985570000000000000e+05
8.006200000000000000e+05
8.022220000000000000e+05
8.039080000000000000e+05
8.069080000000000000e+05
8.087710000000000000e+05
8.101970000000000000e+05
8.125760000000000000e+05
8.147350000000000000e+05
8.162340000000000000e+05
8.188790000000000000e+05
8.211490000000000000e+05
8.229950000000000000e+05
8.249690000000000000e+05
8.263990000000000000e+05
8.291010000000000000e+05
8.310250000000000000e+05
8.334890000000000000e+05
8.354890000000000000e+05
8.369210000000000000e+05
8.392950000000000000e+05
8.412950000000000000e+05
8.435040000000000000e+05
8.455040000000000000e+05
8.475100000000000000e+05
8.495100000000000000e+05
8.515100000000000000e+05
8.535100000000000000e+05
8.555100000000000000e+05
8.575790000000000000e+05
8.595790000000000000e+05
8.617000000000000000e+05
8.640000000000000000e+05
8.653200000000000000e+05
8.682610000000000000e+05
8.699190000000000000e+05
8.724310000000000000e+05
8.739720000000000000e+05
8.764800000000000000e+05
8.784800000000000000e+05
8.799800000000000000e+05
8.825090000000000000e+05
8.842350000000000000e+05
8.864090000000000000e+05
8.883910000000000000e+05
8.906930000000000000e+05
8.920890000000000000e+05
8.948970000000000000e+05
8.968180000000000000e+05
8.986660000000000000e+05
9.002810000000000000e+05
9.029030000000000000e+05
9.049030000000000000e+05
9.065170000000000000e+05
9.089140000000000000e+05
9.112360000000000000e+05
9.133910000000000000e+05
9.153580000000000000e+05
9.173470000000000000e+05
9.191490000000000000e+05
9.212890000000000000e+05
9.236430000000000000e+05
9.252990000000000000e+05
9.276610000000000000e+05
9.296070000000000000e+05
9.316070000000000000e+05
9.336490000000000000e+05
9.356490000000000000e+05
9.379720000000000000e+05
9.394110000000000000e+05
9.419040000000000000e+05
9.438830000000000000e+05
9.459710000000000000e+05
9.477500000000000000e+05
9.497300000000000000e+05
9.514010000000000000e+05
9.543360000000000000e+05
9.557810000000000000e+05
9.577810000000000000e+05
9.602330000000000000e+05
9.622760000000000000e+05
9.642810000000000000e+05
9.660800000000000000e+05
9.678970000000000000e+05
9.704700000000000000e+05
9.724700000000000000e+05
9.744670000000000000e+05
9.768130000000000000e+05
9.786290000000000000e+05
9.806840000000000000e+05
9.823250000000000000e+05
9.847800000000000000e+05
9.869890000000000000e+05
9.888590000000000000e+05
9.909510000000000000e+05
9.932210000000000000e+05
9.948340000000000000e+05
9.972820000000000000e+05
9.992560000000000000e+05
1.001416000000000000e+06
1.003159000000000000e+06
1.005159000000000000e+06
1.007159000000000000e+06
1.009152000000000000e+06
1.011482000000000000e+06
1.013366000000000000e+06
1.015756000000000000e+06
1.017431000000000000e+06
1.019420000000000000e+06
1.021617000000000000e+06
1.023617000000000000e+06
1.025724000000000000e+06
1.027430000000000000e+06
1.029731000000000000e+06
1.031933000000000000e+06
1.033699000000000000e+06
1.036144000000000000e+06
1.038008000000000000e+06
1.039798000000000000e+06
1.042417000000000000e+06
1.044039000000000000e+06
1.046281000000000000e+06
1.048480000000000000e+06
1.050214000000000000e+06
1.052486000000000000e+06
1.054264000000000000e+06
1.056184000000000000e+06
1.058659000000000000e+06
1.060659000000000000e+06
1.062849000000000000e+06
1.064931000000000000e+06
1.066579000000000000e+06
1.068766000000000000e+06
1.070749000000000000e+06
1.072302000000000000e+06
1.074851000000000000e+06
1.076823000000000000e+06
1.079091000000000000e+06
1.081335000000000000e+06
1.082912000000000000e+06
1.084911000000000000e+06
1.087326000000000000e+06
1.088681000000000000e+06
1.090803000000000000e+06
1.092803000000000000e+06
1.095552000000000000e+06
1.096758000000000000e+06
1.099294000000000000e+06
1.101730000000000000e+06
1.103194000000000000e+06
1.105525000000000000e+06
1.107266000000000000e+06
1.109454000000000000e+06
1.111787000000000000e+06
1.113299000000000000e+06
1.115976000000000000e+06
1.117900000000000000e+06
1.120077000000000000e+06
1.122077000000000000e+06
1.123923000000000000e+06
1.126301000000000000e+06
1.128301000000000000e+06
1.130165000000000000e+06
1.132324000000000000e+06
1.133593000000000000e+06
1.136629000000000000e+06
1.138499000000000000e+06
1.140527000000000000e+06
1.142500000000000000e+06
1.144744000000000000e+06
1.146450000000000000e+06
1.148877000000000000e+06
1.150110000000000000e+06
1.152469000000000000e+06
1.154812000000000000e+06
1.156942000000000000e+06
1.158819000000000000e+06
1.161090000000000000e+06
1.162821000000000000e+06
1.164990000000000000e+06
1.166609000000000000e+06
1.169054000000000000e+06
1.171054000000000000e+06
1.172813000000000000e+06
1.175280000000000000e+06
1.177517000000000000e+06
1.179491000000000000e+06
1.181391000000000000e+06
1.183610000000000000e+06
1.185267000000000000e+06
1.187767000000000000e+06
1.189562000000000000e+06
1.191746000000000000e+06
1.193787000000000000e+06
1.195580000000000000e+06
1.198074000000000000e+06
1.199855000000000000e+06
1.201418000000000000e+06
1.203665000000000000e+06
1.206128000000000000e+06
1.208172000000000000e+06
1.210003000000000000e+06
1.211860000000000000e+06
1.214198000000000000e+06
1.216032000000000000e+06
1.218524000000000000e+06
1.219843000000000000e+06
1.222272000000000000e+06
1.224518000000000000e+06
1.226453000000000000e+06
1.228193000000000000e+06
1.230498000000000000e+06
1.232770000000000000e+06
1.234759000000000000e+06
1.236583000000000000e+06
1.238391000000000000e+06
1.240243000000000000e+06
1.242346000000000000e+06
1.244782000000000000e+06
1.246608000000000000e+06
1.249088000000000000e+06
1.250981000000000000e+06
1.253358000000000000e+06
1.255281000000000000e+06
1.257072000000000000e+06
1.258667000000000000e+06
1.261401000000000000e+06
1.263451000000000000e+06
1.265598000000000000e+06
1.267074000000000000e+06
1.269698000000000000e+06
1.271698000000000000e+06
1.273164000000000000e+06
1.275458000000000000e+06
1.277925000000000000e+06
1.279706000000000000e+06
1.281716000000000000e+06
1.283914000000000000e+06
1.285894000000000000e+06
1.287963000000000000e+06
1.289853000000000000e+06
1.291458000000000000e+06
1.293839000000000000e+06
1.295839000000000000e+06
1.298193000000000000e+06
1.300193000000000000e+06
1.302193000000000000e+06
1.303844000000000000e+06
1.305895000000000000e+06
1.308656000000000000e+06
1.310096000000000000e+06
1.312038000000000000e+06
1.314038000000000000e+06
1.316854000000000000e+06
1.318672000000000000e+06
1.320031000000000000e+06
1.323001000000000000e+06
1.324992000000000000e+06
1.326913000000000000e+06
1.328892000000000000e+06
1.330946000000000000e+06
1.333022000000000000e+06
1.334448000000000000e+06
1.336642000000000000e+06
1.339243000000000000e+06
1.341243000000000000e+06
1.342855000000000000e+06
1.344890000000000000e+06
1.346890000000000000e+06
1.348890000000000000e+06
1.351403000000000000e+06
1.353340000000000000e+06
1.355770000000000000e+06
1.357428000000000000e+06
1.359520000000000000e+06
1.361103000000000000e+06
1.363103000000000000e+06
1.365103000000000000e+06
1.367836000000000000e+06
1.369503000000000000e+06
1.371340000000000000e+06
1.373244000000000000e+06
1.375786000000000000e+06
1.378128000000000000e+06
1.380128000000000000e+06
1.382250000000000000e+06
1.384125000000000000e+06
1.386427000000000000e+06
1.388213000000000000e+06
1.390447000000000000e+06
1.391827000000000000e+06
1.394463000000000000e+06
1.396463000000000000e+06
1.398354000000000000e+06
1.400348000000000000e+06
1.402712000000000000e+06
1.404276000000000000e+06
1.406575000000000000e+06
1.408901000000000000e+06
1.410901000000000000e+06
1.413054000000000000e+06
1.415040000000000000e+06
1.417018000000000000e+06
1.418424000000000000e+06
1.420885000000000000e+06
1.422600000000000000e+06
1.424600000000000000e+06
1.426828000000000000e+06
1.429483000000000000e+06
1.430663000000000000e+06
1.433583000000000000e+06
1.434781000000000000e+06
1.437287000000000000e+06
1.439700000000000000e+06
1.441265000000000000e+06
1.442960000000000000e+06
1.445258000000000000e+06
1.447258000000000000e+06
1.449653000000000000e+06
1.451562000000000000e+06
1.453586000000000000e+06
1.455603000000000000e+06
1.457504000000000000e+06
1.459957000000000000e+06
1.461617000000000000e+06
1.463934000000000000e+06
1.465798000000000000e+06
1.467961000000000000e+06
1.469961000000000000e+06
1.472265000000000000e+06
1.474265000000000000e+06
1.475833000000000000e+06
1.478529000000000000e+06
1.480471000000000000e+06
1.482471000000000000e+06
1.484471000000000000e+06
1.486331000000000000e+06
1.488069000000000000e+06
1.490499000000000000e+06
1.492499000000000000e+06
1.494330000000000000e+06
1.496775000000000000e+06
1.498775000000000000e+06
1.500761000000000000e+06
1.503155000000000000e+06
1.505155000000000000e+06
1.507155000000000000e+06
1.508398000000000000e+06
1.511286000000000000e+06
1.513270000000000000e+06
1.515051000000000000e+06
1.517312000000000000e+06
1.519457000000000000e+06
1.521396000000000000e+06
1.523216000000000000e+06
1.525227000000000000e+06
1.526987000000000000e+06
1.529612000000000000e+06
1.531391000000000000e+06
1.533158000000000000e+06
1.535875000000000000e+06
1.537919000000000000e+06
1.539579000000000000e+06
1.541945000000000000e+06
1.543945000000000000e+06
1.545945000000000000e+06
1.547945000000000000e+06
1.549945000000000000e+06
1.552082000000000000e+06
1.554353000000000000e+06
1.556216000000000000e+06
1.558398000000000000e+06
1.560398000000000000e+06
1.562398000000000000e+06
1.563951000000000000e+06
1.565951000000000000e+06
1.568435000000000000e+06
1.570788000000000000e+06
1.572788000000000000e+06
1.574663000000000000e+06
1.576927000000000000e+06
1.578459000000000000e+06
1.580955000000000000e+06
1.582754000000000000e+06
1.584754000000000000e+06
1.587153000000000000e+06
1.588852000000000000e+06
1.590852000000000000e+06
1.592367000000000000e+06
1.595013000000000000e+06
1.596845000000000000e+06
1.599441000000000000e+06
1.601005000000000000e+06
1.603005000000000000e+06
1.605005000000000000e+06
1.607151000000000000e+06
1.608810000000000000e+06
1.611311000000000000e+06
1.612849000000000000e+06
1.614883000000000000e+06
1.617180000000000000e+06
1.619678000000000000e+06
1.621707000000000000e+06
1.623088000000000000e+06
1.626088000000000000e+06
1.628146000000000000e+06
1.630146000000000000e+06
1.631667000000000000e+06
1.634115000000000000e+06
1.635459000000000000e+06
1.637459000000000000e+06
1.640304000000000000e+06
1.642304000000000000e+06
1.644037000000000000e+06
1.646403000000000000e+06
1.647734000000000000e+06
1.650100000000000000e+06
1.651990000000000000e+06
1.654676000000000000e+06
1.656646000000000000e+06
1.658315000000000000e+06
1.660528000000000000e+06
1.662937000000000000e+06
1.664935000000000000e+06
1.666788000000000000e+06
1.668433000000000000e+06
1.670864000000000000e+06
1.672538000000000000e+06
1.674880000000000000e+06
1.677210000000000000e+06
1.678473000000000000e+06
1.680633000000000000e+06
1.683000000000000000e+06
1.685030000000000000e+06
1.687030000000000000e+06
1.689579000000000000e+06
1.690903000000000000e+06
1.692903000000000000e+06
1.695717000000000000e+06
1.697020000000000000e+06
1.699371000000000000e+06
1.701449000000000000e+06
1.703449000000000000e+06
1.705111000000000000e+06
1.707111000000000000e+06
1.709371000000000000e+06
1.711791000000000000e+06
1.714122000000000000e+06
1.716071000000000000e+06
1.717784000000000000e+06
1.720169000000000000e+06
1.722169000000000000e+06
1.724007000000000000e+06
1.725661000000000000e+06
1.728089000000000000e+06
1.730537000000000000e+06
1.731905000000000000e+06
1.734229000000000000e+06
1.736443000000000000e+06
1.738443000000000000e+06
1.740182000000000000e+06
1.741997000000000000e+06
1.744514000000000000e+06
1.746514000000000000e+06
1.748935000000000000e+06
1.750141000000000000e+06
1.752872000000000000e+06
1.754970000000000000e+06
1.756744000000000000e+06
1.758495000000000000e+06
1.761010000000000000e+06
1.763260000000000000e+06
1.765276000000000000e+06
1.766851000000000000e+06
1.769186000000000000e+06
1.771186000000000000e+06
1.773550000000000000e+06
1.775597000000000000e+06
1.777411000000000000e+06
1.779595000000000000e+06
1.781176000000000000e+06
1.782820000000000000e+06
1.785637000000000000e+06
1.787717000000000000e+06
1.789448000000000000e+06
1.791231000000000000e+06
1.793757000000000000e+06
1.795833000000000000e+06
1.798070000000000000e+06
1.800070000000000000e+06
1.802070000000000000e+06
1.803618000000000000e+06
1.805767000000000000e+06
1.807767000000000000e+06
1.809648000000000000e+06
1.812359000000000000e+06
1.814080000000000000e+06
1.815688000000000000e+06
1.818430000000000000e+06
1.819754000000000000e+06
1.821754000000000000e+06
1.824320000000000000e+06
1.826487000000000000e+06
1.828487000000000000e+06
1.830663000000000000e+06
1.832381000000000000e+06
1.834737000000000000e+06
1.836374000000000000e+06
1.838709000000000000e+06
1.841029000000000000e+06
1.842212000000000000e+06
1.844944000000000000e+06
1.847266000000000000e+06
1.849090000000000000e+06
1.851260000000000000e+06
1.853020000000000000e+06
1.855183000000000000e+06
1.857078000000000000e+06
1.859516000000000000e+06
1.861580000000000000e+06
1.863580000000000000e+06
1.865519000000000000e+06
1.867457000000000000e+06
1.869457000000000000e+06
1.870966000000000000e+06
1.873280000000000000e+06
1.875210000000000000e+06
1.877552000000000000e+06
1.879552000000000000e+06
1.881833000000000000e+06
1.883895000000000000e+06
1.885556000000000000e+06
1.887854000000000000e+06
1.889628000000000000e+06
1.892060000000000000e+06
1.893842000000000000e+06
1.895968000000000000e+06
1.897834000000000000e+06
1.900470000000000000e+06
1.902012000000000000e+06
1.904392000000000000e+06
1.905697000000000000e+06
1.908136000000000000e+06
1.909958000000000000e+06
1.912513000000000000e+06
1.914513000000000000e+06
1.916501000000000000e+06
1.918937000000000000e+06
1.920708000000000000e+06
1.922841000000000000e+06
1.924841000000000000e+06
1.926670000000000000e+06
1.928874000000000000e+06
1.931232000000000000e+06
1.933081000000000000e+06
1.934550000000000000e+06
1.936979000000000000e+06
1.939306000000000000e+06
1.941018000000000000e+06
1.943128000000000000e+06
1.945230000000000000e+06
1.946792000000000000e+06
1.948792000000000000e+06
1.951609000000000000e+06
1.953609000000000000e+06
1.955289000000000000e+06
1.956889000000000000e+06
1.959761000000000000e+06
1.961170000000000000e+06
1.963170000000000000e+06
1.966019000000000000e+06
1.968019000000000000e+06
1.969486000000000000e+06
1.971362000000000000e+06
1.974107000000000000e+06
1.975580000000000000e+06
1.977800000000000000e+06
1.980331000000000000e+06
1.982255000000000000e+06
1.983954000000000000e+06
1.985954000000000000e+06
1.988170000000000000e+06
1.989871000000000000e+06
1.992213000000000000e+06
1.994607000000000000e+06
1.996792000000000000e+06
1.998391000000000000e+06
2.000883000000000000e+06
