2.045000000000000000e+03
4.086000000000000000e+03
6.106000000000000000e+03
8.134000000000000000e+03
1.017200000000000000e+04
1.227600000000000000e+04
1.432900000000000000e+04
1.626400000000000000e+04
1.824600000000000000e+04
2.043400000000000000e+04
2.234100000000000000e+04
2.456500000000000000e+04
2.636800000000000000e+04
2.860400000000000000e+04
3.061100000000000000e+04
3.263000000000000000e+04
3.475200000000000000e+04
3.682900000000000000e+04
3.874500000000000000e+04
4.088400000000000000e+04
4.299400000000000000e+04
4.491800000000000000e+04
4.694100000000000000e+04
4.910400000000000000e+04
5.119600000000000000e+04
5.276000000000000000e+04
5.522100000000000000e+04
5.729600000000000000e+04
5.938300000000000000e+04
6.132200000000000000e+04
6.323900000000000000e+04
6.546100000000000000e+04
6.734700000000000000e+04
6.957500000000000000e+04
7.156500000000000000e+04
7.369000000000000000e+04
7.548300000000000000e+04
7.756000000000000000e+04
7.984000000000000000e+04
8.186500000000000000e+04
8.394900000000000000e+04
8.587000000000000000e+04
8.806400000000000000e+04
8.996400000000000000e+04
9.209600000000000000e+04
9.401100000000000000e+04
9.613200000000000000e+04
9.824900000000000000e+04
1.003400000000000000e+05
1.023270000000000000e+05
1.043320000000000000e+05
1.062870000000000000e+05
1.085230000000000000e+05
1.105430000000000000e+05
1.125540000000000000e+05
1.146690000000000000e+05
1.165750000000000000e+05
1.186590000000000000e+05
1.208200000000000000e+05
1.227260000000000000e+05
1.247850000000000000e+05
1.269580000000000000e+05
1.290200000000000000e+05
1.310660000000000000e+05
1.329460000000000000e+05
1.350270000000000000e+05
1.371510000000000000e+05
1.392430000000000000e+05
1.412300000000000000e+05
1.433270000000000000e+05
1.453030000000000000e+05
1.473920000000000000e+05
1.494230000000000000e+05
1.513530000000000000e+05
1.535330000000000000e+05
1.555110000000000000e+05
1.576870000000000000e+05
1.596650000000000000e+05
1.617310000000000000e+05
1.637620000000000000e+05
1.657500000000000000e+05
1.678330000000000000e+05
1.698850000000000000e+05
1.719580000000000000e+05
1.740710000000000000e+05
1.760740000000000000e+05
1.779930000000000000e+05
1.801220000000000000e+05
1.822370000000000000e+05
1.842120000000000000e+05
1.863310000000000000e+05
1.883630000000000000e+05
1.903590000000000000e+05
1.924220000000000000e+05
1.945000000000000000e+05
1.965050000000000000e+05
1.986300000000000000e+05
2.006140000000000000e+05
2.027050000000000000e+05
2.046730000000000000e+05
2.068290000000000000e+05
2.087150000000000000e+05
2.108570000000000000e+05
2.128120000000000000e+05
2.150120000000000000e+05
2.170200000000000000e+05
2.189760000000000000e+05
2.211480000000000000e+05
2.230810000000000000e+05
2.251560000000000000e+05
2.271940000000000000e+05
2.293440000000000000e+05
2.312840000000000000e+05
2.333140000000000000e+05
2.353450000000000000e+05
2.374450000000000000e+05
2.396140000000000000e+05
2.416120000000000000e+05
2.437120000000000000e+05
2.457220000000000000e+05
2.478020000000000000e+05
2.497230000000000000e+05
2.518530000000000000e+05
2.538260000000000000e+05
2.559740000000000000e+05
2.579300000000000000e+05
2.600230000000000000e+05
2.620390000000000000e+05
2.641420000000000000e+05
2.661140000000000000e+05
2.682080000000000000e+05
2.703020000000000000e+05
2.722650000000000000e+05
2.743250000000000000e+05
2.763720000000000000e+05
2.783340000000000000e+05
2.805490000000000000e+05
2.825410000000000000e+05
2.845810000000000000e+05
2.865550000000000000e+05
2.886280000000000000e+05
2.908100000000000000e+05
2.927790000000000000e+05
2.948770000000000000e+05
2.968140000000000000e+05
2.988820000000000000e+05
3.009190000000000000e+05
3.029770000000000000e+05
3.051250000000000000e+05
3.071480000000000000e+05
3.090730000000000000e+05
3.110910000000000000e+05
3.132070000000000000e+05
3.153900000000000000e+05
3.172940000000000000e+05
3.193410000000000000e+05
3.213850000000000000e+05
3.234740000000000000e+05
3.255840000000000000e+05
3.275820000000000000e+05
3.296350000000000000e+05
3.315940000000000000e+05
3.337040000000000000e+05
3.356510000000000000e+05
3.377210000000000000e+05
3.397220000000000000e+05
3.419290000000000000e+05
3.438370000000000000e+05
3.460810000000000000e+05
3.480670000000000000e+05
3.500330000000000000e+05
3.520810000000000000e+05
3.542660000000000000e+05
3.561390000000000000e+05
3.582400000000000000e+05
3.603060000000000000e+05
3.622500000000000000e+05
3.645060000000000000e+05
3.665390000000000000e+05
3.684860000000000000e+05
3.706780000000000000e+05
3.725410000000000000e+05
3.747350000000000000e+05
3.767760000000000000e+05
3.787610000000000000e+05
3.806740000000000000e+05
3.828140000000000000e+05
3.848580000000000000e+05
3.869280000000000000e+05
3.889960000000000000e+05
3.911320000000000000e+05
3.930130000000000000e+05
3.952400000000000000e+05
3.971480000000000000e+05
3.992550000000000000e+05
4.013690000000000000e+05
4.031880000000000000e+05
4.054290000000000000e+05
4.073000000000000000e+05
4.093680000000000000e+05
4.115960000000000000e+05
4.136250000000000000e+05
4.154680000000000000e+05
4.177290000000000000e+05
4.195610000000000000e+05
4.217360000000000000e+05
4.237790000000000000e+05
4.256860000000000000e+05
4.279690000000000000e+05
4.300000000000000000e+05
4.320320000000000000e+05
4.339800000000000000e+05
4.360650000000000000e+05
4.381160000000000000e+05
4.401750000000000000e+05
4.421900000000000000e+05
4.444030000000000000e+05
4.462330000000000000e+05
4.484150000000000000e+05
4.502110000000000000e+05
4.523740000000000000e+05
4.543930000000000000e+05
4.563890000000000000e+05
4.587440000000000000e+05
4.607730000000000000e+05
4.627570000000000000e+05
4.648680000000000000e+05
4.668890000000000000e+05
4.687570000000000000e+05
4.708770000000000000e+05
4.729210000000000000e+05
4.748970000000000000e+05
4.766690000000000000e+05
4.788810000000000000e+05
4.812090000000000000e+05
4.831830000000000000e+05
4.853750000000000000e+05
4.874190000000000000e+05
4.893030000000000000e+05
4.913570000000000000e+05
4.935270000000000000e+05
4.955790000000000000e+05
4.974800000000000000e+05
4.996470000000000000e+05
5.012790000000000000e+05
5.037590000000000000e+05
5.055320000000000000e+05
5.075020000000000000e+05
5.098880000000000000e+05
5.117640000000000000e+05
5.139460000000000000e+05
5.159040000000000000e+05
5.177820000000000000e+05
5.198550000000000000e+05
5.221160000000000000e+05
5.238640000000000000e+05
5.258900000000000000e+05
5.283330000000000000e+05
5.303140000000000000e+05
5.317730000000000000e+05
5.342480000000000000e+05
5.361040000000000000e+05
5.386230000000000000e+05
5.400960000000000000e+05
5.424920000000000000e+05
5.444040000000000000e+05
5.464040000000000000e+05
5.485740000000000000e+05
5.505400000000000000e+05
5.526480000000000000e+05
5.547760000000000000e+05
5.569480000000000000e+05
5.588190000000000000e+05
5.603510000000000000e+05
5.628910000000000000e+05
5.649060000000000000e+05
5.672600000000000000e+05
5.689460000000000000e+05
5.712720000000000000e+05
5.732510000000000000e+05
5.754740000000000000e+05
5.772970000000000000e+05
5.793270000000000000e+05
5.816100000000000000e+05
5.836580000000000000e+05
5.854750000000000000e+05
5.875360000000000000e+05
5.898020000000000000e+05
5.912120000000000000e+05
5.937120000000000000e+05
5.953650000000000000e+05
5.975670000000000000e+05
6.000220000000000000e+05
6.020470000000000000e+05
6.038890000000000000e+05
6.061000000000000000e+05
6.082000000000000000e+05
6.101940000000000000e+05
6.120870000000000000e+05
6.136060000000000000e+05
6.163790000000000000e+05
6.184480000000000000e+05
6.203090000000000000e+05
6.221920000000000000e+05
6.246230000000000000e+05
6.264990000000000000e+05
6.280420000000000000e+05
6.305290000000000000e+05
6.324350000000000000e+05
6.346950000000000000e+05
6.366060000000000000e+05
6.386550000000000000e+05
6.402350000000000000e+05
6.426040000000000000e+05
6.450050000000000000e+05
6.466580000000000000e+05
6.491720000000000000e+05
6.512080000000000000e+05
6.526970000000000000e+05
6.551310000000000000e+05
6.567290000000000000e+05
6.587290000000000000e+05
6.605230000000000000e+05
6.630210000000000000e+05
6.652710000000000000e+05
6.674120000000000000e+05
6.696890000000000000e+05
6.710180000000000000e+05
6.736750000000000000e+05
6.750200000000000000e+05
6.773230000000000000e+05
6.797790000000000000e+05
6.816580000000000000e+05
6.836130000000000000e+05
6.855880000000000000e+05
6.875530000000000000e+05
6.895530000000000000e+05
6.922240000000000000e+05
6.935690000000000000e+05
6.961440000000000000e+05
6.982550000000000000e+05
7.000960000000000000e+05
7.024090000000000000e+05
7.043390000000000000e+05
7.062010000000000000e+05
7.078310000000000000e+05
7.102070000000000000e+05
7.122070000000000000e+05
7.138780000000000000e+05
7.158780000000000000e+05
7.183460000000000000e+05
7.206090000000000000e+05
7.229350000000000000e+05
7.249060000000000000e+05
7.263850000000000000e+05
7.289360000000000000e+05
7.309800000000000000e+05
7.323390000000000000e+05
7.346030000000000000e+05
7.363450000000000000e+05
7.389090000000000000e+05
7.412480000000000000e+05
7.429190000000000000e+05
7.447560000000000000e+05
7.471960000000000000e+05
7.495110000000000000e+05
7.508210000000000000e+05
7.531090000000000000e+05
7.551090000000000000e+05
7.576250000000000000e+05
7.591930000000000000e+05
7.611890000000000000e+05
7.637380000000000000e+05
7.657710000000000000e+05
7.677710000000000000e+05
7.691490000000000000e+05
7.715170000000000000e+05
7.739630000000000000e+05
7.756680000000000000e+05
7.781490000000000000e+05
7.800960000000000000e+05
7.820230000000000000e+05
7.835690000000000000e+05
7.861310000000000000e+05
7.875100000000000000e+05
7.899910000000000000e+05
7.924020000000000000e+05
7.940140000000000000e+05
7.962710000000000000e+05
7.982710000000000000e+05
8.001480000000000000e+05
8.019460000000000000e+05
8.047920000000000000e+05
8.069090000000000000e+05
8.089440000000000000e+05
8.108700000000000000e+05
8.128700000000000000e+05
8.146620000000000000e+05
8.168570000000000000e+05
8.185660000000000000e+05
8.204610000000000000e+05
8.229650000000000000e+05
8.252450000000000000e+05
8.266860000000000000e+05
8.292250000000000000e+05
8.314300000000000000e+05
8.333810000000000000e+05
8.354580000000000000e+05
8.374580000000000000e+05
8.393190000000000000e+05
8.413190000000000000e+05
8.431670000000000000e+05
8.453720000000000000e+05
8.476090000000000000e+05
8.496090000000000000e+05
8.512990000000000000e+05
8.539620000000000000e+05
8.559090000000000000e+05
8.574480000000000000e+05
8.595640000000000000e+05
8.614830000000000000e+05
8.634830000000000000e+05
8.662170000000000000e+05
8.682170000000000000e+05
8.696040000000000000e+05
8.723680000000000000e+05
8.742470000000000000e+05
8.764860000000000000e+05
8.785520000000000000e+05
8.803110000000000000e+05
8.818980000000000000e+05
8.842870000000000000e+05
8.862760000000000000e+05
8.885090000000000000e+05
8.902850000000000000e+05
8.927300000000000000e+05
8.949740000000000000e+05
8.968080000000000000e+05
8.984910000000000000e+05
9.007100000000000000e+05
9.028750000000000000e+05
9.044860000000000000e+05
9.071230000000000000e+05
9.088950000000000000e+05
9.105180000000000000e+05
9.133840000000000000e+05
9.150140000000000000e+05
9.170140000000000000e+05
9.190140000000000000e+05
9.213760000000000000e+05
9.229190000000000000e+05
9.255760000000000000e+05
9.276150000000000000e+05
9.295750000000000000e+05
9.312580000000000000e+05
9.335270000000000000e+05
9.355270000000000000e+05
9.376730000000000000e+05
9.391500000000000000e+05
9.420570000000000000e+05
9.440570000000000000e+05
9.460570000000000000e+05
9.480570000000000000e+05
9.494540000000000000e+05
9.521770000000000000e+05
9.536590000000000000e+05
9.555660000000000000e+05
9.584620000000000000e+05
9.604620000000000000e+05
9.625230000000000000e+05
9.640340000000000000e+05
9.665380000000000000e+05
9.685800000000000000e+05
9.705310000000000000e+05
9.721670000000000000e+05
9.746030000000000000e+05
9.766030000000000000e+05
9.782490000000000000e+05
9.802490000000000000e+05
9.821950000000000000e+05
9.846770000000000000e+05
9.866770000000000000e+05
9.891690000000000000e+05
9.910950000000000000e+05
9.930950000000000000e+05
9.947180000000000000e+05
9.964620000000000000e+05
9.987750000000000000e+05
1.000775000000000000e+06
1.003324000000000000e+06
1.005436000000000000e+06
1.007436000000000000e+06
1.009182000000000000e+06
1.011057000000000000e+06
1.013057000000000000e+06
1.015697000000000000e+06
1.017697000000000000e+06
1.019361000000000000e+06
1.021746000000000000e+06
1.023774000000000000e+06
1.025320000000000000e+06
1.027426000000000000e+06
1.029770000000000000e+06
1.031348000000000000e+06
1.033348000000000000e+06
1.035798000000000000e+06
1.038216000000000000e+06
1.040079000000000000e+06
1.041992000000000000e+06
1.044296000000000000e+06
1.046296000000000000e+06
1.048392000000000000e+06
1.050067000000000000e+06
1.051799000000000000e+06
1.054176000000000000e+06
1.056767000000000000e+06
1.058647000000000000e+06
1.060860000000000000e+06
1.062860000000000000e+06
1.064860000000000000e+06
1.066645000000000000e+06
1.068645000000000000e+06
1.070438000000000000e+06
1.073111000000000000e+06
1.074311000000000000e+06
1.076713000000000000e+06
1.078949000000000000e+06
1.081230000000000000e+06
1.083230000000000000e+06
1.084910000000000000e+06
1.086910000000000000e+06
1.089304000000000000e+06
1.090667000000000000e+06
1.092667000000000000e+06
1.095267000000000000e+06
1.097480000000000000e+06
1.099336000000000000e+06
1.101336000000000000e+06
1.103455000000000000e+06
1.105306000000000000e+06
1.107567000000000000e+06
1.109060000000000000e+06
1.111951000000000000e+06
1.113272000000000000e+06
1.115272000000000000e+06
1.117554000000000000e+06
1.119871000000000000e+06
1.121871000000000000e+06
1.123984000000000000e+06
1.126271000000000000e+06
1.128126000000000000e+06
1.130431000000000000e+06
1.132308000000000000e+06
1.134582000000000000e+06
1.136540000000000000e+06
1.138540000000000000e+06
1.140136000000000000e+06
1.142056000000000000e+06
1.144284000000000000e+06
1.146744000000000000e+06
1.148744000000000000e+06
1.150569000000000000e+06
1.152244000000000000e+06
1.154716000000000000e+06
1.156510000000000000e+06
1.158312000000000000e+06
1.161202000000000000e+06
1.162538000000000000e+06
1.164538000000000000e+06
1.166538000000000000e+06
1.168538000000000000e+06
1.170538000000000000e+06
1.173106000000000000e+06
1.175106000000000000e+06
1.177485000000000000e+06
1.179598000000000000e+06
1.180869000000000000e+06
1.182869000000000000e+06
1.184869000000000000e+06
1.187693000000000000e+06
1.189881000000000000e+06
1.191392000000000000e+06
1.193392000000000000e+06
1.195504000000000000e+06
1.197092000000000000e+06
1.199196000000000000e+06
1.202152000000000000e+06
1.203582000000000000e+06
1.205925000000000000e+06
1.207956000000000000e+06
1.209943000000000000e+06
1.211943000000000000e+06
1.214335000000000000e+06
1.215796000000000000e+06
1.218123000000000000e+06
1.220477000000000000e+06
1.222213000000000000e+06
1.224024000000000000e+06
1.226647000000000000e+06
1.228647000000000000e+06
1.230217000000000000e+06
1.232217000000000000e+06
1.234449000000000000e+06
1.236976000000000000e+06
1.238976000000000000e+06
1.240193000000000000e+06
1.242193000000000000e+06
1.245101000000000000e+06
1.246795000000000000e+06
1.248645000000000000e+06
1.250645000000000000e+06
1.252569000000000000e+06
1.255217000000000000e+06
1.257045000000000000e+06
1.259073000000000000e+06
1.260853000000000000e+06
1.262895000000000000e+06
1.265061000000000000e+06
1.267618000000000000e+06
1.269239000000000000e+06
1.271239000000000000e+06
1.273815000000000000e+06
1.275209000000000000e+06
1.277667000000000000e+06
1.279774000000000000e+06
1.281167000000000000e+06
1.283585000000000000e+06
1.285255000000000000e+06
1.287344000000000000e+06
1.290145000000000000e+06
1.291732000000000000e+06
1.294113000000000000e+06
1.296113000000000000e+06
1.297971000000000000e+06
1.300275000000000000e+06
1.301933000000000000e+06
1.304373000000000000e+06
1.306373000000000000e+06
1.308373000000000000e+06
1.309887000000000000e+06
1.312196000000000000e+06
1.314035000000000000e+06
1.316855000000000000e+06
1.318661000000000000e+06
1.320023000000000000e+06
1.322151000000000000e+06
1.324359000000000000e+06
1.326359000000000000e+06
1.328359000000000000e+06
1.331085000000000000e+06
1.333085000000000000e+06
1.334901000000000000e+06
1.336722000000000000e+06
1.338721000000000000e+06
1.340779000000000000e+06
1.343277000000000000e+06
1.344891000000000000e+06
1.347113000000000000e+06
1.349113000000000000e+06
1.351379000000000000e+06
1.353607000000000000e+06
1.355706000000000000e+06
1.357350000000000000e+06
1.359103000000000000e+06
1.361103000000000000e+06
1.363597000000000000e+06
1.365432000000000000e+06
1.367366000000000000e+06
1.369824000000000000e+06
1.371774000000000000e+06
1.373774000000000000e+06
1.376100000000000000e+06
1.377452000000000000e+06
1.380269000000000000e+06
1.382153000000000000e+06
1.384153000000000000e+06
1.386153000000000000e+06
1.387875000000000000e+06
1.390570000000000000e+06
1.392312000000000000e+06
1.394312000000000000e+06
1.396566000000000000e+06
1.398566000000000000e+06
1.400576000000000000e+06
1.402692000000000000e+06
1.404916000000000000e+06
1.406916000000000000e+06
1.408916000000000000e+06
1.410916000000000000e+06
1.412421000000000000e+06
1.414421000000000000e+06
1.416261000000000000e+06
1.419261000000000000e+06
1.421261000000000000e+06
1.423261000000000000e+06
1.424798000000000000e+06
1.427124000000000000e+06
1.429039000000000000e+06
1.430660000000000000e+06
1.432660000000000000e+06
1.435549000000000000e+06
1.437009000000000000e+06
1.438746000000000000e+06
1.441746000000000000e+06
1.443164000000000000e+06
1.445826000000000000e+06
1.447455000000000000e+06
1.449455000000000000e+06
1.451169000000000000e+06
1.453169000000000000e+06
1.455169000000000000e+06
1.458169000000000000e+06
1.459545000000000000e+06
1.462201000000000000e+06
1.464201000000000000e+06
1.465373000000000000e+06
1.468373000000000000e+06
1.470373000000000000e+06
1.472405000000000000e+06
1.473985000000000000e+06
1.475985000000000000e+06
1.478297000000000000e+06
1.480654000000000000e+06
1.482223000000000000e+06
1.484223000000000000e+06
1.486803000000000000e+06
1.488544000000000000e+06
1.490590000000000000e+06
1.492901000000000000e+06
1.494875000000000000e+06
1.496433000000000000e+06
1.498433000000000000e+06
1.500954000000000000e+06
1.502784000000000000e+06
1.505178000000000000e+06
1.506608000000000000e+06
1.508608000000000000e+06
1.510518000000000000e+06
1.512518000000000000e+06
1.515518000000000000e+06
1.516982000000000000e+06
1.518982000000000000e+06
1.520982000000000000e+06
1.523272000000000000e+06
1.525655000000000000e+06
1.527655000000000000e+06
1.529655000000000000e+06
1.531655000000000000e+06
1.532975000000000000e+06
1.535975000000000000e+06
1.537893000000000000e+06
1.539893000000000000e+06
1.541893000000000000e+06
1.543893000000000000e+06
1.545743000000000000e+06
1.547984000000000000e+06
1.549460000000000000e+06
1.551487000000000000e+06
1.553487000000000000e+06
1.556355000000000000e+06
1.558111000000000000e+06
1.560111000000000000e+06
1.562111000000000000e+06
1.564343000000000000e+06
1.566241000000000000e+06
1.568370000000000000e+06
1.570707000000000000e+06
1.572707000000000000e+06
1.574869000000000000e+06
1.576136000000000000e+06
1.578136000000000000e+06
1.580302000000000000e+06
1.582613000000000000e+06
1.584613000000000000e+06
1.586554000000000000e+06
1.588554000000000000e+06
1.590554000000000000e+06
1.593195000000000000e+06
1.595195000000000000e+06
1.596716000000000000e+06
1.598699000000000000e+06
1.601519000000000000e+06
1.603446000000000000e+06
1.604795000000000000e+06
1.607373000000000000e+06
1.609373000000000000e+06
1.611401000000000000e+06
1.612980000000000000e+06
1.615319000000000000e+06
1.617685000000000000e+06
1.619685000000000000e+06
1.621390000000000000e+06
1.623658000000000000e+06
1.625362000000000000e+06
1.628119000000000000e+06
1.630052000000000000e+06
1.632052000000000000e+06
1.634052000000000000e+06
1.636052000000000000e+06
1.637573000000000000e+06
1.639945000000000000e+06
1.641945000000000000e+06
1.644342000000000000e+06
1.646342000000000000e+06
1.648174000000000000e+06
1.649985000000000000e+06
1.651909000000000000e+06
1.654463000000000000e+06
1.656747000000000000e+06
1.658747000000000000e+06
1.660231000000000000e+06
1.662574000000000000e+06
1.664342000000000000e+06
1.666442000000000000e+06
1.668294000000000000e+06
1.670712000000000000e+06
1.672911000000000000e+06
1.674340000000000000e+06
1.676340000000000000e+06
1.678589000000000000e+06
1.680792000000000000e+06
1.682792000000000000e+06
1.685420000000000000e+06
1.687420000000000000e+06
1.688637000000000000e+06
1.691637000000000000e+06
1.693637000000000000e+06
1.695637000000000000e+06
1.697637000000000000e+06
1.699637000000000000e+06
1.701849000000000000e+06
1.703595000000000000e+06
1.705595000000000000e+06
1.707078000000000000e+06
1.709370000000000000e+06
1.711792000000000000e+06
1.713804000000000000e+06
1.715612000000000000e+06
1.717314000000000000e+06
1.720216000000000000e+06
1.722216000000000000e+06
1.723604000000000000e+06
1.726304000000000000e+06
1.728023000000000000e+06
1.730023000000000000e+06
1.732023000000000000e+06
1.734017000000000000e+06
1.736440000000000000e+06
1.738070000000000000e+06
1.740275000000000000e+06
1.741990000000000000e+06
1.743990000000000000e+06
1.746697000000000000e+06
1.748817000000000000e+06
1.751004000000000000e+06
1.752828000000000000e+06
1.754828000000000000e+06
1.756828000000000000e+06
1.758315000000000000e+06
1.760645000000000000e+06
1.762891000000000000e+06
1.764527000000000000e+06
1.767218000000000000e+06
1.769218000000000000e+06
1.771077000000000000e+06
1.773165000000000000e+06
1.775165000000000000e+06
1.777300000000000000e+06
1.778871000000000000e+06
1.781213000000000000e+06
1.783360000000000000e+06
1.785690000000000000e+06
1.787332000000000000e+06
1.789877000000000000e+06
1.791877000000000000e+06
1.793672000000000000e+06
1.795982000000000000e+06
1.797982000000000000e+06
1.799497000000000000e+06
1.801497000000000000e+06
1.803988000000000000e+06
1.805988000000000000e+06
1.808159000000000000e+06
1.810166000000000000e+06
1.812166000000000000e+06
1.814475000000000000e+06
1.816475000000000000e+06
1.818475000000000000e+06
1.820515000000000000e+06
1.822138000000000000e+06
1.823883000000000000e+06
1.825883000000000000e+06
1.827883000000000000e+06
1.830545000000000000e+06
1.832394000000000000e+06
1.834582000000000000e+06
1.836582000000000000e+06
1.838975000000000000e+06
1.841049000000000000e+06
1.842301000000000000e+06
1.844301000000000000e+06
1.847262000000000000e+06
1.849158000000000000e+06
1.851302000000000000e+06
1.853302000000000000e+06
1.855221000000000000e+06
1.857221000000000000e+06
1.858824000000000000e+06
1.861303000000000000e+06
1.862952000000000000e+06
1.865446000000000000e+06
1.867540000000000000e+06
1.869029000000000000e+06
1.871027000000000000e+06
1.873236000000000000e+06
1.875820000000000000e+06
1.877498000000000000e+06
1.879321000000000000e+06
1.881437000000000000e+06
1.883437000000000000e+06
1.885660000000000000e+06
1.887901000000000000e+06
1.889808000000000000e+06
1.892165000000000000e+06
1.894313000000000000e+06
1.895590000000000000e+06
1.898100000000000000e+06
1.900100000000000000e+06
1.902100000000000000e+06
1.904100000000000000e+06
1.906051000000000000e+06
1.908052000000000000e+06
1.910437000000000000e+06
1.912427000000000000e+06
1.914363000000000000e+06
1.916074000000000000e+06
1.918877000000000000e+06
1.920877000000000000e+06
1.922810000000000000e+06
1.924731000000000000e+06
1.926628000000000000e+06
1.928417000000000000e+06
1.931001000000000000e+06
1.932985000000000000e+06
1.935309000000000000e+06
1.936587000000000000e+06
1.939273000000000000e+06
1.941158000000000000e+06
1.943080000000000000e+06
1.945341000000000000e+06
1.946844000000000000e+06
1.948760000000000000e+06
1.951100000000000000e+06
1.953247000000000000e+06
1.955471000000000000e+06
1.957471000000000000e+06
1.959471000000000000e+06
1.961471000000000000e+06
1.963425000000000000e+06
1.965425000000000000e+06
1.967725000000000000e+06
1.969400000000000000e+06
1.971400000000000000e+06
1.973775000000000000e+06
1.976157000000000000e+06
1.978157000000000000e+06
1.979985000000000000e+06
1.981634000000000000e+06
1.984214000000000000e+06
1.986550000000000000e+06
1.988112000000000000e+06
1.989845000000000000e+06
1.992135000000000000e+06
1.994135000000000000e+06
1.995976000000000000e+06
1.998536000000000000e+06
1.999937000000000000e+06
2.002694000000000000e+06
