-9.049269705070291103e-02
1.046638802406068963e-01
2.996937068540463933e-01
7.462401431835921084e-01
1.244315877555224770e+00
2.145299880492138822e+00
3.007179596297188340e+00
4.626469300037317822e+00
5.613931036989105117e+00
8.123685253499171921e+00
1.054598592428405723e+01
1.304708939847214388e+01
1.515596889008581982e+01
1.723182648404688422e+01
1.847012188656499987e+01
2.037344791914205899e+01
2.263296135553197175e+01
2.503462848484279846e+01
2.682926737137852768e+01
2.754388230815462535e+01
2.759429364530741324e+01
2.818790696431689113e+01
2.938492658547976433e+01
3.040087010691105363e+01
3.215169512995597501e+01
3.259002535496619402e+01
3.360440137823260898e+01
3.467668116763446307e+01
3.512396767765107342e+01
3.574438472714656001e+01
3.645836749343881422e+01
3.609607135625010699e+01
3.642764731708982850e+01
3.638749083042544186e+01
3.634002373437981248e+01
3.602836973235338291e+01
3.598584687842184593e+01
3.538141664265337738e+01
3.499182057148505720e+01
3.418476498168561051e+01
3.486960090386595823e+01
3.528696877270220966e+01
3.574381020932157327e+01
3.618355180083208467e+01
3.677019061225870900e+01
3.681509575758457231e+01
3.758914907823866258e+01
3.826546534525044763e+01
3.865146000496547884e+01
3.886917169757906265e+01
3.875832235402110371e+01
3.903608319508253999e+01
3.914439624319307143e+01
3.958458574356244952e+01
3.951092457380168810e+01
4.003657888161176004e+01
4.041896084845419068e+01
4.093443059161572251e+01
4.143664705426344597e+01
4.200266266582386976e+01
4.218976241374841862e+01
4.258579349036170214e+01
4.298077111742983902e+01
4.300838756348393588e+01
4.278973207622002661e+01
4.275643155064649648e+01
4.316489112122057747e+01
4.379343213807413804e+01
4.388854774975581563e+01
4.412281101699245767e+01
4.451547942316702233e+01
4.444994082389940360e+01
4.465542185520258300e+01
4.505200567417438151e+01
4.572656771020966460e+01
4.583780632079775330e+01
4.598767287511608970e+01
4.650377714283458630e+01
4.698530054449350501e+01
4.682829436376484722e+01
4.755305274591769660e+01
4.866615125765299865e+01
4.908004704119453265e+01
4.959201646014358289e+01
4.969948556521973870e+01
5.014405690182480413e+01
5.127546344806449952e+01
5.178832374789055137e+01
5.297281074381096744e+01
5.428043427366728935e+01
5.544224477098993020e+01
5.692529443254329635e+01
5.797256279851373506e+01
5.977859496624919444e+01
6.186692831367488310e+01
6.378367414382120870e+01
6.637830268325322436e+01
6.914893403488926538e+01
7.079376482265938364e+01
7.286712085898611235e+01
7.479699415052050426e+01
7.660796637849281865e+01
7.875928071754013615e+01
8.116105610576890683e+01
8.296502813781087582e+01
8.543421008284185802e+01
8.811979463900689780e+01
9.187973941923981158e+01
9.477298647908173734e+01
9.820166256293508411e+01
9.953470871317941260e+01
1.023337970273282309e+02
1.041956602119510222e+02
1.061259455260537123e+02
1.069139363072774671e+02
1.084067271165017132e+02
1.095046453306864152e+02
1.119226118517166242e+02
1.123598746814652571e+02
1.142357934894163805e+02
1.154564298869345293e+02
1.165808093033788992e+02
1.167206629078458917e+02
1.177433412493142555e+02
1.189999447188273507e+02
1.198548457109202587e+02
1.185392924966073736e+02
1.160975006678182382e+02
1.153562187305717686e+02
1.167789279666726685e+02
1.184990916449322498e+02
1.190322073890565804e+02
1.191336825004487707e+02
1.201757266024508795e+02
1.211711582439015871e+02
1.221469655912447365e+02
1.231028419749357283e+02
1.240988343566947094e+02
1.274284900280227646e+02
1.282017529138986447e+02
1.288156468466877129e+02
1.295914327008060809e+02
1.316179092794157270e+02
1.337132455798540889e+02
1.347006573798620650e+02
1.345572198751129065e+02
1.360955873442973143e+02
1.396885529959154155e+02
1.414919751456185395e+02
1.434385232712132279e+02
1.434089876199803371e+02
1.426849262392922242e+02
1.454809888112391434e+02
1.465738446594463653e+02
1.480021188088501845e+02
1.481077529063477982e+02
1.501287540686302862e+02
1.504327089332940659e+02
1.518283899613311121e+02
1.541438302044302020e+02
1.559535031392955489e+02
1.565566548066466623e+02
1.556574010367818062e+02
1.572298787684277386e+02
1.570626288738920380e+02
1.570595097354821519e+02
1.571796485296143828e+02
1.560846041658268462e+02
1.562335858705589544e+02
1.553026535771284671e+02
1.556662258795507796e+02
1.535874412138850573e+02
1.505611020382460481e+02
1.496587377247359996e+02
1.475647867919828116e+02
1.437570886740458320e+02
1.413109331091903584e+02
1.385235315116379411e+02
1.412480454090165267e+02
1.402402294102712688e+02
1.375052537413326661e+02
1.358514034083214881e+02
1.354304752590243197e+02
1.364957847891659810e+02
1.354295880421712468e+02
1.363106729309399725e+02
1.356742230455485583e+02
1.367410815040311434e+02
1.365030046152062937e+02
1.390214472581831728e+02
1.392607519732882508e+02
1.359384695026379291e+02
1.375603222032877682e+02
1.395389917590665334e+02
1.407108533981848097e+02
1.411208733266028901e+02
1.423993408397496978e+02
1.431318813239545307e+02
1.420838217784851167e+02
1.423408206313626181e+02
1.397156266213085019e+02
1.416339791597330873e+02
1.432769854248873571e+02
1.436805089777657543e+02
1.424077015431468851e+02
1.424518975248286949e+02
1.449029558641058202e+02
1.476630636227594096e+02
1.469348572006040001e+02
1.462318256871702715e+02
1.449722582340583301e+02
1.448232402628067348e+02
1.448863845342696948e+02
1.431187182754013065e+02
1.420330103310251673e+02
1.418118446736116027e+02
1.426855769475783973e+02
1.427045267370309318e+02
1.424986165690009443e+02
1.437137948542340098e+02
1.459930046087443714e+02
1.461210278935596136e+02
1.460925959809042922e+02
1.440517000956614595e+02
1.435259056654658991e+02
1.435800463363404447e+02
1.416502947979423084e+02
1.373676804643179707e+02
1.352119563253364731e+02
1.357102145938404476e+02
1.322931779303829103e+02
1.313452150049257341e+02
1.311525785136218190e+02
1.321999510894532648e+02
1.323343376401010687e+02
1.314647697498380410e+02
1.313038736788641074e+02
1.315332288442601794e+02
1.313643144414239430e+02
1.292144154920231642e+02
1.286178917165254347e+02
1.302822696828314974e+02
1.320308285111025270e+02
1.332210096622307276e+02
1.340399885122654666e+02
1.353869294467103828e+02
1.348029745381352313e+02
1.355417041736794772e+02
1.356027407786995980e+02
1.365782889863229741e+02
1.364424348406348884e+02
1.391571216795769601e+02
1.420784552430930603e+02
1.405055662827874983e+02
1.418278600995724901e+02
1.428860164146552734e+02
1.441675182190558928e+02
1.437163919985061398e+02
1.464622315504502978e+02
1.427851571860482807e+02
1.468980689486292022e+02
1.481222373349403938e+02
1.485374693412464921e+02
1.472701660969262321e+02
1.477819466924203482e+02
1.473169719110394169e+02
1.476781853066315193e+02
1.501694054930504763e+02
1.533494752110122192e+02
1.561229446907975102e+02
1.590491788936602688e+02
1.621158641026997032e+02
1.622514755525009207e+02
1.612818751363330421e+02
1.641949619693380384e+02
1.632801578732166377e+02
1.657173795485581422e+02
1.686939627902521579e+02
1.690670746687312942e+02
1.678101686565695161e+02
1.701434525332250871e+02
1.717572561054277003e+02
1.751471026016988333e+02
1.762243922986861548e+02
1.761093457306662344e+02
1.787923128429600297e+02
1.800850528711500829e+02
1.770185001947766352e+02
1.771884296171022015e+02
1.780915852642558832e+02
1.806536858471286280e+02
1.752166500058242207e+02
1.692915957921381107e+02
1.729958729042210450e+02
1.708563823693900758e+02
1.704729266263819341e+02
1.724685173907836599e+02
1.759661170199536286e+02
1.794055746216164664e+02
1.773797796895902934e+02
1.808136283645320646e+02
1.796201332498443719e+02
1.760435774356676575e+02
1.807164593360803337e+02
1.808693816596991439e+02
1.844689734365663867e+02
1.866977444806064170e+02
1.864179712031408656e+02
1.868833301934533893e+02
1.843045818073799182e+02
1.842847817787528300e+02
1.871225885900353774e+02
1.846379308716750245e+02
1.856504724105817559e+02
1.889541632756211698e+02
1.911959258538837503e+02
1.919061301027396667e+02
1.943102483496159039e+02
1.981331546163182509e+02
2.002896033631726027e+02
2.053189256500889428e+02
2.077297065695865683e+02
2.044467936574864098e+02
2.054937310252004750e+02
2.043858716379441773e+02
2.029029521011716213e+02
2.011714201295237956e+02
2.042707342261472832e+02
2.025255826313867260e+02
2.067098859520404233e+02
2.112670363762424017e+02
2.112753486761893100e+02
2.075248941940021155e+02
2.075153383687408564e+02
2.052253772766888176e+02
2.081547929923285096e+02
2.090582318847568501e+02
2.114568656472842463e+02
2.156017421120531026e+02
2.198529594083175596e+02
2.237189231465419539e+02
2.199763640397652011e+02
2.229347645743430917e+02
2.214968247747945895e+02
2.221495187485628549e+02
2.211043641914640148e+02
2.197608103571847948e+02
2.179031150481880843e+02
2.195658149188208199e+02
2.219658242560695101e+02
2.253094083062573816e+02
2.260509676696905785e+02
2.275831492576997732e+02
2.280360589377488623e+02
2.318938039823832469e+02
2.349468521795087383e+02
2.356407264116280942e+02
2.388216482608357865e+02
2.391187087073062401e+02
2.413606164282238637e+02
2.468281392731143171e+02
2.468556321553083706e+02
2.490122824869900455e+02
2.435942253492013378e+02
2.423971550563431947e+02
2.473688088796966724e+02
2.483826492295030732e+02
2.482479119760349704e+02
2.489892442711459921e+02
2.509000661123298528e+02
2.531405419110823516e+02
2.516161600505957949e+02
2.534034426665643593e+02
2.500847166286551158e+02
2.465975269912428587e+02
2.499937592591880104e+02
2.522707435310329913e+02
2.495214881321991527e+02
2.501943343949996006e+02
2.464043429630806941e+02
2.477063815809146092e+02
2.443127557510115082e+02
2.379440691322533610e+02
2.348967753955966771e+02
2.313960360032125436e+02
2.322260082923032769e+02
2.309128950214485769e+02
2.321937195817313011e+02
2.340878487526350114e+02
2.347708741676939894e+02
2.329056204084935473e+02
2.365817903493056065e+02
2.367405573157802507e+02
2.375357570540365941e+02
2.403266582860663334e+02
2.372914472837503581e+02
2.396831503052679295e+02
2.388688305337414874e+02
2.413321913303431927e+02
2.452042241171913588e+02
2.447952100840752507e+02
2.375632018622885937e+02
2.347663999530308843e+02
2.353853445226861822e+02
2.358108448612462666e+02
2.352670639611322940e+02
2.372650576986386284e+02
2.384239205706971632e+02
2.390905023928397100e+02
2.387912599738456549e+02
2.424232605111058660e+02
2.460236800867128011e+02
2.477384005148415724e+02
2.512006808154129658e+02
2.538535476902722792e+02
2.570763991921488696e+02
2.601015301635578112e+02
2.643621889604769990e+02
2.686304581411500294e+02
2.697224530535035569e+02
2.680158120457026030e+02
2.636268550024117303e+02
2.591822960515811474e+02
2.571524738371494436e+02
2.592683370098301339e+02
2.523652291098050284e+02
2.476337315951024607e+02
2.483604936539803703e+02
2.483233615874009388e+02
2.519610321267728352e+02
2.504371972919277027e+02
2.515208217250649909e+02
2.485872674001721236e+02
2.479456188244627697e+02
2.524402227634000440e+02
2.538621726931699243e+02
2.564634694187960235e+02
2.560813588195014177e+02
2.590738529802076187e+02
2.608069243287514496e+02
2.639871504433894529e+02
2.622457223578922481e+02
2.621880885690658829e+02
2.654991700643437298e+02
2.668917056542416049e+02
2.648470666604156349e+02
2.630582880877946650e+02
2.646528230940250523e+02
2.608656219374938701e+02
2.620635129687877338e+02
2.622317845934541083e+02
2.609832675961006316e+02
2.590980039044619616e+02
2.626384672709076540e+02
2.660331255613990606e+02
2.714328963621654225e+02
2.736425952337386889e+02
2.769109371584164023e+02
2.794164468412852784e+02
2.794279405856087237e+02
2.783429106286619685e+02
2.809060815211744284e+02
2.848105176949077872e+02
2.891972946110639668e+02
2.847344151912733423e+02
2.874614509593556022e+02
2.809043046810168107e+02
2.806703889495600492e+02
2.792854595379893112e+02
2.837713814844150875e+02
2.821032562548416536e+02
2.842621246551275362e+02
2.863206565237824179e+02
2.860195084634262912e+02
2.841891212613045354e+02
2.836096325693495146e+02
2.856106202087257202e+02
2.830252009021641584e+02
2.868251217798758717e+02
2.837795594831607673e+02
2.849132743328926267e+02
2.870450898111452034e+02
2.884865698376049750e+02
2.851782970428974977e+02
2.858112598775015272e+02
2.829591021850585548e+02
2.809955797614169342e+02
2.838170673344822603e+02
2.802129993696228212e+02
2.735407178823479057e+02
2.676121244007576934e+02
2.672931726131288883e+02
2.691051468048738116e+02
2.697318616237737388e+02
2.722784676881631754e+02
2.736970726075534799e+02
2.733999887804834543e+02
2.719143848516976050e+02
2.745215037309563400e+02
2.802141911678334054e+02
2.831128441236355684e+02
2.856720742127930635e+02
2.883347472001175333e+02
2.919464992524866034e+02
2.950741549883315997e+02
2.974830374062196370e+02
2.958721049366120610e+02
2.969739343012646486e+02
2.971782598469948198e+02
2.949417661380041409e+02
2.970563909859215528e+02
2.965632813765295168e+02
2.947857122268449643e+02
2.942877616773436102e+02
2.956549453097779292e+02
2.958888507176292251e+02
2.976002442388045779e+02
2.979690563111756774e+02
2.993852316191500904e+02
3.013039594878499088e+02
3.018783411153950169e+02
3.056525121520878656e+02
3.109663444359999858e+02
3.110477030469063493e+02
3.129752423777983381e+02
3.117076647279595818e+02
3.113356262231249048e+02
3.132936856571661792e+02
3.153153671543738596e+02
3.197799964386034048e+02
3.240138029384984293e+02
3.246522446772850685e+02
3.266372437437472627e+02
3.281082281196291888e+02
3.279028806193172727e+02
3.259710589118329835e+02
3.247309995924899795e+02
3.266705432028868472e+02
3.262566093534737774e+02
3.277209802738265125e+02
3.261625994565600877e+02
3.270546622744883507e+02
3.274947579523620789e+02
3.282119163548759957e+02
3.290684594463156714e+02
3.286753922740008989e+02
3.251561914098727470e+02
3.255965537739252795e+02
3.208691355061197896e+02
3.227436753872477198e+02
3.198799082458732528e+02
3.225243153622658383e+02
3.221695628840046766e+02
3.228735676980489870e+02
3.250906772967956044e+02
3.222569303971615113e+02
3.181809501150981987e+02
3.120121978534240839e+02
3.075048472283610863e+02
3.059413943663881810e+02
3.019378220532466912e+02
3.034397720749639689e+02
2.998527516676686560e+02
3.031515515262524900e+02
3.050034230855555393e+02
3.047032734651257329e+02
3.009811176935298818e+02
3.006405790861753644e+02
2.975989043779161989e+02
2.975030467562080503e+02
2.926553121335725791e+02
2.958705994014775342e+02
2.976215760157800219e+02
2.961003845905548815e+02
2.939692489897271344e+02
2.879684267908839956e+02
2.879309814668982312e+02
2.861890821591902068e+02
2.849994196290135164e+02
2.733708658044831168e+02
2.751813995904763601e+02
2.748429936227458938e+02
2.766661078744792803e+02
2.770453075675114292e+02
2.760814494424329268e+02
2.789240898591644395e+02
2.784880783191955516e+02
2.797658802871933403e+02
2.761796124688578971e+02
2.747322555306926120e+02
2.781525515455982713e+02
2.768006722776268589e+02
2.806542316184603578e+02
2.845310254852919911e+02
2.827040680495717879e+02
2.823680076934238059e+02
2.821168164463968537e+02
2.812675810662829576e+02
2.821105644183300569e+02
2.824633124428763722e+02
2.808264116796033818e+02
2.820433032617590356e+02
2.843747260561094095e+02
2.859269711452612341e+02
2.840200378288179763e+02
2.880910238882608496e+02
2.868893726320544602e+02
2.874466841242716555e+02
2.871847711730252399e+02
2.891750845385782895e+02
2.894863084001327138e+02
2.915598116014560901e+02
2.915311318636664737e+02
2.877022927889256039e+02
2.905946787142905237e+02
2.945962560824189609e+02
2.969254744323851014e+02
2.956821884429108422e+02
2.915074068990995784e+02
2.950040222987863103e+02
2.976173288843217506e+02
2.935016395148592210e+02
2.907069574619923742e+02
2.889480817745736090e+02
2.857301938534814099e+02
2.884769503579112211e+02
2.894781614124870543e+02
2.847729996616608901e+02
2.802029006924949499e+02
2.800461423561911261e+02
2.790599210831392156e+02
2.828874556693215254e+02
2.802970705371000122e+02
2.764821239855272665e+02
2.757476212631119665e+02
2.744895788768837406e+02
2.740608849843885650e+02
2.720029974711665659e+02
2.708377675461437093e+02
2.733511384572883003e+02
2.679087859608361555e+02
2.658457351650033615e+02
2.645755529755431894e+02
2.653958572313472359e+02
2.635108185477088227e+02
2.629577282952527639e+02
2.639878791730429271e+02
2.665694322140070085e+02
2.638074725549321897e+02
2.684886668076935052e+02
2.698890394084068589e+02
2.692675338235678737e+02
2.731372327451229580e+02
2.737799462926003002e+02
2.760172440020345448e+02
2.764898594467632051e+02
2.776142554901605308e+02
2.794445286327667759e+02
2.824773433816602051e+02
2.847511887859425883e+02
2.856142540467790241e+02
2.876987148408824737e+02
2.866032703331804896e+02
2.930920621527023968e+02
2.947112754890049473e+02
2.924116738553038317e+02
2.895748494138812248e+02
2.918536362874668839e+02
2.941882240972699378e+02
2.965779075410048335e+02
2.979954401126388461e+02
3.009529780525680849e+02
3.038654068437028286e+02
3.038767203069731977e+02
3.056999388038309462e+02
3.091146299059199123e+02
3.064149193012348178e+02
3.067308971252845708e+02
3.068277377499086924e+02
3.084621038302462921e+02
3.059116503978077048e+02
3.073088517037612633e+02
3.062108276396538713e+02
3.120212803313497147e+02
3.071903617869095342e+02
3.075464042845866857e+02
3.111932251954699495e+02
3.112853668475960944e+02
3.101207161468573190e+02
3.104855695949149776e+02
3.108822373860516564e+02
3.111126815220939079e+02
3.083990572832208841e+02
3.099963843097919494e+02
3.060678380351457122e+02
3.071736285149376045e+02
3.068195311482394345e+02
3.029130762409238287e+02
3.030096013317808570e+02
3.075940862447307040e+02
3.066261505657490147e+02
3.064649475544185293e+02
3.107076985543520777e+02
3.121084311871255181e+02
3.168328921358035473e+02
3.146143298035652265e+02
3.140508075090654074e+02
3.141498069338499022e+02
3.131633807239463749e+02
3.154626715565099175e+02
3.171392749263292217e+02
3.149501962232033634e+02
3.105645199871975137e+02
3.086584116260881956e+02
3.128637291066113448e+02
3.114112035318585185e+02
3.114795145916348815e+02
3.132846450030801861e+02
3.167051557684238787e+02
3.205639903612220110e+02
3.207395478043488879e+02
3.205104885478439769e+02
3.207787975114515007e+02
3.256583699883838108e+02
3.276833924016258948e+02
3.300403954120706658e+02
3.291099640958354371e+02
3.286436074295968979e+02
3.349613973133670015e+02
3.313359055474928709e+02
3.315624381313155595e+02
3.275894713100647664e+02
3.296863986462153093e+02
3.314432326523011056e+02
3.328997746342286632e+02
3.353002140267969935e+02
3.360208010151475833e+02
3.329917599245956694e+02
3.337098913751382270e+02
3.328002507451755605e+02
3.297527479641738068e+02
3.297720692375179965e+02
3.267395888629408205e+02
3.256697312495438155e+02
3.265552904021990912e+02
3.282440754237244960e+02
3.299463931269683030e+02
3.286383504002195650e+02
3.331779366921501264e+02
3.331242624868685880e+02
3.321436176468463373e+02
3.341986393537764570e+02
3.379971470844382679e+02
3.397023193804016614e+02
3.441880390109452605e+02
3.438921854186221481e+02
3.448054114876120479e+02
3.468917207410101469e+02
3.504480234159749443e+02
3.484951854026455180e+02
3.514539404561733704e+02
3.466437772776184261e+02
3.474565027094445213e+02
3.475799665679329564e+02
3.457139358137343379e+02
3.424681518353801266e+02
3.424648263257932399e+02
3.424480762595173360e+02
3.415434761650421365e+02
3.405960985565710075e+02
3.433316888031778831e+02
3.419788724156121589e+02
3.433785623239621714e+02
3.457940382607241645e+02
3.404114733603158811e+02
3.404484112708912562e+02
3.400498784847251841e+02
3.413933552054747338e+02
3.442370294320495532e+02
3.464288387000655121e+02
3.472962488314811367e+02
3.483133755902135249e+02
3.508824012543525441e+02
3.522949916825972991e+02
3.546346747451883061e+02
3.561285546284548218e+02
3.549001251957303111e+02
3.570248977964767505e+02
3.570633022177975135e+02
3.556659193327681692e+02
3.552119613041550679e+02
3.549575788781762071e+02
3.529145509019672886e+02
3.549619339393440782e+02
3.563627561140164630e+02
3.529595827037409776e+02
3.528941591286757671e+02
3.519520105533824221e+02
3.506387831871158482e+02
3.483732226534822303e+02
3.456938916325619857e+02
3.475833409893928092e+02
3.473944888290606627e+02
3.482393384715602451e+02
3.455315875909137162e+02
3.452517204002630251e+02
3.470583363298646873e+02
3.481423533574521798e+02
3.476082973069076729e+02
3.435950970789820076e+02
3.438211504546285937e+02
3.422524726906170827e+02
3.411139099534066759e+02
3.396743240980351288e+02
3.404271246479390811e+02
3.433606628587377259e+02
3.458942810785691790e+02
3.453832272233679532e+02
3.428469351491600037e+02
3.429796391444936035e+02
3.444405665662267779e+02
3.434683702679934640e+02
3.436260216076560141e+02
3.417175655567587569e+02
3.378169516051821120e+02
3.360916007924423070e+02
3.383407963258234190e+02
3.409857421746385171e+02
3.381237334205263210e+02
3.370865226559267285e+02
3.402503900229676788e+02
3.395739839192990530e+02
3.397622427834261316e+02
3.416052685546383714e+02
3.394659693351758278e+02
3.388582585009506261e+02
3.416832450515443043e+02
3.415776512815666592e+02
3.414938274410303052e+02
3.426574990032519281e+02
3.479076371132885015e+02
3.482152850883392148e+02
3.513251424724687126e+02
3.412718304541890575e+02
3.413278155108964711e+02
3.425872878254348848e+02
3.428859820299305738e+02
3.377916191350721533e+02
3.393551173357642483e+02
3.385369050416489358e+02
3.415686795351232377e+02
3.398431316285835919e+02
3.419354785684607236e+02
3.413171810005172233e+02
3.463103986214001679e+02
3.446898168302726617e+02
3.451861326329077428e+02
3.451781074961967306e+02
3.453560747772459649e+02
3.449284321987016142e+02
3.434854487096724256e+02
3.397014728218559867e+02
3.357894430062302149e+02
3.375734285615455974e+02
3.362262206648749157e+02
3.413785358743156166e+02
3.424548278567062312e+02
3.420120165476035368e+02
3.421360804078556725e+02
3.427948722501832322e+02
3.448927840006891188e+02
3.445507398625302358e+02
3.419724911812240293e+02
3.398175391813992405e+02
3.389039378317439173e+02
3.406375397683163442e+02
3.392661804568545563e+02
3.393558062718867063e+02
3.364205273051188101e+02
3.342019406494525242e+02
3.342148578174422937e+02
3.327868690298353727e+02
3.323622960522702670e+02
3.331562968343262128e+02
3.397469300484491441e+02
3.431985166036361647e+02
3.446552555589306621e+02
3.440312144223778432e+02
3.464472321892242235e+02
3.433932151280683343e+02
3.439002017206701680e+02
3.450344219430164117e+02
3.455159980398166226e+02
3.448700303929218194e+02
3.448449410028094348e+02
3.455016489125922021e+02
3.455430213822678525e+02
3.485396112890637710e+02
3.480855725260759073e+02
3.482708294727578959e+02
3.404370345693577633e+02
3.408999922445124184e+02
3.405564519153458036e+02
3.450317085806735804e+02
3.481093011632302705e+02
3.481717947768931936e+02
3.486254737449824006e+02
3.500341472761163573e+02
3.514023854768362867e+02
3.517710989311146363e+02
3.516999952410490096e+02
3.519251325401064037e+02
3.519776945514749400e+02
3.534351137969514980e+02
3.540407823319313252e+02
3.558567745601450838e+02
3.582998980915901939e+02
3.585197171832797949e+02
3.597419044658143434e+02
3.600108133773446184e+02
3.608199613090731077e+02
3.639457975904209093e+02
3.610133171553479201e+02
3.638000041170676582e+02
3.639257241963230172e+02
3.651040428817573229e+02
3.629202402277500141e+02
3.637868709710652979e+02
3.638072991411300450e+02
3.638805063764095280e+02
3.668969803452120573e+02
3.664907388654256124e+02
3.652824707175278149e+02
3.668342513857393214e+02
3.686157230402587288e+02
3.683253007603889273e+02
3.689097547351395860e+02
3.702730945066322761e+02
3.711031838815283095e+02
3.664278713884219201e+02
3.664778164877476456e+02
3.647525212080229267e+02
3.649780958066462517e+02
3.643913020104279781e+02
3.672747518641807005e+02
3.700596723242944677e+02
3.704803112024775373e+02
3.725268802863850510e+02
3.691544228231978764e+02
3.698766202834267460e+02
3.718432582685236980e+02
3.720154104187559483e+02
3.686852610554925036e+02
3.686380350720048114e+02
3.647196632385584394e+02
3.626340162071069813e+02
3.628485952022033416e+02
3.592271079083568566e+02
3.588676381627851697e+02
3.531933117891915117e+02
3.484144425969563486e+02
3.459081134786005691e+02
3.464628596236948397e+02
3.468670347866969905e+02
3.497034932924158284e+02
3.495398920437889956e+02
3.467148318398949982e+02
3.469458059177792961e+02
3.487946430877627222e+02
3.471160233133564361e+02
3.456800873486779437e+02
3.413787351947191837e+02
3.402422597002122302e+02
3.425243019269967704e+02
3.412401148052405802e+02
3.411467617230067617e+02
3.416146046249799042e+02
