1.657426299164544048e+01
2.313599650451540413e+01
2.346954350215689900e+01
3.421639051913097518e+01
4.523316476979319134e+01
6.394687478439001183e+01
7.938936807313248778e+01
9.955359556323652725e+01
1.156618821052940973e+02
1.339179969286183791e+02
1.572073872625464048e+02
1.772929943200528271e+02
1.874442907467753798e+02
2.032753520256708271e+02
2.194883826489632099e+02
2.357038019427455708e+02
2.491117895774652311e+02
2.592274496087241005e+02
2.775132904767910986e+02
2.835738837124903284e+02
2.945174081643299928e+02
3.010518845031712090e+02
3.074052303684150615e+02
3.171170751790926943e+02
3.215737899873541892e+02
3.257866687330057403e+02
3.354417686566133625e+02
3.410788623917694622e+02
3.483090028732053725e+02
3.486194122442730645e+02
3.503748819352905457e+02
3.528742964900354195e+02
3.567780469018646272e+02
3.642155402803311972e+02
3.770031642730684212e+02
3.830037404062971973e+02
3.966772570348677505e+02
4.094686170232640734e+02
4.285498838257400394e+02
4.405569503762391719e+02
4.538689961581187049e+02
4.710489301883213784e+02
4.864937656417180278e+02
5.055529934576230175e+02
5.222112422663492453e+02
5.404854828566526521e+02
5.551823534678192118e+02
5.613372478602127558e+02
5.781674509515914906e+02
5.936176794939476622e+02
6.059693672203005690e+02
6.075473690930310795e+02
6.149796426812844174e+02
6.222011487308941469e+02
6.326398649507772234e+02
6.386822004804537301e+02
6.398096695272339502e+02
6.504332103153315074e+02
6.632588457637622241e+02
6.539738793995886681e+02
6.638639818730648585e+02
6.604067426216917056e+02
6.728852227791691121e+02
6.709899646750451438e+02
6.651828907563672146e+02
6.548656027900915433e+02
6.570116480694275651e+02
6.433474767520788191e+02
6.392103869725149252e+02
6.406382876230960619e+02
6.433568764979885373e+02
6.462545553067999435e+02
6.449724245148449882e+02
6.534169992597747978e+02
6.556815876602128128e+02
6.622629832911264884e+02
6.666113336298481045e+02
6.701686313897018863e+02
6.757776045701803014e+02
6.756399425147860711e+02
6.757379647137059919e+02
6.791490422667750408e+02
6.812087848059188673e+02
6.770615780488819837e+02
6.755601468343121496e+02
6.862279958794209733e+02
6.801855796040392761e+02
6.880181872185388556e+02
6.936605588718510944e+02
6.873906401171844891e+02
6.975429366597286389e+02
7.039242928488891948e+02
7.063421599519061829e+02
7.144905003095424263e+02
7.211400009279776668e+02
7.322541629509109953e+02
7.430982314075794193e+02
7.523852732020482108e+02
7.524819747086763755e+02
7.577904866758190110e+02
7.764967242577459956e+02
7.968469661962413966e+02
8.018691913822615334e+02
8.023562732245554798e+02
8.073622550286473825e+02
8.233130737502026477e+02
8.306583137605313141e+02
8.349057781450991342e+02
8.375593889392833944e+02
8.483201889235211866e+02
8.646675769420938877e+02
8.669826722582755565e+02
8.720367049101280372e+02
8.670618282839218409e+02
8.573648024543923611e+02
8.678959531658023252e+02
8.700783275341713079e+02
8.737351348470084531e+02
8.645084718171679015e+02
8.616905902819078165e+02
8.797509730183013517e+02
8.789910105606581965e+02
8.752979955813513016e+02
8.775117152428844065e+02
8.839894121192099874e+02
8.997888865456426402e+02
9.140129781747058360e+02
9.303638213222889135e+02
9.430450693684522321e+02
9.466874084555637410e+02
9.463251109359265456e+02
9.520065976101285514e+02
9.587632944381906555e+02
9.840774280149165634e+02
1.009740052653565954e+03
1.012399606808560179e+03
1.024004610472416061e+03
1.029876831027254866e+03
1.049843725321953116e+03
1.046719105596023155e+03
1.055451273913364730e+03
1.068428448904625384e+03
1.079666001724711805e+03
1.073471093213290487e+03
1.079873735173478735e+03
1.070218590575164171e+03
1.077354019393339513e+03
1.096281416728913200e+03
1.114452746963054324e+03
1.120237004942246813e+03
1.120916732251666645e+03
1.089803199802544896e+03
1.113369827792221713e+03
1.114924995103189985e+03
1.117117703308854288e+03
1.093035257706501397e+03
1.096395447612226462e+03
1.086668932780899013e+03
1.070885325343560680e+03
1.070739272273380948e+03
1.078172849807675448e+03
1.076431924059817902e+03
1.088359910951797247e+03
1.103843405247049304e+03
1.083060544091302063e+03
1.103435250258856286e+03
1.106476184936577965e+03
1.101966620051841801e+03
1.087960054368800229e+03
1.075974430585619530e+03
1.065601603277280446e+03
1.076011050006897904e+03
1.081371689766348254e+03
1.069686507237683145e+03
1.073616889548168729e+03
1.052646346694851900e+03
1.052330419320938518e+03
1.071453661255248335e+03
1.096064707969224401e+03
1.097258370192277880e+03
1.093186809364586452e+03
1.100898003425270190e+03
1.084648381587007407e+03
1.102251988318420445e+03
1.105814354291974269e+03
1.121033650526047495e+03
1.145793617367067554e+03
1.169851045247404954e+03
1.180729804103778179e+03
1.203867807099973788e+03
1.211812352066735230e+03
1.228800340714803497e+03
1.241242204264689462e+03
1.239845526446409394e+03
1.260044986424640456e+03
1.261070341031313092e+03
1.257458041605476410e+03
1.227395643236719025e+03
1.207978717430852384e+03
1.209375739876049920e+03
1.192777759945902972e+03
1.183588704977336420e+03
1.180742286381680060e+03
1.160686770176351956e+03
1.131495247280289732e+03
1.104903333442770418e+03
1.089351310158846445e+03
1.083218727306827077e+03
1.060298668791381715e+03
1.080441763643545983e+03
1.078206163062185851e+03
1.099830273055729549e+03
1.110026003677017570e+03
1.102888789019674732e+03
1.106937496548783884e+03
1.109083460845004993e+03
1.106619578466865278e+03
1.124824078126399172e+03
1.126587768149691101e+03
1.128902945880419338e+03
1.139462773352969180e+03
1.152417266873935205e+03
1.148072812935506818e+03
1.134397535096925822e+03
1.140528288465877949e+03
1.152802179392847165e+03
1.146053752481709580e+03
1.127559540956560113e+03
1.104199760974552873e+03
1.098554487325597620e+03
1.097775536219567357e+03
1.097095341523477373e+03
1.108159166752748206e+03
1.108393723243927070e+03
1.101973801764439941e+03
1.119796970611102097e+03
1.129336998869797526e+03
1.118622921636034334e+03
1.127264492139446702e+03
1.142115223834440485e+03
1.141027716620871161e+03
1.150494133049215407e+03
1.157165056673086156e+03
1.149860668389719876e+03
1.175749628218083899e+03
1.185885702631577715e+03
1.192836008611328452e+03
1.196306492127731872e+03
1.212999404605830705e+03
1.228613288272535328e+03
1.234970074206448999e+03
1.248885225163015775e+03
1.248563289813288065e+03
1.250760821732911154e+03
1.228583672163573738e+03
1.246382494573481608e+03
1.246755259495190103e+03
1.262771699510909684e+03
1.272507965622772417e+03
1.280293095082611444e+03
1.284339744459496387e+03
1.295965347290554291e+03
1.297410684326490582e+03
1.297301023418875729e+03
1.300020468660660754e+03
1.306757890848173929e+03
1.320501665253913188e+03
1.313576542287243456e+03
1.313202384715976905e+03
1.304791616163149001e+03
1.319694573008958514e+03
1.316941754440732666e+03
1.325149713198029303e+03
1.344441422837386199e+03
1.357537212803162447e+03
1.362338410656481074e+03
1.368823820438034318e+03
1.349784502607196146e+03
1.338825377169074727e+03
1.320178237400209127e+03
1.327380647703328577e+03
1.352838948857949845e+03
1.354887868271902789e+03
1.342000204741190146e+03
1.334899305157513254e+03
1.324955828404355543e+03
1.342947327214739971e+03
1.348430331293066956e+03
1.344984672790651985e+03
1.339541204032395854e+03
1.347432960899416685e+03
1.348249292378930932e+03
1.346169526377187594e+03
1.336408590092627264e+03
1.342230109615798028e+03
1.327299201827806201e+03
1.342960542914866892e+03
1.350704706915527368e+03
1.377108499064118860e+03
1.389188219542648767e+03
1.393492617352513435e+03
1.385399060971107474e+03
1.399241319026242081e+03
1.406285667377566824e+03
1.406220511361430908e+03
1.412113062023699968e+03
1.415113972294359201e+03
1.419206657135234536e+03
1.429935162369315321e+03
1.435361332080029570e+03
1.455540097616969206e+03
1.482071313207811954e+03
1.491839369032149079e+03
1.465273909950590451e+03
1.481424514186581064e+03
1.473174760808855353e+03
1.494274496326955614e+03
1.505972351753661087e+03
1.522509201057994233e+03
1.515858598194498882e+03
1.517496298591288451e+03
1.525540122726664094e+03
1.530300174194722786e+03
1.542739500836104526e+03
1.536276654980894136e+03
1.526801015342210349e+03
1.519225296386594437e+03
1.517519895030889302e+03
1.486337752924749111e+03
1.478079713139227579e+03
1.515916205346559536e+03
1.503091595032390615e+03
1.473429036239761444e+03
1.475987193504302013e+03
1.492822971389947270e+03
1.509978110375075858e+03
1.504290528082281526e+03
1.512469966407953279e+03
1.516233426112585676e+03
1.498695788277300835e+03
1.524383500561058554e+03
1.518642895838790082e+03
1.509270696971276493e+03
1.496254411648678115e+03
1.503169724700450615e+03
1.507403436772628538e+03
1.526304490319524120e+03
1.535119107605300997e+03
1.579280553123287746e+03
1.604642141933611128e+03
1.601260103059466019e+03
1.628824879504852106e+03
1.639448872240054470e+03
1.615885639154446153e+03
1.633617419194954664e+03
1.654385272545799126e+03
1.645213766278126286e+03
1.656980116214547024e+03
1.655709926835806073e+03
1.656923678946657674e+03
1.655760105251359391e+03
1.671569454518133170e+03
1.685753875040402590e+03
1.692075942935240391e+03
1.664150500611605139e+03
1.672905680726979426e+03
1.690949444603671736e+03
1.719544406504679046e+03
1.728099391630596074e+03
1.712604817078989072e+03
1.725580481776982424e+03
1.733776349260057714e+03
1.705771472771180470e+03
1.683180884019972382e+03
1.689732769743270183e+03
1.693931263931012609e+03
1.696225664552746139e+03
1.718372726291712979e+03
1.715334139805762788e+03
1.690119875791055392e+03
1.697927150033408452e+03
1.708694605099855380e+03
1.695723751772751257e+03
1.688109062319577788e+03
1.671629431682060613e+03
1.631415694269289361e+03
1.650758176089459084e+03
1.657388522011726764e+03
1.662764733288645402e+03
1.638618659831999366e+03
1.591810270153087913e+03
1.600482340677816183e+03
1.569286791372979451e+03
1.558290160034790460e+03
1.588612213972362724e+03
1.588019486709706143e+03
1.549925899208419423e+03
1.548600582048148681e+03
1.528495409898585876e+03
1.515686415951192885e+03
1.528834642663761997e+03
1.499915067272489523e+03
1.456472564834360128e+03
1.444770021198665290e+03
1.463610976997686976e+03
1.464909359241076800e+03
1.486643035493103071e+03
1.485562180177206528e+03
1.488415277909377664e+03
1.502988745127774564e+03
1.499980901153678815e+03
1.520230533668985345e+03
1.501243216001925248e+03
1.516570137781196081e+03
1.525034757470783688e+03
1.534345348885025942e+03
1.501609801765343263e+03
1.509725799036187709e+03
1.513498211008785347e+03
1.545169586794392899e+03
1.574292849993949631e+03
1.619283126004165069e+03
1.631557804758032489e+03
1.616812329112325187e+03
1.622275077164309550e+03
1.644837204054350195e+03
1.648871217546225125e+03
1.685089823799329452e+03
1.687152904726036013e+03
1.713213210613712818e+03
1.736297586335447249e+03
1.722412382460618119e+03
1.738783539140515813e+03
1.750989236044747031e+03
1.765358287085973416e+03
1.776454703085674510e+03
1.796945472367941193e+03
1.787354327144996432e+03
1.827265945121906043e+03
1.788081427174530972e+03
1.787058976035425530e+03
1.796764550226083429e+03
1.816599189561501817e+03
1.808260495331986704e+03
1.768113790546562541e+03
1.715815877086517276e+03
1.706384513358802906e+03
1.708261142330290113e+03
1.694934775042854653e+03
1.645319031211490710e+03
1.642612095870773828e+03
1.642214958609227324e+03
1.620576536855232007e+03
1.622434986254266960e+03
1.561939818518027096e+03
1.493064143074239837e+03
1.508302526384182556e+03
1.514741154844773064e+03
1.486049407489811074e+03
1.497379255346784703e+03
1.528420457097650115e+03
1.558388631068232826e+03
1.570852418761558056e+03
1.568114242490277320e+03
1.568658110721209596e+03
1.581535338819621529e+03
1.607650008644559193e+03
1.633240298983914727e+03
1.637062848766125398e+03
1.641395300378550246e+03
1.626422799026277517e+03
1.667782902446525668e+03
1.691753993305581389e+03
1.724364928062780564e+03
1.743690832812489589e+03
1.754278152050953395e+03
1.766288023629100735e+03
1.758178320151857406e+03
1.786535911343561111e+03
1.796932496220840903e+03
1.809578753702861377e+03
1.833848700316815894e+03
1.850929303299804360e+03
1.839119081140253911e+03
1.855841934929747140e+03
1.893756891682460036e+03
1.877515065406075109e+03
1.851223324070168246e+03
1.853319513663249381e+03
1.867320744974929312e+03
1.867828445632299918e+03
1.880648045165355825e+03
1.891038919358538806e+03
1.867901954774366232e+03
1.879381930437915798e+03
1.907599697746213678e+03
1.910831115697576251e+03
1.937246132767138761e+03
1.951694247723017270e+03
1.983545343306571795e+03
2.002587504782241240e+03
1.977309912200616964e+03
1.976924860514816601e+03
1.990406421379835137e+03
1.992577937028140695e+03
1.988031698747090331e+03
1.962516366975417213e+03
1.941915849810570307e+03
1.966072171337690634e+03
1.904642799861152071e+03
1.903400996903164469e+03
1.877021590275166773e+03
1.834634309070419476e+03
1.846218566089768501e+03
1.821882885314245414e+03
1.825274653606768425e+03
1.812483862325899054e+03
1.808922172994884022e+03
1.796554850575370892e+03
1.817168981618900943e+03
1.828002540542874840e+03
1.816034875076769140e+03
1.799632862316081400e+03
1.737816738204669946e+03
1.708906879700936543e+03
1.702990020414233186e+03
1.653540867838543591e+03
1.652157888487009586e+03
1.632180053059029206e+03
1.654745914988742470e+03
1.655236124039957986e+03
1.646984428623635040e+03
1.646358020887920929e+03
1.664627245390616508e+03
1.670616516477935420e+03
1.673772887570158673e+03
1.667695236061860669e+03
1.663225110574626115e+03
1.675178337624556434e+03
1.700754272667151326e+03
1.707679934526829811e+03
1.700618921363044592e+03
1.690119332448460909e+03
1.660808765825375986e+03
1.671213912314792651e+03
1.672720533620665719e+03
1.661561263432969781e+03
1.672003827274552805e+03
1.657240846544999158e+03
1.670916832238413235e+03
1.694088369512925510e+03
1.713859736100953569e+03
1.737903567940910534e+03
1.753670195305608104e+03
1.766260960874149760e+03
1.771371913982261503e+03
1.786720842403201914e+03
1.817230929234121959e+03
1.819329847463105352e+03
1.838733269053655022e+03
1.839151285606377314e+03
1.863993622125468391e+03
1.898909348004571484e+03
1.916691722499017715e+03
1.931373690046500315e+03
1.922393148248217130e+03
1.898273797346440915e+03
1.876898350765346549e+03
1.859056848403629601e+03
1.879466273918104889e+03
1.885678209814699585e+03
1.853131614123491545e+03
1.877089776970939738e+03
1.871717560848113408e+03
1.887121482102440496e+03
1.896939473777083094e+03
1.874910795487690393e+03
1.848805385800683098e+03
1.817660250893929970e+03
1.799461599040317196e+03
1.781473322187757503e+03
1.760362906981558126e+03
1.701350938210980075e+03
1.699591810782182165e+03
1.726620349520369246e+03
1.725698211098909724e+03
1.721980052620066544e+03
1.714821278452792512e+03
1.683063660689201242e+03
1.679074147144149492e+03
1.696903940104849426e+03
1.695765648561832450e+03
1.731543691242424757e+03
1.720644163013186699e+03
1.714581539482990593e+03
1.738666323111132897e+03
1.750784598662187364e+03
1.747713359295728651e+03
1.724571678076325952e+03
1.729609805599942092e+03
1.749564489801966602e+03
1.741823362844071426e+03
1.773937427181434714e+03
1.769348458591724921e+03
1.769532865543990283e+03
1.797810974611305937e+03
1.808477512191992219e+03
1.829619345241800374e+03
1.809950317710390436e+03
1.746476133286014147e+03
1.720081034670417921e+03
1.731553451542353059e+03
1.738909750942245637e+03
1.741730564710801445e+03
1.725537746546776589e+03
1.694996251799742140e+03
1.662166313488911328e+03
1.646471768310302195e+03
1.597896317945945839e+03
1.588986387779887991e+03
1.626982635137766465e+03
1.640522412774093937e+03
1.584802222988553922e+03
1.594740873528625571e+03
1.589003714926289604e+03
1.627286972235903477e+03
1.630685310322649229e+03
1.607232161973350230e+03
1.606756392219127974e+03
1.621482914522479632e+03
1.614833279966790769e+03
1.645052833323500636e+03
1.683456236356323643e+03
1.689661043295535592e+03
1.704651702326032137e+03
1.684547822350591787e+03
1.693663390954505303e+03
1.704865165364704353e+03
1.696776494916988895e+03
1.735176532488504563e+03
1.759524973439439009e+03
1.757354885726848806e+03
1.779647177871538361e+03
1.802879063290061822e+03
1.780108257484839442e+03
1.751346647932968608e+03
1.748099113251787685e+03
1.783114135290646800e+03
1.786030793651499152e+03
1.749737662100376838e+03
1.740158156532519115e+03
1.748399829738537846e+03
1.774028843061157659e+03
1.762818598066756977e+03
1.768076480331666517e+03
1.792960118663043431e+03
1.780761968869960128e+03
1.774264755808729205e+03
1.784267927616580209e+03
1.793638155066118543e+03
1.806308694060791140e+03
1.824966929854811724e+03
1.823475519095985874e+03
1.850711362564457886e+03
1.886301119751011129e+03
1.886861954929218427e+03
1.884270494743209838e+03
1.878230198013867494e+03
1.858350970776496752e+03
1.904261464104841025e+03
1.925701770121704612e+03
1.947210922436448072e+03
1.970368918882593334e+03
2.016130186045054870e+03
2.033410406402843137e+03
2.035015508187997511e+03
2.033232216880024680e+03
2.048650290212335676e+03
2.066210393065943663e+03
2.065019958255301390e+03
2.108687351913920338e+03
2.101693819199421341e+03
2.104813837199552381e+03
2.112623885917980715e+03
2.128488281349197223e+03
2.110977611688324032e+03
2.112124131237591428e+03
2.133762096201041004e+03
2.045830935362025002e+03
2.021595151108812615e+03
2.048874208224653103e+03
2.034422010188356126e+03
2.030314268174754034e+03
2.000289258342383619e+03
2.014058794415660486e+03
2.042370367366773962e+03
2.042724056013104018e+03
1.974041055726243030e+03
1.985711230454936185e+03
1.983561705170355935e+03
1.959867972093304616e+03
1.938040542250565522e+03
1.944886492713707867e+03
1.945048783779932819e+03
1.950503500735113903e+03
1.922316920002155030e+03
1.943129369397270239e+03
1.932807060091150106e+03
1.912362504154434191e+03
1.894598354113427149e+03
1.868382745065412792e+03
1.870276317338281842e+03
1.875861033324933942e+03
1.874453592398019964e+03
1.912976761676574597e+03
1.944072221627972567e+03
1.982045283059365829e+03
1.967181851494523926e+03
1.982152688932067576e+03
2.011398907794853358e+03
2.011196229515062214e+03
2.032103482414226846e+03
1.994360923866394842e+03
2.007164999632669833e+03
2.015590220076630658e+03
2.049222602698517221e+03
2.057923481933403309e+03
2.056730769010177937e+03
2.047458785227215913e+03
2.046082097760624492e+03
2.079771903269561790e+03
2.077586092267486947e+03
2.093994856652827366e+03
2.084064217289513181e+03
2.097698984074259897e+03
2.100401095299636836e+03
2.075246949743633650e+03
2.075176765854529549e+03
2.090167510211346780e+03
2.115238469140684174e+03
2.099558764319445800e+03
2.078716704982009105e+03
2.072431908137439677e+03
2.064495716181751504e+03
2.070313740206502189e+03
2.056788240812005824e+03
2.024631800696057326e+03
1.967767597585139356e+03
1.971556334875218454e+03
1.973692766194512387e+03
1.994661739345326851e+03
1.976368368391300237e+03
2.000616374830623727e+03
1.985363261374176545e+03
2.005090464226298991e+03
1.991424272016659415e+03
2.007405443820117171e+03
2.038026874838465801e+03
2.058858672562884294e+03
2.063010688144067899e+03
2.087637636001350529e+03
2.085705341349515038e+03
2.097008388350055611e+03
2.083046559501878619e+03
2.102105121094129572e+03
2.112213349131098767e+03
2.096199469886887073e+03
2.135226399108397800e+03
2.133758726866905363e+03
2.147474803798632820e+03
2.167754504770691710e+03
2.203073315394948622e+03
2.231091649158941436e+03
2.281021460357973410e+03
2.314591216357900976e+03
2.336818931627228267e+03
2.363670306133416489e+03
2.380487576582182555e+03
2.396394949818642090e+03
2.438414660602387812e+03
2.455697289332766559e+03
2.492432624143845260e+03
2.525066082449778150e+03
2.563628563703509371e+03
2.571862379734706337e+03
2.599254144965782871e+03
2.597665501400393168e+03
2.600417990363273475e+03
2.601276975126746038e+03
2.601597327702212624e+03
2.634391627792550025e+03
2.609565719348744096e+03
2.625578291010934208e+03
2.620272465081403880e+03
2.598169424183281080e+03
2.582124610430607390e+03
2.566859788838193708e+03
2.563451890218414064e+03
2.558319740655531859e+03
2.562086232447892144e+03
2.549342452261612834e+03
2.574829385619895675e+03
2.565552567310089216e+03
2.566199314792875612e+03
2.581276404641578665e+03
2.599271561028016549e+03
2.598625502336027694e+03
2.597441576811966115e+03
2.561445839545340732e+03
2.549427699829281210e+03
2.518414744622369653e+03
2.540322749904417833e+03
2.527435663620138257e+03
2.506733177193910706e+03
2.524970677066814460e+03
2.527653338240023913e+03
2.535537175036886310e+03
2.513111625864079542e+03
2.512858127099847479e+03
2.453400252714916860e+03
2.414507693802380345e+03
2.392203636693042426e+03
2.411269300502597162e+03
2.361113601081411616e+03
2.358641299017130677e+03
2.364223271339740222e+03
2.367868639200433790e+03
2.343384653623032136e+03
2.366318757402313622e+03
2.354019264258733529e+03
2.339044794711919167e+03
2.348515319026736506e+03
2.353102288521999526e+03
2.354119345401112696e+03
2.350449324032498225e+03
2.320265866901690970e+03
2.274298110486922724e+03
2.270482675406809904e+03
2.226169007256582063e+03
2.225773866893993272e+03
2.204075438097533151e+03
2.206287834925422885e+03
2.157237901316284479e+03
2.113632712051461112e+03
2.097198192645023482e+03
2.048733351906630105e+03
1.999608790947892430e+03
2.024424944027272659e+03
2.020954211435974912e+03
2.054831032548222538e+03
2.075917874116939856e+03
2.070682046491353049e+03
2.099913608364949141e+03
2.099563865463619550e+03
2.102780314497691961e+03
2.089385722988471571e+03
2.107088679063849213e+03
2.100269691585423061e+03
2.119609763224692870e+03
2.125664819227972657e+03
2.127839008055668728e+03
2.115267197247528657e+03
2.121538903117267637e+03
2.100261906260388514e+03
2.109863568983556434e+03
2.148778871331832761e+03
2.159729384983677392e+03
2.198970057700155394e+03
2.206758073399929344e+03
2.204768804703386195e+03
2.195036795970854655e+03
2.210208684483890465e+03
2.205925492366117396e+03
2.222211513253398152e+03
2.231455267237400221e+03
2.262633659008845370e+03
2.257660295417743782e+03
2.255298383161984475e+03
2.298619221389117229e+03
2.321117136437870158e+03
2.356331975032216178e+03
2.385119310599757227e+03
2.384242217178392821e+03
2.361493330862446328e+03
2.359638324354104498e+03
2.385399652227468323e+03
2.373067056026333830e+03
2.352502653681075572e+03
2.369521734805957749e+03
2.352034728389326119e+03
2.357427511662030611e+03
2.373452227929162746e+03
2.367917514596651472e+03
2.388950323776211917e+03
2.388235673346180192e+03
2.358710049232446636e+03
2.368131379119534813e+03
2.365544279709454713e+03
2.330460459948195421e+03
2.343194379918164032e+03
2.314653958837524897e+03
2.321589618797843741e+03
2.334624922906428310e+03
2.370639271173419729e+03
2.377010574539036497e+03
2.377866513322059291e+03
2.378849597715130130e+03
2.392367016737110134e+03
2.404490140565833372e+03
2.404565933792425312e+03
2.406955178986270766e+03
2.442479187547999118e+03
2.448285395376061842e+03
2.454055087835191898e+03
2.429386838508005440e+03
2.401809605110868688e+03
2.405675915822876505e+03
2.420030932320952616e+03
2.440629749119281314e+03
2.412191298059156907e+03
2.409497540402102914e+03
2.416078850663846424e+03
2.408010811852683673e+03
2.372715391749678474e+03
2.343940900978584068e+03
2.316323905509232645e+03
2.332367459926003448e+03
2.344957098496101480e+03
2.347398428804894138e+03
2.369304000003264719e+03
2.371864547254329409e+03
2.389378273524611359e+03
2.385932302293707380e+03
2.377532667980546194e+03
2.401952073172080418e+03
2.380126723422950363e+03
2.385804920282073908e+03
2.359916905929422683e+03
2.341435560487111616e+03
2.358190341776339210e+03
2.370272433903720412e+03
2.356503741017745142e+03
2.343575509342930673e+03
2.347808821582942983e+03
2.313826972024168754e+03
2.283369758512008048e+03
2.290827982330998566e+03
2.306749034289946394e+03
2.287485820453796805e+03
2.305663653298987356e+03
2.263356939682852953e+03
2.268777728871407817e+03
2.287832860687584798e+03
2.318222250064213767e+03
2.339032468855792558e+03
2.336334720072601158e+03
2.355947341028340361e+03
2.328002463782278028e+03
2.337596619091885714e+03
2.349472988906181399e+03
2.343450085401182605e+03
2.360814314112495140e+03
2.338094435799037456e+03
2.348566763918516244e+03
2.383795092531800947e+03
2.362150508921534765e+03
2.377465243422707317e+03
2.345263235660937880e+03
2.335622380409941343e+03
2.345084874052443411e+03
2.359084609774136425e+03
2.338682862573867624e+03
2.344846001364236145e+03
2.322627059566205844e+03
2.343865710963953916e+03
2.358409863577534907e+03
2.374572795075865997e+03
