1.041170200629288090e+01
1.067684142229479072e+01
1.098090535776400145e+01
1.147647703563996657e+01
1.287925674640108653e+01
1.461898160740221719e+01
1.501301847949074997e+01
1.596120520746007365e+01
1.801986938457998733e+01
1.968500381724657800e+01
2.121976872426157001e+01
2.322338204838640507e+01
2.311539060757023023e+01
2.304528400565857282e+01
2.555241080179493451e+01
2.767511855101228946e+01
2.861128187228741382e+01
2.807448335467968548e+01
2.792896600531441820e+01
2.930097604715560422e+01
3.054188106099081423e+01
3.084206470021506519e+01
3.161674479068341626e+01
3.237168439349437676e+01
3.413246734553363382e+01
3.500225463046771779e+01
3.620311905585205636e+01
3.547229920236469525e+01
3.565589769987667523e+01
3.546979067741446556e+01
3.652289701547348244e+01
3.615011536372730205e+01
3.661109695815444098e+01
3.557447193555210418e+01
3.599466108169547596e+01
3.687102987641353025e+01
3.713475319885544934e+01
3.699209491138988426e+01
3.714035560703065642e+01
3.674820245247988026e+01
3.606268831159994193e+01
3.542055073010477884e+01
3.479497747985585221e+01
3.509104592578150061e+01
3.564397381747583893e+01
3.702642247199731429e+01
3.793188244742056980e+01
3.863931184756348358e+01
3.806723843540634533e+01
3.729818630823518077e+01
3.712143381396043651e+01
3.724788370312168695e+01
3.787203401490517507e+01
3.847153922784908531e+01
3.757296359151852272e+01
3.608659228308371780e+01
3.444029744543902183e+01
3.403170232597318545e+01
3.408663744057762557e+01
3.610309188761770827e+01
3.734904479296663027e+01
3.789828220831560657e+01
3.791420998562773548e+01
3.772825096857360450e+01
3.822298589764034915e+01
3.882548205644359030e+01
3.949817441029237841e+01
3.969767554646531238e+01
3.832614492709983978e+01
3.628131467614264949e+01
3.482048413508241680e+01
3.371327276782026416e+01
3.391032318937129730e+01
3.547517185187753341e+01
3.631907422512141892e+01
3.785495830130751216e+01
3.873112827460267482e+01
3.709872312343946277e+01
3.691573609107690856e+01
3.652184769818266119e+01
3.723436749046122429e+01
3.740465171255817722e+01
3.816314099849461883e+01
3.851898075763666895e+01
3.915786531606638476e+01
3.977382950900231862e+01
3.965271409567829863e+01
3.941340866319368530e+01
3.878034591671982412e+01
3.948551295143357009e+01
3.948618768788201550e+01
4.040719158403817346e+01
4.124960856487930982e+01
4.093965510846985723e+01
4.170902018208441575e+01
4.133362243023416482e+01
4.166371847879925383e+01
4.154547037870310078e+01
4.071656708652906076e+01
4.033068624824063875e+01
4.076413643170749168e+01
4.156312866070009449e+01
4.291556970267333782e+01
4.255937956511768050e+01
4.153560587965745299e+01
4.175634794120912119e+01
4.200497255083205062e+01
4.328247812427682106e+01
4.429209588292954436e+01
4.303601822234665519e+01
4.296323093861584397e+01
4.228825705423633963e+01
4.175643865152264311e+01
4.228568495548560691e+01
4.311934737115396388e+01
4.256570278053274592e+01
4.308579281298197827e+01
4.399775623664488222e+01
4.199523279381524077e+01
4.309849963876025214e+01
4.244825010209654437e+01
4.190885157570291852e+01
4.276225174946898022e+01
4.333626149362062563e+01
4.453213192383825714e+01
4.528518530661877151e+01
4.651000140038625119e+01
4.635682822646295165e+01
4.575791477662839668e+01
4.578892396873273185e+01
4.576005897672725808e+01
4.588197729879792064e+01
4.557559734128446394e+01
4.632162046529610677e+01
4.653860469180023784e+01
4.599307483996721402e+01
4.457739295164824256e+01
4.381228163504803774e+01
4.286280607929958819e+01
4.239824357299129787e+01
4.158686243393717064e+01
4.236754172895972204e+01
4.331703884588372944e+01
4.395091641742276778e+01
4.334716084751003962e+01
4.323301015080642884e+01
4.310973929800405102e+01
4.378415634027253134e+01
4.509411953939395090e+01
4.516766348835496814e+01
4.366393164904807378e+01
4.295146890386145344e+01
4.288294200322745553e+01
4.205684873191243156e+01
4.334071114733936270e+01
4.461881803895013832e+01
4.475993255258016035e+01
4.546154697028043046e+01
4.349086945587528419e+01
4.362349702375899341e+01
4.361262049222153081e+01
4.389043519681885641e+01
4.524702489353456514e+01
4.605568038018408572e+01
4.659560075860012063e+01
4.677540287739602576e+01
4.749423427291051780e+01
4.737358166591230457e+01
4.731073521133437509e+01
4.713791111621404184e+01
4.741957464520049115e+01
4.727270631711290605e+01
4.692882700764731396e+01
4.630837954427556014e+01
4.498085078039341766e+01
4.418419543655818416e+01
4.381701678604352423e+01
4.415403499811561971e+01
4.604421884655270958e+01
4.712783804704009327e+01
4.672836539122886279e+01
4.723880974100435992e+01
4.757893155406181762e+01
4.572323192320268959e+01
4.527476409781134237e+01
4.517528511741770814e+01
4.436192022880476316e+01
4.395052995733288270e+01
4.553722656668785618e+01
4.525993377017890396e+01
4.474474252387629036e+01
4.541350442205983029e+01
4.534105275784008171e+01
4.634561969964400419e+01
4.604557696736365813e+01
4.684612555627743546e+01
4.440459818713479478e+01
4.335029956257120176e+01
4.372738375813818834e+01
4.304766071118333315e+01
4.415127923257975340e+01
4.347570202749051305e+01
4.466722478865820278e+01
4.586987434186746526e+01
4.725579314489877447e+01
4.698391132220965005e+01
4.790024537508143254e+01
4.557768063624553179e+01
4.588872285230012693e+01
4.566935097676497435e+01
4.534411002985962824e+01
4.534707696065115101e+01
4.502031390606105532e+01
4.582722819623836585e+01
4.635553447100463131e+01
4.590250888557883968e+01
4.673878779925011884e+01
4.674055365267477669e+01
4.646212007443612180e+01
4.659358361449937291e+01
4.639322909006691731e+01
4.613033502754252169e+01
4.775845152095816104e+01
4.801354387866022932e+01
4.872546953935722769e+01
4.781376346363321517e+01
4.772561917730655523e+01
4.659607212613109084e+01
4.655192930104679050e+01
4.715580644947569766e+01
4.827526816779316476e+01
4.841390055703028139e+01
4.766488507467508384e+01
4.765617789639318147e+01
4.733169944144882635e+01
4.708459482886070901e+01
4.780643070461672295e+01
4.876245534241001423e+01
4.846756827886846963e+01
4.696183703023542222e+01
4.686445046831630634e+01
4.682412406365104118e+01
4.626379565433564522e+01
4.704896594160599932e+01
4.816446021081735296e+01
4.806872437593526826e+01
4.812083232116066256e+01
4.825031098578720901e+01
4.862868659506202107e+01
4.967534721379467300e+01
4.973333489437460031e+01
4.956244775853865292e+01
4.971054397942634040e+01
5.030575996341838874e+01
4.959280307717950365e+01
5.035890990521056665e+01
5.041173426237268984e+01
5.047583107871947306e+01
4.932336598240036096e+01
4.949098176241096780e+01
4.876170905649129850e+01
4.869830470822122237e+01
4.958178049682049249e+01
4.988880290036870235e+01
4.975560576738708818e+01
4.989459500625565624e+01
5.083322638564923324e+01
5.006550001177333797e+01
4.933880110935695740e+01
4.888798200852189524e+01
5.074428222123570720e+01
5.070538637414481542e+01
5.082286607678652501e+01
5.229110659421099427e+01
5.344576191078716221e+01
5.304627347970379247e+01
5.258896244887523608e+01
5.148876646056832129e+01
4.991188335952401900e+01
4.942345603564276502e+01
4.764772674834366484e+01
4.967510830630433105e+01
4.960488104872047188e+01
5.109277629794723197e+01
5.058198679412401333e+01
5.039815995853173547e+01
4.839764440613895147e+01
4.812522468803934572e+01
4.764032395934289354e+01
4.876863708890493143e+01
4.964237975682834048e+01
5.019039201866348066e+01
4.993621852991840626e+01
4.928818987033436372e+01
4.908552949930079023e+01
4.923366076770231103e+01
5.000925089921842215e+01
4.999435859571813268e+01
5.116967332558196091e+01
5.149302831531142033e+01
5.268309687215976567e+01
5.135758280853402624e+01
5.149543228515136661e+01
5.165048928486748991e+01
5.185752810866555507e+01
5.048970166915130875e+01
5.139041372867038149e+01
5.171713219695025288e+01
5.068320134237611541e+01
5.121425768228552755e+01
5.206826608344119478e+01
5.159894264712339407e+01
5.086994715930452315e+01
5.069917906473388314e+01
5.001165989682063184e+01
4.889570750843063252e+01
4.889536851568185938e+01
4.900018841446373585e+01
4.908668578464220644e+01
4.984359087551510470e+01
4.991056420286268036e+01
5.105763367202820291e+01
5.189662282832308904e+01
5.244833032533289696e+01
5.354203934571520307e+01
5.429936604536272426e+01
5.427794414760290920e+01
5.287095177891939102e+01
5.231017522117632268e+01
5.222316321947541695e+01
4.963359976150507435e+01
4.933623576602803951e+01
4.960819551220901502e+01
4.914215321290394911e+01
4.860056540643069667e+01
5.005146964707407164e+01
5.017830989504168571e+01
4.908826960955912710e+01
5.020085895792570341e+01
5.097859967359418221e+01
5.191858565442861817e+01
5.077849636471474781e+01
5.201996342557013975e+01
5.300547182746097263e+01
5.174848226297021370e+01
5.081851434750391405e+01
5.232715373624697008e+01
5.210041100792884095e+01
5.069540886384354650e+01
5.157200215035285851e+01
5.141480682579474148e+01
5.143588911904564043e+01
5.164238670858190972e+01
5.193864395148689539e+01
5.171540715805560495e+01
5.139238310089434947e+01
5.181822775242822132e+01
5.141127838996445121e+01
5.206566710735305747e+01
5.101809409829996156e+01
5.133059623608094313e+01
5.065758517034920061e+01
5.167294703077261886e+01
5.186849305972874191e+01
5.249578453431295344e+01
5.329499191363493793e+01
5.422787224836915243e+01
5.446243269296959966e+01
5.398422734513338384e+01
5.339466402913188148e+01
5.286550962328936265e+01
5.234328314824843176e+01
5.285069367637418480e+01
5.248702865949698548e+01
5.172966372180967198e+01
5.286210266631609755e+01
5.305700992078547529e+01
5.255974582216023805e+01
5.239413988916285803e+01
5.272193349781147020e+01
5.116625471259155944e+01
4.965635936132794370e+01
5.012995748882027414e+01
4.962999109744759352e+01
5.043291927984708423e+01
5.092483119924259682e+01
5.244422372757251338e+01
5.271681851776052952e+01
5.224080348399485274e+01
5.285266572363052262e+01
5.325978774036548202e+01
5.342170187721006869e+01
5.291987554703087682e+01
5.363493451852075822e+01
5.352093429217987364e+01
5.193405974317008855e+01
5.231384408379231132e+01
5.268340394125772264e+01
5.324113719697191272e+01
5.379636472541469061e+01
5.461559929668393920e+01
5.452407357656082354e+01
5.517122066095202371e+01
5.543059674191956532e+01
5.452874868739050385e+01
5.388404341086869920e+01
5.433735354335357215e+01
5.320412164718953107e+01
5.174103832950156345e+01
5.224101803742956918e+01
5.459546520310768614e+01
5.546850081593989046e+01
5.586011291786892485e+01
5.642320979969176165e+01
5.751635469713053084e+01
5.825421947028748804e+01
5.724036791956173431e+01
5.650543189279454026e+01
5.651364829143898305e+01
5.518621943591663381e+01
5.531873308402369815e+01
5.462472119932415637e+01
5.331413687192171835e+01
5.435440623486493905e+01
5.446160236653336995e+01
5.414094362250834536e+01
5.477591558946680550e+01
5.448864380845932232e+01
5.590411487171079585e+01
5.556982477452729796e+01
5.730779367661644841e+01
5.837118090208655019e+01
5.783008200675131150e+01
5.895174191732910884e+01
5.770535824725099872e+01
5.777082041825686076e+01
5.611843614565142957e+01
5.682306760434862269e+01
5.822937004257165228e+01
5.689083091649019508e+01
5.744155706608578527e+01
5.820578595665185873e+01
5.899876222973239237e+01
5.904559386344348582e+01
5.642521523051888011e+01
5.675591237001119538e+01
5.673579208294835752e+01
5.601611422628639758e+01
5.590900169820485388e+01
5.521377935249817881e+01
5.429758454678842128e+01
5.528343209808066661e+01
5.547819758699613857e+01
5.531801230356850141e+01
5.496774565433577919e+01
5.593643598121279581e+01
5.669711800489907461e+01
5.599688546436643577e+01
5.580357709659482879e+01
5.658462304435298051e+01
5.707851425458520112e+01
5.625619460090622681e+01
5.637792879044272354e+01
5.722464633905377696e+01
5.512193246375967703e+01
5.509996789808489837e+01
5.574888518667381732e+01
5.547497952251453768e+01
5.557265857226399675e+01
5.713580620687318401e+01
5.743062566344566022e+01
5.742570863070720577e+01
5.703587537737995916e+01
5.713755469656689456e+01
5.623799628053686206e+01
5.665420297829847129e+01
5.706600571116938880e+01
5.616963826271233984e+01
5.650381176563063690e+01
5.601765194524847402e+01
5.716462021256783288e+01
5.716343304020944771e+01
5.802124711837712567e+01
5.823808816380360298e+01
5.817400039257992006e+01
5.784493097563755981e+01
5.711379316166128461e+01
5.767883942104992201e+01
5.737647865541634218e+01
5.853209825153052748e+01
5.817481790212383430e+01
5.907731075787670960e+01
5.942207742816763982e+01
5.939387403714994207e+01
5.853163344138225455e+01
5.837590984277666450e+01
5.781333528340386607e+01
5.953858589275542101e+01
5.910040754030802646e+01
5.912846533108589142e+01
6.048204457470029638e+01
5.894624089256999611e+01
5.928158211025531443e+01
5.802550102986645442e+01
5.952097082943294737e+01
5.939537811055146221e+01
5.921653174543303066e+01
6.091919555034204592e+01
5.987934328056653754e+01
5.908630141243634881e+01
5.893515486482027654e+01
5.886886031299323463e+01
5.804497245589614352e+01
5.778386584827347150e+01
5.930808412092578408e+01
5.957772887391109151e+01
5.922622821544518956e+01
5.922568368784806836e+01
6.003349059120089493e+01
5.922894611823998190e+01
5.920066643110191507e+01
5.881815157543518779e+01
5.849119802197863294e+01
5.929733476822431015e+01
5.931429246926678189e+01
5.864449568818097447e+01
5.860921905000702026e+01
5.928340874197608201e+01
6.003759285565556780e+01
5.866732530364196663e+01
5.912673049594466335e+01
5.959175929882991340e+01
6.062068940063150535e+01
6.090171495952407810e+01
6.077667935358251583e+01
6.245317083533282698e+01
6.165714081336086849e+01
6.067273680197050112e+01
6.071155924361175238e+01
5.924008288285356372e+01
5.760438082361582701e+01
5.731051126102370574e+01
5.772458559945675916e+01
5.793139751763082046e+01
5.858559918441572023e+01
5.801991678699701538e+01
5.850051249179195878e+01
5.768891694441721540e+01
5.878341509939721021e+01
5.897382469299562047e+01
5.834472966870010424e+01
5.896407815098667271e+01
5.871529538992204067e+01
5.896473665592380797e+01
5.848692679366770619e+01
5.874454682058556187e+01
5.914014264684578848e+01
5.853875966328364200e+01
5.946245562942122831e+01
6.015863848788512769e+01
5.938519851471976096e+01
6.026435875688130039e+01
5.914298584420005511e+01
6.053983154095257646e+01
6.034293381588696548e+01
6.073377805493188220e+01
6.217376620046141511e+01
6.068488415286225290e+01
6.002339049997763709e+01
6.073943911596831668e+01
6.084120945988036766e+01
5.851636280760228459e+01
5.862506681813112408e+01
5.928295344547363044e+01
6.034403572413351924e+01
5.726399294545263530e+01
5.720311334583624330e+01
5.849257323364436445e+01
5.785834133309236904e+01
5.695685188750725558e+01
5.699173664010390183e+01
5.878803137181311911e+01
5.911409703385610470e+01
5.824702192104622611e+01
5.974150495150232132e+01
6.059416782928078504e+01
6.148698169030226524e+01
6.003030626438732753e+01
5.983231559513371423e+01
6.082125702874170514e+01
6.026207884655683245e+01
6.125648714099003200e+01
6.172898792325194961e+01
6.195597287913859930e+01
6.296361237724923399e+01
6.181972766199591263e+01
6.199428183406784854e+01
6.151860416558009348e+01
6.251972193521091015e+01
6.260773473473558681e+01
6.167626289858197453e+01
6.319641126467769254e+01
6.294980696995763481e+01
6.210061192085942849e+01
6.093038442398346888e+01
6.069990643131233554e+01
6.058497080955756076e+01
6.152647342340154069e+01
6.201125808273763340e+01
6.226449312099894229e+01
6.279801750865714638e+01
6.283321735560480903e+01
6.348873031819510970e+01
6.125264635698393079e+01
6.176966210082812125e+01
6.199243015736504248e+01
6.248356739134913340e+01
6.171019956358068725e+01
6.112681863840813179e+01
6.152542120742389642e+01
5.991943259530355448e+01
5.888849892853302492e+01
5.881017299828177158e+01
5.907077857766055473e+01
5.928686649616764015e+01
5.963271536204840118e+01
6.105223131408390458e+01
6.202226431279985519e+01
6.243004251435740315e+01
6.345070198161085528e+01
6.371981071912935590e+01
6.385759510275548223e+01
6.353335052755973322e+01
6.225940321299432867e+01
6.120641346709790298e+01
6.088126166675862549e+01
6.026239864223401099e+01
6.107223047195046206e+01
6.179206794094714184e+01
6.263178087408153516e+01
6.301431518013254163e+01
6.387075298378362476e+01
6.379281385920249647e+01
6.421637838724571168e+01
6.440853022319610943e+01
6.303228954991082134e+01
6.279113472790172068e+01
6.230697324973947815e+01
6.226751815557355485e+01
6.114728978360822964e+01
6.076282645021142059e+01
6.103433043190327822e+01
6.153932635066232137e+01
6.197445352157484422e+01
6.251481691821684450e+01
6.327174490545179708e+01
6.492849739581630786e+01
6.431827254985000764e+01
6.410106240602273431e+01
6.343759007198345756e+01
6.322016357047161250e+01
6.343956322313619012e+01
6.204325840707797113e+01
6.199432405226912834e+01
6.298849105681836846e+01
6.433360343525303904e+01
6.438802181759426446e+01
6.339824645389441571e+01
6.308353678143303256e+01
6.293134901313128182e+01
6.224991304138271175e+01
6.243714004940362372e+01
6.038484509820571589e+01
6.194194506874733008e+01
6.182109332079508590e+01
6.115560107031387105e+01
6.216832060331333309e+01
6.098833627726448725e+01
6.104156087159771005e+01
6.029438649828204433e+01
6.103514561633478763e+01
6.184279412386662500e+01
6.223851078094925526e+01
6.285603262099500199e+01
6.477894255295497317e+01
6.595641708176552243e+01
6.629532214633474041e+01
6.582011071960175741e+01
6.685550036114673844e+01
6.520532239235683392e+01
6.560924882087007859e+01
6.691633924247490484e+01
6.772901709563281258e+01
6.731271975632995463e+01
6.879615715302168155e+01
6.983482057759120210e+01
6.942532567690297185e+01
6.711679085829560165e+01
6.662151468906658636e+01
6.483230925793215249e+01
6.541709757920574475e+01
6.427920328989146981e+01
6.503966465780661110e+01
6.565097511746270698e+01
6.640445550404291453e+01
6.715118004081188019e+01
6.938172686998514394e+01
6.848511516223979356e+01
6.947963873889830211e+01
6.884139082000007193e+01
6.753498486002827406e+01
6.647976978126095560e+01
6.633222070250423030e+01
6.629502675680268453e+01
6.331429558144416347e+01
6.447642703285410448e+01
6.620770972445579616e+01
6.704517420370207503e+01
6.655949874447642856e+01
6.408259447819743571e+01
6.503110222907345417e+01
6.658680145711591081e+01
6.666120641776699074e+01
6.608476371105936664e+01
6.494430284803681275e+01
6.682887313053991818e+01
6.695911886339648333e+01
6.710088360290718867e+01
6.480952847803969519e+01
6.414628901059882082e+01
6.457916347037104288e+01
6.475434586448105279e+01
6.500218870860000209e+01
6.632446776335740424e+01
6.788661172323342896e+01
6.992079107659488102e+01
7.098207296204809325e+01
6.864025947361754731e+01
6.830146499225071466e+01
6.784918485318279124e+01
6.734285093660149357e+01
6.550524205797259469e+01
6.501513121215384672e+01
6.606598127700439704e+01
6.846496353611712493e+01
6.931736786343651602e+01
6.973178831443001968e+01
6.868624278738481337e+01
6.977320118862223808e+01
7.004089661565099334e+01
6.897406288990254097e+01
6.889405303126405045e+01
6.856670823182598440e+01
6.981483653785809906e+01
7.041083352008205054e+01
6.976059398785744747e+01
6.792315716999907238e+01
6.889072300667891113e+01
7.066169376162504534e+01
7.033833330710238840e+01
7.088733990207259694e+01
7.022232508852960109e+01
7.163851851395065751e+01
7.455383496791121445e+01
7.313704536951917135e+01
7.370525633405789279e+01
7.182914471254569833e+01
7.299181041310357898e+01
7.311940789544429720e+01
7.155729184254019515e+01
7.051017224080358403e+01
7.003172738585107027e+01
6.803717791639225254e+01
6.809729511658859735e+01
6.740950155968137381e+01
6.699124034782634851e+01
6.693878686019084512e+01
6.749069718852695132e+01
6.815045938370130330e+01
6.758018885314280055e+01
6.736136833401752710e+01
6.744259834207406357e+01
6.823754191857366891e+01
6.926941336728793885e+01
6.935447889393464038e+01
6.907706749958771297e+01
7.003763606189197333e+01
6.915774478326824237e+01
6.911862336941477736e+01
6.822425254484167567e+01
6.808903812985703041e+01
6.720231387536239254e+01
6.816253945712951179e+01
6.772556823620671196e+01
6.722721945904309848e+01
6.814854594777123964e+01
6.825327573447138718e+01
6.897425577189243029e+01
7.035578499487819215e+01
6.944413084099251421e+01
7.192483638208246077e+01
7.156313425131997974e+01
7.290947662826198439e+01
7.092498968894147993e+01
7.077863557840566955e+01
6.969192378472260430e+01
7.170297956477777745e+01
6.996238928253987410e+01
7.051756275243228345e+01
7.093601763429445839e+01
7.031579180720365230e+01
7.023998528313512679e+01
6.998016688258117313e+01
6.901912070912128172e+01
6.891919132095181055e+01
6.868946822316026157e+01
6.853277825387573330e+01
7.044570471172075088e+01
7.073734999087020014e+01
7.118943413442455892e+01
7.147829602596135601e+01
7.229109714165323908e+01
7.191819493939708252e+01
7.039137581652310871e+01
7.044565550514579400e+01
7.265872251208557486e+01
7.151519042271880267e+01
7.161290385252809187e+01
7.068623954913346097e+01
7.061377014241141126e+01
7.105459463425648892e+01
7.022137204002393673e+01
6.932730112325900507e+01
6.943389280124915786e+01
6.872728392266128594e+01
7.096119797716227140e+01
7.091977892751079082e+01
7.286174820681431186e+01
7.189453461108111298e+01
7.183360753997372683e+01
7.305390524994169255e+01
7.351881533016440073e+01
7.076023422746280289e+01
7.154757525349079117e+01
6.968348228352562046e+01
7.022613290782125262e+01
7.171889118145935527e+01
7.153303189658376482e+01
7.031626168758620565e+01
7.230011429833271563e+01
7.268808144818395078e+01
7.160169902789283469e+01
7.285621221179944484e+01
6.979578060502390713e+01
6.985071043297104154e+01
7.088537837153732823e+01
7.031169829631703294e+01
7.131367033438549186e+01
7.160335231010218138e+01
7.123842020382147666e+01
7.252918648043632288e+01
7.217720008027268364e+01
7.122178198417302042e+01
7.099639578938564455e+01
7.007802927972691975e+01
7.108978532609518197e+01
7.124785953956163098e+01
7.100920281579489313e+01
7.215897898023609969e+01
7.245435395181922900e+01
7.186820987769363001e+01
7.347846610059991690e+01
7.144792983416314769e+01
7.058414931486211685e+01
7.061605931256580959e+01
6.900458175076579437e+01
7.031825090743572559e+01
7.141434524392776950e+01
7.333465796368267320e+01
7.316614372329590310e+01
7.407912715892574340e+01
7.386273553652745250e+01
7.403863127550424394e+01
7.239599384966821560e+01
7.141607510444028151e+01
6.878033730747699792e+01
6.897482402776860511e+01
6.975911891155938349e+01
6.886681801794900082e+01
6.803016345661794162e+01
6.797261995810977453e+01
6.923784140262884534e+01
7.080279369353611685e+01
7.157113298537417734e+01
7.152006875258000207e+01
7.263871114526138228e+01
7.550747987034367270e+01
7.655500160432218593e+01
7.600059287977290978e+01
7.571005279356675999e+01
7.489307843676829179e+01
7.601334751474267648e+01
7.704788604483503889e+01
7.707735020646151725e+01
7.516907252011088758e+01
7.531422334127410068e+01
7.563304018930712402e+01
7.546115791274705487e+01
7.495209690069764008e+01
7.506956836406557443e+01
7.269361213214659756e+01
7.286799429967680908e+01
7.206414645372734640e+01
7.220152029153358342e+01
7.230551201949192830e+01
7.167749858873159496e+01
7.367323547738089928e+01
7.547389159807934789e+01
7.579896764312664459e+01
7.490352106711648617e+01
7.431054377169871827e+01
7.480730548036082439e+01
7.247566965707520126e+01
7.074679721559465406e+01
6.975500088166457147e+01
6.996650528922717172e+01
7.168623374050878283e+01
7.159171124459275859e+01
6.985430252747988789e+01
7.064921998181654317e+01
7.273843204552998998e+01
7.402770982891877338e+01
7.383324443528604775e+01
7.480037009148450977e+01
7.508417114517733637e+01
7.659089600974321854e+01
7.673020490768243462e+01
7.785730251780346123e+01
7.702735406094569726e+01
7.556794640862726453e+01
7.673953002486352659e+01
7.585003962177879089e+01
7.621977566099019441e+01
7.732933713933429942e+01
7.509518779987513426e+01
7.680683517818216899e+01
7.719830353033773918e+01
7.714634276953295000e+01
7.659322161162219800e+01
7.683993688574898329e+01
7.435635132164048855e+01
7.582924341522783607e+01
7.436086447764895979e+01
7.611374693618867582e+01
7.542734148396216654e+01
7.708751223142323283e+01
7.562908632357458316e+01
7.656985543424219998e+01
7.693933640417662900e+01
7.819783433608739642e+01
7.894369896043433243e+01
7.681547592575302019e+01
7.712686305429865286e+01
7.709149398938676256e+01
7.455928396369222355e+01
7.461820632815287979e+01
7.486132788674427729e+01
7.330253209819973392e+01
7.356348576492351299e+01
7.299744064065879456e+01
7.424831180936523367e+01
7.317714111284263367e+01
7.334576954342739441e+01
7.425495121022605360e+01
7.553856931419556986e+01
7.414921649942337467e+01
7.332052858859883315e+01
