1.767488495670837381e+02
1.119332475803355749e+02
1.547534021452211448e+02
1.176247047528228507e+02
1.415210009598623913e+02
1.304346321667798918e+02
1.462383785995121741e+02
1.365270989170226130e+02
1.580952588486669868e+02
1.492489225131087949e+02
1.601962120688463074e+02
1.527917278717357306e+02
1.647217693162489240e+02
1.560064831754035595e+02
1.676857241881409095e+02
1.814276229283562429e+02
2.108790817050500834e+02
2.065325030372325728e+02
2.042555448701079968e+02
2.124676570610233171e+02
2.202599528336959622e+02
2.034440746045335970e+02
2.245370972110150944e+02
2.316959148715023957e+02
2.621898176511179486e+02
2.474979103062191257e+02
2.740986100599673136e+02
2.507922937934931440e+02
2.709918147454303039e+02
2.566358100951783854e+02
2.826088976550845473e+02
2.606442174883322309e+02
2.901111960544441786e+02
2.624591741345452647e+02
2.907005443174903689e+02
2.702491105818623964e+02
2.766674702807499671e+02
2.675707257072749599e+02
2.760670109724750887e+02
2.736100521629347213e+02
2.826242933732292499e+02
2.897941093584066152e+02
3.104536833334047969e+02
3.130878702639134872e+02
3.191417105403621690e+02
3.000703790899922296e+02
3.044863281550730676e+02
3.062138134612279714e+02
3.390094903714365273e+02
3.379419634135105071e+02
3.511646872735124134e+02
3.261842195165616545e+02
3.534742816126567959e+02
3.338554833008989249e+02
3.596442309670271129e+02
3.566790882333453396e+02
3.636590444579309178e+02
3.587020414720817598e+02
3.671645058229150891e+02
3.625861894649253827e+02
3.738907306353775652e+02
3.550910020003213390e+02
3.444228862284339243e+02
3.354484405935968425e+02
3.585671512617479380e+02
3.584169638975201337e+02
3.882025220240165027e+02
3.707297663847378999e+02
3.746897608840120029e+02
3.672015820079174659e+02
3.652743972482486470e+02
3.593466101327971387e+02
3.601106259080222003e+02
3.617367829777659267e+02
3.671382192229824568e+02
3.663113827635638131e+02
3.561378090965858974e+02
3.562163620233183678e+02
3.564207344416574870e+02
3.589918460738718409e+02
3.686476768284553600e+02
3.619431437415157689e+02
3.738648877174899781e+02
3.764419007292172523e+02
3.781698533538393576e+02
3.773235163566014876e+02
3.723755198505116368e+02
3.646082962913809524e+02
3.811290084156390208e+02
3.767344672901214153e+02
3.915726440129698176e+02
3.917484291339839046e+02
3.787182496224418173e+02
3.624552596521986629e+02
3.657409943696155210e+02
3.587498980194834530e+02
3.663886208714860686e+02
3.694652820501256087e+02
3.798667588967896904e+02
3.860229522283025290e+02
3.835332930665151139e+02
3.865281256927538038e+02
3.809234274161183293e+02
3.830879514513407003e+02
3.899261296868162958e+02
3.898988239520491561e+02
3.901468246934346666e+02
3.999022942319987237e+02
4.003716521913124780e+02
4.033545976535000364e+02
4.118464078061895748e+02
4.057190842962788793e+02
4.052785155487742372e+02
4.036422743039055945e+02
3.998556612264835053e+02
4.043743611861704039e+02
4.098845749390595756e+02
4.105953861607165436e+02
4.223500084280185547e+02
4.210740201371315834e+02
4.247310429759294266e+02
4.316825459152613575e+02
4.332943180015998905e+02
4.344024425343239955e+02
4.335457513321069314e+02
4.211023902469901259e+02
4.127394518749525218e+02
4.098797554652252302e+02
4.147125834061640717e+02
4.097969260951312549e+02
4.146229283783217170e+02
4.126016986320300362e+02
4.087696554909219913e+02
4.087058084304923113e+02
4.179748100799877761e+02
4.111538711506366326e+02
4.132721985289283566e+02
4.134817312414431854e+02
4.110185054895040366e+02
4.186895572549501026e+02
4.331925481426300166e+02
4.271672829993695473e+02
4.296534652385157074e+02
4.223605059797621379e+02
4.126515170748867831e+02
4.178343881568699203e+02
4.138626867264433713e+02
4.116460370606081369e+02
4.171621230743780302e+02
4.125198885431400413e+02
4.105579721533515567e+02
4.168108099051198110e+02
4.314412341159184621e+02
4.292647808535566014e+02
4.371698140582738574e+02
4.438254782696384950e+02
4.301853738719383387e+02
4.360830751480981462e+02
4.496091567647496277e+02
4.409500895172856758e+02
4.499621902105112667e+02
4.520390190504498378e+02
4.526815263457911556e+02
4.528911720652715758e+02
4.635036606411061939e+02
4.465161750729117216e+02
4.520841825132176268e+02
4.441258773217291491e+02
4.404873782923682484e+02
4.426074661046831125e+02
4.583865397137034847e+02
4.483737494226015201e+02
4.571635688519140786e+02
4.515149611174711026e+02
4.575153057647096944e+02
4.478224687371244954e+02
4.530278396274079569e+02
4.514106847163004090e+02
4.536433870928605074e+02
4.471551689544726855e+02
4.544445398808624077e+02
4.488904220188121030e+02
4.531529700881214922e+02
4.479063602338727037e+02
4.361659249218735681e+02
4.283921777737327830e+02
4.237066970943517390e+02
4.188614191100512585e+02
4.250926930028999209e+02
4.355228042202956544e+02
4.356274812491278112e+02
4.282672320894992026e+02
4.355471565200872988e+02
4.161842282958357941e+02
4.323079289458187873e+02
4.406041704922157010e+02
4.420453598110717053e+02
4.486474540460085905e+02
4.463022594334473183e+02
4.452802097813648743e+02
4.400685331461634178e+02
4.412499685648192553e+02
4.426869788310830813e+02
4.319480136338932539e+02
4.441837001278204298e+02
4.461881275202234747e+02
4.425526886988308775e+02
4.525313027078470896e+02
4.458369669461852709e+02
4.523439484715239587e+02
4.704717150944931063e+02
4.667962125605438359e+02
4.735423877147438247e+02
4.547669146042671287e+02
4.482189464258452176e+02
4.417731107057730924e+02
4.342700921298425101e+02
4.355612437472821057e+02
4.464919497725194901e+02
4.465770126465982344e+02
4.606694963430014695e+02
4.501206951506132441e+02
4.451661174388742097e+02
4.494362030189175243e+02
4.458573085243921241e+02
4.665457134579849026e+02
4.826482728088432737e+02
4.737919918226058371e+02
4.726115945492718424e+02
4.640814428468418669e+02
4.655898486453151577e+02
4.516277388252435685e+02
4.516224845954872649e+02
4.513598126523456244e+02
4.532907222795207645e+02
4.567000412917146832e+02
4.719027259925584303e+02
4.679801003971973614e+02
4.723652631230148131e+02
4.750485601505128557e+02
4.710886277270887490e+02
4.700430486045082716e+02
4.775146159804606327e+02
4.711993558824825641e+02
4.719431876057856243e+02
4.653155492753857629e+02
4.735390792949818319e+02
4.644304223454979592e+02
4.683647603047845678e+02
4.676433623595934250e+02
4.632608771722355527e+02
4.635530388534687631e+02
4.652048359175064434e+02
4.645015627079173441e+02
4.697047967431722100e+02
4.609600994159894753e+02
4.582517730626141770e+02
4.571429932362347017e+02
4.532908798391148366e+02
4.524947370461499645e+02
4.491738876201680455e+02
4.486518031482133892e+02
4.673877693357533758e+02
4.700137774664472659e+02
4.768725674444903575e+02
4.749512510697001062e+02
4.804396724777232066e+02
4.621223507722662021e+02
4.617326907823098736e+02
4.643051736344223173e+02
4.706252950649191007e+02
4.627636369885851764e+02
4.755032573544932006e+02
4.816354082597093793e+02
4.746372563428517424e+02
4.552111910859250088e+02
4.465907356835679707e+02
4.530206249987253386e+02
4.646360655608633010e+02
4.618345961659667864e+02
4.773053250829159992e+02
4.677752573596322918e+02
4.520997520201171369e+02
4.518820410188434948e+02
4.440728892077827368e+02
4.517326725289290152e+02
4.721363180449753258e+02
4.618778893566205284e+02
4.642923295983600838e+02
4.540631258868768327e+02
4.589401567731295586e+02
4.578574248119502386e+02
4.689796435100701046e+02
4.681085484112392692e+02
4.729243545160670124e+02
4.637019566955290202e+02
4.816143301234195064e+02
4.790363494642314777e+02
4.803034699239140082e+02
4.673287112890479307e+02
4.912272265346120435e+02
4.812964841168315502e+02
4.959208159682506789e+02
4.814686981128916727e+02
4.820306187562892433e+02
4.781590557148012408e+02
4.894939303151420518e+02
4.764007091029258163e+02
4.935617135843458527e+02
4.792993680364157854e+02
4.674975043525533920e+02
4.606594809175314253e+02
4.589369327282267932e+02
4.605164921126512354e+02
4.758140100641257391e+02
4.783025214026309300e+02
4.858372409317810252e+02
4.794072114573488079e+02
4.779373724481163208e+02
4.657477396946095496e+02
4.659260323660954555e+02
4.652688097144556991e+02
4.699213922493012774e+02
4.668193004822067564e+02
4.873820456641412875e+02
4.904188146580238481e+02
4.904735920388071122e+02
4.783476103525129020e+02
4.892318155564832978e+02
4.828899664131627105e+02
4.790286679675490404e+02
4.858079441248850117e+02
4.867451995006256880e+02
4.781932224070599204e+02
4.838559385836953197e+02
4.729216335950270604e+02
4.835696089494040848e+02
4.723525972442027978e+02
4.752992033798158786e+02
4.804765984472861078e+02
4.957164851118388924e+02
4.870642539310122743e+02
4.891648139524048702e+02
4.844699028863079207e+02
4.836798546405949537e+02
4.741676287990714513e+02
4.789295697173556050e+02
4.656065846897101892e+02
4.773156679798867685e+02
4.814851295056240019e+02
4.947081374136045042e+02
4.837420101572880071e+02
4.869087510669489802e+02
4.736100591352736160e+02
4.816143866846587684e+02
4.664604367838666121e+02
4.752484343068607018e+02
4.754047890250095065e+02
4.836581500176681629e+02
4.799342840634085405e+02
4.907914339525497667e+02
4.690919810699040795e+02
4.707911331557399990e+02
4.632072518897895748e+02
4.664735947350405922e+02
4.785027146002404379e+02
4.968766394786955516e+02
5.013480121215398526e+02
5.047025840987331549e+02
4.928039808008678051e+02
4.826099159367274751e+02
4.659305692820130957e+02
4.670871142054187430e+02
4.605760842166898783e+02
4.704949947272608597e+02
4.754301549078024891e+02
4.796654753388546055e+02
4.895086249137445975e+02
4.896359407378683954e+02
4.892940326453331181e+02
4.940307762190721519e+02
4.842069127911070723e+02
4.924019072017982239e+02
4.866582246294967717e+02
4.863452100151142190e+02
4.812908160628512064e+02
4.792288737727693047e+02
4.836872621550443796e+02
4.817853179603213221e+02
4.742288687190359724e+02
4.791132839759593480e+02
4.728017301219083492e+02
4.828809822562980116e+02
4.887752376655169542e+02
5.003426097310951945e+02
4.978564325976780083e+02
4.977471671171553567e+02
4.875032004492127271e+02
4.916901534483100136e+02
4.786062254068476136e+02
4.919677210063404118e+02
4.825366235779446242e+02
4.959438110668983200e+02
4.855956838226711056e+02
4.943351389353052241e+02
4.913121960074414005e+02
5.019799746148270856e+02
4.912465284986782876e+02
4.997915565800016111e+02
4.902920462121479090e+02
5.052244396847345342e+02
4.974362171368489953e+02
5.091105615226848613e+02
5.033809742072523932e+02
5.018713198774138391e+02
4.852759603774968014e+02
4.911452300558427169e+02
4.865071415384663283e+02
4.941705667981693182e+02
4.866398931762873872e+02
4.851340070518899097e+02
4.789354791106300127e+02
4.708085971354108779e+02
4.724459326731134752e+02
4.837460540355172043e+02
4.840525099129209252e+02
4.897726516019086489e+02
4.834640499799643294e+02
4.810664038965412601e+02
4.761611154333638183e+02
4.848103074397238856e+02
4.831123961355824008e+02
4.932767744745131040e+02
4.927854579967721520e+02
4.978482546757737737e+02
5.020471161383633216e+02
5.062315200138980344e+02
5.087434049248804513e+02
5.109825711565936217e+02
5.014361636353347649e+02
4.930617894952554821e+02
4.947795921750337129e+02
4.895969924663654638e+02
4.837814294428776520e+02
4.826618993782963116e+02
4.815418528564655389e+02
4.923149289019757475e+02
4.822863906990683063e+02
4.813866104442528808e+02
5.004997424686449108e+02
5.042413860004626827e+02
5.008966845753004122e+02
5.245806001784939099e+02
5.093791986433636794e+02
5.152046463308348621e+02
5.055788463473269871e+02
5.057218664581414487e+02
4.870390551515543507e+02
4.904531817018014976e+02
4.711290038651715690e+02
4.803356522866554315e+02
4.917489785194870819e+02
4.920814522832893090e+02
4.943891127639610090e+02
5.190997191042019949e+02
5.128733400270020866e+02
5.117157934841685574e+02
5.100210457439342804e+02
5.076433145402334048e+02
5.059537956047892067e+02
5.115537149236804453e+02
4.959869077095449938e+02
5.054544089674241150e+02
5.262849240226646543e+02
5.182515377489247612e+02
5.095417970256501690e+02
5.088626210813340549e+02
4.956910436294843407e+02
4.804310253821315086e+02
4.783336766512721283e+02
4.799152891033273249e+02
4.844002346487695263e+02
4.814514815459704096e+02
4.798411954516359401e+02
4.852612694701927012e+02
4.920330481531405553e+02
4.901825881299849357e+02
4.896017007622309620e+02
4.830085420704976400e+02
4.910219934114568332e+02
4.927834619126702478e+02
4.931215192412276451e+02
5.063530660857137491e+02
5.075255677916824197e+02
5.144124723829361301e+02
5.121895188289400949e+02
5.315061705992683301e+02
5.357078154683763387e+02
5.385394833680863940e+02
5.279518384669198667e+02
5.283410206610584510e+02
5.168049799376651663e+02
5.186604449138411610e+02
5.069052527978575426e+02
5.112695247760955226e+02
5.192577690872400353e+02
5.223988072148449646e+02
5.175236301091886162e+02
5.289998231273324336e+02
5.314190655458485253e+02
5.508567328825544109e+02
5.318804942523985346e+02
5.359790552331087383e+02
5.269224569525546258e+02
5.200240690879862768e+02
5.000283343663982123e+02
5.159067870572922629e+02
5.160637718303794372e+02
5.215919545241052901e+02
5.124369642513177041e+02
5.359432292449436090e+02
5.297280062282970903e+02
5.386240876865790597e+02
5.365792075086044406e+02
5.425659346783246519e+02
5.316330730262812949e+02
5.347935485842749586e+02
5.227947344458980297e+02
5.284846890205667478e+02
5.136022247383161812e+02
5.261620473903002448e+02
5.204883205752022377e+02
5.247685972309683393e+02
5.185714577478263436e+02
5.237447918985155866e+02
5.231723941246368668e+02
5.281404632527286367e+02
5.240817542420574000e+02
5.336644767133622054e+02
5.348480485876117427e+02
5.382281936490265934e+02
5.370426476011526802e+02
5.416626605843561038e+02
5.384092116813478697e+02
5.452185389616198563e+02
5.271770342360276800e+02
5.294018694126400533e+02
5.028491446942597918e+02
5.179314994952718507e+02
5.150472785615218072e+02
5.214804003038153724e+02
5.383985603561724247e+02
5.516126461372030008e+02
5.560185452776395323e+02
5.576242720500426913e+02
5.555931338626051001e+02
5.522230804484619284e+02
5.364355687641906343e+02
5.380824803562497891e+02
5.274964986603753232e+02
5.251906483777424910e+02
5.115660834171865758e+02
5.224877657736004721e+02
5.184641594906688624e+02
5.329293431709508013e+02
5.230853618598538333e+02
5.388718184360237728e+02
5.354408030172793360e+02
5.246725698492618903e+02
5.164907402690089384e+02
5.413936102643662025e+02
5.507848909672833315e+02
5.450678566311478335e+02
5.473365381577342532e+02
5.614367531279959849e+02
5.509234856485700220e+02
5.433005830059838672e+02
5.360026206064690086e+02
5.449078980905965182e+02
5.373037362305467468e+02
5.354387596316827285e+02
5.342289655392866052e+02
5.431214418696145003e+02
5.379526033026394316e+02
5.511770868015657925e+02
5.573480320467295996e+02
5.637548265314511582e+02
5.631654753417503798e+02
5.559498313673547045e+02
5.435014590072547662e+02
5.314451164688758809e+02
5.349277004057310023e+02
5.393134781123236507e+02
5.445972748358179842e+02
5.466316507530456192e+02
5.493020781460063517e+02
5.462250208324928735e+02
5.361311312742152495e+02
5.469098041753850339e+02
5.387696944537427726e+02
5.446089030101048820e+02
5.257852801894146069e+02
5.455212142068027106e+02
5.467653684195040569e+02
5.598574451428332850e+02
5.633778200629225239e+02
5.837763121871665817e+02
5.743910754861026362e+02
5.753377385295766544e+02
5.556113760664263737e+02
5.503988027892200989e+02
5.377741724957271572e+02
5.435504081154375626e+02
5.349419216808962574e+02
5.418213662894071376e+02
5.441727658084265613e+02
5.479217672062219435e+02
5.411014080331049172e+02
5.590699471386255937e+02
5.612658773926343656e+02
5.560218903929218186e+02
5.604469231151228996e+02
5.699162255183713341e+02
5.718751854280465068e+02
5.697681305400517431e+02
5.683151682356609626e+02
5.775490720260468152e+02
5.688220457317515866e+02
5.718088269824847885e+02
5.660923700453635092e+02
5.596980934830334036e+02
5.527523695538679931e+02
5.523177985490608535e+02
5.373116154067935213e+02
5.392216368649216065e+02
5.503658778769951141e+02
5.601376155819982614e+02
5.533471565288072043e+02
5.634164732406612757e+02
5.688697070707014518e+02
5.688270854303976876e+02
5.508746202371726213e+02
5.521639181658960069e+02
5.443022136196684642e+02
5.530359682336325022e+02
5.430279794408183989e+02
5.443333236150789389e+02
5.510946559979287258e+02
5.680227615204935319e+02
5.673494271807853693e+02
5.672661502730785514e+02
5.733055413154985445e+02
5.661986975927501362e+02
5.526512818358569348e+02
5.491416894278673908e+02
5.515816054389102874e+02
5.619812642597812555e+02
5.543910221304305423e+02
5.805923447148910554e+02
5.848301555753432694e+02
5.899677534500156071e+02
5.927515546499662378e+02
5.835049186677532589e+02
5.648812027877193032e+02
5.777748320180734254e+02
5.648443301675786188e+02
5.664755833873357460e+02
5.625752347332454519e+02
5.730338412649088013e+02
5.565261255662501299e+02
5.681988049455133023e+02
5.678612913846654919e+02
5.769686787194521003e+02
5.665277491687955944e+02
5.633538186138031278e+02
5.423594359539796415e+02
5.485398705663395731e+02
5.414094501537707629e+02
5.484083730632991092e+02
5.501812335254977597e+02
5.573369268632062585e+02
5.551208970776660863e+02
5.833975175694763493e+02
5.836791228719205264e+02
5.886775356373609611e+02
5.928264552851613871e+02
6.025124133907079340e+02
5.914813012847174605e+02
5.945471364769133515e+02
5.898470336854719562e+02
5.872801365590947853e+02
5.777734014028638967e+02
5.791209527383496152e+02
5.706916575201429396e+02
5.766841840526417400e+02
5.618108345457937958e+02
5.743240568024499453e+02
5.642342472210698361e+02
5.840902683766828432e+02
5.716814320204380238e+02
5.994001169610273791e+02
5.927421740552836127e+02
5.990666146724541932e+02
5.907439635723718538e+02
6.008414978865848752e+02
5.908697310614605840e+02
5.914720894806150682e+02
5.718831672884907675e+02
5.780364215244698016e+02
5.626247844024376263e+02
5.729410733836734835e+02
5.704625126159386355e+02
5.692981078747701531e+02
5.698279679321072990e+02
5.832505607476982732e+02
5.753798424933194156e+02
5.875415303953524244e+02
5.851108759131366241e+02
5.857368375279294241e+02
5.690117916267822693e+02
5.675031665687411078e+02
5.578903339550635110e+02
5.609151638276102858e+02
5.587932928177568783e+02
5.808637600046891976e+02
5.832163867733186180e+02
5.990287071228194691e+02
5.764589492225109097e+02
5.800742230087696498e+02
5.738948898460882901e+02
5.646523362297106132e+02
5.679582198944333413e+02
5.911241534467451402e+02
5.968837030923133398e+02
5.900764077434264436e+02
5.869816255547709716e+02
5.891650364206534505e+02
5.715371865163335769e+02
5.741937330353845255e+02
5.792172448499587745e+02
5.925138055879260719e+02
5.909605410712782714e+02
5.922717567403624344e+02
5.874874885506999362e+02
5.953798535487449044e+02
5.919609854982875277e+02
6.007116870482693685e+02
5.799701270131129149e+02
5.836464863294786483e+02
5.844218577724600436e+02
5.880481092938964593e+02
5.841963940393766279e+02
5.841583203311920443e+02
5.909956133591522303e+02
5.927052626994603770e+02
5.804962123382356367e+02
5.795925550515751183e+02
5.795079003163574498e+02
5.776845623020703897e+02
5.719373085204457539e+02
5.914828429855795093e+02
5.930725571375944583e+02
6.081885698764856443e+02
5.941797386731360575e+02
6.060343430236642916e+02
6.037254226903700101e+02
5.997353588591656717e+02
5.906526380118240240e+02
5.883403692890146885e+02
5.827809740882617007e+02
5.971404467300117176e+02
5.832694536654344120e+02
5.900529586083259801e+02
5.808740724241481530e+02
5.916140452389964821e+02
5.867858009310058378e+02
5.961389133506822873e+02
5.934040172800537221e+02
6.068271982818585002e+02
5.860279964194564855e+02
5.915940870040067239e+02
5.694353736914696356e+02
5.775463421011720584e+02
5.743963628220121791e+02
5.783341351829974428e+02
5.887727682123544355e+02
5.863834070837669969e+02
5.916097506957908081e+02
5.901786009473177046e+02
6.006503958717030400e+02
6.062760271637221194e+02
5.830421725551233294e+02
5.847635410061777748e+02
5.837877268653127203e+02
5.717793631919075779e+02
5.729987265635940048e+02
5.819056865807501708e+02
5.751015393562277040e+02
5.780164716196544532e+02
5.729335236376373359e+02
5.837122169238340348e+02
5.902789703338701202e+02
6.024608387281052728e+02
6.122046537701347688e+02
6.036101481418450021e+02
6.047706599793272062e+02
6.064348019659902320e+02
6.069731943312746125e+02
5.973209617047224356e+02
6.011422714758836037e+02
6.119953764721011567e+02
6.062674383498192583e+02
5.967951679222655912e+02
6.065877982232966588e+02
6.137996005711905809e+02
6.155756969790811581e+02
6.116415101967585315e+02
5.977447402666053904e+02
5.966764684199793010e+02
5.888615565166506940e+02
5.910286542087218322e+02
5.868414200737285000e+02
6.043963051563115414e+02
5.970500175340328042e+02
6.084260715250015892e+02
6.023439160909799739e+02
6.199830530696928008e+02
6.072835878554398050e+02
6.080224694457132273e+02
6.037506730455513662e+02
6.034048695993917590e+02
5.945978471689617209e+02
6.050289338957576319e+02
6.218451860199895691e+02
6.272371442958825583e+02
6.295005170609176730e+02
6.246524416110415814e+02
6.205795823883012190e+02
6.121965557133978564e+02
5.796447277538800336e+02
5.864754878378812464e+02
5.641969325221757572e+02
5.666056069134066320e+02
5.714095171190119800e+02
5.797326610812302761e+02
5.808485152868531713e+02
5.958677662811609252e+02
6.015568127518018855e+02
6.095099899079119723e+02
6.091145728220262754e+02
6.107191571435946571e+02
6.020638125093678354e+02
5.883140696988444915e+02
5.774257819886041716e+02
5.752231646376171739e+02
5.671018144685295965e+02
5.811915685200945063e+02
5.841795078023227461e+02
5.790949779306145047e+02
5.831985055591599121e+02
5.811889444126379658e+02
5.763248768654835885e+02
5.819028848600233914e+02
5.732563371126889251e+02
5.764741531418061413e+02
5.688653790521550491e+02
5.830361230150518850e+02
5.973075754914744948e+02
6.194588489030131768e+02
6.270357985348632610e+02
6.364637617060315051e+02
6.364408003261113436e+02
6.430768339004790732e+02
6.221228066283956650e+02
6.161455446491164594e+02
6.076064378644429098e+02
6.142690933298948721e+02
6.050909708154289319e+02
6.132266712404932605e+02
6.234275674125880187e+02
6.192431728238531150e+02
6.154824491812255474e+02
6.304937169278101692e+02
6.316391622342551955e+02
6.252695818139387711e+02
6.053196019775333525e+02
6.185276997659815379e+02
6.232765348258039921e+02
6.183689833636012736e+02
6.113741949628466728e+02
5.983258586175111304e+02
5.998872351158166794e+02
5.998597958760874462e+02
5.760055231150125792e+02
5.792079198130708164e+02
5.834278143362641913e+02
5.912280527338575666e+02
6.036579920525840635e+02
6.033016422040373072e+02
6.043328612593893467e+02
6.114769997970685154e+02
5.992702073973158576e+02
5.949722717915042267e+02
5.910194747031822544e+02
5.935243523529046570e+02
5.856999044444412448e+02
5.881193648301540406e+02
5.921070495417438906e+02
5.899943304260578998e+02
5.849522214462338070e+02
5.956228398780802991e+02
5.762472725876457389e+02
5.795052207090462844e+02
5.925989692909474797e+02
6.066124232706321209e+02
6.064959510274517243e+02
6.177943237990438092e+02
6.206877209774687572e+02
6.419141212796853324e+02
6.424691608136143941e+02
6.284242861467713510e+02
6.112234720760512801e+02
6.069941161121099640e+02
5.981548267002664261e+02
5.883139750856603314e+02
5.907177120994746247e+02
5.973855378325763468e+02
5.930044088479008906e+02
6.057687994663207292e+02
6.102019253571919535e+02
6.133729649605495524e+02
6.142426530525073076e+02
6.172493506125208569e+02
6.091240682816777507e+02
6.190946969378098856e+02
6.159117237947707508e+02
6.165535819815264631e+02
6.112692255763616913e+02
6.164874640856421593e+02
6.075853069203443511e+02
6.127601240594630099e+02
6.093497442351629161e+02
6.077984021684168283e+02
6.140877413982306052e+02
6.089271918457197899e+02
6.192850146985948641e+02
6.179937951526229654e+02
6.272884861876665354e+02
6.257429075413070905e+02
6.225691284973172515e+02
6.173895440979031264e+02
6.060507075294547121e+02
6.073299268904570454e+02
5.873123675974048865e+02
5.916975506516943142e+02
5.870621335748109004e+02
5.888451088856559181e+02
5.904668529053828934e+02
5.832809336278903629e+02
5.892258229314523987e+02
6.061200806895375308e+02
6.124951304404761458e+02
6.061215320297768585e+02
5.989444476969365496e+02
6.072713196805856342e+02
6.099048935553466890e+02
6.051688274725441943e+02
6.034127764182343299e+02
6.118248405151286988e+02
6.108612444171054676e+02
6.120008097641165250e+02
5.957964691152326395e+02
5.930773840245502697e+02
5.965923904736424674e+02
5.952615083936176461e+02
6.001985667485564591e+02
6.095129399282576514e+02
