-1.943328568425062031e+01
-1.444566909415969036e+01
1.036595661196670903e-02
6.869530441232996054e-02
4.996320365083315451e+00
4.669507864559172994e+00
6.889703078615049492e+00
8.336844240726019706e+00
1.040238741380743015e+01
1.139022296938655643e+01
1.272896667020590300e+01
1.367657908133065803e+01
1.443214752827635294e+01
1.458705704778604328e+01
1.508297373540384356e+01
1.544400673543290026e+01
1.613261018599083130e+01
1.649227955124408851e+01
1.633981592516214576e+01
1.609838458005604522e+01
1.646146206724599992e+01
1.667299189514217161e+01
1.706856772223832053e+01
1.745378477632111824e+01
1.777681552098810158e+01
1.800635190679287234e+01
1.825023438711367518e+01
1.825424769806972236e+01
1.847355090211151207e+01
1.848472886359476419e+01
1.859001365822459917e+01
1.875796622103338862e+01
1.895781765513847361e+01
1.907489381262825745e+01
1.919269080241646463e+01
1.926608522905095455e+01
1.927310152348519878e+01
1.913689296658848704e+01
1.910622239315356552e+01
1.926762336856352320e+01
1.929767531278617909e+01
1.934582868154186386e+01
1.925791479512087889e+01
1.937182787102137738e+01
1.960355466354951304e+01
1.958848454336164480e+01
1.982892802225214623e+01
2.008339556551668181e+01
2.036084844410914485e+01
2.143625995884540814e+01
2.223505520028752613e+01
2.236284562891566452e+01
2.335253109385883974e+01
2.365125653852648568e+01
2.417765738596987291e+01
2.424921081316378135e+01
2.460465293111959895e+01
2.483994767065669151e+01
2.536980107346550994e+01
2.553012796196899714e+01
2.573926504409160287e+01
2.579023767252726529e+01
2.639797419692417080e+01
2.658629382382623874e+01
2.678005017185640213e+01
2.685973333461652501e+01
2.731152103713021972e+01
2.776701666998802054e+01
2.799935066958025232e+01
2.820836411427734092e+01
2.862167339803928812e+01
2.888807308401414531e+01
2.906189760991080817e+01
2.931780202205325025e+01
2.956378864114953231e+01
2.978845111181406935e+01
2.998749959097819229e+01
3.036272685288944473e+01
3.076354538091908708e+01
3.094177929393092086e+01
3.110948303266579273e+01
3.134731871699206351e+01
3.152062226766130237e+01
3.174457445650340404e+01
3.216714546252432427e+01
3.251242233027184625e+01
3.278195039615773965e+01
3.318499332203633401e+01
3.349922628359965415e+01
3.387924957017396110e+01
3.426516293577078898e+01
3.461978717442183040e+01
3.483677623768059561e+01
3.486983144388243261e+01
3.519010079640215594e+01
3.533765401469883471e+01
3.541245772951760529e+01
3.550516894044389460e+01
3.563100965381718765e+01
3.587683203563138079e+01
3.590097289329618491e+01
3.585077946666795157e+01
3.599065860445423937e+01
3.610339658090600068e+01
3.626391402776523165e+01
3.625204263039947961e+01
3.618047543766831353e+01
3.610664639201842618e+01
3.629585919208633982e+01
3.657400181292278063e+01
3.679207860328427415e+01
3.659821649205684224e+01
3.672611590797512804e+01
3.685908572607962697e+01
3.707462529537657758e+01
3.716239435009246961e+01
3.728543959632728644e+01
3.746481237122360852e+01
3.750172867793256160e+01
3.750913504683279598e+01
3.746738780750231967e+01
3.756487578064923838e+01
3.758145464185269446e+01
3.763306277052015503e+01
3.767822195752842873e+01
3.792305477483602516e+01
3.784463959300112634e+01
3.784409038424526983e+01
3.801180591597932334e+01
3.821012437690465902e+01
3.819479173566232788e+01
3.826269128094018868e+01
3.823544642560037232e+01
3.843289070392926021e+01
3.841858783259435484e+01
3.839285335958677337e+01
3.848236987797569952e+01
3.845457116145645671e+01
3.854091223683512624e+01
3.835728881320743966e+01
3.842908032093046700e+01
3.836378881565752152e+01
3.830037103834161627e+01
3.834650114511015317e+01
3.838291223671959074e+01
3.843362646826871298e+01
3.842497289621536538e+01
3.847747615880299321e+01
3.840607208884297563e+01
3.835641992039436587e+01
3.837319059930761256e+01
3.836933204167596045e+01
3.843097408528640813e+01
3.852478644541132979e+01
3.860459862312594481e+01
3.868823454792501337e+01
3.898904090732772687e+01
3.886248743418787654e+01
3.894468274689330656e+01
3.890787645080249746e+01
3.912982374216912973e+01
3.919811533968689332e+01
3.931376450130132838e+01
3.929196619384880051e+01
3.931394864881142581e+01
3.910052617684800680e+01
3.907392661936589207e+01
3.903720823511315530e+01
3.895908194870273178e+01
3.891067419878604028e+01
3.894821620722952815e+01
3.896154796712030333e+01
3.905890997843064127e+01
3.900505308683804628e+01
3.896121689665353927e+01
3.897847210245579674e+01
3.900505946138852664e+01
3.882763398140207300e+01
3.879662192442682311e+01
3.882456472460449248e+01
3.880086717678189956e+01
3.881971424091941003e+01
3.894495998051941399e+01
3.890699357929666036e+01
3.904785539573394004e+01
3.899888809672226131e+01
3.917259852632123796e+01
3.917885784986452080e+01
3.946836163338051051e+01
3.944191230560728201e+01
3.961592517937830848e+01
3.959996382415961591e+01
3.972018985891227061e+01
3.953048620627202325e+01
3.969349711042344353e+01
3.951854761674412231e+01
3.967806029804837209e+01
3.951852791313201863e+01
3.977994151965520331e+01
3.975996293509318491e+01
3.996955084232646982e+01
3.989471253499053205e+01
4.001851228525587345e+01
3.984361342229500025e+01
3.989233393938466321e+01
3.966057130378546702e+01
3.978069724064931734e+01
3.965238237582205727e+01
3.970323128602741747e+01
3.958728929913898043e+01
3.967917576800797974e+01
3.957828155632276435e+01
3.966335404868456749e+01
3.965470996010361660e+01
3.976477931772687668e+01
3.975177037620142784e+01
3.991822065481695603e+01
4.002852180594809539e+01
4.016259447993731868e+01
4.010612325622452801e+01
4.026174696015741716e+01
4.017888565665513312e+01
4.042991051288723980e+01
4.039168607383277276e+01
4.053961620136148980e+01
4.041226648763402807e+01
4.060466769616960647e+01
4.059877250380804270e+01
4.071591368759158058e+01
4.078605920907575211e+01
4.096237471118993057e+01
4.100229416223956491e+01
4.117192272875048076e+01
4.106181535127370807e+01
4.119986210430765539e+01
4.116824295649163190e+01
4.121636316108684639e+01
4.098759236854204602e+01
4.103839414421109666e+01
4.107253281333678530e+01
4.108451784583881050e+01
4.110885985648209839e+01
4.128713895300243308e+01
4.120446245296379573e+01
4.140104724459113328e+01
4.133460684008812080e+01
4.152466467653613336e+01
4.130165895039142043e+01
4.144427658294421946e+01
4.136849092973373132e+01
4.161349361776528610e+01
4.153430237707007677e+01
4.177381291269033881e+01
4.169501294188285812e+01
4.183306811023353333e+01
4.168033429073537377e+01
4.177604856436988712e+01
4.187422451902656917e+01
4.188498810567928388e+01
4.179060721923659116e+01
4.194245897946435520e+01
4.192011198126703420e+01
4.200400978379653338e+01
4.185287269980309333e+01
4.185568940026973195e+01
4.175730818505593334e+01
4.186151937826886638e+01
4.200057381834647430e+01
4.190166235857842025e+01
4.163760494805959667e+01
4.149187298096531151e+01
4.148550658125603263e+01
4.151682498883306494e+01
4.152146313198115735e+01
4.187840042575836463e+01
4.169929401214653808e+01
4.164396789966838952e+01
4.144457703048698249e+01
4.163217350795694216e+01
4.156783592574360142e+01
4.136318462211267644e+01
4.134941296405271771e+01
4.147447658206521481e+01
4.153416584875897399e+01
4.160019056013903338e+01
4.148878157999259031e+01
4.147093219022941213e+01
4.171080522041883398e+01
4.184084250774692038e+01
4.198488276308102485e+01
4.211180093090938215e+01
4.194316416617175491e+01
4.215392782654025439e+01
4.173693191255896551e+01
4.144517000819658392e+01
4.155702322916802416e+01
4.167750073555416890e+01
4.146798868930542881e+01
4.147634234552990051e+01
4.085235074081790430e+01
4.056630140415236951e+01
4.035162694826160390e+01
4.029579083358169811e+01
4.000517711424215861e+01
4.013061601362030473e+01
3.994551345477878357e+01
3.994369397733679250e+01
3.967827836859028423e+01
3.969086009681728910e+01
3.944870115895466256e+01
3.938583334739961828e+01
3.945380203132242514e+01
3.982129912680625949e+01
3.980354547634396312e+01
3.977413488409839459e+01
3.971082728319487387e+01
3.963574125830761830e+01
3.967907194096595447e+01
3.982780845760937893e+01
3.998923284852250504e+01
4.013247970694060029e+01
3.998617305972255309e+01
3.995351404183909949e+01
3.976550396032480705e+01
3.989884385943751255e+01
3.994768054580651295e+01
4.001046146553618854e+01
4.045964025901619010e+01
4.030431472677356197e+01
4.042355550713786982e+01
4.060777350251365192e+01
4.050787795098539590e+01
4.055739955788163797e+01
4.081826184701603921e+01
4.095753510543435993e+01
4.126077663651152960e+01
4.101710377087151471e+01
4.115617617691022900e+01
4.105759985789473632e+01
4.104438613820246218e+01
4.134394018507088475e+01
4.170703971423444045e+01
4.224531202685151499e+01
4.255469718814441649e+01
4.258441570120449882e+01
4.259632627103182045e+01
4.269198705766526558e+01
4.306116816680466286e+01
4.359604508106221488e+01
4.389390634415936887e+01
4.415816881409052286e+01
4.432124993134285518e+01
4.475069401608595143e+01
4.489339999925032032e+01
4.520986436729134539e+01
4.546427864128531837e+01
4.555728272396651590e+01
4.580037332757314061e+01
4.586298636202125323e+01
4.600741681579356879e+01
4.584886933655324981e+01
4.606193179979050001e+01
4.609380621861870253e+01
4.643136691983861652e+01
4.652831157156379049e+01
4.698266879099455906e+01
4.692951914769680144e+01
4.702692153755385363e+01
4.712096025731327131e+01
4.729727886010337556e+01
4.752636007960486353e+01
4.775771926665630218e+01
4.799186967175994312e+01
4.842309592564334508e+01
4.852708579666217759e+01
4.844843281496382303e+01
4.830579438714018892e+01
4.875298329994913615e+01
4.871931509711622965e+01
4.875301858040079139e+01
4.888948845785678543e+01
4.904374565563589528e+01
4.901827734577066309e+01
4.922828605832445703e+01
4.920401523226648521e+01
4.929061185103111598e+01
4.922364372829549239e+01
4.942343039562342710e+01
4.938311526529858497e+01
4.938255326258080657e+01
4.923028648732821466e+01
4.920226250139200630e+01
4.891138778641466445e+01
4.892240126446378667e+01
4.893796792173214527e+01
4.893060042477812033e+01
4.880474591210548141e+01
4.895776809108880201e+01
4.887110625682097975e+01
4.886600688617791377e+01
4.873773148456422177e+01
4.864237261024488390e+01
4.850405850623727844e+01
4.858371519791337789e+01
4.866204895128645092e+01
4.883112350848480077e+01
4.870426411317223625e+01
4.902856475053836505e+01
4.882323186630023315e+01
4.908676581312254683e+01
4.872480120687046679e+01
4.873377838482670654e+01
4.823889699964697542e+01
4.809066033633630610e+01
4.778244219565473117e+01
4.789021317055978955e+01
4.772957485925147125e+01
4.791815885208568915e+01
4.773794081859951177e+01
4.778025188599700357e+01
4.742034526206072087e+01
4.749658849487175161e+01
4.716035093266378908e+01
4.698954889650691058e+01
4.717089925516587101e+01
4.707748094273051009e+01
4.691038843283099879e+01
4.719760026122968100e+01
4.683443848194083614e+01
4.658495339170774940e+01
4.613524698595653462e+01
4.609176341024539170e+01
4.571715219658157991e+01
4.575987674400948180e+01
4.601063907872185155e+01
4.620294857636363162e+01
4.613184801781216038e+01
4.637816651884451602e+01
4.625448816169436128e+01
4.652156689884376561e+01
4.657008745331285127e+01
4.687943434360938966e+01
4.663696451888382200e+01
4.684477371741512997e+01
4.721793236133682825e+01
4.732604491774105782e+01
4.741859259528509796e+01
4.762019648260980631e+01
4.782185551605302010e+01
4.811348946009197647e+01
4.808368121809731122e+01
4.836619742127464860e+01
4.826393936962422515e+01
4.846609522328211739e+01
4.834499788566489542e+01
4.879299584950773294e+01
4.856387916627105028e+01
4.904248922400379485e+01
4.915198690848523455e+01
4.941772656019193022e+01
4.940806958647035430e+01
5.000506678660076432e+01
5.011638181246414092e+01
5.044897249797657679e+01
5.043191855845950045e+01
5.071199031354625930e+01
5.094957128219850517e+01
5.122328763890713077e+01
5.131249901809866998e+01
5.122433272335344867e+01
5.114678919861766104e+01
5.150004749302181750e+01
5.162902363914095361e+01
5.191764128876242523e+01
5.189381467218361621e+01
5.202674870309388666e+01
5.204304082848502588e+01
5.263072797426521987e+01
5.280122554984021832e+01
5.345208176524575094e+01
5.343663762770622583e+01
5.366523872033548059e+01
5.348590701304961925e+01
5.363537056011497839e+01
5.335639021249923530e+01
5.349554189559665929e+01
5.348610737582562535e+01
5.365301864035743762e+01
5.349705007192545025e+01
5.372270950722821681e+01
5.336044227617747282e+01
5.370106144821391325e+01
5.346974435043928509e+01
5.353378197271841543e+01
5.334722892771065972e+01
5.322492514286474830e+01
5.285628104277612493e+01
5.306292651287115092e+01
5.294512123299944761e+01
5.292543820878398719e+01
5.263639979583028605e+01
5.266364461281968090e+01
5.246273006785255433e+01
5.262135243033185361e+01
5.250960229100900278e+01
5.284415102257323582e+01
5.262256729471761219e+01
5.243872834521643256e+01
5.229465384113574089e+01
5.259965641433274186e+01
5.243265383721797690e+01
5.266767340222996552e+01
5.227090831874690480e+01
5.238510720333212589e+01
5.210077765602223110e+01
5.210260869069695389e+01
5.173201963490900823e+01
5.189996007558566049e+01
5.199369784170816189e+01
5.201924394179951605e+01
5.184664695164441639e+01
5.195533598770836647e+01
5.160686046781129477e+01
5.178189160018632720e+01
5.160443662888099681e+01
5.178855380915859996e+01
5.166308597683141812e+01
5.188051283076292464e+01
5.184535446521553581e+01
5.190841284946356637e+01
5.189174339575679085e+01
5.218958047323202720e+01
5.199058488561838232e+01
5.229576386978205704e+01
5.218510024286466376e+01
5.249866067722442153e+01
5.247144397717569575e+01
5.255030484162518434e+01
5.254518072335459067e+01
5.301790226331470279e+01
5.303621137273441377e+01
5.336853727865634767e+01
5.344165729747182070e+01
5.377485683122561255e+01
5.390042461463254853e+01
5.435704125859300007e+01
5.438989419766377864e+01
5.460470984228419411e+01
5.482788685455632560e+01
5.478993536302173339e+01
5.499827045966315353e+01
5.522884587607392604e+01
5.547151124307643499e+01
5.554063877098046476e+01
5.575883441430061538e+01
5.607149400831874431e+01
5.626510094672990192e+01
5.654766888021188720e+01
5.663284434142509838e+01
5.698179496505812835e+01
5.699784372110211450e+01
5.749304272068674493e+01
5.785740619006094931e+01
5.779456520660919239e+01
5.806794975699115469e+01
5.843176559012622562e+01
5.869089033123340471e+01
5.909264865441268455e+01
5.950207971633297177e+01
5.980514458188913807e+01
6.003392683671752650e+01
6.022757506350090040e+01
6.052280599043250930e+01
6.033083332105363894e+01
6.053180764346461729e+01
6.088903940727554698e+01
6.104635803954612072e+01
6.133417275232243071e+01
6.165156727608811593e+01
6.192408933684698980e+01
6.207583881560386629e+01
6.247214283528033008e+01
6.266922271068138883e+01
6.300677551022562284e+01
6.327411293483374521e+01
6.344879773997039507e+01
6.360348856401949291e+01
6.378342737695064812e+01
6.393704637154305459e+01
6.399796758437501865e+01
6.422899144421245410e+01
6.434945457233533261e+01
6.447393951525774014e+01
6.464253029703911579e+01
6.484855650205234667e+01
6.504267335158762364e+01
6.521456770318599183e+01
6.578009980313473193e+01
6.596993685265856300e+01
6.606164399905263451e+01
6.617334626103162520e+01
6.620483704507014977e+01
6.640735409292136637e+01
6.657319039015796136e+01
6.680952707663971069e+01
6.662028853987666821e+01
6.682123660685080324e+01
6.681386895729023934e+01
6.696470110954464872e+01
6.700995415933931554e+01
6.716810218195672633e+01
6.726562778920910546e+01
6.774087224798797990e+01
6.782470873999677963e+01
6.800355812599283922e+01
6.797129217864463158e+01
6.818406065465687504e+01
6.812462164852588842e+01
6.828874599158439196e+01
6.844656500853078285e+01
6.876693245120462450e+01
6.873650619869566469e+01
6.923830557075307013e+01
6.916354152460345972e+01
6.919243495476800376e+01
6.911312473999781503e+01
6.924226929773695360e+01
6.929118514457530864e+01
6.942810693431970037e+01
6.940616650621953454e+01
6.941716310894170761e+01
6.937926016634109772e+01
6.950804683104406934e+01
6.941467514319151633e+01
6.942416283840390179e+01
6.954833389285590783e+01
6.972782105787442219e+01
6.957838631089701664e+01
6.981313435076108931e+01
6.978196263298006841e+01
6.996533746871561732e+01
7.003832099355373941e+01
7.019033671520477924e+01
7.015391880315358719e+01
7.028637865545330499e+01
7.032758526851741010e+01
7.047779984318584923e+01
7.048216217053507648e+01
7.052449708055422661e+01
7.052975164703104838e+01
7.069683727610099311e+01
7.049375421210943671e+01
7.044753571054539520e+01
7.042470229445397933e+01
7.051609265352573175e+01
7.080138909101633260e+01
7.112380812120564144e+01
7.090452710393884672e+01
7.113044893403812807e+01
7.080856375285760862e+01
7.097242197692878563e+01
7.095539329603006706e+01
7.107685410114360991e+01
7.102595361414280717e+01
7.123318675976038605e+01
7.119651878002960643e+01
7.137204290622520375e+01
7.143273756125422835e+01
7.161847586436074664e+01
7.167332695055732472e+01
7.176650631286895532e+01
7.180030759512831651e+01
7.190790188849535980e+01
7.198564215921970799e+01
7.221972861844140823e+01
7.218212184279614974e+01
7.233853031233903152e+01
7.227382091151292798e+01
7.247092029943303260e+01
7.249991634735827972e+01
7.269693897682867600e+01
7.281603688934961838e+01
7.293945087974826436e+01
7.302670326236808762e+01
7.326240119573964193e+01
7.307514732212574415e+01
7.328776353143425126e+01
7.321208489431776911e+01
7.341403011052553040e+01
7.334338721811401740e+01
7.347349365303217894e+01
7.333260460612582676e+01
7.342227939365184852e+01
7.339863231997237847e+01
7.348559787149316946e+01
7.346667951124280194e+01
7.353618580036723529e+01
7.362895985186314363e+01
7.370653638071443936e+01
7.368388931204067660e+01
7.395266932075766420e+01
7.382855069281772842e+01
7.397905068250555871e+01
7.389909715451341299e+01
7.404680490391569947e+01
7.384558468115670848e+01
7.424975568957042071e+01
7.413348982747176308e+01
7.457093314476996682e+01
7.453988015613613527e+01
7.473203354547587196e+01
7.472406881388560862e+01
7.479277480956773161e+01
7.478901326660795235e+01
7.486408685133214647e+01
7.482816190824229352e+01
7.488344489688567762e+01
7.477023503606214661e+01
7.485251301140371538e+01
7.488643505066816886e+01
7.506355521365398431e+01
7.497558509015752293e+01
7.509698193091070095e+01
7.513967093356473015e+01
7.519609390977478824e+01
7.524734997096128097e+01
7.539657337658626091e+01
7.535446038925007883e+01
7.542087053292446797e+01
7.532459379665570509e+01
7.553720390714656219e+01
7.550105483401868867e+01
7.564812330923687966e+01
7.573788963920868866e+01
7.592127696810511850e+01
7.574801077512557868e+01
7.593477776450779970e+01
7.577446504163873442e+01
7.568981582020266785e+01
7.535120158892941333e+01
7.558326770422848995e+01
7.561353404866316907e+01
7.577730426575207900e+01
7.576831288825859190e+01
7.593213161537772748e+01
7.593665666825704363e+01
7.613018939591972867e+01
7.612066963536888409e+01
7.629651325399444772e+01
7.619626329119418529e+01
7.630617971424209145e+01
7.626714175909135918e+01
7.644011810122999862e+01
7.634622234303878940e+01
7.657914276439051093e+01
7.651701329377161187e+01
7.668247352098669012e+01
7.668089370780460001e+01
7.676722072363773464e+01
7.670673632189856050e+01
7.688424241052229036e+01
7.672437642015422909e+01
7.686782387155351159e+01
7.691161708011325970e+01
7.701453287778730328e+01
7.689636866648771729e+01
7.712125403429330106e+01
7.711576815359700277e+01
7.711999331214070708e+01
7.694346037622609913e+01
7.714126672853035416e+01
7.705280276148526752e+01
7.714949241782561273e+01
7.708951229643658110e+01
7.725628827081834515e+01
7.723920504182152058e+01
7.727607886633708745e+01
7.729189400278387723e+01
7.742976208801984228e+01
7.741006800027923873e+01
7.741688043643445383e+01
7.735668896360071756e+01
7.757190179444370415e+01
7.749114765837285290e+01
7.779418114212406010e+01
7.770944254091031667e+01
7.793715463608823768e+01
7.818841598508524271e+01
7.853722192989049233e+01
7.849060444397288450e+01
7.865749944971859975e+01
7.861053063864393664e+01
7.875380618382679643e+01
7.867111989696013552e+01
7.878685265043836239e+01
7.870410204378208618e+01
7.887868173697518159e+01
7.876343577781693739e+01
7.912062396085616456e+01
7.916047715780217686e+01
7.929102616231112677e+01
7.922167281535756445e+01
7.946562853879609634e+01
7.942781802785663103e+01
7.956362261672143177e+01
7.963548065658697794e+01
7.975565222217129246e+01
7.970213143897987607e+01
7.978984646210470544e+01
7.956288694506265813e+01
7.980404527450470198e+01
7.976315182903562118e+01
7.987377784160803174e+01
7.987014055535513535e+01
8.002625482794725542e+01
7.991772736063245475e+01
8.007059584754456694e+01
8.002719152343571807e+01
8.026547273006487160e+01
8.011325368664012103e+01
8.020195815768325076e+01
8.009401837384409362e+01
8.022388292916571118e+01
8.016161405033301435e+01
8.034595950403688391e+01
8.029290222194083526e+01
8.037255354419131947e+01
8.032649376644947381e+01
8.047169886100294889e+01
8.046283816893925689e+01
8.056113811875796671e+01
8.042116598717167619e+01
8.050421145857569627e+01
8.047182538663967932e+01
8.057001479398321919e+01
8.049630386697674567e+01
8.063440664521962731e+01
8.040859328873811762e+01
8.055161226239495420e+01
8.037572108582298824e+01
8.048094598535557509e+01
8.033429944893747177e+01
8.048976786333578559e+01
8.046494565677025435e+01
8.055651587034242311e+01
8.052205650958610761e+01
8.064548652495543024e+01
8.059050983820272052e+01
8.075899620454295302e+01
8.072132874281801662e+01
8.078365807671329435e+01
8.052378094828198130e+01
8.062551780954953529e+01
8.050251031164980020e+01
8.065110819671711795e+01
8.055159035978955728e+01
8.073283664367973245e+01
8.063481298486294691e+01
8.084087843413644237e+01
8.075867919331673761e+01
8.088741507677460163e+01
8.069921991801906813e+01
8.083427320477490241e+01
8.067599082997715243e+01
8.081679414102512737e+01
8.050463247166513270e+01
8.064625256163881772e+01
8.053053723746879200e+01
8.079385794267246013e+01
8.066189338413121845e+01
8.083543444755231633e+01
8.060079623945276239e+01
8.072583492622750612e+01
8.059794367044189300e+01
8.072900523367462711e+01
8.059366416980682857e+01
8.077105434685772423e+01
8.054230826505137486e+01
8.060342739670703338e+01
8.045210786879209763e+01
8.052344204660994365e+01
8.041743336934055719e+01
8.040545074710166773e+01
8.036567434567351143e+01
8.038792213040875367e+01
8.021921505615374315e+01
8.056786802592500862e+01
8.035205820446326186e+01
8.063591047438760029e+01
8.054666672009525996e+01
8.073535562755660067e+01
8.067948371786130224e+01
8.077844316911836131e+01
8.068457684218219583e+01
8.079815712820766294e+01
8.065709344186402063e+01
8.078518007442551152e+01
8.063473481005424048e+01
8.075124169539650154e+01
8.062764717585746155e+01
8.085874058932074604e+01
8.072002738548445677e+01
8.086015406555728191e+01
8.074549297714216323e+01
8.081863643515153228e+01
8.072320966301479928e+01
8.090257956141849149e+01
8.073955419936019950e+01
8.085627954766520986e+01
8.073868386781958861e+01
8.086562954235446909e+01
8.070718784245691779e+01
8.085368568377138843e+01
8.080896460213685373e+01
8.106427196215982178e+01
8.088827661313398210e+01
8.097697594401745391e+01
8.065497576979865357e+01
8.083216891212443045e+01
8.068718300934803267e+01
8.091006137694327549e+01
8.063235149558013859e+01
8.071828948743987553e+01
8.067848336476066606e+01
8.073118410263140277e+01
8.054576715364368056e+01
8.075331688407283082e+01
8.070186313147901558e+01
8.085772096192943081e+01
8.082043249151737996e+01
8.103472782927448748e+01
8.089328818119079756e+01
8.102604174316829244e+01
8.092849691414963331e+01
8.101330795210043334e+01
8.083809631370951365e+01
8.092952087897157298e+01
8.070747020810243555e+01
8.072595960676649440e+01
8.063542918744957433e+01
8.068313329942660062e+01
8.052212855607703546e+01
8.063213626939084122e+01
8.057162503048247970e+01
8.064694011942124519e+01
8.064459600504676473e+01
8.072062510073583042e+01
8.059043055623617136e+01
8.067177251615252942e+01
8.060022170824109367e+01
8.078729298947767745e+01
8.068030765396768800e+01
8.078838529400248092e+01
8.067332897394240376e+01
8.081162716491031972e+01
8.062155465808132249e+01
8.066802487258186716e+01
8.062729016959497130e+01
8.060213665783039971e+01
8.054155557378777530e+01
8.064160981003892914e+01
8.050213553539300904e+01
8.055519057400024963e+01
8.041562155845355164e+01
8.050732270381277544e+01
8.047739669032601739e+01
8.061309131681217366e+01
8.047390403760249455e+01
8.059333117069967045e+01
8.051323008819819904e+01
8.074466334921530120e+01
8.047952405042050827e+01
8.050437198250318716e+01
8.046663210246357778e+01
8.056748346676177164e+01
8.042297162438228497e+01
8.055261063076248718e+01
