5.667485111084792360e-01
-1.825704500261214891e-01
9.690346650579817478e-01
6.027528670689259460e-01
9.782702012563294636e-01
9.505038638671639006e-01
9.078459738402224755e-01
1.175476024257130936e+00
1.324552159451334754e+00
1.385924411951399815e+00
1.287884905630968690e+00
1.385075409680068148e+00
1.469196347831848382e+00
1.538572787971981271e+00
1.587687337445737645e+00
1.612911443815226997e+00
1.650423021764141573e+00
1.692004499425055375e+00
1.726779380401445518e+00
1.745237610451237265e+00
1.758745333686791756e+00
1.771368691406951523e+00
1.795733268221071155e+00
1.795663388652026793e+00
1.807532607670667035e+00
1.821914733550154208e+00
1.837587036814114061e+00
1.854446862895882120e+00
1.880917989539460766e+00
1.895016075558233482e+00
1.910972252881641742e+00
1.919028520213959421e+00
1.937831689908730004e+00
1.938084708061729833e+00
1.949963970121107781e+00
1.965928403977800221e+00
2.002363732331272850e+00
2.041623963642104300e+00
2.087719284395839203e+00
2.110336951083270129e+00
2.150975638509765808e+00
2.185090024328219194e+00
2.222937353850362729e+00
2.258456862924517861e+00
2.281427314466316858e+00
2.295418266409803287e+00
2.319483619067286728e+00
2.346441080825394820e+00
2.373364203476788337e+00
2.431394176319764622e+00
2.530006986980003703e+00
2.529953025239562336e+00
2.614147763257136603e+00
2.662892230235098801e+00
2.697832527828532001e+00
2.735813071843496314e+00
2.743521284291749573e+00
2.756410345637090753e+00
2.777341594598210062e+00
2.845519509197168340e+00
2.855442156011111621e+00
2.884370292431498228e+00
2.914493346222732484e+00
2.940967484700728551e+00
2.975944300118516850e+00
3.008334041272606285e+00
3.030747470444630220e+00
3.043002902693401790e+00
3.073322847922059342e+00
3.113737365106206134e+00
3.139336149162424316e+00
3.167273608117513906e+00
3.210038540535151252e+00
3.238652863382611269e+00
3.271884398436952335e+00
3.306556773646850189e+00
3.339416574948489203e+00
3.365301027334297590e+00
3.398934173465906206e+00
3.433185769340061810e+00
3.475620936722328302e+00
3.506284857577176783e+00
3.546701603274825754e+00
3.581485450008661253e+00
3.601635069742233686e+00
3.596150708608179869e+00
3.587899974198559772e+00
3.585725896721054795e+00
3.583198031052979182e+00
3.583313968118125636e+00
3.569364375704400238e+00
3.555583707707055563e+00
3.548914841203784309e+00
3.549766372231562883e+00
3.554059111065283272e+00
3.543156729296479845e+00
3.538106074920663868e+00
3.530849189626910523e+00
3.520443071239216071e+00
3.509432618624827693e+00
3.515149518444027787e+00
3.508623672200420263e+00
3.504926210232524486e+00
3.497340115137314243e+00
3.524653468805403644e+00
3.520521696472167505e+00
3.536358736027470862e+00
3.536851201199324279e+00
3.552881602298609387e+00
3.544915946852727373e+00
3.545723458844924458e+00
3.536878442041994308e+00
3.499325666276581259e+00
3.467516799715129050e+00
3.453925594971143376e+00
3.431546293228714184e+00
3.430490173895081707e+00
3.368154585998659467e+00
3.318791843015117315e+00
3.293325558998761782e+00
3.282799657685969041e+00
3.256042816262502804e+00
3.238260683188758371e+00
3.225971104105409992e+00
3.214217637725356180e+00
3.180226511594014926e+00
3.181238648312527673e+00
3.160120206044923830e+00
3.154418470703372890e+00
3.133550072967202560e+00
3.122254220949244541e+00
3.110531555312678442e+00
3.097072284308233225e+00
3.090666434472132629e+00
3.079085730069786919e+00
3.068232224524397367e+00
3.080325425051676280e+00
3.072257393202855180e+00
3.070053340363675165e+00
3.065672557398800624e+00
3.074298914510511516e+00
3.075657298789002958e+00
3.084162706979152624e+00
3.077320116867207744e+00
3.093175348640720745e+00
3.083775482547489233e+00
3.094683495727153399e+00
3.088851668219482427e+00
3.098388669590475875e+00
3.100929294604161335e+00
3.113350229799737523e+00
3.108156277893783237e+00
3.111837978807907135e+00
3.103704971614636321e+00
3.105822092137583645e+00
3.104874638092945283e+00
3.108970026468000469e+00
3.102115615547918814e+00
3.106526972966494604e+00
3.103975274683921981e+00
3.112521010048602488e+00
3.148838884503922131e+00
3.173125292540996512e+00
3.169806354442518348e+00
3.193624140034292402e+00
3.197333728055258284e+00
3.259525914467267249e+00
3.301895809999612297e+00
3.326082856687994749e+00
3.329226258971687447e+00
3.350551073055827445e+00
3.362114486182983253e+00
3.366865221444406142e+00
3.363173044651081245e+00
3.385834731486123239e+00
3.380973195806436848e+00
3.387183447910968592e+00
3.384427115543382047e+00
3.398139050733768762e+00
3.386336094867512525e+00
3.403663945239386646e+00
3.405715494063056070e+00
3.419721576089744364e+00
3.433850185128417110e+00
3.446212741189936146e+00
3.443488613133014908e+00
3.450734460713847707e+00
3.462119904510863044e+00
3.473787613666431628e+00
3.478150522211515661e+00
3.487820424733243829e+00
3.494472430232494098e+00
3.505101460863283336e+00
3.504050220929016746e+00
3.515791778092782316e+00
3.513153605070372887e+00
3.521980292749208097e+00
3.522711106700501915e+00
3.531822722680199700e+00
3.530808889745753021e+00
3.541880692867392266e+00
3.536885511475103883e+00
3.544083486787362069e+00
3.537018313609591402e+00
3.543160684388387160e+00
3.538599158887831386e+00
3.546071903564117278e+00
3.542033736933076771e+00
3.550794214727652776e+00
3.550894026914765078e+00
3.566763216824739402e+00
3.566517099128906132e+00
3.582854520502499973e+00
3.582152454469990754e+00
3.593092997567849611e+00
3.592621139001691777e+00
3.597535846525409031e+00
3.596657906277792360e+00
3.607142186459301847e+00
3.612991554980952369e+00
3.631046339134365475e+00
3.635229816861703878e+00
3.648983878965836425e+00
3.650906585249091840e+00
3.660649200251659074e+00
3.667658580320058981e+00
3.675369059512114678e+00
3.674675234482476682e+00
3.685694745915749415e+00
3.686150484300261709e+00
3.695385780639965034e+00
3.691030996454373270e+00
3.698361022678415821e+00
3.694220573633278271e+00
3.700898186603177376e+00
3.697327892571205421e+00
3.708969783158297506e+00
3.706832795497785327e+00
3.714897274118377890e+00
3.713071996685511245e+00
3.715096979062972871e+00
3.706480520853593141e+00
3.717213898412867756e+00
3.715872843223467115e+00
3.729288515374333368e+00
3.729309189189756957e+00
3.737239521207754933e+00
3.740292612283052431e+00
3.752649870718636205e+00
3.754143388253278868e+00
3.772315674402766383e+00
3.774591303167862844e+00
3.798201135594210243e+00
3.806102293595650554e+00
3.821403493156321218e+00
3.825794065751775275e+00
3.845110028116522916e+00
3.849009931296054621e+00
3.857991299475156843e+00
3.858235533898055625e+00
3.867743539482863202e+00
3.865627388719245161e+00
3.884192351959153466e+00
3.888524415658801026e+00
3.906610678934893777e+00
3.912619209345787219e+00
3.934874441811475609e+00
3.936771065589198315e+00
3.945246015933437267e+00
3.948249097015605003e+00
3.959391934508691868e+00
3.960076510748044232e+00
3.971585580736713528e+00
3.974983815319268476e+00
3.987173744499054706e+00
3.990430769407479872e+00
4.004839297368840256e+00
4.010737014214793561e+00
4.021798041780027866e+00
4.025741055236405685e+00
4.032052718812183301e+00
4.046465122430424444e+00
4.058776227524985458e+00
4.062847934058103405e+00
4.079684035595573910e+00
4.078768372307685297e+00
4.087725146273505139e+00
4.092894507572740537e+00
4.103068316182353570e+00
4.106638123771569227e+00
4.121316066373730713e+00
4.127758577463381151e+00
4.134729198620575197e+00
4.135536243421980451e+00
4.143144720837640627e+00
4.145962797547483092e+00
4.153285318713212604e+00
4.157423901865714200e+00
4.165415654341386720e+00
4.159201968566740959e+00
4.169133544495656984e+00
4.166713788220864245e+00
4.166464668426240081e+00
4.163640264116235556e+00
4.167044269388117783e+00
4.172999015445452820e+00
4.177372437378188863e+00
4.179668478731368708e+00
4.194539521910354729e+00
4.193414298586487732e+00
4.207702048076225942e+00
4.205733100344803965e+00
4.206398329812628845e+00
4.208104810785128436e+00
4.212023436493073980e+00
4.212417836049778153e+00
4.220418198157295464e+00
4.220677387084090348e+00
4.219895147629114440e+00
4.223357219008653907e+00
4.228156593273100228e+00
4.225706775867966947e+00
4.232813480932088979e+00
4.241571855119651069e+00
4.251590751006201430e+00
4.250448075088375077e+00
4.255766452131558353e+00
4.221848603292709612e+00
4.229405718263390845e+00
4.214069751251277474e+00
4.220717189984210194e+00
4.225400798121772716e+00
4.227290510699457826e+00
4.231004000175626167e+00
4.237961698425238843e+00
4.237519952646468191e+00
4.246978242920925517e+00
4.248542252169137612e+00
4.253726398347001947e+00
4.258135949017169963e+00
4.252625073275249967e+00
4.253323817516574401e+00
4.268466440898031955e+00
4.261970188883808852e+00
4.269805235956499523e+00
4.265931262990692474e+00
4.273741675964519260e+00
4.272098804309377051e+00
4.283215991310282078e+00
4.277883999774975798e+00
4.275645765377737106e+00
4.272669497874494127e+00
4.278910947344629179e+00
4.275109525436798563e+00
4.273010783525901246e+00
4.252693811717116468e+00
4.251334875601387786e+00
4.248528474010129230e+00
4.232548491356904918e+00
4.230020541427159664e+00
4.211612048199170566e+00
4.179432991537606057e+00
4.175268459419493539e+00
4.173121410157478728e+00
4.177279496521735247e+00
4.174984987111963974e+00
4.174378852646287719e+00
4.172937085050228312e+00
4.173312348270011185e+00
4.153334123984260273e+00
4.155904763293208681e+00
4.153211111564562685e+00
4.147345862953212503e+00
4.142202261829758925e+00
4.141904416202764061e+00
4.137788793905502693e+00
4.176966401707226773e+00
4.174155406395909651e+00
4.188640785093943997e+00
4.185388949085555588e+00
4.183479126648071755e+00
4.188351096607035196e+00
4.193281617407367712e+00
4.194724338061996960e+00
4.197605427283717106e+00
4.190227010363829940e+00
4.192252783287670148e+00
4.190590856757187233e+00
4.189689365249434694e+00
4.199699118217096405e+00
4.200264307951030673e+00
4.166737997093071577e+00
4.176843024915149805e+00
4.174825039647164004e+00
4.180071273604813342e+00
4.147650655987368040e+00
4.153373267717398676e+00
4.148168635181277430e+00
4.152405564694033657e+00
4.161022668120869739e+00
4.172448978947540077e+00
4.175285885237894234e+00
4.176452400973664325e+00
4.184852480816026343e+00
4.197506841505687092e+00
4.198999803548987941e+00
4.208367710276974982e+00
4.231794245362510587e+00
4.196120943792307934e+00
4.218754211852641767e+00
4.256195048039945306e+00
4.257359838305961652e+00
4.259663906900936325e+00
4.264558813696613271e+00
4.266122362969287707e+00
4.274903029403669841e+00
4.281058848960145546e+00
4.284368964281766168e+00
4.296630338136091964e+00
4.296239148874260394e+00
4.302922323799521998e+00
4.308949408009373983e+00
4.312301691900342959e+00
4.310261713195052025e+00
4.317092096864721285e+00
4.306463571234910859e+00
4.312822562525131076e+00
4.312037954314279276e+00
4.317701720227951512e+00
4.325056922538275117e+00
4.326025789421332313e+00
4.323785521425650202e+00
4.317703918651782935e+00
4.319338446548973032e+00
4.302143343702251599e+00
4.299415509541628211e+00
4.296806102036584640e+00
4.291334520670239350e+00
4.295776466493996359e+00
4.324027291551373331e+00
4.327812228854623910e+00
4.332757745848656583e+00
4.334069688798479980e+00
4.370878215895771746e+00
4.371212189190309516e+00
4.355396593656950088e+00
4.362952711341381296e+00
4.361871502802233458e+00
4.366202006081429055e+00
4.368888961729433973e+00
4.377403316063785965e+00
4.367762597954038206e+00
4.373110418389248188e+00
4.373402596115993468e+00
4.376388837584837432e+00
4.373793757864896214e+00
4.372220828821570926e+00
4.404816463635063073e+00
4.406383518129373122e+00
4.405239755539392732e+00
4.409103138697031632e+00
4.404949729339076470e+00
4.404227990591723874e+00
4.403861390390167330e+00
4.397503467193101478e+00
4.394683972996986654e+00
4.414324276087123522e+00
4.406861285157032349e+00
4.410307275566334617e+00
4.409034386662693983e+00
4.406021554568085641e+00
4.410691345582477219e+00
4.414870463842349935e+00
4.425358883659889386e+00
4.435614901354534290e+00
4.435339223822475141e+00
4.436888504240173781e+00
4.441286224273481409e+00
4.439547263369033381e+00
4.440679197502494624e+00
4.451574943978226173e+00
4.455843551265113334e+00
4.473954736342548699e+00
4.473451726716258570e+00
4.480929811086498127e+00
4.484300076637571131e+00
4.484441093439445858e+00
4.480432316899719325e+00
4.484673033276145304e+00
4.486042399321837237e+00
4.487971869623290644e+00
4.486487060725639076e+00
4.488001013155609620e+00
4.489985088694217197e+00
4.507895436392979960e+00
4.489722699981053111e+00
4.437594158310012915e+00
4.394688985770764944e+00
4.395911477924331123e+00
4.396772555549364192e+00
4.404044735172942815e+00
4.404814134755516974e+00
4.414358482070061207e+00
4.414097885248101427e+00
4.414459416532601210e+00
4.418460571954219596e+00
4.426870005163774380e+00
4.355157439478605674e+00
4.357345259645589941e+00
4.358587490301133904e+00
4.364214912347619268e+00
4.306228690299961137e+00
4.306560821165692055e+00
4.312684004169971885e+00
4.315563843172293801e+00
4.309889198088219686e+00
4.245824968713276526e+00
4.238788230188204942e+00
4.240934310398697171e+00
4.236914214126772826e+00
4.231699971452216325e+00
4.172975479466561666e+00
4.167585006563871985e+00
4.168778759154267100e+00
4.170903941299260786e+00
4.174393952757361248e+00
4.173890215315723573e+00
4.170467293328876224e+00
4.171951132436384491e+00
4.173671140179786576e+00
4.170037692726848100e+00
4.177392387171686039e+00
4.180644759715357317e+00
4.186901134855421702e+00
4.187522055457931991e+00
4.192432527896988503e+00
4.189237397583466027e+00
4.188440849526950061e+00
4.188317306866326639e+00
4.190761225715615268e+00
4.191705343089222602e+00
4.178635156989189525e+00
4.162740260962442207e+00
4.159980942929021985e+00
4.177850920677721014e+00
4.231046468579738651e+00
4.273023235011455867e+00
4.276234294171213257e+00
4.276663072115183262e+00
4.281084059103306139e+00
4.280447465976896737e+00
4.269790540321101169e+00
4.269081181481396037e+00
4.274110688397269264e+00
4.271609507739840161e+00
4.344524662498140621e+00
4.349532022466156889e+00
4.351179984087125696e+00
4.352493062688941095e+00
4.352034484711490236e+00
4.413043474806310762e+00
4.416148415784785897e+00
4.413609370064935256e+00
4.415426453554842645e+00
4.483940155266278538e+00
4.483248159829032353e+00
4.491420126679194880e+00
4.492960537946944832e+00
4.501670481572472404e+00
4.507353493786626863e+00
4.558056058489155404e+00
4.554795287473147880e+00
4.553420380034090442e+00
4.554611183710644440e+00
4.549444170063954296e+00
4.556693457131094860e+00
4.555599998413915941e+00
4.554486780944087876e+00
4.558592796296304428e+00
4.560996970833055109e+00
4.558610855432249309e+00
4.556983966948558340e+00
4.552633895060355762e+00
4.549675212428150317e+00
4.552938112330425113e+00
4.551347151651963685e+00
4.550372859601855779e+00
4.549323787045632450e+00
4.549012177381884570e+00
4.549905494451635057e+00
4.555213398241092726e+00
4.580604436503541876e+00
4.575777578276179369e+00
4.569342323456618615e+00
4.570948047284532301e+00
4.567008788097210115e+00
4.566759708615829361e+00
4.562653351023419290e+00
4.563025978763022295e+00
4.565573818786048399e+00
4.570230980174265767e+00
4.576127201705853409e+00
4.576518777943559435e+00
4.573942047113034981e+00
4.572587744754199157e+00
4.575337283610917183e+00
4.576171509519254776e+00
4.579216961178241618e+00
4.576748195409416020e+00
4.569726422451171999e+00
4.567815410982906776e+00
4.569222393769717172e+00
4.568850072491225767e+00
4.571296134818775059e+00
4.567587461090663936e+00
4.571140158492215555e+00
4.572379105283705059e+00
4.574093512305153375e+00
4.574392279573508802e+00
4.577176920004614402e+00
4.577628961785243256e+00
4.577850774072641293e+00
4.577206090834338603e+00
4.582450277976755970e+00
4.577816391706263310e+00
4.579844120658131068e+00
4.583525206954297104e+00
4.583232295862075922e+00
4.564007661175256914e+00
4.567380554958097250e+00
4.571328799071107341e+00
4.572917674919652065e+00
4.577441823837855139e+00
4.583571843515380273e+00
4.590680809891969361e+00
4.588789660290871986e+00
4.586184277530138687e+00
4.583486244932725384e+00
4.584053962399340598e+00
4.585366119967059007e+00
4.581454191241016716e+00
4.576550535971328770e+00
4.576399878794214615e+00
4.577660586129827180e+00
4.580167686434632124e+00
4.582728268317739939e+00
4.585324102225723841e+00
4.586112291182027789e+00
4.584739721490440623e+00
4.588371140381677371e+00
4.585282979640446399e+00
4.585606736000072736e+00
4.586419141437298563e+00
4.582857061677014343e+00
4.583120706350703344e+00
4.583218553741883028e+00
4.584026835610971240e+00
4.585797784363030871e+00
4.584326939089425679e+00
4.589549566327994157e+00
4.589849863578304934e+00
4.593655272447048965e+00
4.596132909125082655e+00
4.598014364603830728e+00
4.597342847411258759e+00
4.595793450199003871e+00
4.595967076303792531e+00
4.596552675371267327e+00
4.594016864627563201e+00
4.596663004783984263e+00
4.597946525162769582e+00
4.597767803100277106e+00
4.594750195757458577e+00
4.596551609029770447e+00
4.593092297413878811e+00
4.593122748995996041e+00
4.594667858329617438e+00
4.614171117651589604e+00
4.613420541762411453e+00
4.612770490888896902e+00
4.586149208537467103e+00
4.585830426670512772e+00
4.581449900778752138e+00
4.581106314112630251e+00
4.580938102550250690e+00
4.586236763278561668e+00
4.585672836543909447e+00
4.587275646401343998e+00
4.587727043756019363e+00
4.593232549708369028e+00
4.598870741173225696e+00
4.602152027125095302e+00
4.602923922645180355e+00
4.606162304079802539e+00
4.610494226784411786e+00
4.602158081969419889e+00
4.597643409934266678e+00
4.600303953584524486e+00
4.600650685628348668e+00
4.597984890951123838e+00
4.597745063857745507e+00
4.599647651366334244e+00
4.603117541042268002e+00
4.601154794327839248e+00
4.604732633722037782e+00
4.605091668206530819e+00
4.604704369892993476e+00
4.608888008350635168e+00
4.605953713257691540e+00
4.609714031565296466e+00
4.606403168999545272e+00
4.605379532188530689e+00
4.611187279149678631e+00
4.608674127665042697e+00
4.610721007338975497e+00
4.613772547639780619e+00
4.612063202233712467e+00
4.613442934408316987e+00
4.611729724307414457e+00
4.614359185887875192e+00
4.612219212281897462e+00
4.613397765742871748e+00
4.614766299969456753e+00
4.614447164288398184e+00
4.612413547818259296e+00
4.612320519234175187e+00
4.613626029862865074e+00
4.611591405648286290e+00
4.610710820122911890e+00
4.634884642457512527e+00
4.632593850010386483e+00
4.631890557154281218e+00
4.636107944551744353e+00
4.637951050709548717e+00
4.640834738957400063e+00
4.642385146319815803e+00
4.646179228703211983e+00
4.650846817407777500e+00
4.649615005821007507e+00
4.650225051514476071e+00
4.651447546371242581e+00
4.653877353980253595e+00
4.647895127032665386e+00
4.643924617891683759e+00
4.656059809049852838e+00
4.655210593838368993e+00
4.654622181039689721e+00
4.653454477120352095e+00
4.652393197678420300e+00
4.651697289473786689e+00
4.650628862989717227e+00
4.655082955162494152e+00
4.657069497374074274e+00
4.655317072875094553e+00
4.653049963869063888e+00
4.651059397159561293e+00
4.646926930527888189e+00
4.646475425943888737e+00
4.643308706899412108e+00
4.640674392407777127e+00
4.639304999891059822e+00
4.632077271506617855e+00
4.631561160381401976e+00
4.634824708228305390e+00
4.629866359614234206e+00
4.635879689794312419e+00
4.634470660461436076e+00
4.635328436458078016e+00
4.630190728342111761e+00
4.631606420321109141e+00
4.629432457803543066e+00
4.632104411768865226e+00
4.629362832366149760e+00
4.634671005003318633e+00
4.628799275245966349e+00
4.623605037800654571e+00
4.621168399876909305e+00
4.624951658465125348e+00
4.623137572862809463e+00
4.628297255092567397e+00
4.626901452492695022e+00
4.627136751934661341e+00
4.624563438191073850e+00
4.622234835991835489e+00
4.616650457801703133e+00
4.613352082776528640e+00
4.609485651545608853e+00
4.608854016518845853e+00
4.610361639024947777e+00
4.611660875107717494e+00
4.605782207845274812e+00
4.607716948390945255e+00
4.608082156922529649e+00
4.606788197200030410e+00
4.610520057978051867e+00
4.608544593790623090e+00
4.610320618171098062e+00
4.614974722239584715e+00
4.615168834620415161e+00
4.614411002984990517e+00
4.607733414867044353e+00
4.607723022120237211e+00
4.604328995790511136e+00
4.609600366395127935e+00
4.614676153803736192e+00
4.619259450566804759e+00
4.621896401459962611e+00
4.625011633603452132e+00
4.620630291181836213e+00
4.620117366634683975e+00
4.621976715980445682e+00
4.626348702046334083e+00
4.620234354123113008e+00
4.621265110830258926e+00
4.618096540357004898e+00
4.621408222964128676e+00
4.624592269953740065e+00
4.628272730511537425e+00
4.632566557987267686e+00
4.633658270306853844e+00
4.627527625897562835e+00
4.629037359359056580e+00
4.628686321176566310e+00
4.632428391057845651e+00
4.632973225695208974e+00
4.633504481432233035e+00
4.639556151208429569e+00
4.633894136152351351e+00
4.642001117506578289e+00
4.639037787125371182e+00
4.640803398588797535e+00
4.643351611184345806e+00
4.641003183982848057e+00
4.648500115307582448e+00
4.646268431698585388e+00
4.644778228977224366e+00
4.642980963511144310e+00
4.643032612643914092e+00
4.640318930991529811e+00
4.646617422241501316e+00
4.642381031546745085e+00
4.643799129704945017e+00
4.635876121401128813e+00
4.639838098062751826e+00
4.639468808365603714e+00
4.635442810814800474e+00
4.635661251166580676e+00
4.641595237153894438e+00
4.642290734131883312e+00
4.642859606196925171e+00
4.639795901282594670e+00
4.640663630227950698e+00
4.636257376743499137e+00
4.632726128741928129e+00
4.627335899482832637e+00
4.624901501330048958e+00
4.630638938369862068e+00
4.629939625435490314e+00
4.632575553584841188e+00
4.629631748862521157e+00
4.627897763177312385e+00
4.630489068994286583e+00
4.626782478905730578e+00
4.628082095498262660e+00
4.622712039679213625e+00
4.618370082177924552e+00
4.616003782633674390e+00
4.610931120665312299e+00
4.612939871680674209e+00
4.614341902194714962e+00
4.612844965421563970e+00
4.614859129387380854e+00
4.615189276877457836e+00
4.597949756454921655e+00
4.597719019114887118e+00
4.593234069819194687e+00
4.593962033123482946e+00
4.586212511550630033e+00
4.589976576580852452e+00
4.589116471726763180e+00
4.586209505540206344e+00
4.591006367687366030e+00
4.592030680345698279e+00
4.588750267547403006e+00
4.588282797777697652e+00
4.591013032071993294e+00
4.592765719388525625e+00
4.595447012555909261e+00
4.593036107314098615e+00
4.593327302481740482e+00
4.591121467019801727e+00
4.594280153093083463e+00
4.592071109138188945e+00
4.592379816354582367e+00
4.596901917537537408e+00
4.597973617046510419e+00
4.591098165121679564e+00
4.593647859444100590e+00
4.594676016752588410e+00
4.593997224907204746e+00
4.598233243002741055e+00
4.599818170146949825e+00
4.597574417349677312e+00
4.598517507743546062e+00
4.600666992094473606e+00
4.599725162314717508e+00
4.601479123321157161e+00
4.603783137068968578e+00
4.603270544129869357e+00
4.610412323475760132e+00
4.617092713838117923e+00
4.618158912352146039e+00
4.617161958901046859e+00
4.623031851441280260e+00
4.624887622087390682e+00
4.630689490417750243e+00
4.629541537996372469e+00
4.631302434857045291e+00
4.631185739171945315e+00
4.630109547036664885e+00
4.627512019343586580e+00
4.627949206717187458e+00
4.643841225609894430e+00
4.641916222156103444e+00
4.643631482521569431e+00
4.643937428957636726e+00
4.640711895789662478e+00
4.636181237545351941e+00
4.635539592164016121e+00
4.639837164951003956e+00
4.636812637338453946e+00
4.640045363083576291e+00
4.641230517488716956e+00
4.644511161635307417e+00
4.640552699317313845e+00
4.638400026684915467e+00
4.637468870396498133e+00
4.636729553447075602e+00
4.642636325431080735e+00
4.642444811987099129e+00
4.642723892183630241e+00
4.645166586339017023e+00
4.642429303892269488e+00
4.641758687499685898e+00
4.642134618884797170e+00
4.645231022746798999e+00
4.647970636581812087e+00
4.647486144935677466e+00
4.642812930524096160e+00
4.643307037628382261e+00
4.643778139891264090e+00
4.649832493179911097e+00
4.647072413220161735e+00
4.647659394312661618e+00
4.651159748292612583e+00
4.647921514537973309e+00
4.646906521787319555e+00
4.652687946545825959e+00
4.645054140066910087e+00
4.636442489103258957e+00
4.642142281325079445e+00
4.639868546164609420e+00
4.638173360635935438e+00
4.637918645743206447e+00
4.642033606589689221e+00
4.641597748304069349e+00
4.640179203655920404e+00
4.638128805228133977e+00
4.642199577193715676e+00
4.646752240346810225e+00
4.639725151830026206e+00
4.643013263577724814e+00
4.647806088370024291e+00
4.650292701272370266e+00
4.654931923214493672e+00
4.660003687934826999e+00
4.658452997130434703e+00
