-4.968356718656464777e-01
1.191655266796727730e+00
5.435094107481688752e+00
6.205288735173678738e+00
6.913677443364262487e+00
7.618406933479559662e+00
8.069555639779036227e+00
8.296712499318420697e+00
8.640518264366477297e+00
8.867527004859997675e+00
8.954867720868262992e+00
8.886609736278430205e+00
8.870203911051035561e+00
8.941857718091933194e+00
8.981910992267252425e+00
9.008723136361414419e+00
9.111134851175432203e+00
9.454125007552061533e+00
9.573195259173164828e+00
9.751039383656559423e+00
1.026261650598015684e+01
1.052902456984080004e+01
1.072534296968609802e+01
1.094551455152289066e+01
1.117967220695106612e+01
1.129939843154467205e+01
1.144021537858652593e+01
1.154612294962585750e+01
1.162522515531397360e+01
1.178269664111142490e+01
1.191072374657064969e+01
1.204869866761936947e+01
1.211617895976705306e+01
1.224293938033706475e+01
1.242008818069667164e+01
1.262466228819766734e+01
1.278600000026349015e+01
1.289212568911894863e+01
1.298228811360390722e+01
1.292857596711139045e+01
1.288080380380489487e+01
1.272109664483082270e+01
1.264545660973209884e+01
1.256346626443183645e+01
1.249159489892054431e+01
1.247012654185247627e+01
1.247915031885423787e+01
1.252403747236427023e+01
1.259781462690310327e+01
1.292266427459780509e+01
1.312650567151766090e+01
1.315502045626072025e+01
1.334758806237937279e+01
1.346723052308592905e+01
1.353085729428778272e+01
1.364326899848605912e+01
1.382072251536349583e+01
1.396445645700800497e+01
1.407737390809708167e+01
1.413460456519520214e+01
1.424817741560426398e+01
1.439019687398516645e+01
1.453465710298213764e+01
1.464979489271192570e+01
1.476052988717693104e+01
1.480831379223556965e+01
1.488741209876747185e+01
1.495979180836061317e+01
1.503170244795447452e+01
1.498684086370687929e+01
1.502494120578512060e+01
1.501581377863821487e+01
1.502738360090721237e+01
1.504955998734181044e+01
1.509942845705653092e+01
1.516277406886109524e+01
1.520222705855848666e+01
1.523413144921182116e+01
1.525559369377906016e+01
1.530645606480558207e+01
1.531693802539715499e+01
1.542200847828773647e+01
1.544424998755027900e+01
1.543496920065056166e+01
1.538579653624713472e+01
1.534518081632299236e+01
1.536685446708131586e+01
1.546662122575375342e+01
1.556879531086799950e+01
1.572947629119985180e+01
1.590303871624931809e+01
1.607322496369871700e+01
1.621938419191979719e+01
1.636352388196138818e+01
1.644044109104926576e+01
1.650723066613200629e+01
1.652767581091840299e+01
1.656283303813305707e+01
1.661372186283247032e+01
1.670918587115455622e+01
1.677090368644553564e+01
1.678240471382508403e+01
1.681835698849177163e+01
1.689550633871443353e+01
1.687239038181841266e+01
1.686214241848527706e+01
1.680652241897214338e+01
1.692579168561469771e+01
1.703418296993163139e+01
1.709803819757183874e+01
1.711244215825002613e+01
1.722455783366198290e+01
1.729135075587111814e+01
1.735168732362276955e+01
1.740772525623999556e+01
1.740571610419552684e+01
1.748599009121160464e+01
1.746214652557696212e+01
1.753937969705063438e+01
1.754778048106278376e+01
1.764046547660507258e+01
1.767397725953548715e+01
1.767578785587620516e+01
1.770660630379965639e+01
1.770241609799068883e+01
1.775435230921808483e+01
1.778943548900125649e+01
1.779122749376478296e+01
1.781345435744973926e+01
1.778551939959599437e+01
1.779387433369911875e+01
1.783814888486595507e+01
1.784382376693355354e+01
1.785589124038564179e+01
1.794340150425420788e+01
1.795226413894809170e+01
1.798749092507942038e+01
1.803384875515076047e+01
1.805535513315695439e+01
1.808782946924133483e+01
1.809182478324938614e+01
1.814395373441666948e+01
1.820589115414052372e+01
1.827200849280455586e+01
1.828238153933925858e+01
1.836747410207572173e+01
1.839141502699880704e+01
1.840204029222107351e+01
1.838678731165155256e+01
1.838487789803750871e+01
1.838662166099353001e+01
1.839137373923751895e+01
1.834686753779519819e+01
1.837925789399472265e+01
1.838927633749968749e+01
1.844615074754856110e+01
1.846534353307693976e+01
1.849516171626170546e+01
1.851779524405608512e+01
1.852073299135832940e+01
1.852135817044258204e+01
1.853213414141038484e+01
1.854160122802813149e+01
1.857485878716506633e+01
1.863218233501142862e+01
1.856259515289727346e+01
1.858535198883191342e+01
1.857840788174337732e+01
1.857036966130051781e+01
1.861045924698828102e+01
1.867279225450589308e+01
1.871844549083974485e+01
1.876737705369002640e+01
1.883490357530783399e+01
1.891556771570850870e+01
1.898703990317771684e+01
1.900265100702569399e+01
1.905961467771643925e+01
1.899748912265146927e+01
1.905007573504128615e+01
1.906229912784552027e+01
1.908282374423218286e+01
1.913037682728971944e+01
1.915138694300793887e+01
1.918795227228325118e+01
1.919726542258398183e+01
1.923548740848737637e+01
1.908101513994698095e+01
1.900873909297556708e+01
1.900443482846904431e+01
1.902501422376501239e+01
1.900212857137426425e+01
1.904729787498902027e+01
1.899423723078256288e+01
1.894567166049897367e+01
1.894064719335275271e+01
1.892955520731673147e+01
1.902649467266467198e+01
1.899406193010863930e+01
1.906005570788140346e+01
1.914427124897018828e+01
1.923442614143864304e+01
1.931271454217196748e+01
1.936747370652883049e+01
1.937134309709524871e+01
1.944782736074985507e+01
1.950812534342009386e+01
1.955209630894385242e+01
1.956621347540208689e+01
1.956243182412657333e+01
1.960782290952251117e+01
1.960823284199303629e+01
1.968693155480643853e+01
1.979980071975590761e+01
1.998420649755838241e+01
2.008291576135809464e+01
2.022014072646707916e+01
2.021135583479375697e+01
2.032615161092918399e+01
2.041100824098122857e+01
2.054066463469662551e+01
2.053969497693765689e+01
2.065739503758603490e+01
2.074097121247803344e+01
2.082266317036747338e+01
2.099295623213892981e+01
2.112023205477159138e+01
2.130128718123157228e+01
2.139367168556812970e+01
2.162477081716189176e+01
2.176163646145437269e+01
2.189890563357540998e+01
2.200804388941158862e+01
2.212824254374497812e+01
2.226354407774885047e+01
2.245926791090372276e+01
2.278191557793992317e+01
2.299985116968517573e+01
2.319011675690324026e+01
2.337711939113793491e+01
2.358055854253250061e+01
2.375573246057727417e+01
2.401955097270755601e+01
2.429493909966546283e+01
2.457382264235848268e+01
2.485920945403191951e+01
2.491907418960282428e+01
2.524773015549324384e+01
2.544849015241641510e+01
2.581758863944726201e+01
2.601675950588649044e+01
2.612432037512486716e+01
2.616839304177523928e+01
2.626845846779830396e+01
2.605198357917995011e+01
2.593254425202785640e+01
2.609054531909931995e+01
2.629849157944661897e+01
2.651243044338762544e+01
2.670585907903903333e+01
2.695143371351048245e+01
2.703416336066525716e+01
2.714819722907940047e+01
2.726528910404465833e+01
2.736068548910105136e+01
2.748218349111703418e+01
2.775455162379262219e+01
2.784738016377453107e+01
2.800272857750840672e+01
2.803079980364733359e+01
2.837519013150236447e+01
2.852059122797717450e+01
2.869310941335724863e+01
2.887808573205482432e+01
2.905261176876325990e+01
2.929146879331824138e+01
2.954179066055936786e+01
2.978290584443871580e+01
3.000873719755445634e+01
3.018159256226702070e+01
3.041909910651324367e+01
3.069950229940856445e+01
3.094905256359772494e+01
3.115922793144332914e+01
3.134810334991725966e+01
3.158816463155751109e+01
3.181459260173232906e+01
3.202754900684099226e+01
3.217874866741581741e+01
3.236574096601124495e+01
3.255853359978840444e+01
3.283503559936853833e+01
3.298228293049384519e+01
3.310148637250875936e+01
3.323169369655499139e+01
3.350095873779319788e+01
3.371882209708507361e+01
3.383987403082360146e+01
3.402523156652124925e+01
3.418330077301710190e+01
3.438831994518164947e+01
3.480499774467318019e+01
3.510866542773813137e+01
3.564054813028413804e+01
3.618691002494999509e+01
3.644591255898856019e+01
3.663093607204594093e+01
3.685176212458506484e+01
3.704266753169950022e+01
3.728853935125617625e+01
3.756981511705645715e+01
3.774136115348577647e+01
3.797182121138231281e+01
3.823151318895835971e+01
3.843313914800236830e+01
3.870958897733768822e+01
3.889341528297330797e+01
3.910462487350827132e+01
3.927938500199692839e+01
3.943734361508487751e+01
3.959552889715376978e+01
3.978323893169129377e+01
3.993957256702117320e+01
4.002037569302932951e+01
4.013188253551836482e+01
4.021773146845021785e+01
4.025499212227322232e+01
4.025870230100915848e+01
4.035494160095178984e+01
4.037425761806312607e+01
4.040910312540329841e+01
4.051123347434779021e+01
4.059442228849187018e+01
4.075353380416103732e+01
4.086271377960811435e+01
4.091649612914225287e+01
4.094699120042971430e+01
4.105065071731256410e+01
4.109883312471184524e+01
4.113531799432522007e+01
4.121091601005716143e+01
4.121611921042686077e+01
4.129658905818966730e+01
4.135841364765786210e+01
4.141930095820505642e+01
4.141898209307410639e+01
4.146821181246760801e+01
4.146733174718895754e+01
4.151404359359039375e+01
4.164534498180050548e+01
4.168604251368395097e+01
4.168908676304574357e+01
4.180929039988019014e+01
4.189630618743944979e+01
4.196642599826358833e+01
4.206933486397851851e+01
4.209626516014017739e+01
4.206825516580960311e+01
4.208069142280666597e+01
4.211465419889704265e+01
4.222744930203258207e+01
4.231893452787647192e+01
4.236529708918037329e+01
4.239759689919537777e+01
4.241315144853254537e+01
4.248619538536907214e+01
4.255650986202287811e+01
4.270629811151855648e+01
4.282877584831301476e+01
4.284405839028502072e+01
4.287024172602663441e+01
4.296297603515758823e+01
4.305157560608095935e+01
4.311483591360074286e+01
4.330608774318573495e+01
4.342535998811044351e+01
4.357717395814481876e+01
4.360718326387492283e+01
4.367246975170778001e+01
4.379304551150361391e+01
4.382727925774743483e+01
4.389751624447659140e+01
4.389994699086376073e+01
4.394003200642224982e+01
4.405230793402535738e+01
4.413562535797287723e+01
4.426733939680193686e+01
4.439048053794579829e+01
4.446338889188125876e+01
4.454730508255737931e+01
4.454323191649633173e+01
4.457182818881183550e+01
4.460937614096608428e+01
4.466460082967285672e+01
4.472394382644029065e+01
4.469327737707995141e+01
4.472875252320697825e+01
4.478800884164900964e+01
4.478321346616422716e+01
4.480650420829446290e+01
4.488727060508806943e+01
4.488986707767682560e+01
4.485731006446661695e+01
4.487488845765022205e+01
4.492841502470626125e+01
4.497846427706020478e+01
4.504414033636523840e+01
4.505130107943643480e+01
4.506692661952853740e+01
4.504116454836104566e+01
4.504383803698100763e+01
4.509192519603065108e+01
4.507818697983534406e+01
4.504422564815319419e+01
4.505284248171710004e+01
4.502543800798035534e+01
4.493484941220842899e+01
4.499485521241201269e+01
4.499020072902587941e+01
4.490563064124390280e+01
4.489924213384091445e+01
4.494417002043857678e+01
4.487122408221713954e+01
4.483831422532453814e+01
4.481606470136976128e+01
4.480362587830020260e+01
4.486059409467341652e+01
4.494310118985160329e+01
4.497788236868233014e+01
4.506251697761650377e+01
4.501587557766589498e+01
4.509087023750145562e+01
4.520192781075670752e+01
4.533864392620178307e+01
4.546517671344231815e+01
4.550078697273269768e+01
4.560900601911911423e+01
4.580169377419117893e+01
4.598888860305650184e+01
4.625347469603087092e+01
4.633884519238563371e+01
4.648035072687619618e+01
4.654628614716336443e+01
4.673462442848443743e+01
4.691764674103426103e+01
4.706673722700966067e+01
4.709490269977770538e+01
4.725234489592383369e+01
4.737489067236226248e+01
4.749246330691052975e+01
4.759451899000983133e+01
4.776825033037884083e+01
4.784211248457869203e+01
4.788239197466614172e+01
4.802171070239585049e+01
4.812220395669330486e+01
4.826508998196371891e+01
4.841096579416869616e+01
4.860432089102719999e+01
4.868273903773280864e+01
4.879372442387704467e+01
4.887994341878606974e+01
4.904315116622934312e+01
4.915941134920109334e+01
4.930476794002290575e+01
4.946080514381002757e+01
4.957174203152872849e+01
4.962379074014587133e+01
4.981455464994736815e+01
4.992975328759917630e+01
5.001300849842754559e+01
5.014591574581225331e+01
5.025413437363872760e+01
5.036952384637156399e+01
5.040365008460808127e+01
5.037477657882455873e+01
5.038700215728791676e+01
5.039120544678266356e+01
5.041271543658500320e+01
5.060331439399892872e+01
5.062599453755488099e+01
5.062453239284437245e+01
5.058200353084187384e+01
5.065805015069788908e+01
5.064432525410906294e+01
5.061266521714193800e+01
5.061225796987075398e+01
5.052371125403358576e+01
5.046937549709490867e+01
5.052642793558731427e+01
5.046413588849067366e+01
5.043602049813025445e+01
5.037323087026567947e+01
5.036151894953108865e+01
5.036944337100150904e+01
5.037049554296224585e+01
5.031721868257286445e+01
5.029020138535636164e+01
5.016262508781645835e+01
5.004993127943124875e+01
5.006697414128912271e+01
5.005350256686471511e+01
5.003180243091775026e+01
4.993691595146989215e+01
4.995454293935172529e+01
4.994975026774830695e+01
4.992472335721498666e+01
4.992559122715982056e+01
4.992420278027761782e+01
4.989763914311276238e+01
4.991864418265461723e+01
4.986860107885487281e+01
4.986281692952265132e+01
4.981540064109107391e+01
4.972600414401643576e+01
4.967053466931039907e+01
4.964549837726108450e+01
4.966665119886135216e+01
4.955795888993767306e+01
4.946796859085861087e+01
4.941301904527471578e+01
4.940195024107648436e+01
4.938375791746450005e+01
4.945318550446940264e+01
4.935961923648181227e+01
4.928385716682812046e+01
4.923479506750248191e+01
4.921104072367857896e+01
4.913798309088294758e+01
4.907545679824515616e+01
4.899862140193983606e+01
4.898562005681983322e+01
4.888988177193513707e+01
4.891029667887451637e+01
4.887549770690065998e+01
4.887897183895905329e+01
4.888613757732451859e+01
4.890559269095431461e+01
4.883901617624213287e+01
4.884238496526246109e+01
4.888651128728618289e+01
4.891084427975243898e+01
4.891527736589003439e+01
4.887029297121843285e+01
4.893076426160639869e+01
4.892227555841590458e+01
4.894211995989445541e+01
4.905421201644516316e+01
4.917110809914584024e+01
4.919124304663344560e+01
4.926374783785383471e+01
4.928510305156634530e+01
4.940279781208128895e+01
4.942263997938406561e+01
4.941195567555399748e+01
4.946719003353695143e+01
4.949629152150104971e+01
4.954401236131035802e+01
4.957223003205349698e+01
4.957911303414923765e+01
4.963379101611557331e+01
4.962039071369839149e+01
4.967749559213010002e+01
4.969291268702716735e+01
4.973838984682745235e+01
4.966167213425786287e+01
4.971399369974509597e+01
4.974645848766891731e+01
4.983262585514587784e+01
4.988538145690344550e+01
4.984605306968489202e+01
4.992099489098929865e+01
4.999935214451092236e+01
5.008022821048302831e+01
5.024360955295712472e+01
5.028576759685951458e+01
5.033042538989397485e+01
5.028870595625595286e+01
5.025094198909833665e+01
5.020617343885621864e+01
5.016041464689863716e+01
5.015921276101023096e+01
5.011427200420205708e+01
5.006509875250654318e+01
5.004416884159767420e+01
5.001036533556929697e+01
4.997970260870582138e+01
4.992622843808130995e+01
4.997597770986303090e+01
4.998745342993714758e+01
5.003120172235631458e+01
5.001501145158291450e+01
5.001109851471093037e+01
4.999149741816474801e+01
4.993281080011109907e+01
4.994850904091535426e+01
4.988757105669239422e+01
4.982551269884411482e+01
4.979020993087144120e+01
4.969923932230429386e+01
4.966926795812761952e+01
4.958689306509168659e+01
4.953017359377603412e+01
4.953640064224201467e+01
4.939657000109630758e+01
4.933631005137443992e+01
4.926304349416081863e+01
4.925496278849411169e+01
4.922994833789096703e+01
4.916994937985830916e+01
4.912493315752453782e+01
4.912761335162244336e+01
4.915386028008504837e+01
4.911426678942218871e+01
4.918179623899434461e+01
4.908630680335696184e+01
4.905441505295638649e+01
4.897651620983345566e+01
4.893893691468576179e+01
4.898596107959043167e+01
4.897571468465253730e+01
4.890302832664274035e+01
4.892317834168805035e+01
4.884268147536468518e+01
4.886382669454662420e+01
4.889284616911432835e+01
4.891817475962194095e+01
4.895124160656624213e+01
4.905131494288590233e+01
4.908098329137651206e+01
4.911022821185916598e+01
4.910813884714421107e+01
4.912961685856392080e+01
4.910408048664530156e+01
4.916535170420076639e+01
4.920517865733902596e+01
4.924335763543617617e+01
4.921742191380339193e+01
4.918945174391605946e+01
4.914861139507673471e+01
4.913649714664750690e+01
4.911498163897962854e+01
4.910841547949478070e+01
4.917616901060503665e+01
4.913911229618201304e+01
4.917199446641374294e+01
4.913709220094360575e+01
4.916104720160305419e+01
4.917491110157330070e+01
4.914917552307496607e+01
4.917199011472903436e+01
4.915043040314201761e+01
4.920696987094115826e+01
4.920034420815639464e+01
4.920746180037216533e+01
4.921946282254708649e+01
4.914765639726044100e+01
4.905718258095482298e+01
4.898419216216634453e+01
4.893750594517574370e+01
4.889680739578070501e+01
4.882200754460546932e+01
4.878684898342407195e+01
4.878332653071535674e+01
4.877693241470344532e+01
4.876813996567148024e+01
4.881373369225772763e+01
4.879343072182997076e+01
4.876874188358595319e+01
4.870471563144970162e+01
4.867123465338465138e+01
4.871055984452943477e+01
4.870037439490020859e+01
4.867961660235258847e+01
4.870394896705253984e+01
4.872540765640628990e+01
4.876422934484686067e+01
4.875550211290411085e+01
4.876289371034862796e+01
4.879191295958434438e+01
4.881316799736433154e+01
4.881666841831432890e+01
4.884903489477218841e+01
4.882374907297867850e+01
4.884991239987398615e+01
4.888068588290250460e+01
4.886486309044308740e+01
4.891091453674543743e+01
4.891849382318282835e+01
4.899342810728865771e+01
4.903039587879435146e+01
4.900552079236647529e+01
4.904843683900195117e+01
4.904682523330514243e+01
4.903905235022886444e+01
4.906545418732542885e+01
4.904847723106275481e+01
4.910238674751485632e+01
4.912345212297690722e+01
4.904866776954806795e+01
4.907614764863249235e+01
4.909929337164352603e+01
4.912743270286495090e+01
4.917585078663930176e+01
4.923064419548761350e+01
4.934257109813186304e+01
4.942871985920844224e+01
4.951136806355666664e+01
4.964340535207595195e+01
4.967218949740438205e+01
4.975346722918441600e+01
4.981114511666419276e+01
4.983323296268225988e+01
4.995302429878897499e+01
5.001130228618305296e+01
5.003684366792529659e+01
5.007601459668557453e+01
5.014955360236680804e+01
5.023716506512589319e+01
5.033723457605999840e+01
5.031436155506822416e+01
5.032262654209736752e+01
5.031665437022206078e+01
5.037693380546895128e+01
5.043478465050063164e+01
5.042393299327799383e+01
5.040647675206072620e+01
5.042848274698876310e+01
5.045965372751908973e+01
5.053755010410087323e+01
5.057534446323488453e+01
5.058699040156123061e+01
5.057099512555645759e+01
5.057833580180299293e+01
5.058077346306600930e+01
5.059530640244425115e+01
5.061916608929534078e+01
5.057346741393144640e+01
5.056992755920584415e+01
5.056617804415883910e+01
5.064717721963780406e+01
5.062449160826837868e+01
5.067982793213884918e+01
5.071504626317843645e+01
5.075803478781672595e+01
5.078748451254630680e+01
5.074608259781630437e+01
5.077117358868769514e+01
5.086706853322858279e+01
5.081527169138445288e+01
5.086899612712146990e+01
5.088802685958264505e+01
5.090354149449645860e+01
5.090388283656814394e+01
5.091830242181497113e+01
5.090278215712516641e+01
5.092261556564641012e+01
5.095656988717762204e+01
5.094265907020648143e+01
5.093739004871716958e+01
5.087649775440272748e+01
5.087415743029257698e+01
5.080428339539432869e+01
5.078173385971151532e+01
5.076133858617450301e+01
5.080289040133220624e+01
5.073143268865038635e+01
5.069617407180341928e+01
5.060964897815601660e+01
5.062587709113785195e+01
5.068220062209557852e+01
5.065985114328324102e+01
5.060538591425649457e+01
5.055806109177778040e+01
5.059416421793670793e+01
5.061983611304982134e+01
5.055886248045607090e+01
5.054099712520154952e+01
5.053081388774289451e+01
5.047513913381730077e+01
5.049501114673477531e+01
5.054808701926501158e+01
5.053109828054714825e+01
5.052210715400780572e+01
5.054025210269680457e+01
5.045650149186430866e+01
5.049702440165714279e+01
5.047721628767443036e+01
5.048534918120725479e+01
5.045138745077597520e+01
5.048685913174963247e+01
5.042735085420463292e+01
5.037608712142424139e+01
5.035057361060528081e+01
5.033190115034462053e+01
5.032097713718596310e+01
5.030029004605599141e+01
5.030409072191966402e+01
5.036198356892978722e+01
5.031403598635316143e+01
5.030352056442212216e+01
5.030442171546344809e+01
5.026004853779622294e+01
5.021557915853421861e+01
5.020723715043293112e+01
5.025603957361132501e+01
5.023783067441814865e+01
5.026306547259967061e+01
5.025584782214273361e+01
5.031837730007645604e+01
5.036589793641496016e+01
5.035609184514178338e+01
5.038007577963582406e+01
5.038047512700639174e+01
5.033252881303869941e+01
5.037766735293042331e+01
5.037388585963611831e+01
5.042650029003556256e+01
5.046327725488313121e+01
5.042749412706550771e+01
5.040223319685512138e+01
5.041027546756586020e+01
5.043750720497840234e+01
5.039043354161197641e+01
5.037996563254932880e+01
5.045163007109691478e+01
5.044977464177344473e+01
5.040495092156476886e+01
5.043429240767380151e+01
5.038966611940704610e+01
5.037208801885572740e+01
5.034050917505981459e+01
5.032876312332388835e+01
5.033991355543962243e+01
5.038324326866906944e+01
5.035983490055679823e+01
5.034444406951675433e+01
5.035443345066474308e+01
5.035295478836489735e+01
5.030894470806616425e+01
5.032307899229755321e+01
5.031622090354521504e+01
5.034610435247259375e+01
5.039559242657619365e+01
5.039854557226492915e+01
5.034700799839163921e+01
5.031908507016284915e+01
5.031436135743429361e+01
5.030983037893045662e+01
5.031421034195020070e+01
5.028051304533011745e+01
5.035773294986270798e+01
5.040772008629397760e+01
5.041087176740738585e+01
5.036796107807541034e+01
5.041077598969092577e+01
5.039825046680920195e+01
5.037299915535822947e+01
5.034382806533163546e+01
5.034158354695217241e+01
5.035211415405141366e+01
5.034139645578040501e+01
5.037074307121380201e+01
5.039839024332884776e+01
5.034697514602969903e+01
5.032383645963701468e+01
5.033286898717067714e+01
5.026317421480972314e+01
5.026018084102997818e+01
5.022733021033365475e+01
5.022704436735156719e+01
5.021646596991661937e+01
5.026800723366910262e+01
5.027637772722070508e+01
5.026376363337496400e+01
5.027096021350300248e+01
5.027977268889220852e+01
5.032716586274327852e+01
5.036241645146878909e+01
5.038363530541875690e+01
5.039378281174218444e+01
5.042556152722898588e+01
5.043266432596318793e+01
5.045467756854363728e+01
5.047704104399967662e+01
5.048707571217920531e+01
5.049695076629255652e+01
5.053430270269119973e+01
5.060900714816579438e+01
5.058391993821210519e+01
5.057561834991221161e+01
5.056059710158763920e+01
5.056378550400355465e+01
5.060828416506648608e+01
5.064501157803175602e+01
5.066739826208774389e+01
5.068144528254569536e+01
5.070254464944702022e+01
5.070548716396013589e+01
5.068697119478750324e+01
5.069587368226457613e+01
5.069981908110983682e+01
5.072924220044174604e+01
5.073953089963473673e+01
5.071765864061979556e+01
5.074906047874965509e+01
5.077455800536263553e+01
5.077142421259986804e+01
5.078871399886861582e+01
5.079913045064180466e+01
5.080612100465286574e+01
5.079174229145719721e+01
5.079120485501253768e+01
5.085174195435057953e+01
5.089517500668105043e+01
5.088396804464449730e+01
5.094616858197926490e+01
5.101850460033688961e+01
5.103841189751091179e+01
5.102333908043367217e+01
5.097610041498165856e+01
5.095211587536639541e+01
5.096709665358221741e+01
5.094733192149056578e+01
5.094182583737958936e+01
5.093908446573126980e+01
5.092297158990363926e+01
5.092964985612265849e+01
5.091066337092249938e+01
5.091105330526580275e+01
5.092395931607266846e+01
5.093759733278781709e+01
5.089630726990370135e+01
5.090837242034023546e+01
5.093982339413260263e+01
5.094356301803040310e+01
5.091156845130679187e+01
5.089642792383489223e+01
5.087172866704820962e+01
5.089125625960201660e+01
5.089466035653797604e+01
5.089562680317655463e+01
5.088959950145104472e+01
5.088041318235637078e+01
5.087345876764737795e+01
5.088139365171090844e+01
5.083801783932290874e+01
5.082566575458618985e+01
5.084151842975676772e+01
5.081511831894444953e+01
5.082678369830442477e+01
5.077444426758424356e+01
5.076424840001278227e+01
5.071531189895215164e+01
5.069782574821757493e+01
5.067261185700236581e+01
5.071501876707942813e+01
5.067757897433067882e+01
5.062535961719742517e+01
5.055863135786228924e+01
5.052501631640131308e+01
5.052925381903072832e+01
5.047446909294671968e+01
5.043963803871513818e+01
5.042404173457582317e+01
5.045181869857196233e+01
5.045042465610580962e+01
5.047673586487856312e+01
5.044795160315872806e+01
5.045156064044225985e+01
5.048401547552570889e+01
5.048776957013965472e+01
5.051792690160950627e+01
5.051440338187278911e+01
5.053728539081416216e+01
5.052078328345814384e+01
5.056411266993046638e+01
