5.190949504984524072e-04
-5.435123462082650826e-03
1.947211803411504983e-03
1.574688752323354438e-02
4.878391146623976826e-02
8.249065238878046380e-02
1.388188036614152188e-01
1.870220808977385019e-01
3.210827741794559653e-01
4.631422851859141598e-01
6.430694951677092819e-01
8.183530620555152790e-01
9.992892135651697538e-01
1.134944430573836538e+00
1.376584831511311835e+00
1.541466922513645033e+00
1.733171831864926515e+00
1.748863495767727372e+00
1.941280120461329028e+00
2.063515023811655968e+00
2.214450944097300145e+00
2.269221765025757787e+00
2.260614169393428963e+00
2.315997647671745874e+00
2.402652994332919345e+00
2.531156725151306741e+00
2.635018769099921609e+00
2.680321153946035206e+00
2.629709445222940811e+00
2.689269364142250929e+00
2.808555921172611658e+00
2.895909508856115977e+00
2.913207842598072972e+00
2.939619439472728413e+00
2.930630373442182801e+00
2.984149653677916181e+00
2.960117311422128417e+00
2.997352675161232050e+00
3.033225727530466376e+00
3.026622070535044173e+00
2.918478901435804129e+00
2.971266990979750222e+00
2.981194155845630966e+00
3.010078961039512890e+00
3.054384390403537708e+00
3.100755211438072756e+00
3.165707154895049058e+00
3.186662679073956284e+00
3.261217713406203256e+00
3.321068125915323410e+00
3.288766823346529034e+00
3.319302649177049425e+00
3.397630517658302374e+00
3.402353343091301774e+00
3.412115227684616503e+00
3.328041948726962129e+00
3.242852613883320245e+00
3.237272532425291338e+00
3.289860268353251183e+00
3.253733658707936183e+00
3.229448355697339235e+00
3.192734535720684441e+00
3.234437079440065865e+00
3.281831419831580110e+00
3.378821814886652675e+00
3.369553563449372291e+00
3.411583590080351058e+00
3.435088268700391634e+00
3.509819376671511115e+00
3.543654789108247272e+00
3.577054448793049346e+00
3.668997419719522313e+00
3.663811542053872383e+00
3.692699846548380904e+00
3.679937927021438071e+00
3.706758989744503019e+00
3.685305448543126694e+00
3.778320273690003006e+00
3.798061844352693228e+00
3.810112700109644202e+00
3.860854796138437628e+00
3.922610170986488232e+00
4.048833116285424971e+00
4.158122046294551843e+00
4.258151481579166564e+00
4.373479523327662655e+00
4.454054706581130674e+00
4.538293930805419762e+00
4.618336952279729068e+00
4.739734017801541910e+00
4.828981507171973497e+00
4.897292615392561110e+00
5.002056166333209930e+00
5.096075331596432889e+00
5.278349917151466286e+00
5.350374038767386153e+00
5.459698183999761589e+00
5.559248560757549029e+00
5.635979625416214667e+00
5.767825810827596378e+00
5.887808083308478047e+00
5.975711254589834098e+00
5.991888601153084082e+00
6.069486512073357432e+00
6.125608897163314026e+00
6.095275181740021253e+00
6.179087679657365939e+00
6.184974863135161094e+00
6.150082275304623813e+00
6.163799729621180390e+00
6.035286279397436005e+00
6.133750371452951988e+00
6.154494951446498163e+00
6.213516047166486089e+00
6.326883102794941927e+00
6.431298211352617145e+00
6.334600866818447251e+00
6.445770183297425682e+00
6.452365589373008525e+00
6.435918260955024728e+00
6.354363404607767940e+00
6.489108460990905769e+00
6.518933202141575123e+00
6.415251228788560134e+00
6.546383498715471205e+00
6.576826976650441026e+00
6.598426118233338578e+00
6.598788049785770049e+00
6.710975933905679369e+00
6.871758928983256354e+00
6.986115076889173992e+00
7.162404070137734280e+00
7.251706716068031966e+00
7.414700812014785036e+00
7.624143402595547236e+00
7.810278323909414233e+00
7.862177091852257327e+00
8.171873452445957753e+00
8.099820036078684282e+00
8.098605880210033803e+00
8.171189832006540144e+00
8.265221728290345737e+00
8.165650146276526300e+00
8.135205548505899387e+00
8.010425089655807795e+00
7.953373192402137803e+00
8.084086762259458325e+00
8.049282226622372249e+00
8.032984872065361159e+00
8.014339142114094372e+00
7.929863958888623721e+00
7.966032191036259036e+00
7.946373227824199859e+00
7.878793270401752480e+00
7.848899678847304884e+00
7.775700537549973923e+00
7.721609304629271087e+00
7.768918684418181009e+00
7.733182395316253732e+00
7.800517407275090243e+00
7.908168188665515963e+00
7.987421459145724434e+00
7.969684283153805282e+00
7.908054498143126665e+00
7.895866720979117126e+00
7.913305206425434335e+00
8.044459789741877032e+00
8.041210376064118037e+00
8.086177614761936638e+00
8.423214870823596101e+00
8.449980650476270228e+00
8.557798720388557712e+00
8.702977349264388707e+00
8.686757208294450194e+00
8.857773735230972889e+00
8.977747779395452099e+00
9.044122328637977049e+00
8.888770946514746640e+00
9.041201074306616903e+00
9.105617423058047777e+00
9.303767331400543128e+00
9.087923285644448512e+00
9.128818656484884997e+00
9.058441395670680407e+00
8.940746346885818596e+00
9.063187645579510843e+00
9.094577710541530635e+00
9.318889490432917810e+00
9.301435895507626839e+00
8.874193145327266663e+00
8.979936972402168038e+00
9.007574604406597629e+00
9.099389509263717812e+00
9.179558315780885991e+00
9.101160674898352454e+00
8.977045545657670544e+00
9.279364912240414043e+00
9.280027156998624349e+00
9.332433049317019780e+00
9.483952526602495325e+00
9.651440473404933940e+00
9.837151672866113472e+00
1.004721005662367972e+01
9.917357555476453257e+00
1.002819199136314587e+01
1.013838236502758683e+01
1.033080068618906999e+01
1.045960495454866290e+01
1.054916646413569481e+01
1.077683827152869256e+01
1.073111454327175984e+01
1.079438421882151289e+01
1.101830425796023682e+01
1.080016633898680745e+01
1.087954034946622173e+01
1.093705075437037699e+01
1.082665365024273640e+01
1.108326224142734340e+01
1.104196258345293913e+01
1.081171679030497401e+01
1.095999483509779537e+01
1.106763612367173444e+01
1.102147297733137243e+01
1.096974990781803250e+01
1.082870825705431272e+01
1.069281403319189927e+01
1.057249050662965573e+01
1.070149794192221471e+01
1.078726253821221626e+01
1.086621408916934861e+01
1.102981891595362640e+01
1.108777680036935465e+01
1.094362958911360550e+01
1.122471951782521238e+01
1.116422044761409715e+01
1.128872321005347601e+01
1.130863952978331710e+01
1.154345771099260176e+01
1.132124653181848117e+01
1.135981958474600262e+01
1.138995654894556786e+01
1.135353049665083702e+01
1.130059655494635251e+01
1.123346342035869228e+01
1.092492093351898319e+01
1.077151278534618228e+01
1.087008660631500945e+01
1.060897717457942946e+01
1.073067560649480612e+01
1.079718213133738836e+01
1.085222683858549608e+01
1.089727180597614442e+01
1.089502418555683860e+01
1.077393942374077973e+01
1.084213019420893964e+01
1.074464720816659380e+01
1.069517534472842080e+01
1.098489961257010528e+01
1.108441430886942491e+01
1.123820206787462261e+01
1.148236245392488186e+01
1.152938182715641702e+01
1.178629269933258961e+01
1.206443884907256958e+01
1.192081487304686327e+01
1.230286002651846999e+01
1.224785680031850532e+01
1.198182165454876191e+01
1.209598424252457605e+01
1.207620611312186654e+01
1.206177143361755455e+01
1.195331265242339036e+01
1.194428892872481818e+01
1.180548864400487474e+01
1.199439626974792006e+01
1.191880645358634183e+01
1.193847529323813461e+01
1.190727600923984042e+01
1.205518396313821938e+01
1.190579371118777097e+01
1.199825605619955660e+01
1.201782637811769305e+01
1.203046512056588924e+01
1.184092937549062086e+01
1.168795528702592534e+01
1.191268207831229198e+01
1.209693082899305949e+01
1.218293692962115671e+01
1.234193942187661186e+01
1.234922989087117529e+01
1.263691490860157352e+01
1.262732323133159085e+01
1.289828725699229217e+01
1.309492577182620110e+01
1.305473879280371463e+01
1.330349789004535488e+01
1.347228675006716969e+01
1.337339527224069968e+01
1.345719345043330328e+01
1.336895270741583097e+01
1.334904081669085762e+01
1.347259477100691427e+01
1.362683389161585801e+01
1.392955358648097608e+01
1.424152017345281784e+01
1.396282450893188276e+01
1.387764823974290884e+01
1.405702939691757614e+01
1.407572733564316358e+01
1.364634255876829627e+01
1.349863106260101198e+01
1.342547024535015687e+01
1.286030048514239255e+01
1.285000922995494221e+01
1.259005561112344829e+01
1.245831967129593032e+01
1.226619616078761510e+01
1.208750402503758536e+01
1.219877986005674053e+01
1.189008673027860574e+01
1.188825012562931605e+01
1.143893993773632722e+01
1.162071160069060483e+01
1.185554026744906508e+01
1.203549160173204058e+01
1.205480217747262017e+01
1.178023196187970179e+01
1.197574112084046938e+01
1.212119628659824144e+01
1.218932576955480762e+01
1.242172719100299716e+01
1.284103522912280582e+01
1.273522718569968681e+01
1.268078996553322746e+01
1.278752313397944995e+01
1.276888069220969157e+01
1.279949479488766428e+01
1.272280277491450029e+01
1.300391318867487200e+01
1.304563650156508103e+01
1.322915432953401016e+01
1.326948035443552776e+01
1.332416878953814354e+01
1.330179791877169393e+01
1.324304124938126748e+01
1.331292507728353947e+01
1.359413807807964680e+01
1.324802656780884469e+01
1.335353320480654205e+01
1.353439666434595168e+01
1.375376551833501892e+01
1.361432689282273500e+01
1.353930288383683589e+01
1.363061538590380373e+01
1.345172967037178324e+01
1.364015184360830091e+01
1.396899447024373053e+01
1.425248966964529451e+01
1.410931113175509921e+01
1.402318199551341138e+01
1.424238098769901661e+01
1.431943944252498824e+01
1.413437097230666240e+01
1.432198306015168399e+01
1.440648591644422183e+01
1.437645152119287317e+01
1.455820406397235978e+01
1.430653286588494666e+01
1.445676382385063796e+01
1.486454591910553802e+01
1.499292780863243024e+01
1.463645096663213074e+01
1.476365773034009443e+01
1.495198393443472895e+01
1.519479332626783652e+01
1.544311989033462851e+01
1.580011434983432395e+01
1.597885711294333788e+01
1.589346024054861850e+01
1.569547182727104406e+01
1.542680979322777191e+01
1.585060497095724408e+01
1.601884996896815139e+01
1.616289232423303801e+01
1.633496064589411034e+01
1.638549485740857037e+01
1.660676633770795263e+01
1.632122362694064677e+01
1.635099861973154489e+01
1.656897189621174959e+01
1.679720738879051822e+01
1.686929975969049522e+01
1.705171651674646682e+01
1.713879173658085264e+01
1.706395830642535927e+01
1.734187619804872327e+01
1.755554589661502973e+01
1.780477565856810784e+01
1.787094767898048531e+01
1.773364548961523113e+01
1.791306925399078764e+01
1.813334283362812371e+01
1.834930699289224520e+01
1.796813996750197617e+01
1.813972595729135762e+01
1.844244221046578147e+01
1.863486255213107512e+01
1.886713550795335337e+01
1.912201948400180740e+01
1.907787045564467121e+01
1.924253230710560203e+01
1.910786002592568877e+01
1.929964437849545433e+01
1.932336062137785504e+01
1.961800528577190761e+01
1.981888723238480310e+01
2.002803726282324703e+01
2.019573813780170823e+01
2.039826015231020762e+01
2.040435815662018015e+01
1.988816236702323437e+01
2.011436282002945930e+01
2.013057081910153556e+01
2.024517564197024910e+01
2.014433557905653416e+01
2.021964785499879724e+01
2.026905078614855427e+01
2.002926925381996526e+01
2.013324823093082472e+01
1.978292899188227594e+01
1.923016161725856321e+01
1.937104757676485178e+01
1.893828049708696426e+01
1.883618973091638793e+01
1.902275199612030931e+01
1.865490539273692150e+01
1.862053969295325473e+01
1.833945303716964048e+01
1.785489598461960625e+01
1.730620753097135278e+01
1.755030070476483672e+01
1.767700583791342339e+01
1.729022974996069451e+01
1.757118545120198760e+01
1.757181594740192665e+01
1.772376732003113631e+01
1.745280615201362195e+01
1.702141975241142191e+01
1.683889619033902463e+01
1.647585218945500074e+01
1.658486885020306545e+01
1.719150992894398655e+01
1.730532994654296175e+01
1.746150269775160169e+01
1.752383108475207862e+01
1.744580222580479756e+01
1.757787054391631187e+01
1.787643020777787228e+01
1.766700516338795879e+01
1.763152219162135026e+01
1.751610457888727623e+01
1.755927242199311777e+01
1.792368671129667845e+01
1.830282716327268133e+01
1.823006086573745677e+01
1.833437491428914967e+01
1.793869176495942597e+01
1.794891145710555236e+01
1.742555507768784651e+01
1.720246461487995759e+01
1.771198457566239881e+01
1.771399204020803353e+01
1.744737892667873069e+01
1.725564374621050234e+01
1.714033800807964170e+01
1.704594844989172842e+01
1.724136962907305559e+01
1.713735134681921224e+01
1.712533818672978470e+01
1.690326743959789368e+01
1.677830924420772973e+01
1.703941129152212852e+01
1.694007709928937544e+01
1.733729055672439756e+01
1.711593464411989984e+01
1.654453084883738612e+01
1.663061565751689841e+01
1.677327238462267545e+01
1.643143519893535398e+01
1.637393150052137969e+01
1.637738764224522470e+01
1.658390041753120059e+01
1.695552202219765192e+01
1.703040525922667214e+01
1.711916887400352039e+01
1.725769716412268195e+01
1.745318890173341586e+01
1.760360690814533058e+01
1.737593128918360108e+01
1.704205408440780189e+01
1.716205942863269129e+01
1.743668306762591413e+01
1.767139515460119981e+01
1.804009119597183286e+01
1.832357712114534820e+01
1.867554130622545117e+01
1.888969335191012888e+01
1.902043455962483165e+01
1.925603522335450535e+01
1.913232923098495064e+01
1.956823038741214660e+01
1.981717852827059900e+01
2.020531085637710333e+01
2.021920154154737759e+01
2.013731984616520521e+01
2.047688998818685135e+01
2.076135533780614395e+01
2.117446986955375365e+01
2.120003020423863660e+01
2.112486212989769996e+01
2.072608866435285080e+01
2.087561996569043998e+01
2.027803494946775231e+01
2.056633824696666579e+01
2.081757735081584215e+01
2.088692454207050631e+01
2.122725716888918512e+01
2.145610933191216319e+01
2.153760588829578992e+01
2.140971172288832847e+01
2.157803174130317458e+01
2.174421252465256060e+01
2.146137506094818193e+01
2.136000628332735829e+01
2.093470376911084685e+01
2.074537508638068672e+01
2.053894638007381346e+01
2.033607375393588157e+01
2.062349943192040769e+01
2.055756350042684133e+01
2.032457084752095966e+01
2.023923403133939658e+01
2.016194568589340008e+01
2.037676956039681642e+01
2.042816926301685143e+01
2.052338906719261402e+01
2.081836581338595238e+01
2.104727982122347285e+01
2.136282958114799868e+01
2.165673797300838643e+01
2.130586509878821744e+01
2.194688514596762019e+01
2.198591821987256978e+01
2.200600265560813185e+01
2.188669210005008026e+01
2.156044273623697904e+01
2.131081142174680565e+01
2.141505677294702892e+01
2.094478527934967005e+01
2.063425333393418981e+01
2.095888724148292681e+01
2.078547793842189861e+01
2.103683577178047770e+01
2.113961082367479349e+01
2.094538110787960861e+01
2.101233282646221312e+01
2.044137928585116981e+01
2.054669913503645162e+01
2.044536667723793855e+01
2.094282127130401960e+01
2.094675028125779193e+01
2.085193868443062115e+01
2.070366278415151129e+01
2.012093576794610073e+01
2.033664216879980913e+01
2.026025913589694838e+01
2.047325145298689719e+01
2.040800060588593112e+01
2.042345595438887429e+01
2.036198970833561717e+01
2.044877023140138306e+01
2.046341999083855967e+01
2.057264754109172245e+01
2.074689440154778453e+01
2.094704059946895214e+01
2.121933729147122349e+01
2.122260253142392372e+01
2.167613753870503501e+01
2.185543338982326844e+01
2.150993131867794972e+01
2.136455257276612585e+01
2.124032812946506965e+01
2.146134211817313542e+01
2.156115853399030158e+01
2.142747695232628757e+01
2.139918642291927142e+01
2.156399865752232969e+01
2.134176038915183682e+01
2.093209899936907448e+01
2.108220338498024660e+01
2.102410613872483580e+01
2.135966034680588876e+01
2.158059145378542709e+01
2.194721073500635455e+01
2.133169750001361109e+01
2.174244716108687214e+01
2.140420153175062268e+01
2.140890876551557653e+01
2.096207837889652481e+01
2.083856318904930660e+01
2.044433642171643939e+01
2.036827468555296150e+01
2.044868074446318928e+01
2.043091380951445046e+01
2.021437697145189816e+01
2.043461205983178886e+01
2.059741505730028166e+01
2.059437449938475595e+01
2.097777845787572559e+01
2.076341239622477275e+01
2.024927898286422590e+01
2.034396087305537648e+01
2.062355535958732489e+01
2.076577338652372973e+01
2.079014771298486863e+01
2.075940306971228111e+01
2.076631058810798081e+01
2.105741597018282718e+01
2.103971446376704080e+01
2.079289604984663598e+01
2.054650939726003855e+01
2.069559274675134475e+01
2.045083142066431847e+01
2.044972235852142362e+01
2.075083468535235198e+01
2.096942630703532728e+01
2.085914678911166931e+01
2.112834223846320114e+01
2.114646508153845872e+01
2.121963986168093541e+01
2.114570637300457179e+01
2.102588376043476615e+01
2.076519834712919987e+01
2.048756943594090529e+01
2.071583296590725709e+01
2.052324056911936268e+01
2.076224857664917778e+01
2.115092134904567445e+01
2.136114201245740674e+01
2.148962640524544554e+01
2.136323871877301883e+01
2.157762214468634809e+01
2.158904678284723389e+01
2.166601027135146040e+01
2.188172816650044794e+01
2.212078081509316974e+01
2.214298886057666493e+01
2.204597409692355470e+01
2.229954306371779182e+01
2.269858604313314032e+01
2.283010383969935830e+01
2.308752632140192773e+01
2.320820270953435127e+01
2.345597944887049735e+01
2.336125713600850773e+01
2.338105721243239188e+01
2.331512965902322421e+01
2.373647363450245251e+01
2.428486753936631715e+01
2.439219330675518904e+01
2.463334175798213010e+01
2.493978258215732069e+01
2.498027626156721936e+01
2.516946238492707977e+01
2.498751923096743255e+01
2.542275567105633272e+01
2.531128606970406381e+01
2.509532454902818799e+01
2.483938137831755810e+01
2.493474998923384689e+01
2.497953248519496938e+01
2.517802879570541918e+01
2.537956842480256014e+01
2.553246661435705889e+01
2.578502787997252099e+01
2.569081454430104117e+01
2.571994437081277596e+01
2.560360882174981612e+01
2.525756566817603144e+01
2.517487053706385680e+01
2.522615244464004292e+01
2.494487570615556749e+01
2.475328478132441390e+01
2.459631221788295363e+01
2.443455983272935228e+01
2.411545340621592359e+01
2.421394581856325701e+01
2.419311534583561141e+01
2.425553608155688678e+01
2.397680342247737428e+01
2.356552819651004782e+01
2.344028475070037487e+01
2.346208585303708816e+01
2.350489551276013600e+01
2.338564276760034488e+01
2.310296409900572101e+01
2.281763693055327025e+01
2.324602565641693985e+01
2.344090784141002715e+01
2.374329442483295693e+01
2.429447864620890130e+01
2.412057000113436800e+01
2.412580542521003579e+01
2.427684500753067809e+01
2.457911582410958573e+01
2.437090548884696517e+01
2.407904814306352392e+01
2.416206044964141597e+01
2.422555230387771985e+01
2.444705184608921655e+01
2.444179058364118617e+01
2.517447376634418532e+01
2.515979271535772099e+01
2.527253572956283278e+01
2.544726708894245704e+01
2.562079140198371974e+01
2.578446967872946516e+01
2.588554340627046102e+01
2.600007804466370942e+01
2.643390459578591134e+01
2.643129872890972010e+01
2.577749642452997847e+01
2.575062603235385339e+01
2.549456280079180104e+01
2.555980298213129132e+01
2.539078962804012463e+01
2.524204250300012120e+01
2.511721404812329794e+01
2.537972076127216781e+01
2.561727810500820368e+01
2.554542449032708973e+01
2.541437381037655996e+01
2.505175170418614883e+01
2.517255560807868875e+01
2.552784452320580044e+01
2.533694772285751995e+01
2.527123726411111448e+01
2.509064305615597235e+01
2.556348230042157965e+01
2.575783803548758755e+01
2.593237602129202557e+01
2.585454941259380135e+01
2.532430891173543941e+01
2.508485404824030951e+01
2.500742932595177592e+01
2.495707053599845793e+01
2.472175305957675917e+01
2.416424419877844088e+01
2.413207266670820417e+01
2.405228396912760758e+01
2.421962898862173930e+01
2.424054562765449106e+01
2.427878648519370586e+01
2.473316921983431271e+01
2.492890574211768140e+01
2.512023781752185769e+01
2.521974846478972410e+01
2.511511650733315193e+01
2.536381081151279915e+01
2.539764090228775828e+01
2.573407125965677622e+01
2.613049230124395805e+01
2.635831103793793417e+01
2.627945914245436754e+01
2.614035864841737222e+01
2.619100255633858154e+01
2.634496420079456058e+01
2.564165349454655285e+01
2.598955162651987294e+01
2.622574487050037106e+01
2.597222442764054051e+01
2.575640946775858708e+01
2.548270486870444174e+01
2.557438293877529745e+01
2.594622981140713236e+01
2.571076763114047026e+01
2.619690979217221027e+01
2.589699228386039209e+01
2.609940182331178349e+01
2.587995030356540482e+01
2.620034907106929367e+01
2.632832229462535167e+01
2.640622253463696367e+01
2.631016099681941256e+01
2.635980230418138603e+01
2.593855430609078283e+01
2.578604514603517117e+01
2.600489878132326282e+01
2.550154820472640083e+01
2.575772395825437044e+01
2.538075612668304970e+01
2.535717875789310227e+01
2.540557885530115101e+01
2.528687194783216086e+01
2.494885661252430609e+01
2.503851462635756775e+01
2.544812365133743270e+01
2.503724017585161477e+01
2.496570229832884280e+01
2.499290071484822562e+01
2.432532548012555296e+01
2.413075558923009822e+01
2.435914315357776871e+01
2.447414147546511387e+01
2.443969507856685297e+01
2.401233290162706879e+01
2.437896854807573988e+01
2.421004862650480050e+01
2.428408388697779685e+01
2.462919605493335951e+01
2.449995025453845443e+01
2.424747415998277589e+01
2.475950159979255361e+01
2.444667186439891893e+01
2.476701865305491879e+01
2.489009866445503860e+01
2.486405166959262303e+01
2.523637333233232738e+01
2.476744179941444202e+01
2.492306152089299331e+01
2.485399257872024492e+01
2.495939253130838509e+01
2.525514313678112899e+01
2.563126097659604952e+01
2.480000502693704689e+01
2.479645897079771188e+01
2.419454949708663349e+01
2.428157345654368626e+01
2.435946522358962341e+01
2.446377073653546574e+01
2.499330175607482474e+01
2.518262448321599933e+01
2.544595331131089111e+01
2.594776439758468456e+01
2.620369894509621034e+01
2.572715065734216822e+01
2.520052328108825890e+01
2.525513727396238650e+01
2.521758539362924267e+01
2.539577704624307941e+01
2.563965755024733539e+01
2.530776336442609065e+01
2.544609714311936344e+01
2.563392117782745672e+01
2.580993393986982554e+01
2.511844823224100409e+01
2.541420966247703461e+01
2.537546702147303535e+01
2.512835049965570633e+01
2.491024021912286202e+01
2.510867463442260572e+01
2.460837136655220547e+01
2.457296336094287525e+01
2.448593972692658127e+01
2.449078000899046970e+01
2.463596086227281035e+01
2.494619658796138140e+01
2.553159828206156234e+01
2.571252684805235589e+01
2.573577107028758348e+01
2.542123725467232376e+01
2.515624652478233969e+01
2.447174579929560778e+01
2.417586115184086637e+01
2.389365695374375420e+01
2.392003481152089961e+01
2.411382179880595800e+01
2.463478875100710397e+01
2.442621241611708527e+01
2.487222195610542741e+01
2.474658245046475713e+01
2.434897816653553804e+01
2.437094263796365468e+01
2.430660740513303253e+01
2.427298610543513036e+01
2.437060527802167442e+01
2.456272775131304087e+01
2.512081712012994572e+01
2.512618059898733591e+01
2.525852427262598709e+01
2.542240574431528444e+01
2.563025411193357783e+01
2.549147745772991058e+01
2.593214856190659745e+01
2.618475852607426191e+01
2.681938597197439833e+01
2.650436712149762641e+01
2.646231877569691449e+01
2.614707003794437412e+01
2.655652098119100302e+01
2.679230249030530686e+01
2.665888895532437886e+01
2.627848321656669839e+01
2.663383359518610760e+01
2.675114028286252932e+01
2.729730004729689341e+01
2.718139355239719279e+01
2.764107778751261790e+01
2.751914229665290890e+01
2.744059859292758929e+01
2.751776935032416205e+01
2.729368211520831977e+01
2.730097999895612304e+01
2.790854131753467016e+01
2.796797668170459872e+01
2.780080196343078214e+01
2.807647413091354949e+01
2.828817131517101657e+01
2.820794361204316303e+01
2.796993758594640767e+01
2.802966803435317189e+01
2.768508698612699703e+01
2.792584034208594090e+01
2.750798108675185105e+01
2.750934170179582949e+01
2.776196366042270114e+01
2.743278428760137899e+01
2.749633011440359454e+01
2.711260209006401567e+01
2.697725918516443855e+01
2.709418251324444427e+01
2.733624252389421727e+01
2.762027999330335248e+01
2.792159893148417282e+01
2.815066736388134316e+01
2.818888728045236292e+01
2.788773991702557353e+01
2.803296917068171368e+01
2.828046723252535344e+01
2.833044580466266282e+01
2.876094682879715947e+01
2.860275921303295021e+01
2.853855325697472978e+01
2.866005058163803909e+01
2.880385143887522048e+01
2.891228881315691623e+01
2.839107784950392244e+01
2.846931093674259117e+01
2.886449423431059458e+01
2.848326019227517847e+01
2.832753645498020845e+01
2.838952483148866079e+01
2.844220603591976726e+01
2.846412254510201834e+01
2.861577155736633671e+01
2.879090005591006474e+01
2.920331003779464041e+01
2.898763182124859128e+01
2.924370830434419588e+01
2.878359169533408135e+01
2.872524985176193368e+01
2.839995834409445408e+01
2.823370244236216564e+01
2.765365145028715688e+01
2.786286487531919676e+01
2.783810647871281319e+01
2.767971489121200079e+01
2.786893680838533172e+01
2.770449304073297370e+01
2.756261272905512527e+01
2.775401906373912908e+01
2.789477524879400860e+01
2.810434001199147502e+01
2.803566385752084500e+01
2.786284973548295341e+01
2.796118484117517866e+01
2.827902477243401691e+01
