1.978000000000000000e+03
4.028000000000000000e+03
5.956000000000000000e+03
8.010000000000000000e+03
1.002100000000000000e+04
1.208400000000000000e+04
1.410000000000000000e+04
1.615200000000000000e+04
1.807200000000000000e+04
2.010900000000000000e+04
2.215400000000000000e+04
2.418800000000000000e+04
2.610900000000000000e+04
2.812700000000000000e+04
3.010000000000000000e+04
3.218600000000000000e+04
3.417700000000000000e+04
3.623100000000000000e+04
3.817500000000000000e+04
4.025200000000000000e+04
4.226100000000000000e+04
4.428200000000000000e+04
4.630400000000000000e+04
4.836200000000000000e+04
5.042300000000000000e+04
5.238800000000000000e+04
5.444900000000000000e+04
5.642900000000000000e+04
5.843900000000000000e+04
6.042400000000000000e+04
6.242400000000000000e+04
6.444100000000000000e+04
6.645300000000000000e+04
6.839300000000000000e+04
7.030000000000000000e+04
7.229300000000000000e+04
7.434500000000000000e+04
7.653900000000000000e+04
7.846300000000000000e+04
8.039200000000000000e+04
8.240800000000000000e+04
8.451700000000000000e+04
8.659800000000000000e+04
8.853700000000000000e+04
9.061200000000000000e+04
9.261900000000000000e+04
9.466500000000000000e+04
9.653700000000000000e+04
9.857900000000000000e+04
1.007270000000000000e+05
1.029070000000000000e+05
1.050840000000000000e+05
1.072860000000000000e+05
1.093030000000000000e+05
1.112510000000000000e+05
1.132020000000000000e+05
1.151190000000000000e+05
1.169950000000000000e+05
1.190280000000000000e+05
1.209730000000000000e+05
1.230570000000000000e+05
1.250450000000000000e+05
1.270910000000000000e+05
1.289490000000000000e+05
1.310210000000000000e+05
1.330150000000000000e+05
1.352410000000000000e+05
1.371700000000000000e+05
1.393270000000000000e+05
1.413090000000000000e+05
1.434500000000000000e+05
1.455260000000000000e+05
1.477510000000000000e+05
1.497380000000000000e+05
1.517930000000000000e+05
1.536320000000000000e+05
1.558810000000000000e+05
1.579330000000000000e+05
1.599500000000000000e+05
1.622240000000000000e+05
1.641650000000000000e+05
1.663000000000000000e+05
1.682360000000000000e+05
1.701000000000000000e+05
1.722860000000000000e+05
1.740950000000000000e+05
1.760490000000000000e+05
1.781640000000000000e+05
1.802840000000000000e+05
1.824860000000000000e+05
1.845500000000000000e+05
1.864830000000000000e+05
1.884360000000000000e+05
1.903460000000000000e+05
1.924060000000000000e+05
1.944210000000000000e+05
1.965650000000000000e+05
1.988370000000000000e+05
2.008160000000000000e+05
2.028150000000000000e+05
2.048210000000000000e+05
2.068360000000000000e+05
2.089250000000000000e+05
2.110020000000000000e+05
2.128690000000000000e+05
2.150450000000000000e+05
2.171620000000000000e+05
2.190640000000000000e+05
2.210830000000000000e+05
2.232020000000000000e+05
2.253920000000000000e+05
2.274410000000000000e+05
2.295100000000000000e+05
2.314480000000000000e+05
2.334700000000000000e+05
2.357220000000000000e+05
2.377410000000000000e+05
2.398340000000000000e+05
2.417840000000000000e+05
2.438210000000000000e+05
2.458220000000000000e+05
2.479010000000000000e+05
2.498840000000000000e+05
2.519110000000000000e+05
2.538320000000000000e+05
2.557130000000000000e+05
2.582360000000000000e+05
2.601780000000000000e+05
2.624490000000000000e+05
2.648270000000000000e+05
2.667600000000000000e+05
2.687480000000000000e+05
2.707090000000000000e+05
2.727500000000000000e+05
2.748270000000000000e+05
2.768740000000000000e+05
2.787590000000000000e+05
2.807290000000000000e+05
2.826700000000000000e+05
2.847960000000000000e+05
2.867410000000000000e+05
2.888620000000000000e+05
2.910370000000000000e+05
2.930550000000000000e+05
2.950100000000000000e+05
2.972680000000000000e+05
2.992630000000000000e+05
3.012540000000000000e+05
3.032730000000000000e+05
3.053460000000000000e+05
3.072710000000000000e+05
3.092750000000000000e+05
3.115830000000000000e+05
3.136670000000000000e+05
3.156690000000000000e+05
3.177260000000000000e+05
3.196360000000000000e+05
3.216380000000000000e+05
3.234550000000000000e+05
3.255150000000000000e+05
3.274550000000000000e+05
3.294960000000000000e+05
3.313470000000000000e+05
3.333950000000000000e+05
3.355430000000000000e+05
3.376470000000000000e+05
3.396410000000000000e+05
3.418450000000000000e+05
3.440520000000000000e+05
3.461300000000000000e+05
3.482680000000000000e+05
3.503250000000000000e+05
3.522130000000000000e+05
3.543330000000000000e+05
3.564930000000000000e+05
3.585680000000000000e+05
3.603660000000000000e+05
3.622900000000000000e+05
3.642730000000000000e+05
3.663350000000000000e+05
3.682450000000000000e+05
3.704400000000000000e+05
3.725490000000000000e+05
3.745410000000000000e+05
3.764210000000000000e+05
3.783150000000000000e+05
3.803950000000000000e+05
3.825360000000000000e+05
3.844770000000000000e+05
3.869740000000000000e+05
3.890070000000000000e+05
3.913460000000000000e+05
3.929440000000000000e+05
3.949450000000000000e+05
3.969940000000000000e+05
3.991390000000000000e+05
4.010780000000000000e+05
4.027630000000000000e+05
4.045440000000000000e+05
4.064230000000000000e+05
4.086080000000000000e+05
4.106360000000000000e+05
4.126590000000000000e+05
4.146300000000000000e+05
4.163220000000000000e+05
4.184120000000000000e+05
4.206860000000000000e+05
4.224910000000000000e+05
4.244030000000000000e+05
4.264320000000000000e+05
4.285570000000000000e+05
4.309150000000000000e+05
4.332360000000000000e+05
4.353720000000000000e+05
4.374080000000000000e+05
4.394150000000000000e+05
4.416640000000000000e+05
4.434020000000000000e+05
4.453620000000000000e+05
4.473120000000000000e+05
4.488300000000000000e+05
4.508240000000000000e+05
4.525620000000000000e+05
4.543850000000000000e+05
4.560830000000000000e+05
4.582510000000000000e+05
4.604250000000000000e+05
4.628630000000000000e+05
4.648420000000000000e+05
4.669230000000000000e+05
4.692890000000000000e+05
4.712160000000000000e+05
4.730570000000000000e+05
4.750410000000000000e+05
4.771790000000000000e+05
4.791340000000000000e+05
4.808190000000000000e+05
4.829790000000000000e+05
4.847840000000000000e+05
4.870970000000000000e+05
4.887220000000000000e+05
4.908570000000000000e+05
4.928290000000000000e+05
4.946610000000000000e+05
4.965400000000000000e+05
4.984290000000000000e+05
5.006040000000000000e+05
5.028500000000000000e+05
5.049350000000000000e+05
5.069630000000000000e+05
5.090520000000000000e+05
5.108770000000000000e+05
5.127550000000000000e+05
5.147480000000000000e+05
5.168550000000000000e+05
5.191740000000000000e+05
5.210860000000000000e+05
5.230540000000000000e+05
5.249520000000000000e+05
5.269910000000000000e+05
5.287410000000000000e+05
5.310710000000000000e+05
5.326880000000000000e+05
5.349120000000000000e+05
5.368400000000000000e+05
5.388020000000000000e+05
5.409280000000000000e+05
5.428930000000000000e+05
5.446810000000000000e+05
5.470420000000000000e+05
5.490980000000000000e+05
5.512050000000000000e+05
5.526170000000000000e+05
5.547530000000000000e+05
5.566800000000000000e+05
5.588970000000000000e+05
5.611230000000000000e+05
5.631320000000000000e+05
5.648070000000000000e+05
5.671310000000000000e+05
5.690930000000000000e+05
5.709450000000000000e+05
5.728950000000000000e+05
5.749590000000000000e+05
5.769700000000000000e+05
5.790360000000000000e+05
5.808750000000000000e+05
5.827300000000000000e+05
5.843640000000000000e+05
5.864940000000000000e+05
5.886810000000000000e+05
5.909420000000000000e+05
5.930270000000000000e+05
5.945930000000000000e+05
5.961990000000000000e+05
5.982770000000000000e+05
6.002040000000000000e+05
6.025440000000000000e+05
6.047900000000000000e+05
6.069030000000000000e+05
6.086600000000000000e+05
6.106450000000000000e+05
6.127610000000000000e+05
6.146300000000000000e+05
6.164730000000000000e+05
6.182660000000000000e+05
6.202360000000000000e+05
6.225920000000000000e+05
6.238140000000000000e+05
6.258760000000000000e+05
6.276250000000000000e+05
6.298320000000000000e+05
6.318320000000000000e+05
6.337570000000000000e+05
6.356630000000000000e+05
6.378090000000000000e+05
6.398090000000000000e+05
6.417040000000000000e+05
6.441450000000000000e+05
6.458890000000000000e+05
6.474920000000000000e+05
6.500640000000000000e+05
6.521370000000000000e+05
6.540030000000000000e+05
6.557930000000000000e+05
6.577510000000000000e+05
6.598540000000000000e+05
6.625930000000000000e+05
6.646920000000000000e+05
6.669320000000000000e+05
6.689710000000000000e+05
6.711110000000000000e+05
6.732010000000000000e+05
6.755370000000000000e+05
6.777840000000000000e+05
6.799830000000000000e+05
6.819280000000000000e+05
6.840010000000000000e+05
6.861320000000000000e+05
6.884310000000000000e+05
6.904740000000000000e+05
6.925320000000000000e+05
6.947840000000000000e+05
6.973940000000000000e+05
6.988370000000000000e+05
7.007250000000000000e+05
7.030400000000000000e+05
7.051720000000000000e+05
7.068930000000000000e+05
7.092660000000000000e+05
7.116760000000000000e+05
7.134780000000000000e+05
7.156680000000000000e+05
7.173120000000000000e+05
7.192420000000000000e+05
7.217210000000000000e+05
7.239160000000000000e+05
7.260870000000000000e+05
7.275910000000000000e+05
7.292800000000000000e+05
7.312800000000000000e+05
7.333880000000000000e+05
7.353670000000000000e+05
7.372240000000000000e+05
7.392240000000000000e+05
7.408110000000000000e+05
7.424400000000000000e+05
7.447620000000000000e+05
7.465010000000000000e+05
7.486620000000000000e+05
7.506620000000000000e+05
7.527590000000000000e+05
7.551130000000000000e+05
7.573260000000000000e+05
7.589220000000000000e+05
7.606630000000000000e+05
7.627650000000000000e+05
7.646930000000000000e+05
7.665940000000000000e+05
7.687460000000000000e+05
7.713330000000000000e+05
7.736670000000000000e+05
7.756040000000000000e+05
7.777560000000000000e+05
7.790670000000000000e+05
7.807170000000000000e+05
7.827170000000000000e+05
7.848060000000000000e+05
7.868210000000000000e+05
7.885090000000000000e+05
7.900100000000000000e+05
7.923670000000000000e+05
7.949500000000000000e+05
7.968280000000000000e+05
7.988060000000000000e+05
8.007510000000000000e+05
8.030690000000000000e+05
8.051480000000000000e+05
8.073850000000000000e+05
8.089390000000000000e+05
8.115320000000000000e+05
8.139280000000000000e+05
8.156260000000000000e+05
8.176530000000000000e+05
8.196200000000000000e+05
8.213760000000000000e+05
8.232020000000000000e+05
8.243790000000000000e+05
8.263970000000000000e+05
8.288800000000000000e+05
8.311750000000000000e+05
8.336840000000000000e+05
8.360230000000000000e+05
8.376060000000000000e+05
8.393050000000000000e+05
8.411670000000000000e+05
8.432660000000000000e+05
8.456650000000000000e+05
8.477570000000000000e+05
8.494920000000000000e+05
8.514980000000000000e+05
8.532300000000000000e+05
8.550580000000000000e+05
8.569830000000000000e+05
8.590050000000000000e+05
8.610620000000000000e+05
8.635590000000000000e+05
8.658760000000000000e+05
8.677690000000000000e+05
8.698630000000000000e+05
8.715880000000000000e+05
8.737660000000000000e+05
8.758440000000000000e+05
8.778660000000000000e+05
8.795830000000000000e+05
8.814400000000000000e+05
8.830610000000000000e+05
8.848830000000000000e+05
8.862610000000000000e+05
8.884370000000000000e+05
8.904370000000000000e+05
8.923770000000000000e+05
8.945970000000000000e+05
8.965780000000000000e+05
8.986100000000000000e+05
9.005780000000000000e+05
9.020070000000000000e+05
9.040330000000000000e+05
9.065810000000000000e+05
9.082730000000000000e+05
9.102100000000000000e+05
9.122980000000000000e+05
9.138420000000000000e+05
9.158320000000000000e+05
9.182420000000000000e+05
9.206060000000000000e+05
9.231180000000000000e+05
9.257170000000000000e+05
9.276680000000000000e+05
9.300870000000000000e+05
9.320870000000000000e+05
9.342490000000000000e+05
9.362680000000000000e+05
9.385660000000000000e+05
9.402920000000000000e+05
9.425290000000000000e+05
9.443760000000000000e+05
9.463470000000000000e+05
9.480360000000000000e+05
9.504120000000000000e+05
9.523020000000000000e+05
9.546320000000000000e+05
9.565620000000000000e+05
9.588910000000000000e+05
9.603740000000000000e+05
9.624490000000000000e+05
9.641180000000000000e+05
9.663560000000000000e+05
9.683150000000000000e+05
9.709650000000000000e+05
9.723760000000000000e+05
9.744580000000000000e+05
9.765670000000000000e+05
9.787060000000000000e+05
9.799720000000000000e+05
9.817080000000000000e+05
9.832040000000000000e+05
9.849460000000000000e+05
9.868500000000000000e+05
9.894010000000000000e+05
9.905840000000000000e+05
9.923610000000000000e+05
9.943910000000000000e+05
9.966330000000000000e+05
9.986330000000000000e+05
1.000961000000000000e+06
1.002961000000000000e+06
1.004936000000000000e+06
1.006936000000000000e+06
1.009084000000000000e+06
1.010969000000000000e+06
1.012767000000000000e+06
1.014786000000000000e+06
1.017005000000000000e+06
1.019005000000000000e+06
1.021076000000000000e+06
1.022919000000000000e+06
1.024028000000000000e+06
1.026028000000000000e+06
1.028023000000000000e+06
1.030138000000000000e+06
1.031759000000000000e+06
1.033370000000000000e+06
1.035554000000000000e+06
1.037526000000000000e+06
1.038982000000000000e+06
1.040982000000000000e+06
1.043273000000000000e+06
1.045245000000000000e+06
1.046962000000000000e+06
1.048908000000000000e+06
1.050619000000000000e+06
1.052619000000000000e+06
1.054541000000000000e+06
1.055805000000000000e+06
1.057797000000000000e+06
1.059888000000000000e+06
1.061420000000000000e+06
1.063299000000000000e+06
1.065475000000000000e+06
1.067808000000000000e+06
1.069901000000000000e+06
1.071901000000000000e+06
1.073456000000000000e+06
1.075542000000000000e+06
1.077771000000000000e+06
1.079771000000000000e+06
1.081846000000000000e+06
1.083328000000000000e+06
1.085836000000000000e+06
1.087836000000000000e+06
1.089423000000000000e+06
1.091423000000000000e+06
1.093970000000000000e+06
1.095421000000000000e+06
1.097601000000000000e+06
1.099515000000000000e+06
1.101332000000000000e+06
1.103239000000000000e+06
1.105622000000000000e+06
1.106934000000000000e+06
1.109362000000000000e+06
1.111168000000000000e+06
1.113535000000000000e+06
1.115777000000000000e+06
1.117729000000000000e+06
1.119696000000000000e+06
1.122010000000000000e+06
1.123572000000000000e+06
1.125565000000000000e+06
1.128482000000000000e+06
1.130509000000000000e+06
1.132509000000000000e+06
1.133721000000000000e+06
1.135419000000000000e+06
1.137363000000000000e+06
1.138667000000000000e+06
1.140895000000000000e+06
1.142895000000000000e+06
1.144484000000000000e+06
1.146484000000000000e+06
1.148851000000000000e+06
1.150851000000000000e+06
1.153024000000000000e+06
1.155024000000000000e+06
1.157024000000000000e+06
1.159310000000000000e+06
1.161960000000000000e+06
1.163960000000000000e+06
1.166120000000000000e+06
1.168399000000000000e+06
1.169779000000000000e+06
1.171885000000000000e+06
1.174161000000000000e+06
1.176057000000000000e+06
1.178588000000000000e+06
1.180864000000000000e+06
1.183541000000000000e+06
1.185866000000000000e+06
1.188193000000000000e+06
1.190361000000000000e+06
1.191895000000000000e+06
1.194369000000000000e+06
1.197008000000000000e+06
1.199326000000000000e+06
1.201291000000000000e+06
1.203540000000000000e+06
1.205570000000000000e+06
1.208253000000000000e+06
1.210343000000000000e+06
1.212006000000000000e+06
1.214584000000000000e+06
1.216757000000000000e+06
1.219205000000000000e+06
1.221205000000000000e+06
1.223205000000000000e+06
1.224750000000000000e+06
1.227453000000000000e+06
1.229453000000000000e+06
1.230935000000000000e+06
1.233334000000000000e+06
1.235684000000000000e+06
1.237757000000000000e+06
1.239736000000000000e+06
1.241694000000000000e+06
1.243036000000000000e+06
1.245036000000000000e+06
1.247414000000000000e+06
1.249414000000000000e+06
1.251434000000000000e+06
1.253434000000000000e+06
1.255434000000000000e+06
1.257434000000000000e+06
1.259719000000000000e+06
1.262157000000000000e+06
1.264341000000000000e+06
1.267165000000000000e+06
1.268354000000000000e+06
1.270199000000000000e+06
1.271999000000000000e+06
1.274262000000000000e+06
1.276521000000000000e+06
1.278474000000000000e+06
1.279868000000000000e+06
1.281868000000000000e+06
1.284077000000000000e+06
1.286077000000000000e+06
1.288192000000000000e+06
1.290074000000000000e+06
1.292854000000000000e+06
1.294687000000000000e+06
1.296160000000000000e+06
1.297602000000000000e+06
1.300013000000000000e+06
1.302144000000000000e+06
1.304031000000000000e+06
1.306031000000000000e+06
1.308120000000000000e+06
1.310120000000000000e+06
1.312148000000000000e+06
1.314239000000000000e+06
1.316088000000000000e+06
1.318088000000000000e+06
1.320285000000000000e+06
1.322285000000000000e+06
1.323515000000000000e+06
1.325515000000000000e+06
1.327398000000000000e+06
1.329590000000000000e+06
1.331406000000000000e+06
1.333049000000000000e+06
1.335212000000000000e+06
1.337076000000000000e+06
1.338946000000000000e+06
1.340946000000000000e+06
1.342787000000000000e+06
1.344787000000000000e+06
1.346896000000000000e+06
1.348347000000000000e+06
1.350446000000000000e+06
1.352173000000000000e+06
1.354340000000000000e+06
1.356595000000000000e+06
1.358248000000000000e+06
1.360248000000000000e+06
1.362095000000000000e+06
1.364441000000000000e+06
1.365751000000000000e+06
1.367751000000000000e+06
1.369829000000000000e+06
1.371597000000000000e+06
1.373893000000000000e+06
1.375576000000000000e+06
1.377520000000000000e+06
1.379520000000000000e+06
1.381300000000000000e+06
1.383300000000000000e+06
1.386068000000000000e+06
1.388068000000000000e+06
1.390370000000000000e+06
1.392171000000000000e+06
1.394442000000000000e+06
1.396034000000000000e+06
1.397927000000000000e+06
1.399927000000000000e+06
1.402204000000000000e+06
1.404088000000000000e+06
1.406307000000000000e+06
1.408307000000000000e+06
1.409772000000000000e+06
1.411772000000000000e+06
1.413577000000000000e+06
1.416060000000000000e+06
1.418418000000000000e+06
1.420147000000000000e+06
1.422300000000000000e+06
1.424300000000000000e+06
1.426695000000000000e+06
1.428308000000000000e+06
1.430926000000000000e+06
1.432926000000000000e+06
1.435002000000000000e+06
1.437002000000000000e+06
1.438935000000000000e+06
1.440869000000000000e+06
1.442763000000000000e+06
1.444493000000000000e+06
1.446563000000000000e+06
1.448563000000000000e+06
1.451181000000000000e+06
1.453152000000000000e+06
1.454905000000000000e+06
1.457078000000000000e+06
1.458698000000000000e+06
1.460447000000000000e+06
1.462899000000000000e+06
1.465323000000000000e+06
1.467389000000000000e+06
1.469122000000000000e+06
1.471681000000000000e+06
1.473681000000000000e+06
1.475895000000000000e+06
1.477895000000000000e+06
1.479817000000000000e+06
1.481817000000000000e+06
1.483679000000000000e+06
1.485899000000000000e+06
1.488045000000000000e+06
1.490778000000000000e+06
1.492656000000000000e+06
1.494378000000000000e+06
1.496412000000000000e+06
1.498412000000000000e+06
1.500602000000000000e+06
1.502908000000000000e+06
1.504657000000000000e+06
1.506657000000000000e+06
1.509094000000000000e+06
1.511094000000000000e+06
1.512911000000000000e+06
1.514911000000000000e+06
1.517161000000000000e+06
1.519446000000000000e+06
1.521492000000000000e+06
1.522732000000000000e+06
1.524633000000000000e+06
1.526633000000000000e+06
1.528004000000000000e+06
1.530448000000000000e+06
1.532654000000000000e+06
1.534654000000000000e+06
1.537223000000000000e+06
1.539223000000000000e+06
1.541423000000000000e+06
1.543423000000000000e+06
1.545825000000000000e+06
1.547825000000000000e+06
1.550320000000000000e+06
1.552320000000000000e+06
1.554648000000000000e+06
1.556648000000000000e+06
1.558167000000000000e+06
1.560167000000000000e+06
1.561876000000000000e+06
1.563625000000000000e+06
1.565991000000000000e+06
1.567991000000000000e+06
1.570086000000000000e+06
1.572166000000000000e+06
1.574400000000000000e+06
1.576400000000000000e+06
1.578336000000000000e+06
1.580916000000000000e+06
1.583314000000000000e+06
1.585314000000000000e+06
1.587029000000000000e+06
1.589188000000000000e+06
1.591246000000000000e+06
1.593246000000000000e+06
1.594887000000000000e+06
1.597195000000000000e+06
1.598932000000000000e+06
1.600932000000000000e+06
1.603008000000000000e+06
1.605091000000000000e+06
1.606963000000000000e+06
1.609216000000000000e+06
1.610633000000000000e+06
1.612387000000000000e+06
1.614201000000000000e+06
1.615788000000000000e+06
1.617600000000000000e+06
1.619654000000000000e+06
1.621153000000000000e+06
1.623902000000000000e+06
1.625757000000000000e+06
1.627757000000000000e+06
1.630080000000000000e+06
1.632080000000000000e+06
1.633964000000000000e+06
1.636042000000000000e+06
1.637859000000000000e+06
1.639798000000000000e+06
1.641391000000000000e+06
1.642985000000000000e+06
1.645166000000000000e+06
1.647166000000000000e+06
1.649162000000000000e+06
1.651162000000000000e+06
1.652844000000000000e+06
1.654844000000000000e+06
1.657143000000000000e+06
1.658825000000000000e+06
1.660825000000000000e+06
1.662825000000000000e+06
1.664834000000000000e+06
1.666834000000000000e+06
1.668431000000000000e+06
1.670431000000000000e+06
1.672654000000000000e+06
1.674272000000000000e+06
1.676233000000000000e+06
1.678233000000000000e+06
1.680141000000000000e+06
1.681769000000000000e+06
1.683587000000000000e+06
1.685587000000000000e+06
1.687889000000000000e+06
1.689754000000000000e+06
1.691440000000000000e+06
1.693440000000000000e+06
1.695296000000000000e+06
1.697296000000000000e+06
1.698976000000000000e+06
1.701254000000000000e+06
1.702871000000000000e+06
1.704871000000000000e+06
1.706564000000000000e+06
1.708440000000000000e+06
1.710272000000000000e+06
1.712266000000000000e+06
1.714470000000000000e+06
1.716320000000000000e+06
1.718515000000000000e+06
1.720515000000000000e+06
1.722539000000000000e+06
1.724104000000000000e+06
1.725971000000000000e+06
1.727971000000000000e+06
1.730055000000000000e+06
1.731741000000000000e+06
1.733842000000000000e+06
1.735842000000000000e+06
1.737832000000000000e+06
1.739832000000000000e+06
1.742117000000000000e+06
1.744876000000000000e+06
1.746007000000000000e+06
1.748007000000000000e+06
1.749704000000000000e+06
1.751992000000000000e+06
1.754228000000000000e+06
1.756228000000000000e+06
1.758247000000000000e+06
1.760247000000000000e+06
1.762466000000000000e+06
1.764269000000000000e+06
1.766277000000000000e+06
1.768431000000000000e+06
1.770897000000000000e+06
1.772897000000000000e+06
1.775265000000000000e+06
1.776835000000000000e+06
1.779110000000000000e+06
1.781110000000000000e+06
1.783035000000000000e+06
1.785035000000000000e+06
1.787464000000000000e+06
1.789464000000000000e+06
1.791176000000000000e+06
1.792474000000000000e+06
1.794233000000000000e+06
1.796094000000000000e+06
1.798091000000000000e+06
1.800844000000000000e+06
1.802754000000000000e+06
1.804864000000000000e+06
1.807047000000000000e+06
1.809047000000000000e+06
1.810773000000000000e+06
1.812695000000000000e+06
1.814517000000000000e+06
1.816295000000000000e+06
1.818617000000000000e+06
1.820617000000000000e+06
1.822782000000000000e+06
1.824550000000000000e+06
1.826655000000000000e+06
1.828655000000000000e+06
1.830675000000000000e+06
1.832820000000000000e+06
1.834457000000000000e+06
1.837128000000000000e+06
1.839476000000000000e+06
1.841081000000000000e+06
1.842807000000000000e+06
1.844237000000000000e+06
1.846580000000000000e+06
1.848580000000000000e+06
1.850617000000000000e+06
1.852617000000000000e+06
1.854895000000000000e+06
1.856678000000000000e+06
1.858963000000000000e+06
1.860963000000000000e+06
1.863201000000000000e+06
1.865648000000000000e+06
1.867920000000000000e+06
1.869920000000000000e+06
1.871957000000000000e+06
1.873957000000000000e+06
1.876049000000000000e+06
1.878105000000000000e+06
1.880424000000000000e+06
1.882431000000000000e+06
1.884521000000000000e+06
1.886711000000000000e+06
1.889386000000000000e+06
1.891386000000000000e+06
1.893360000000000000e+06
1.895163000000000000e+06
1.897588000000000000e+06
1.899847000000000000e+06
1.901601000000000000e+06
1.903620000000000000e+06
1.905929000000000000e+06
1.908327000000000000e+06
1.910059000000000000e+06
1.911701000000000000e+06
1.913741000000000000e+06
1.915345000000000000e+06
1.917583000000000000e+06
1.919728000000000000e+06
1.921567000000000000e+06
1.923401000000000000e+06
1.925930000000000000e+06
1.927747000000000000e+06
1.929795000000000000e+06
1.931795000000000000e+06
1.934032000000000000e+06
1.936177000000000000e+06
1.938710000000000000e+06
1.940710000000000000e+06
1.942443000000000000e+06
1.944265000000000000e+06
1.945729000000000000e+06
1.947894000000000000e+06
1.949799000000000000e+06
1.951799000000000000e+06
1.953527000000000000e+06
1.955297000000000000e+06
1.957127000000000000e+06
1.958948000000000000e+06
1.961232000000000000e+06
1.962806000000000000e+06
1.965218000000000000e+06
1.967612000000000000e+06
1.969573000000000000e+06
1.971138000000000000e+06
1.973196000000000000e+06
1.975196000000000000e+06
1.977552000000000000e+06
1.979552000000000000e+06
1.981393000000000000e+06
1.983496000000000000e+06
1.985928000000000000e+06
1.987899000000000000e+06
1.990109000000000000e+06
1.992109000000000000e+06
1.994147000000000000e+06
1.996147000000000000e+06
1.998423000000000000e+06
2.000423000000000000e+06
