2.045000000000000000e+03
4.075000000000000000e+03
6.127000000000000000e+03
8.181000000000000000e+03
1.020000000000000000e+04
1.225700000000000000e+04
1.421100000000000000e+04
1.633000000000000000e+04
1.836700000000000000e+04
2.038000000000000000e+04
2.247400000000000000e+04
2.457300000000000000e+04
2.653200000000000000e+04
2.862300000000000000e+04
3.071400000000000000e+04
3.263900000000000000e+04
3.481000000000000000e+04
3.678100000000000000e+04
3.886100000000000000e+04
4.093600000000000000e+04
4.292600000000000000e+04
4.503900000000000000e+04
4.698500000000000000e+04
4.908800000000000000e+04
5.103000000000000000e+04
5.323200000000000000e+04
5.512000000000000000e+04
5.723300000000000000e+04
5.935000000000000000e+04
6.136600000000000000e+04
6.348400000000000000e+04
6.552700000000000000e+04
6.749200000000000000e+04
6.961900000000000000e+04
7.165100000000000000e+04
7.354200000000000000e+04
7.561700000000000000e+04
7.775100000000000000e+04
7.984000000000000000e+04
8.191200000000000000e+04
8.382200000000000000e+04
8.595600000000000000e+04
8.795900000000000000e+04
9.005500000000000000e+04
9.198000000000000000e+04
9.409500000000000000e+04
9.610900000000000000e+04
9.813700000000000000e+04
1.001830000000000000e+05
1.023540000000000000e+05
1.042950000000000000e+05
1.064560000000000000e+05
1.085020000000000000e+05
1.104110000000000000e+05
1.125810000000000000e+05
1.145090000000000000e+05
1.165800000000000000e+05
1.186250000000000000e+05
1.207950000000000000e+05
1.227000000000000000e+05
1.247260000000000000e+05
1.269520000000000000e+05
1.288320000000000000e+05
1.310670000000000000e+05
1.329150000000000000e+05
1.349400000000000000e+05
1.371240000000000000e+05
1.391570000000000000e+05
1.412390000000000000e+05
1.433350000000000000e+05
1.453670000000000000e+05
1.473620000000000000e+05
1.492940000000000000e+05
1.514290000000000000e+05
1.533930000000000000e+05
1.554730000000000000e+05
1.576800000000000000e+05
1.595200000000000000e+05
1.616230000000000000e+05
1.636920000000000000e+05
1.658570000000000000e+05
1.677280000000000000e+05
1.699220000000000000e+05
1.719430000000000000e+05
1.738770000000000000e+05
1.760330000000000000e+05
1.780700000000000000e+05
1.800540000000000000e+05
1.820860000000000000e+05
1.840250000000000000e+05
1.862520000000000000e+05
1.882750000000000000e+05
1.902460000000000000e+05
1.920640000000000000e+05
1.941900000000000000e+05
1.964420000000000000e+05
1.983180000000000000e+05
1.998160000000000000e+05
2.021990000000000000e+05
2.046370000000000000e+05
2.066730000000000000e+05
2.084790000000000000e+05
2.109160000000000000e+05
2.124700000000000000e+05
2.146940000000000000e+05
2.168280000000000000e+05
2.190820000000000000e+05
2.209980000000000000e+05
2.229010000000000000e+05
2.249070000000000000e+05
2.269220000000000000e+05
2.292520000000000000e+05
2.309660000000000000e+05
2.332540000000000000e+05
2.352600000000000000e+05
2.374350000000000000e+05
2.394500000000000000e+05
2.407030000000000000e+05
2.435120000000000000e+05
2.456240000000000000e+05
2.471270000000000000e+05
2.496210000000000000e+05
2.518900000000000000e+05
2.535480000000000000e+05
2.557350000000000000e+05
2.578070000000000000e+05
2.593260000000000000e+05
2.619870000000000000e+05
2.641110000000000000e+05
2.655080000000000000e+05
2.679570000000000000e+05
2.698230000000000000e+05
2.719650000000000000e+05
2.743000000000000000e+05
2.760670000000000000e+05
2.783850000000000000e+05
2.803840000000000000e+05
2.825090000000000000e+05
2.846010000000000000e+05
2.865480000000000000e+05
2.884910000000000000e+05
2.905420000000000000e+05
2.923470000000000000e+05
2.946660000000000000e+05
2.967700000000000000e+05
2.989820000000000000e+05
3.004760000000000000e+05
3.029310000000000000e+05
3.049630000000000000e+05
3.069770000000000000e+05
3.089490000000000000e+05
3.111310000000000000e+05
3.130860000000000000e+05
3.151380000000000000e+05
3.172040000000000000e+05
3.193200000000000000e+05
3.212780000000000000e+05
3.234010000000000000e+05
3.254790000000000000e+05
3.273650000000000000e+05
3.296870000000000000e+05
3.315230000000000000e+05
3.332980000000000000e+05
3.358300000000000000e+05
3.378830000000000000e+05
3.396240000000000000e+05
3.417510000000000000e+05
3.440460000000000000e+05
3.458700000000000000e+05
3.479680000000000000e+05
3.499870000000000000e+05
3.521310000000000000e+05
3.540920000000000000e+05
3.559050000000000000e+05
3.578490000000000000e+05
3.602040000000000000e+05
3.620640000000000000e+05
3.644470000000000000e+05
3.662230000000000000e+05
3.683920000000000000e+05
3.706730000000000000e+05
3.723340000000000000e+05
3.746510000000000000e+05
3.767310000000000000e+05
3.787050000000000000e+05
3.806000000000000000e+05
3.826720000000000000e+05
3.848330000000000000e+05
3.867360000000000000e+05
3.890470000000000000e+05
3.909130000000000000e+05
3.932060000000000000e+05
3.951600000000000000e+05
3.968970000000000000e+05
3.985480000000000000e+05
4.009980000000000000e+05
4.033390000000000000e+05
4.051120000000000000e+05
4.070880000000000000e+05
4.094490000000000000e+05
4.112080000000000000e+05
4.133110000000000000e+05
4.153040000000000000e+05
4.170470000000000000e+05
4.197190000000000000e+05
4.215970000000000000e+05
4.238830000000000000e+05
4.255730000000000000e+05
4.279700000000000000e+05
4.299100000000000000e+05
4.315340000000000000e+05
4.337070000000000000e+05
4.360610000000000000e+05
4.376620000000000000e+05
4.393300000000000000e+05
4.421430000000000000e+05
4.438130000000000000e+05
4.462300000000000000e+05
4.482560000000000000e+05
4.502810000000000000e+05
4.524680000000000000e+05
4.546560000000000000e+05
4.562860000000000000e+05
4.582860000000000000e+05
4.601990000000000000e+05
4.628060000000000000e+05
4.648820000000000000e+05
4.667940000000000000e+05
4.688250000000000000e+05
4.708070000000000000e+05
4.724740000000000000e+05
4.741940000000000000e+05
4.769450000000000000e+05
4.791560000000000000e+05
4.806360000000000000e+05
4.828570000000000000e+05
4.846590000000000000e+05
4.871610000000000000e+05
4.888060000000000000e+05
4.912800000000000000e+05
4.934610000000000000e+05
4.947940000000000000e+05
4.973380000000000000e+05
4.995250000000000000e+05
5.014050000000000000e+05
5.036990000000000000e+05
5.052940000000000000e+05
5.070690000000000000e+05
5.099050000000000000e+05
5.112400000000000000e+05
5.132400000000000000e+05
5.151990000000000000e+05
5.178200000000000000e+05
5.198200000000000000e+05
5.217280000000000000e+05
5.235970000000000000e+05
5.261510000000000000e+05
5.282110000000000000e+05
5.302110000000000000e+05
5.319000000000000000e+05
5.341220000000000000e+05
5.361220000000000000e+05
5.381020000000000000e+05
5.405680000000000000e+05
5.424900000000000000e+05
5.446390000000000000e+05
5.466390000000000000e+05
5.482950000000000000e+05
5.500020000000000000e+05
5.519700000000000000e+05
5.545040000000000000e+05
5.565040000000000000e+05
5.583950000000000000e+05
5.603950000000000000e+05
5.629140000000000000e+05
5.649140000000000000e+05
5.669140000000000000e+05
5.689140000000000000e+05
5.709140000000000000e+05
5.729140000000000000e+05
5.745400000000000000e+05
5.765400000000000000e+05
5.794440000000000000e+05
5.814440000000000000e+05
5.834440000000000000e+05
5.855460000000000000e+05
5.871270000000000000e+05
5.895500000000000000e+05
5.910910000000000000e+05
5.930910000000000000e+05
5.954640000000000000e+05
5.978520000000000000e+05
5.996960000000000000e+05
6.019920000000000000e+05
6.036220000000000000e+05
6.060670000000000000e+05
6.076310000000000000e+05
6.098670000000000000e+05
6.118640000000000000e+05
6.143270000000000000e+05
6.163970000000000000e+05
6.176460000000000000e+05
6.202650000000000000e+05
6.222980000000000000e+05
6.245460000000000000e+05
6.263010000000000000e+05
6.286530000000000000e+05
6.307070000000000000e+05
6.326360000000000000e+05
6.348140000000000000e+05
6.367340000000000000e+05
6.387760000000000000e+05
6.407680000000000000e+05
6.428000000000000000e+05
6.450000000000000000e+05
6.467990000000000000e+05
6.484150000000000000e+05
6.507600000000000000e+05
6.531640000000000000e+05
6.548630000000000000e+05
6.570880000000000000e+05
6.592230000000000000e+05
6.605700000000000000e+05
6.628240000000000000e+05
6.655810000000000000e+05
6.668010000000000000e+05
6.694080000000000000e+05
6.713910000000000000e+05
6.737050000000000000e+05
6.755770000000000000e+05
6.773720000000000000e+05
6.797160000000000000e+05
6.819190000000000000e+05
6.836390000000000000e+05
6.858840000000000000e+05
6.874030000000000000e+05
6.895810000000000000e+05
6.920370000000000000e+05
6.938010000000000000e+05
6.958220000000000000e+05
6.983020000000000000e+05
6.996060000000000000e+05
7.022410000000000000e+05
7.041380000000000000e+05
7.061910000000000000e+05
7.082700000000000000e+05
7.102800000000000000e+05
7.124450000000000000e+05
7.145870000000000000e+05
7.164740000000000000e+05
7.182540000000000000e+05
7.206880000000000000e+05
7.225020000000000000e+05
7.241710000000000000e+05
7.267470000000000000e+05
7.287470000000000000e+05
7.308360000000000000e+05
7.330970000000000000e+05
7.343120000000000000e+05
7.371230000000000000e+05
7.387450000000000000e+05
7.406850000000000000e+05
7.429800000000000000e+05
7.450000000000000000e+05
7.470000000000000000e+05
7.489720000000000000e+05
7.514090000000000000e+05
7.534090000000000000e+05
7.552770000000000000e+05
7.570600000000000000e+05
7.593980000000000000e+05
7.613980000000000000e+05
7.633980000000000000e+05
7.653980000000000000e+05
7.677640000000000000e+05
7.694670000000000000e+05
7.715120000000000000e+05
7.739040000000000000e+05
7.758290000000000000e+05
7.775030000000000000e+05
7.801420000000000000e+05
7.817790000000000000e+05
7.837630000000000000e+05
7.858120000000000000e+05
7.882000000000000000e+05
7.901770000000000000e+05
7.923580000000000000e+05
7.944220000000000000e+05
7.965890000000000000e+05
7.986110000000000000e+05
8.001690000000000000e+05
8.027310000000000000e+05
8.047260000000000000e+05
8.066680000000000000e+05
8.084520000000000000e+05
8.108010000000000000e+05
8.126000000000000000e+05
8.150840000000000000e+05
8.168310000000000000e+05
8.186850000000000000e+05
8.210750000000000000e+05
8.224180000000000000e+05
8.249890000000000000e+05
8.266150000000000000e+05
8.292610000000000000e+05
8.313040000000000000e+05
8.333310000000000000e+05
8.353540000000000000e+05
8.372180000000000000e+05
8.393460000000000000e+05
8.412910000000000000e+05
8.433020000000000000e+05
8.457330000000000000e+05
8.476420000000000000e+05
8.495970000000000000e+05
8.519050000000000000e+05
8.537090000000000000e+05
8.558380000000000000e+05
8.573840000000000000e+05
8.597300000000000000e+05
8.617840000000000000e+05
8.639790000000000000e+05
8.654210000000000000e+05
8.678820000000000000e+05
8.694730000000000000e+05
8.721960000000000000e+05
8.740760000000000000e+05
8.760240000000000000e+05
8.783110000000000000e+05
8.804230000000000000e+05
8.824210000000000000e+05
8.845720000000000000e+05
8.862920000000000000e+05
8.879500000000000000e+05
8.901820000000000000e+05
8.927780000000000000e+05
8.948210000000000000e+05
8.962690000000000000e+05
8.983260000000000000e+05
9.008840000000000000e+05
9.029050000000000000e+05
9.050860000000000000e+05
9.068940000000000000e+05
9.090160000000000000e+05
9.108350000000000000e+05
9.131630000000000000e+05
9.152540000000000000e+05
9.170610000000000000e+05
9.193170000000000000e+05
9.214870000000000000e+05
9.233470000000000000e+05
9.254660000000000000e+05
9.272990000000000000e+05
9.292320000000000000e+05
9.312320000000000000e+05
9.335550000000000000e+05
9.359300000000000000e+05
9.375560000000000000e+05
9.397890000000000000e+05
9.413310000000000000e+05
9.438140000000000000e+05
9.460120000000000000e+05
9.481850000000000000e+05
9.498150000000000000e+05
9.515110000000000000e+05
9.540960000000000000e+05
9.562370000000000000e+05
9.584490000000000000e+05
9.599080000000000000e+05
9.618750000000000000e+05
9.636940000000000000e+05
9.666340000000000000e+05
9.684720000000000000e+05
9.707190000000000000e+05
9.721820000000000000e+05
9.744770000000000000e+05
9.768630000000000000e+05
9.785490000000000000e+05
9.804740000000000000e+05
9.820480000000000000e+05
9.841320000000000000e+05
9.864050000000000000e+05
9.883620000000000000e+05
9.908010000000000000e+05
9.931750000000000000e+05
9.949010000000000000e+05
9.967470000000000000e+05
9.989730000000000000e+05
1.001401000000000000e+06
1.003307000000000000e+06
1.005318000000000000e+06
1.006793000000000000e+06
1.009151000000000000e+06
1.011424000000000000e+06
1.013424000000000000e+06
1.015181000000000000e+06
1.017343000000000000e+06
1.019782000000000000e+06
1.021422000000000000e+06
1.023422000000000000e+06
1.025802000000000000e+06
1.027896000000000000e+06
1.029705000000000000e+06
1.031624000000000000e+06
1.034015000000000000e+06
1.036015000000000000e+06
1.038045000000000000e+06
1.040359000000000000e+06
1.042294000000000000e+06
1.044161000000000000e+06
1.046139000000000000e+06
1.048470000000000000e+06
1.050390000000000000e+06
1.052348000000000000e+06
1.054132000000000000e+06
1.056316000000000000e+06
1.058720000000000000e+06
1.060292000000000000e+06
1.062775000000000000e+06
1.064936000000000000e+06
1.066709000000000000e+06
1.069006000000000000e+06
1.070449000000000000e+06
1.072660000000000000e+06
1.074944000000000000e+06
1.076892000000000000e+06
1.079159000000000000e+06
1.080836000000000000e+06
1.083382000000000000e+06
1.085035000000000000e+06
1.087209000000000000e+06
1.089149000000000000e+06
1.090714000000000000e+06
1.093070000000000000e+06
1.095191000000000000e+06
1.097636000000000000e+06
1.099369000000000000e+06
1.101570000000000000e+06
1.103858000000000000e+06
1.105018000000000000e+06
1.107317000000000000e+06
1.109940000000000000e+06
1.111113000000000000e+06
1.113982000000000000e+06
1.116099000000000000e+06
1.118168000000000000e+06
1.119624000000000000e+06
1.121812000000000000e+06
1.124116000000000000e+06
1.126012000000000000e+06
1.128178000000000000e+06
1.129946000000000000e+06
1.132404000000000000e+06
1.134289000000000000e+06
1.136533000000000000e+06
1.138527000000000000e+06
1.140236000000000000e+06
1.142431000000000000e+06
1.144565000000000000e+06
1.146436000000000000e+06
1.148183000000000000e+06
1.150774000000000000e+06
1.152617000000000000e+06
1.154914000000000000e+06
1.156730000000000000e+06
1.159112000000000000e+06
1.160497000000000000e+06
1.163075000000000000e+06
1.164915000000000000e+06
1.167102000000000000e+06
1.168847000000000000e+06
1.171213000000000000e+06
1.173296000000000000e+06
1.174684000000000000e+06
1.177451000000000000e+06
1.179319000000000000e+06
1.181353000000000000e+06
1.183494000000000000e+06
1.185003000000000000e+06
1.187524000000000000e+06
1.189056000000000000e+06
1.191721000000000000e+06
1.193644000000000000e+06
1.195257000000000000e+06
1.197534000000000000e+06
1.199382000000000000e+06
1.201683000000000000e+06
1.204141000000000000e+06
1.206180000000000000e+06
1.208282000000000000e+06
1.210353000000000000e+06
1.212170000000000000e+06
1.213696000000000000e+06
1.215767000000000000e+06
1.218025000000000000e+06
1.220527000000000000e+06
1.221988000000000000e+06
1.223988000000000000e+06
1.226422000000000000e+06
1.228685000000000000e+06
1.230690000000000000e+06
1.232627000000000000e+06
1.234942000000000000e+06
1.236409000000000000e+06
1.238962000000000000e+06
1.240529000000000000e+06
1.243036000000000000e+06
1.244679000000000000e+06
1.246624000000000000e+06
1.248782000000000000e+06
1.251035000000000000e+06
1.253241000000000000e+06
1.255063000000000000e+06
1.257226000000000000e+06
1.259458000000000000e+06
1.261356000000000000e+06
1.263544000000000000e+06
1.264879000000000000e+06
1.267689000000000000e+06
1.269451000000000000e+06
1.271646000000000000e+06
1.273617000000000000e+06
1.275444000000000000e+06
1.277501000000000000e+06
1.279501000000000000e+06
1.281789000000000000e+06
1.283875000000000000e+06
1.285810000000000000e+06
1.287870000000000000e+06
1.290212000000000000e+06
1.292019000000000000e+06
1.293525000000000000e+06
1.296321000000000000e+06
1.298038000000000000e+06
1.300197000000000000e+06
1.301859000000000000e+06
1.303792000000000000e+06
1.306445000000000000e+06
1.307993000000000000e+06
1.310245000000000000e+06
1.312048000000000000e+06
1.314411000000000000e+06
1.316487000000000000e+06
1.318609000000000000e+06
1.320624000000000000e+06
1.322736000000000000e+06
1.324281000000000000e+06
1.326272000000000000e+06
1.328939000000000000e+06
1.331094000000000000e+06
1.332760000000000000e+06
1.334687000000000000e+06
1.336357000000000000e+06
1.338903000000000000e+06
1.341273000000000000e+06
1.343439000000000000e+06
1.345439000000000000e+06
1.347231000000000000e+06
1.349269000000000000e+06
1.350820000000000000e+06
1.353331000000000000e+06
1.355331000000000000e+06
1.357565000000000000e+06
1.359429000000000000e+06
1.361893000000000000e+06
1.363776000000000000e+06
1.365890000000000000e+06
1.367996000000000000e+06
1.369120000000000000e+06
1.371998000000000000e+06
1.373891000000000000e+06
1.375429000000000000e+06
1.378101000000000000e+06
1.380304000000000000e+06
1.382368000000000000e+06
1.383863000000000000e+06
1.386159000000000000e+06
1.388307000000000000e+06
1.390130000000000000e+06
1.391874000000000000e+06
1.394363000000000000e+06
1.396133000000000000e+06
1.397913000000000000e+06
1.400375000000000000e+06
1.402017000000000000e+06
1.404707000000000000e+06
1.406699000000000000e+06
1.408588000000000000e+06
1.410638000000000000e+06
1.412952000000000000e+06
1.414378000000000000e+06
1.416715000000000000e+06
1.419148000000000000e+06
1.421084000000000000e+06
1.423019000000000000e+06
1.425331000000000000e+06
1.427110000000000000e+06
1.428653000000000000e+06
1.431470000000000000e+06
1.432917000000000000e+06
1.435517000000000000e+06
1.437519000000000000e+06
1.439691000000000000e+06
1.441176000000000000e+06
1.442994000000000000e+06
1.445516000000000000e+06
1.447878000000000000e+06
1.449665000000000000e+06
1.451590000000000000e+06
1.453590000000000000e+06
1.455882000000000000e+06
1.457806000000000000e+06
1.459820000000000000e+06
1.462025000000000000e+06
1.464025000000000000e+06
1.465519000000000000e+06
1.467865000000000000e+06
1.469616000000000000e+06
1.472068000000000000e+06
1.474236000000000000e+06
1.476558000000000000e+06
1.478646000000000000e+06
1.480332000000000000e+06
1.482241000000000000e+06
1.484697000000000000e+06
1.486724000000000000e+06
1.488880000000000000e+06
1.490354000000000000e+06
1.492686000000000000e+06
1.494841000000000000e+06
1.496758000000000000e+06
1.498187000000000000e+06
1.501125000000000000e+06
1.502966000000000000e+06
1.505241000000000000e+06
1.506989000000000000e+06
1.509375000000000000e+06
1.510881000000000000e+06
1.513004000000000000e+06
1.514956000000000000e+06
1.516993000000000000e+06
1.519168000000000000e+06
1.521386000000000000e+06
1.522807000000000000e+06
1.525585000000000000e+06
1.527648000000000000e+06
1.529843000000000000e+06
1.531826000000000000e+06
1.533525000000000000e+06
1.535731000000000000e+06
1.537895000000000000e+06
1.539785000000000000e+06
1.541956000000000000e+06
1.543672000000000000e+06
1.546107000000000000e+06
1.547965000000000000e+06
1.550226000000000000e+06
1.552134000000000000e+06
1.554035000000000000e+06
1.556244000000000000e+06
1.558296000000000000e+06
1.560405000000000000e+06
1.562342000000000000e+06
1.564575000000000000e+06
1.566359000000000000e+06
1.568065000000000000e+06
1.570756000000000000e+06
1.572046000000000000e+06
1.574804000000000000e+06
1.576313000000000000e+06
1.578857000000000000e+06
1.580899000000000000e+06
1.583020000000000000e+06
1.584161000000000000e+06
1.586871000000000000e+06
1.588493000000000000e+06
1.591094000000000000e+06
1.592648000000000000e+06
1.595157000000000000e+06
1.597166000000000000e+06
1.599098000000000000e+06
1.601426000000000000e+06
1.603428000000000000e+06
1.605297000000000000e+06
1.607507000000000000e+06
1.609145000000000000e+06
1.611123000000000000e+06
1.613623000000000000e+06
1.615735000000000000e+06
1.617379000000000000e+06
1.619507000000000000e+06
1.621478000000000000e+06
1.623673000000000000e+06
1.625899000000000000e+06
1.628037000000000000e+06
1.629884000000000000e+06
1.631460000000000000e+06
1.633634000000000000e+06
1.635634000000000000e+06
1.638262000000000000e+06
1.639937000000000000e+06
1.642183000000000000e+06
1.644454000000000000e+06
1.645805000000000000e+06
1.647889000000000000e+06
1.650291000000000000e+06
1.652372000000000000e+06
1.653954000000000000e+06
1.656723000000000000e+06
1.658842000000000000e+06
1.660618000000000000e+06
1.662528000000000000e+06
1.664953000000000000e+06
1.666905000000000000e+06
1.668250000000000000e+06
1.670799000000000000e+06
1.672943000000000000e+06
1.675006000000000000e+06
1.676916000000000000e+06
1.679228000000000000e+06
1.681376000000000000e+06
1.683419000000000000e+06
1.685282000000000000e+06
1.687280000000000000e+06
1.689492000000000000e+06
1.691595000000000000e+06
1.693656000000000000e+06
1.695226000000000000e+06
1.697454000000000000e+06
1.699612000000000000e+06
1.701707000000000000e+06
1.703693000000000000e+06
1.705068000000000000e+06
1.707578000000000000e+06
1.709787000000000000e+06
1.711957000000000000e+06
1.713255000000000000e+06
1.715967000000000000e+06
1.717838000000000000e+06
1.719918000000000000e+06
1.721652000000000000e+06
1.723929000000000000e+06
1.726396000000000000e+06
1.728126000000000000e+06
1.730371000000000000e+06
1.732465000000000000e+06
1.734561000000000000e+06
1.735995000000000000e+06
1.738292000000000000e+06
1.740766000000000000e+06
1.742616000000000000e+06
1.744774000000000000e+06
1.746813000000000000e+06
1.748916000000000000e+06
1.750288000000000000e+06
1.752669000000000000e+06
1.754726000000000000e+06
1.756256000000000000e+06
1.758869000000000000e+06
1.760960000000000000e+06
1.762777000000000000e+06
1.765166000000000000e+06
1.767147000000000000e+06
1.769136000000000000e+06
1.770776000000000000e+06
1.772748000000000000e+06
1.775532000000000000e+06
1.777364000000000000e+06
1.778945000000000000e+06
1.781566000000000000e+06
1.783177000000000000e+06
1.785791000000000000e+06
1.787499000000000000e+06
1.789838000000000000e+06
1.791642000000000000e+06
1.793545000000000000e+06
1.795989000000000000e+06
1.798119000000000000e+06
1.799194000000000000e+06
1.802093000000000000e+06
1.804263000000000000e+06
1.806136000000000000e+06
1.808147000000000000e+06
1.810056000000000000e+06
1.812316000000000000e+06
1.814129000000000000e+06
1.816400000000000000e+06
1.818573000000000000e+06
1.820042000000000000e+06
1.822658000000000000e+06
1.823866000000000000e+06
1.826681000000000000e+06
1.828808000000000000e+06
1.830791000000000000e+06
1.832598000000000000e+06
1.834625000000000000e+06
1.836161000000000000e+06
1.838813000000000000e+06
1.840807000000000000e+06
1.843170000000000000e+06
1.845234000000000000e+06
1.847264000000000000e+06
1.849155000000000000e+06
1.850994000000000000e+06
1.852510000000000000e+06
1.855214000000000000e+06
1.857271000000000000e+06
1.859490000000000000e+06
1.861474000000000000e+06
1.863178000000000000e+06
1.864816000000000000e+06
1.867689000000000000e+06
1.869577000000000000e+06
1.871436000000000000e+06
1.873487000000000000e+06
1.875960000000000000e+06
1.877705000000000000e+06
1.880027000000000000e+06
1.881774000000000000e+06
1.883940000000000000e+06
1.886111000000000000e+06
1.888022000000000000e+06
1.889843000000000000e+06
1.892151000000000000e+06
1.894236000000000000e+06
1.896186000000000000e+06
1.898213000000000000e+06
1.900281000000000000e+06
1.902365000000000000e+06
1.904638000000000000e+06
1.906355000000000000e+06
1.908385000000000000e+06
1.910481000000000000e+06
1.912581000000000000e+06
1.914581000000000000e+06
1.916782000000000000e+06
1.918973000000000000e+06
1.920929000000000000e+06
1.922973000000000000e+06
1.924208000000000000e+06
1.927005000000000000e+06
1.928895000000000000e+06
1.931240000000000000e+06
1.933160000000000000e+06
1.934598000000000000e+06
1.937223000000000000e+06
1.939400000000000000e+06
1.941400000000000000e+06
1.943509000000000000e+06
1.944826000000000000e+06
1.947634000000000000e+06
1.949491000000000000e+06
1.951442000000000000e+06
1.953174000000000000e+06
1.955569000000000000e+06
1.957342000000000000e+06
1.959867000000000000e+06
1.961644000000000000e+06
1.963616000000000000e+06
1.965541000000000000e+06
1.967964000000000000e+06
1.969964000000000000e+06
1.972171000000000000e+06
1.973948000000000000e+06
1.976100000000000000e+06
1.978225000000000000e+06
1.979925000000000000e+06
1.982321000000000000e+06
1.984485000000000000e+06
1.986355000000000000e+06
1.988564000000000000e+06
1.990162000000000000e+06
1.992301000000000000e+06
1.994247000000000000e+06
1.995913000000000000e+06
1.998341000000000000e+06
2.000831000000000000e+06
