1.860283465151439941e+00
2.560309535933773084e+00
3.698514185771441642e+00
5.667606227229409654e+00
7.500197084991373053e+00
1.059109989475176050e+01
1.272643256962676617e+01
1.536759172961853359e+01
1.783758756825938718e+01
1.965846062368671099e+01
2.111711160995759329e+01
2.228733071426672296e+01
2.376962951885013808e+01
2.520820468063123698e+01
2.649197379784504491e+01
2.788273700621912354e+01
2.898733919643106205e+01
3.000832609137118823e+01
3.075334864145166947e+01
3.142357280142880782e+01
3.193779900523100324e+01
3.234552613125912046e+01
3.267557637540330262e+01
3.284980372305881247e+01
3.310112329658588237e+01
3.343756798741127767e+01
3.378437368783880146e+01
3.416297303301911370e+01
3.456956041498781218e+01
3.493514902193999916e+01
3.549558883722093583e+01
3.596816993140144092e+01
3.648385283437537652e+01
3.686198597792675002e+01
3.736376531210355978e+01
3.778677321516269672e+01
3.840453410899154107e+01
3.885763674901743769e+01
3.928824006509513111e+01
3.975971063959406848e+01
4.021230685891927692e+01
4.049774174258695325e+01
4.087586541947841567e+01
4.118639396099615624e+01
4.152052268634020038e+01
4.173173138466074050e+01
4.195421756254288681e+01
4.221454013800008198e+01
4.261137841253256653e+01
4.265262770214586396e+01
4.278063524550231023e+01
4.291827753371773468e+01
4.303477538603409158e+01
4.306207510090607116e+01
4.337992124655997372e+01
4.410668498802944981e+01
4.454522493988485365e+01
4.550870695287961354e+01
4.630730982728814382e+01
4.719132090528394485e+01
4.904112111611532043e+01
5.055232144898228341e+01
5.222204170208573260e+01
5.376495263175692685e+01
5.521094433721354022e+01
5.743953076030954463e+01
5.895335000275970572e+01
6.053808580539775619e+01
6.248586335926175650e+01
6.370546892442755649e+01
6.426337451905524745e+01
6.552907668729493196e+01
6.634857478924779173e+01
6.646949006281454331e+01
6.750005316831168045e+01
6.791866181649164957e+01
6.831753931752776055e+01
6.853429739247646069e+01
6.837327433656462006e+01
6.872284573769860572e+01
6.913123253963730974e+01
6.944091738514616452e+01
6.989663168516307223e+01
7.045710991702334525e+01
7.115647144824251313e+01
7.197901757222616936e+01
7.235381609271837533e+01
7.269820728015858435e+01
7.336078632874345828e+01
7.458688935233560358e+01
7.576121608498061732e+01
7.669492768564198570e+01
7.733148341320210761e+01
7.788976272099299081e+01
7.897489465460650138e+01
7.993340093107708810e+01
8.104753791175856747e+01
8.186440660471146202e+01
8.278539635696134269e+01
8.398850199051251764e+01
8.488859122525002476e+01
8.586398517805446318e+01
8.670576430099397669e+01
8.751040220212813381e+01
8.849381563101815118e+01
8.993973531194738769e+01
9.107965305954138557e+01
9.223245262889241758e+01
9.295163954115194826e+01
9.554504522404729983e+01
9.618120837776677945e+01
9.708562106839106320e+01
9.857553012882478072e+01
9.928396152724657497e+01
1.001871101202586090e+02
1.024611184512435074e+02
1.032826295594797159e+02
1.038647752870426189e+02
1.047932795187985704e+02
1.062113097482651938e+02
1.080301633504802510e+02
1.092051339041948381e+02
1.108928290678958604e+02
1.122064455057359140e+02
1.144509422696898753e+02
1.174637553992941150e+02
1.175922277320748606e+02
1.190145707725837525e+02
1.212600000914871288e+02
1.226246400189833707e+02
1.233606461936354037e+02
1.267613275512077848e+02
1.288429156815435022e+02
1.309853344163941244e+02
1.314839928961594637e+02
1.343950332759506807e+02
1.375098498660681514e+02
1.392957443637486108e+02
1.420332433793213340e+02
1.432842968164034403e+02
1.428141068720495355e+02
1.459697090955382635e+02
1.483502230056254234e+02
1.499877990688394505e+02
1.548168768795092660e+02
1.567526252285809960e+02
1.576415661240099269e+02
1.613629771235856367e+02
1.611550945375069830e+02
1.656228580244776083e+02
1.687527679124337396e+02
1.724694268073043304e+02
1.755816368822073912e+02
1.748621564488070703e+02
1.757576635562627700e+02
1.780685629440405933e+02
1.804306890947534328e+02
1.817433973166602357e+02
1.851440225144471583e+02
1.883867649844148389e+02
1.925572789128412410e+02
1.950643730630989410e+02
1.988540871386154549e+02
2.014855166370888071e+02
2.058421747155877597e+02
2.074410510127430598e+02
2.094731436535580258e+02
2.094575511598312119e+02
2.128257143002699081e+02
2.135843239137353748e+02
2.135370611591764600e+02
2.122958268253893834e+02
2.129998911529098677e+02
2.129681875797179202e+02
2.145491100663996633e+02
2.119051809477228687e+02
2.157259514461000833e+02
2.172885703784258169e+02
2.223162150035833236e+02
2.161332011486270517e+02
2.125424773876300719e+02
2.098366607261997387e+02
2.104336605345179407e+02
2.128194146651989911e+02
2.128004136619637165e+02
2.140827674623623977e+02
2.142766145939669400e+02
2.074253782695442965e+02
1.994591176704357736e+02
1.945324801308842950e+02
1.842847466863917134e+02
1.810322733282881416e+02
1.789503394727166210e+02
1.720303586547340444e+02
1.709744193299360404e+02
1.713059794059170713e+02
1.719286431263001589e+02
1.719981991981533724e+02
1.667780694906952306e+02
1.614928326181266698e+02
1.551897965959993826e+02
1.576375870343030385e+02
1.610811761148857784e+02
1.611480837955160439e+02
1.639738577447452315e+02
1.648540267652391549e+02
1.639521175498189791e+02
1.675392593351655250e+02
1.694703841752547930e+02
1.664102032027139728e+02
1.672216331274651111e+02
1.695897745899004860e+02
1.726888918979794028e+02
1.725933896225986359e+02
1.768613337438870019e+02
1.799399225762474543e+02
1.821891328656151359e+02
1.868259596729573104e+02
1.892217195913806904e+02
1.915689993553865520e+02
1.941885492936244475e+02
1.964987452993111674e+02
1.991024474294976585e+02
1.992111588041537118e+02
2.029510470759461782e+02
2.033947029720806370e+02
2.023858786147567344e+02
2.031002800488441551e+02
2.025193731774554067e+02
2.006297952178881019e+02
1.961556109057649167e+02
1.973500114633071689e+02
1.935717158884537525e+02
1.937150450073068271e+02
1.904429717648127678e+02
1.903356554672249672e+02
1.911871219512257767e+02
1.904924209975420695e+02
1.905222742538585976e+02
1.930001757371670692e+02
1.893374143046866038e+02
1.866419684276475834e+02
1.808177268699823514e+02
1.731489761355422274e+02
1.651325333138793212e+02
1.656218172360924257e+02
1.688789240916306653e+02
1.710572201381828847e+02
1.722192991687596191e+02
1.723713695603606766e+02
1.736826790709103818e+02
1.775239091061981753e+02
1.760179486517423300e+02
1.773448115512324534e+02
1.791736713368850644e+02
1.819900094386564149e+02
1.829387918239737303e+02
1.807479427253063875e+02
1.833116939174547610e+02
1.792799456537589435e+02
1.807741997221923498e+02
1.834030607098843859e+02
1.844360224495555372e+02
1.857422443956220093e+02
1.880645953022595052e+02
1.898749209596513481e+02
1.908641338448100271e+02
1.944096404616689426e+02
1.915843301719290253e+02
1.946755818612480198e+02
1.957927759646951245e+02
1.994242694956952846e+02
2.010574170106980887e+02
2.029698012104430802e+02
2.030488193156748196e+02
1.998045771911655493e+02
2.003822363958628330e+02
2.005242170649503066e+02
1.976021363614598272e+02
1.985661738259893241e+02
2.011813739891435091e+02
2.057396288972493892e+02
2.097671813870356630e+02
2.130760531688728179e+02
2.182332322001918783e+02
2.185542565354664362e+02
2.240211883785895850e+02
2.239896143184710979e+02
2.271630700947560513e+02
2.278442977585937967e+02
2.262326199081735183e+02
2.277431184833909015e+02
2.264942728535881145e+02
2.223998647057197502e+02
2.242385623411236111e+02
2.259405075283604560e+02
2.247016453710326118e+02
2.213724452764607804e+02
2.197345534955137509e+02
2.239831657209094828e+02
2.231825655376061661e+02
2.249205504997613048e+02
2.284445170477495139e+02
2.305589408269846956e+02
2.303601142619439202e+02
2.293897369758829825e+02
2.320243278941160270e+02
2.346699460387922329e+02
2.342803709615716059e+02
2.378508995935901851e+02
2.373763970664574288e+02
2.395956841676089937e+02
2.415403093027216812e+02
2.410032381985403163e+02
2.434179115397645319e+02
2.408031756865337343e+02
2.407906909461419502e+02
2.362602386534264269e+02
2.307707250559025738e+02
2.306487410261414368e+02
2.258963430792927340e+02
2.282078806144886016e+02
2.307300861742732820e+02
2.336944002538408256e+02
2.323221921516940256e+02
2.331026873275242792e+02
2.356773706339487262e+02
2.359026783357988961e+02
2.380176773387516960e+02
2.379430817360215826e+02
2.406868259321001915e+02
2.432158061999633958e+02
2.432425477224956296e+02
2.421790840062529639e+02
2.446353168378602163e+02
2.439611303400835425e+02
2.449710800365480736e+02
2.457702927807391120e+02
2.489303346740245217e+02
2.489105273394671940e+02
2.526788837547499611e+02
2.525674662864437892e+02
2.506240293342753773e+02
2.482545456100252466e+02
2.467538098720250446e+02
2.489804914004566285e+02
2.480286150757231098e+02
2.483676672173263569e+02
2.458311247167766567e+02
2.401889374960539385e+02
2.398680311034615897e+02
2.356967549989526276e+02
2.361226946926326207e+02
2.376000068247851118e+02
2.356493445564289857e+02
2.329616042553651027e+02
2.339193057697961251e+02
2.351831950414780295e+02
2.298735376244991926e+02
2.282792582188056656e+02
2.277383792704232519e+02
2.298265736391266216e+02
2.285445319476134785e+02
2.262563174345128232e+02
2.256161283856105229e+02
2.272647689979160077e+02
2.216731269694408297e+02
2.174314030473974810e+02
2.140434020691496642e+02
2.153395859791486942e+02
2.129618270583561070e+02
2.111838506271778044e+02
2.126504719921552180e+02
2.124053674110610643e+02
2.109978415869917683e+02
2.062173007507029752e+02
2.057128351374992690e+02
2.069353703868110017e+02
2.104512845149682221e+02
2.091302342900207805e+02
2.114788598090026710e+02
2.138060346538143506e+02
2.116373075791912584e+02
2.107041590672504014e+02
2.149711569135758964e+02
2.119327411170887956e+02
2.111346701129421888e+02
2.112414781340856962e+02
2.118116299579761233e+02
2.105919300431673662e+02
2.109766498287273180e+02
2.089582521353008531e+02
2.113762411557088399e+02
2.111557883507880149e+02
2.121884154686031536e+02
2.142994579818257534e+02
2.161321484446511363e+02
2.171994065651612971e+02
2.185656760293976220e+02
2.148878182967494581e+02
2.149155642802876969e+02
2.145105472174743682e+02
2.142310147103448230e+02
2.131669326766554207e+02
2.151240700476430732e+02
2.129215084361526067e+02
2.130801258645257121e+02
2.115411811358248428e+02
2.118064088951537940e+02
2.148234314651355419e+02
2.130718518508270449e+02
2.146087600435293723e+02
2.127727929725383831e+02
2.094466541985180186e+02
2.090712642812400475e+02
2.120982757279884083e+02
2.138762850299700631e+02
2.188053313004997733e+02
2.177733626324415184e+02
2.164392831432121227e+02
2.153585681128628266e+02
2.179759645618585751e+02
2.191806722809686789e+02
2.162847070872121265e+02
2.118638540803947308e+02
2.139662030852895214e+02
2.110169741024883479e+02
2.095693502786721751e+02
2.111592222526714124e+02
2.129786397711900747e+02
2.106420291843406858e+02
2.119819157339821345e+02
2.132504291727677241e+02
2.151335072202446383e+02
2.181936650161809439e+02
2.205071435980694616e+02
2.169503026083252166e+02
2.164002832620840024e+02
2.165860015896965649e+02
2.150818448186170144e+02
2.128575273372341599e+02
2.139269026288466478e+02
2.153708529976419186e+02
2.176718475633855974e+02
2.185668399201882721e+02
2.204791352591134910e+02
2.163267626989705548e+02
2.131128939274344418e+02
2.122439429194171225e+02
2.119636135109098518e+02
2.120313331111323691e+02
2.089036170608308680e+02
2.127412419625210589e+02
2.163406975179046015e+02
2.158630096603846766e+02
2.166246604360520394e+02
2.172098968703524235e+02
2.201058925248377136e+02
2.229513617325067685e+02
2.258166253051783201e+02
2.262419290604974549e+02
2.244747409789597725e+02
2.239557146941994858e+02
2.209637390874908078e+02
2.215101897149767751e+02
2.229008462243612314e+02
2.249889837806510400e+02
2.272396520836709897e+02
2.287835657527114392e+02
2.288406982409135537e+02
2.310275382129848367e+02
2.330962456533451643e+02
2.318810132528915346e+02
2.316077352066500907e+02
2.325470519435123435e+02
2.334843924034174449e+02
2.280783682398969461e+02
2.286725497060558325e+02
2.288461043808505337e+02
2.240138632568422281e+02
2.241978795380192651e+02
2.177479299529346406e+02
2.135852693616356817e+02
2.088521611067060348e+02
2.073207404906652584e+02
1.986152879523172601e+02
1.941795514694522637e+02
1.916441089431357909e+02
1.878277837798354426e+02
1.781442499132383830e+02
1.729659269478015915e+02
1.733808310090024918e+02
1.689034638577667238e+02
1.658803636324808508e+02
1.636662319591450512e+02
1.635626331646391804e+02
1.616379435616766784e+02
1.626154758250953591e+02
1.608823870321492109e+02
1.609453829413110952e+02
1.612838029189171607e+02
1.639324715754085275e+02
1.686553162648829982e+02
1.702746641989485568e+02
1.720558567006997350e+02
1.742987175838164831e+02
1.754213476370981937e+02
1.804147381879931800e+02
1.828878909882828907e+02
1.874203029795555722e+02
1.916818094019370164e+02
1.963754122253129992e+02
1.985034090846893662e+02
1.991625340207459942e+02
2.033680420731814991e+02
2.077340409781013761e+02
2.089050735522417312e+02
2.135601470697860975e+02
2.188221012713790685e+02
2.212075060378437001e+02
2.268804401810802744e+02
2.312349896575596802e+02
2.349833166595547596e+02
2.393115078761433949e+02
2.394483547297998598e+02
2.432383274431345797e+02
2.466223544450898828e+02
2.512477418212741327e+02
2.522662901270351767e+02
2.561973147184451136e+02
2.585110250743039160e+02
2.606542424431981431e+02
2.631126429178428339e+02
2.654702845076588460e+02
2.692111914663519769e+02
2.720857396352752176e+02
2.722223729271290154e+02
2.736392812521723954e+02
2.754445995880300302e+02
2.768406824187537723e+02
2.780089936901952115e+02
2.779371794791299521e+02
2.785116520053346676e+02
2.785188367543953518e+02
2.745995209270759574e+02
2.682216049342596875e+02
2.639544935557836993e+02
2.581975573378596778e+02
2.587912626976727779e+02
2.567899274693971279e+02
2.554400935312852425e+02
2.521658633195408754e+02
2.456127587973434743e+02
2.421532749701740670e+02
2.387486556490023304e+02
2.368144213889593743e+02
2.387477403730510161e+02
2.372786268176661508e+02
2.365068007764729998e+02
2.378089376585610353e+02
2.401349099829465956e+02
2.381278698634413331e+02
2.368164953186267212e+02
2.315922126467986573e+02
2.286292135215652763e+02
2.298261040558134880e+02
2.315982910308000271e+02
2.344058606030913836e+02
2.359519210898848485e+02
2.371839474125108893e+02
2.352152610978348832e+02
2.363066804850514018e+02
2.348878629785444616e+02
2.372346393778233562e+02
2.418064374943103019e+02
2.438208620765291244e+02
2.460521389723607228e+02
2.474423371932100792e+02
2.516319909634600833e+02
2.540948599853588235e+02
2.559552945313839132e+02
2.555244231570258364e+02
2.595260358760339159e+02
2.594115562423735355e+02
2.611802833936398542e+02
2.648357717431702554e+02
2.670070321933345099e+02
2.666999145625936762e+02
2.670909071489679718e+02
2.704821781945679504e+02
2.700416583221695532e+02
2.715223025664258785e+02
2.732884807815728436e+02
2.679554204136675821e+02
2.659068971815988789e+02
2.600938723135247983e+02
2.638116844973160369e+02
2.647590371153493720e+02
2.659190985344907858e+02
2.700996879683102634e+02
2.704983127111069052e+02
2.729020343412077523e+02
2.708324013621537460e+02
2.717886038412823950e+02
2.680825839795500656e+02
2.670194748506593214e+02
2.694026102325375405e+02
2.668881587380782321e+02
2.677305377504014245e+02
2.667759859326032483e+02
2.631003389275300606e+02
2.636771049166989087e+02
2.634849968664852895e+02
2.606909987190061884e+02
2.617800323766697943e+02
2.634199246281499427e+02
2.664636338379893914e+02
2.659736976153425871e+02
2.671094281901116005e+02
2.623155365982416924e+02
2.640844464192048235e+02
2.607142611006133279e+02
2.614190981123158508e+02
2.662467965930771356e+02
2.676488411572711925e+02
2.698741927732351087e+02
2.720032604795192128e+02
2.722608981545664051e+02
2.661096541640606574e+02
2.700480192884212443e+02
2.667628084673198146e+02
2.708141722528601463e+02
2.733202347325761821e+02
2.733805817265600240e+02
2.714831675831508164e+02
2.692752369844340024e+02
2.686903978108754245e+02
2.672194418297624452e+02
2.694048665654758565e+02
2.685229259625658074e+02
2.704363306287481805e+02
2.689621623845555973e+02
2.675918857797265673e+02
2.670141944286201010e+02
2.628473740312418272e+02
2.634224302755771419e+02
2.590887545061544870e+02
2.568917546241224841e+02
2.569147133346082228e+02
2.575266964140641335e+02
2.573037466040938170e+02
2.546974366725685570e+02
2.544475751273129447e+02
2.556201992923351156e+02
2.538515397968826335e+02
2.531991437511947822e+02
2.530212889874767939e+02
2.517689275435240290e+02
2.509463788954912218e+02
2.491589571614290719e+02
2.455525971358864865e+02
2.469280382586526059e+02
2.446264670521970004e+02
2.476039389628648166e+02
2.442446637381769392e+02
2.380878244560500150e+02
2.373363664598522291e+02
2.323811976131920858e+02
2.279350840822994257e+02
2.247451041542186658e+02
2.211489223008055092e+02
2.248079422625281154e+02
2.255484724633109010e+02
2.246469096425493035e+02
2.269898545751488257e+02
2.269125106030055861e+02
2.253444837413917696e+02
2.274385802648413346e+02
2.282938787192555310e+02
2.286302627983679088e+02
2.291345444679329830e+02
2.288106421605865819e+02
2.321621426596820186e+02
2.325168268632729109e+02
2.344131421254109569e+02
2.372919852864211805e+02
2.364151448920703160e+02
2.366478323674896842e+02
2.340497604958301565e+02
2.313892728992957473e+02
2.298893510630850585e+02
2.336451743369258054e+02
2.344335027535015286e+02
2.345675560891767475e+02
2.353429449064470873e+02
2.327792108219047122e+02
2.350737994827489388e+02
2.346149541278823847e+02
2.360471007785269535e+02
2.364283784595875773e+02
2.394683536093342582e+02
2.403965227843615082e+02
2.431244565709527876e+02
2.417059475640018320e+02
2.439650129602184450e+02
2.439774051569081621e+02
2.466724345323630132e+02
2.507329075546236083e+02
2.514990109296410878e+02
2.533225235249649359e+02
2.516310476580530064e+02
2.535606916663443826e+02
2.570316994312192946e+02
2.543800755394209432e+02
2.541010142738492732e+02
2.518921071873268431e+02
2.512314017302180957e+02
2.483824498601781272e+02
2.497847309948038230e+02
2.497297239804747733e+02
2.493951445788855494e+02
2.508210383122688256e+02
2.518362941673763373e+02
2.559856107567937897e+02
2.554328614190178257e+02
2.547549697910245641e+02
2.572644730681806777e+02
2.571815443645035657e+02
2.585410618640435132e+02
2.601721806378131987e+02
2.641488396115748856e+02
2.660174682918685107e+02
2.669355615479361745e+02
2.679451208266431195e+02
2.680079158058360349e+02
2.705041497620582049e+02
2.723583490425866103e+02
2.735587258792300531e+02
2.730918252793229613e+02
2.733354976104909611e+02
2.766657509457954234e+02
2.769555970033718495e+02
2.791986563566886161e+02
2.782555771262241819e+02
2.765639678330092011e+02
2.738365153950197168e+02
2.748230761946026632e+02
2.756812199147400975e+02
2.744304099369566643e+02
2.718012930360746964e+02
2.732841032927672131e+02
2.727728345248393680e+02
2.719470712402269328e+02
2.741671035440389801e+02
2.757342196803105594e+02
2.765058831289850900e+02
2.784151591126939138e+02
2.780174796675914877e+02
2.805438389620923090e+02
2.800263073118735520e+02
2.780619006204177026e+02
2.785264815625624237e+02
2.815253671335687500e+02
2.790139612664835340e+02
2.793924678246200983e+02
2.816521957623710932e+02
2.827699779397608495e+02
2.827378321166022488e+02
2.835816565815103445e+02
2.833296246919619534e+02
2.868246078592586059e+02
2.843253045414094800e+02
2.860159420363135609e+02
2.860056558012424830e+02
2.852872531713633180e+02
2.825868305091825619e+02
2.834426012184578099e+02
2.834525118146821683e+02
2.781374604940090762e+02
2.744137713022951743e+02
2.758817770284839526e+02
2.729494216072779409e+02
2.695768668214028594e+02
2.712154067307661194e+02
2.682401802322679032e+02
2.699153818725085330e+02
2.662432645270625926e+02
2.656437352185486702e+02
2.664665691622928989e+02
2.629213628268549883e+02
2.581241846653458083e+02
2.585082533056037732e+02
2.554898990321946712e+02
2.583461933473015506e+02
2.582601746767148256e+02
2.602305828138343600e+02
2.618410477335652331e+02
2.598377437465072148e+02
2.628222170953977184e+02
2.640599470287199324e+02
2.640037487290282456e+02
2.617812495639923327e+02
2.570906495072926532e+02
2.577684436548411213e+02
2.535375464369086558e+02
2.572073293216574825e+02
2.563897391207487999e+02
2.538345513273627034e+02
2.553354979175987012e+02
2.565583670530024278e+02
2.577908120927873483e+02
2.552792367635403536e+02
2.535419520003977709e+02
2.525798871396470986e+02
2.520009498303596445e+02
2.536194198178942543e+02
2.564820074521936704e+02
2.557045849005674256e+02
2.581339021703344656e+02
2.577998974817239741e+02
2.600491782397357952e+02
2.630324474267051187e+02
2.638306548985178779e+02
2.641924760310047873e+02
2.624048267796925415e+02
2.583691831908113841e+02
2.593207084909660693e+02
2.584163868511541864e+02
2.584876316248921171e+02
2.571639190157524126e+02
2.546568534837058166e+02
2.575709063873696323e+02
2.564826088490330562e+02
2.561278197263587799e+02
2.581214600101330348e+02
2.582542186020127133e+02
2.585735337886097227e+02
2.612402465396805837e+02
2.582552766096205801e+02
2.623987122546778323e+02
2.628163511364700753e+02
2.625990244693797422e+02
2.616090950794510945e+02
2.606096570756601523e+02
2.601042065824049132e+02
2.613678550330284338e+02
2.624763931333448568e+02
2.646917522746036866e+02
2.661069050880502687e+02
2.679309465946911359e+02
2.695039805793560959e+02
2.710027002835918779e+02
2.702141369272125075e+02
2.725980064545965433e+02
2.745826197445882144e+02
2.768093825536974464e+02
2.745994383615269498e+02
2.734557020290365585e+02
2.733714620420638539e+02
2.728936494933917061e+02
2.749325364827611224e+02
2.793222357860088323e+02
2.824061303518295176e+02
2.861308264254928417e+02
2.873825787139583099e+02
2.889668592061561299e+02
2.883253113614693461e+02
2.891977158029119437e+02
2.926283990673209701e+02
2.941744976111812662e+02
2.935222051788477415e+02
2.911457711134331703e+02
2.920315917087565936e+02
2.884241070934446043e+02
2.906786574649053136e+02
2.895006713148027870e+02
2.891335452900082714e+02
2.901769183426720247e+02
2.883556761581906471e+02
2.878857990576539123e+02
2.910368443774529510e+02
2.918729888142360664e+02
2.932740076538448761e+02
2.921693025462351443e+02
2.918277541154777168e+02
2.907852603789831392e+02
2.904738190851071522e+02
2.930118020141055126e+02
2.946404967194241635e+02
2.928519104572482661e+02
2.950415734405446528e+02
2.951497438053815472e+02
2.929890843550003865e+02
2.883901217515133339e+02
2.909743257727141668e+02
2.924795302865051099e+02
2.919815037419903092e+02
2.937967565779260326e+02
2.903618316543307287e+02
2.903421859125215860e+02
2.879162687404315761e+02
2.889012193751120208e+02
2.886505273281874793e+02
2.914689108553242818e+02
2.908197363353175433e+02
2.886167058383796871e+02
2.857249690855694553e+02
2.859191919066206538e+02
2.856095107922029115e+02
2.834937354811088426e+02
2.821765836832001924e+02
2.844482762014374089e+02
2.853433225085124150e+02
2.867296023365425413e+02
2.890411899781230431e+02
2.905486911714173175e+02
2.913916136570617823e+02
2.924049920233848638e+02
2.919763849709171950e+02
2.906054437916064330e+02
2.932522235245579623e+02
2.941545914378499447e+02
2.954791255172030446e+02
2.951289154098304266e+02
2.972904630703306452e+02
2.968321950766342070e+02
2.965209345669366598e+02
2.965374020672135202e+02
2.971638296916260629e+02
2.958774334322247341e+02
2.959551313394645717e+02
2.968310305158094025e+02
2.979784145381770486e+02
3.003884023539227428e+02
3.004598104518568107e+02
2.983658330708495328e+02
2.924225945259985906e+02
2.939486246736314001e+02
2.943519894441255360e+02
2.936104622919220333e+02
2.902973247173208620e+02
2.877772861612299948e+02
2.877764431465686243e+02
2.878518747825433479e+02
2.880814791976770834e+02
2.880627064726648427e+02
2.880516125642404290e+02
2.880318807554158980e+02
2.898705462328972544e+02
2.878870547623300240e+02
2.887288278746222545e+02
2.865746077445917308e+02
2.860728469990916665e+02
2.874909375035729795e+02
2.856045494265977140e+02
2.834164501035116928e+02
2.816865568554505330e+02
2.750410975639686626e+02
2.735714820825924676e+02
2.725424152638712485e+02
2.691792714913401596e+02
2.674814452658982873e+02
2.689704272051692442e+02
2.687301143814879083e+02
2.684911042826460630e+02
2.708889305700271279e+02
2.726705938015973061e+02
2.665100752539898394e+02
2.661018569808215943e+02
2.612705126244601956e+02
2.647654472402855390e+02
2.684573233359870414e+02
2.722433528223058374e+02
2.700638093889469928e+02
2.701214454272090961e+02
2.723738782633027995e+02
2.739867544306551963e+02
