2.013000000000000000e+03
4.084000000000000000e+03
6.127000000000000000e+03
8.177000000000000000e+03
1.023600000000000000e+04
1.226900000000000000e+04
1.431700000000000000e+04
1.633400000000000000e+04
1.838800000000000000e+04
2.045300000000000000e+04
2.252300000000000000e+04
2.455500000000000000e+04
2.661800000000000000e+04
2.864300000000000000e+04
3.071300000000000000e+04
3.275900000000000000e+04
3.475300000000000000e+04
3.685200000000000000e+04
3.884700000000000000e+04
4.093100000000000000e+04
4.298800000000000000e+04
4.500000000000000000e+04
4.706100000000000000e+04
4.914700000000000000e+04
5.117100000000000000e+04
5.321800000000000000e+04
5.529000000000000000e+04
5.732500000000000000e+04
5.933100000000000000e+04
6.139300000000000000e+04
6.341100000000000000e+04
6.553200000000000000e+04
6.755900000000000000e+04
6.961200000000000000e+04
7.165800000000000000e+04
7.372600000000000000e+04
7.568600000000000000e+04
7.780500000000000000e+04
7.983800000000000000e+04
8.189200000000000000e+04
8.389700000000000000e+04
8.599300000000000000e+04
8.803000000000000000e+04
9.009900000000000000e+04
9.212600000000000000e+04
9.410400000000000000e+04
9.621900000000000000e+04
9.826000000000000000e+04
1.002850000000000000e+05
1.023100000000000000e+05
1.043680000000000000e+05
1.064560000000000000e+05
1.084650000000000000e+05
1.105590000000000000e+05
1.126280000000000000e+05
1.146630000000000000e+05
1.167150000000000000e+05
1.187750000000000000e+05
1.207840000000000000e+05
1.228790000000000000e+05
1.249230000000000000e+05
1.269060000000000000e+05
1.290180000000000000e+05
1.310130000000000000e+05
1.330420000000000000e+05
1.351400000000000000e+05
1.372130000000000000e+05
1.392600000000000000e+05
1.412710000000000000e+05
1.433230000000000000e+05
1.453410000000000000e+05
1.474280000000000000e+05
1.494240000000000000e+05
1.515010000000000000e+05
1.535590000000000000e+05
1.556190000000000000e+05
1.576620000000000000e+05
1.597250000000000000e+05
1.617330000000000000e+05
1.637470000000000000e+05
1.658290000000000000e+05
1.678650000000000000e+05
1.699160000000000000e+05
1.719910000000000000e+05
1.740300000000000000e+05
1.760710000000000000e+05
1.781010000000000000e+05
1.801890000000000000e+05
1.822190000000000000e+05
1.842920000000000000e+05
1.862840000000000000e+05
1.883350000000000000e+05
1.904360000000000000e+05
1.924140000000000000e+05
1.945300000000000000e+05
1.965390000000000000e+05
1.985750000000000000e+05
2.006790000000000000e+05
2.026960000000000000e+05
2.047420000000000000e+05
2.068390000000000000e+05
2.088520000000000000e+05
2.108930000000000000e+05
2.129420000000000000e+05
2.150000000000000000e+05
2.170530000000000000e+05
2.190800000000000000e+05
2.211190000000000000e+05
2.231650000000000000e+05
2.252580000000000000e+05
2.273140000000000000e+05
2.293730000000000000e+05
2.313900000000000000e+05
2.334450000000000000e+05
2.355110000000000000e+05
2.375440000000000000e+05
2.395830000000000000e+05
2.416640000000000000e+05
2.436240000000000000e+05
2.457450000000000000e+05
2.476550000000000000e+05
2.497940000000000000e+05
2.518760000000000000e+05
2.538930000000000000e+05
2.559580000000000000e+05
2.580100000000000000e+05
2.599860000000000000e+05
2.620650000000000000e+05
2.641740000000000000e+05
2.661900000000000000e+05
2.682160000000000000e+05
2.702750000000000000e+05
2.722610000000000000e+05
2.744210000000000000e+05
2.764080000000000000e+05
2.785080000000000000e+05
2.805490000000000000e+05
2.825580000000000000e+05
2.846310000000000000e+05
2.866730000000000000e+05
2.887590000000000000e+05
2.907450000000000000e+05
2.928070000000000000e+05
2.948650000000000000e+05
2.968720000000000000e+05
2.989700000000000000e+05
3.009710000000000000e+05
3.030470000000000000e+05
3.051290000000000000e+05
3.071800000000000000e+05
3.092340000000000000e+05
3.112680000000000000e+05
3.132960000000000000e+05
3.153490000000000000e+05
3.173370000000000000e+05
3.194010000000000000e+05
3.214680000000000000e+05
3.234870000000000000e+05
3.255100000000000000e+05
3.276180000000000000e+05
3.296840000000000000e+05
3.316640000000000000e+05
3.337710000000000000e+05
3.357850000000000000e+05
3.378800000000000000e+05
3.399590000000000000e+05
3.419770000000000000e+05
3.439820000000000000e+05
3.460720000000000000e+05
3.481550000000000000e+05
3.501530000000000000e+05
3.522460000000000000e+05
3.542610000000000000e+05
3.563360000000000000e+05
3.583390000000000000e+05
3.604090000000000000e+05
3.624930000000000000e+05
3.643670000000000000e+05
3.665250000000000000e+05
3.685630000000000000e+05
3.706010000000000000e+05
3.726450000000000000e+05
3.747680000000000000e+05
3.768290000000000000e+05
3.788630000000000000e+05
3.808460000000000000e+05
3.828970000000000000e+05
3.849600000000000000e+05
3.869590000000000000e+05
3.891120000000000000e+05
3.910900000000000000e+05
3.931980000000000000e+05
3.952440000000000000e+05
3.972860000000000000e+05
3.992540000000000000e+05
4.013560000000000000e+05
4.033780000000000000e+05
4.054730000000000000e+05
4.074890000000000000e+05
4.095550000000000000e+05
4.116030000000000000e+05
4.136210000000000000e+05
4.157410000000000000e+05
4.177770000000000000e+05
4.198160000000000000e+05
4.218580000000000000e+05
4.238450000000000000e+05
4.259240000000000000e+05
4.279330000000000000e+05
4.300510000000000000e+05
4.320740000000000000e+05
4.341720000000000000e+05
4.362070000000000000e+05
4.382590000000000000e+05
4.402600000000000000e+05
4.422730000000000000e+05
4.443880000000000000e+05
4.463300000000000000e+05
4.484360000000000000e+05
4.505360000000000000e+05
4.525350000000000000e+05
4.546380000000000000e+05
4.566070000000000000e+05
4.587490000000000000e+05
4.607970000000000000e+05
4.628380000000000000e+05
4.648860000000000000e+05
4.668400000000000000e+05
4.689560000000000000e+05
4.709000000000000000e+05
4.730290000000000000e+05
4.750800000000000000e+05
4.770860000000000000e+05
4.791900000000000000e+05
4.812120000000000000e+05
4.832100000000000000e+05
4.853160000000000000e+05
4.874070000000000000e+05
4.893670000000000000e+05
4.913790000000000000e+05
4.934080000000000000e+05
4.955450000000000000e+05
4.976520000000000000e+05
4.996050000000000000e+05
5.016590000000000000e+05
5.036980000000000000e+05
5.058230000000000000e+05
5.078750000000000000e+05
5.098900000000000000e+05
5.119630000000000000e+05
5.140430000000000000e+05
5.160440000000000000e+05
5.181200000000000000e+05
5.201250000000000000e+05
5.221420000000000000e+05
5.241640000000000000e+05
5.262830000000000000e+05
5.283260000000000000e+05
5.303930000000000000e+05
5.324470000000000000e+05
5.344340000000000000e+05
5.364740000000000000e+05
5.385160000000000000e+05
5.405830000000000000e+05
5.427030000000000000e+05
5.447060000000000000e+05
5.467930000000000000e+05
5.487520000000000000e+05
5.508790000000000000e+05
5.529250000000000000e+05
5.549410000000000000e+05
5.570540000000000000e+05
5.590600000000000000e+05
5.610800000000000000e+05
5.631370000000000000e+05
5.652000000000000000e+05
5.671670000000000000e+05
5.693030000000000000e+05
5.713180000000000000e+05
5.733440000000000000e+05
5.754290000000000000e+05
5.775360000000000000e+05
5.795770000000000000e+05
5.815590000000000000e+05
5.836660000000000000e+05
5.855990000000000000e+05
5.877390000000000000e+05
5.897710000000000000e+05
5.917610000000000000e+05
5.938590000000000000e+05
5.958930000000000000e+05
5.980130000000000000e+05
6.000240000000000000e+05
6.020850000000000000e+05
6.041150000000000000e+05
6.061590000000000000e+05
6.081920000000000000e+05
6.101660000000000000e+05
6.123360000000000000e+05
6.143870000000000000e+05
6.162760000000000000e+05
6.184160000000000000e+05
6.204560000000000000e+05
6.225760000000000000e+05
6.245310000000000000e+05
6.266770000000000000e+05
6.287190000000000000e+05
6.306780000000000000e+05
6.327960000000000000e+05
6.347850000000000000e+05
6.369160000000000000e+05
6.388710000000000000e+05
6.410210000000000000e+05
6.429330000000000000e+05
6.450440000000000000e+05
6.470760000000000000e+05
6.491620000000000000e+05
6.511960000000000000e+05
6.532280000000000000e+05
6.552070000000000000e+05
6.572160000000000000e+05
6.593580000000000000e+05
6.613450000000000000e+05
6.635290000000000000e+05
6.655090000000000000e+05
6.676270000000000000e+05
6.695790000000000000e+05
6.716740000000000000e+05
6.737730000000000000e+05
6.757790000000000000e+05
6.777700000000000000e+05
6.799100000000000000e+05
6.819530000000000000e+05
6.839470000000000000e+05
6.860760000000000000e+05
6.880760000000000000e+05
6.901690000000000000e+05
6.921720000000000000e+05
6.942650000000000000e+05
6.962850000000000000e+05
6.983640000000000000e+05
7.003630000000000000e+05
7.023960000000000000e+05
7.044420000000000000e+05
7.064940000000000000e+05
7.085010000000000000e+05
7.106130000000000000e+05
7.126210000000000000e+05
7.146450000000000000e+05
7.167100000000000000e+05
7.187810000000000000e+05
7.208900000000000000e+05
7.228380000000000000e+05
7.248570000000000000e+05
7.269740000000000000e+05
7.290530000000000000e+05
7.310890000000000000e+05
7.330990000000000000e+05
7.351390000000000000e+05
7.371420000000000000e+05
7.392770000000000000e+05
7.412650000000000000e+05
7.433700000000000000e+05
7.453860000000000000e+05
7.473640000000000000e+05
7.495440000000000000e+05
7.515970000000000000e+05
7.536410000000000000e+05
7.556210000000000000e+05
7.576390000000000000e+05
7.597750000000000000e+05
7.618400000000000000e+05
7.638490000000000000e+05
7.659210000000000000e+05
7.679250000000000000e+05
7.699380000000000000e+05
7.720600000000000000e+05
7.740950000000000000e+05
7.761600000000000000e+05
7.782120000000000000e+05
7.802680000000000000e+05
7.823230000000000000e+05
7.843100000000000000e+05
7.863710000000000000e+05
7.883320000000000000e+05
7.903900000000000000e+05
7.925270000000000000e+05
7.946070000000000000e+05
7.965620000000000000e+05
7.987140000000000000e+05
8.006790000000000000e+05
8.028150000000000000e+05
8.048350000000000000e+05
8.067830000000000000e+05
8.089240000000000000e+05
8.108920000000000000e+05
8.129660000000000000e+05
8.150790000000000000e+05
8.170960000000000000e+05
8.190210000000000000e+05
8.210020000000000000e+05
8.232610000000000000e+05
8.252550000000000000e+05
8.273480000000000000e+05
8.292550000000000000e+05
8.314310000000000000e+05
8.335020000000000000e+05
8.355120000000000000e+05
8.374850000000000000e+05
8.395620000000000000e+05
8.416900000000000000e+05
8.437690000000000000e+05
8.457470000000000000e+05
8.478130000000000000e+05
8.497700000000000000e+05
8.518650000000000000e+05
8.538800000000000000e+05
8.560330000000000000e+05
8.580790000000000000e+05
8.601450000000000000e+05
8.621160000000000000e+05
8.641510000000000000e+05
8.662220000000000000e+05
8.682450000000000000e+05
8.703300000000000000e+05
8.722900000000000000e+05
8.743290000000000000e+05
8.764140000000000000e+05
8.785790000000000000e+05
8.806230000000000000e+05
8.826520000000000000e+05
8.846140000000000000e+05
8.866640000000000000e+05
8.887870000000000000e+05
8.908710000000000000e+05
8.928110000000000000e+05
8.949060000000000000e+05
8.969240000000000000e+05
8.990640000000000000e+05
9.011100000000000000e+05
9.031670000000000000e+05
9.051600000000000000e+05
9.071010000000000000e+05
9.092960000000000000e+05
9.113040000000000000e+05
9.132090000000000000e+05
9.154370000000000000e+05
9.174140000000000000e+05
9.194390000000000000e+05
9.214670000000000000e+05
9.236310000000000000e+05
9.256350000000000000e+05
9.276800000000000000e+05
9.297460000000000000e+05
9.316790000000000000e+05
9.338420000000000000e+05
9.358870000000000000e+05
9.379660000000000000e+05
9.399180000000000000e+05
9.419180000000000000e+05
9.440410000000000000e+05
9.461320000000000000e+05
9.481160000000000000e+05
9.502560000000000000e+05
9.522000000000000000e+05
9.542720000000000000e+05
9.563080000000000000e+05
9.584210000000000000e+05
9.604110000000000000e+05
9.624680000000000000e+05
9.645250000000000000e+05
9.666030000000000000e+05
9.686560000000000000e+05
9.706820000000000000e+05
9.727500000000000000e+05
9.748350000000000000e+05
9.768340000000000000e+05
9.789100000000000000e+05
9.809690000000000000e+05
9.829450000000000000e+05
9.850660000000000000e+05
9.870720000000000000e+05
9.890630000000000000e+05
9.912040000000000000e+05
9.932380000000000000e+05
9.952970000000000000e+05
9.973610000000000000e+05
9.993740000000000000e+05
1.001352000000000000e+06
1.003512000000000000e+06
1.005461000000000000e+06
1.007585000000000000e+06
1.009530000000000000e+06
1.011682000000000000e+06
1.013596000000000000e+06
1.015781000000000000e+06
1.017770000000000000e+06
1.019820000000000000e+06
1.021875000000000000e+06
1.023971000000000000e+06
1.026010000000000000e+06
1.027973000000000000e+06
1.030043000000000000e+06
1.032070000000000000e+06
1.034150000000000000e+06
1.036143000000000000e+06
1.038309000000000000e+06
1.040224000000000000e+06
1.042411000000000000e+06
1.044332000000000000e+06
1.046408000000000000e+06
1.048505000000000000e+06
1.050595000000000000e+06
1.052646000000000000e+06
1.054650000000000000e+06
1.056670000000000000e+06
1.058775000000000000e+06
1.060763000000000000e+06
1.062893000000000000e+06
1.064808000000000000e+06
1.066853000000000000e+06
1.069007000000000000e+06
1.071090000000000000e+06
1.073147000000000000e+06
1.075077000000000000e+06
1.077169000000000000e+06
1.079239000000000000e+06
1.081318000000000000e+06
1.083287000000000000e+06
1.085363000000000000e+06
1.087472000000000000e+06
1.089515000000000000e+06
1.091548000000000000e+06
1.093508000000000000e+06
1.095581000000000000e+06
1.097626000000000000e+06
1.099673000000000000e+06
1.101789000000000000e+06
1.103751000000000000e+06
1.105903000000000000e+06
1.107910000000000000e+06
1.110009000000000000e+06
1.112030000000000000e+06
1.114110000000000000e+06
1.116137000000000000e+06
1.118111000000000000e+06
1.120110000000000000e+06
1.122221000000000000e+06
1.124269000000000000e+06
1.126273000000000000e+06
1.128363000000000000e+06
1.130403000000000000e+06
1.132458000000000000e+06
1.134350000000000000e+06
1.136481000000000000e+06
1.138612000000000000e+06
1.140710000000000000e+06
1.142711000000000000e+06
1.144682000000000000e+06
1.146784000000000000e+06
1.148875000000000000e+06
1.150844000000000000e+06
1.152963000000000000e+06
1.155031000000000000e+06
1.157096000000000000e+06
1.159106000000000000e+06
1.161216000000000000e+06
1.162950000000000000e+06
1.165261000000000000e+06
1.167277000000000000e+06
1.169340000000000000e+06
1.171293000000000000e+06
1.173311000000000000e+06
1.175518000000000000e+06
1.177542000000000000e+06
1.179627000000000000e+06
1.181494000000000000e+06
1.183671000000000000e+06
1.185678000000000000e+06
1.187754000000000000e+06
1.189803000000000000e+06
1.191831000000000000e+06
1.193969000000000000e+06
1.196005000000000000e+06
1.197983000000000000e+06
1.200061000000000000e+06
1.202101000000000000e+06
1.204145000000000000e+06
1.206269000000000000e+06
1.208206000000000000e+06
1.210274000000000000e+06
1.212392000000000000e+06
1.214381000000000000e+06
1.216501000000000000e+06
1.218463000000000000e+06
1.220562000000000000e+06
1.222545000000000000e+06
1.224672000000000000e+06
1.226747000000000000e+06
1.228603000000000000e+06
1.230844000000000000e+06
1.232798000000000000e+06
1.234794000000000000e+06
1.236848000000000000e+06
1.238978000000000000e+06
1.240922000000000000e+06
1.242945000000000000e+06
1.245159000000000000e+06
1.247125000000000000e+06
1.249161000000000000e+06
1.251217000000000000e+06
1.253318000000000000e+06
1.255351000000000000e+06
1.257420000000000000e+06
1.259497000000000000e+06
1.261389000000000000e+06
1.263535000000000000e+06
1.265641000000000000e+06
1.267615000000000000e+06
1.269585000000000000e+06
1.271669000000000000e+06
1.273775000000000000e+06
1.275858000000000000e+06
1.277940000000000000e+06
1.279856000000000000e+06
1.281932000000000000e+06
1.283937000000000000e+06
1.286104000000000000e+06
1.288169000000000000e+06
1.290132000000000000e+06
1.292130000000000000e+06
1.294293000000000000e+06
1.296339000000000000e+06
1.298293000000000000e+06
1.300457000000000000e+06
1.302426000000000000e+06
1.304576000000000000e+06
1.306510000000000000e+06
1.308443000000000000e+06
1.310610000000000000e+06
1.312696000000000000e+06
1.314771000000000000e+06
1.316863000000000000e+06
1.318900000000000000e+06
1.320897000000000000e+06
1.323004000000000000e+06
1.324949000000000000e+06
1.327010000000000000e+06
1.329152000000000000e+06
1.331168000000000000e+06
1.333166000000000000e+06
1.335218000000000000e+06
1.337312000000000000e+06
1.339245000000000000e+06
1.341182000000000000e+06
1.343391000000000000e+06
1.345479000000000000e+06
1.347573000000000000e+06
1.349620000000000000e+06
1.351619000000000000e+06
1.353624000000000000e+06
1.355747000000000000e+06
1.357677000000000000e+06
1.359702000000000000e+06
1.361823000000000000e+06
1.363930000000000000e+06
1.365911000000000000e+06
1.368064000000000000e+06
1.369962000000000000e+06
1.371977000000000000e+06
1.374103000000000000e+06
1.376244000000000000e+06
1.378153000000000000e+06
1.380199000000000000e+06
1.382301000000000000e+06
1.384370000000000000e+06
1.386406000000000000e+06
1.388500000000000000e+06
1.390444000000000000e+06
1.392538000000000000e+06
1.394431000000000000e+06
1.396733000000000000e+06
1.398668000000000000e+06
1.400760000000000000e+06
1.402861000000000000e+06
1.404907000000000000e+06
1.406937000000000000e+06
1.409015000000000000e+06
1.411019000000000000e+06
1.413100000000000000e+06
1.414973000000000000e+06
1.417105000000000000e+06
1.419245000000000000e+06
1.421241000000000000e+06
1.423344000000000000e+06
1.425403000000000000e+06
1.427378000000000000e+06
1.429440000000000000e+06
1.431464000000000000e+06
1.433488000000000000e+06
1.435520000000000000e+06
1.437557000000000000e+06
1.439651000000000000e+06
1.441758000000000000e+06
1.443662000000000000e+06
1.445786000000000000e+06
1.447841000000000000e+06
1.449859000000000000e+06
1.451930000000000000e+06
1.454045000000000000e+06
1.455963000000000000e+06
1.458087000000000000e+06
1.460111000000000000e+06
1.462239000000000000e+06
1.464291000000000000e+06
1.466271000000000000e+06
1.468354000000000000e+06
1.470353000000000000e+06
1.472332000000000000e+06
1.474434000000000000e+06
1.476498000000000000e+06
1.478541000000000000e+06
1.480607000000000000e+06
1.482751000000000000e+06
1.484741000000000000e+06
1.486807000000000000e+06
1.488754000000000000e+06
1.490927000000000000e+06
1.492897000000000000e+06
1.494996000000000000e+06
1.497064000000000000e+06
1.499021000000000000e+06
1.500983000000000000e+06
1.503136000000000000e+06
1.505263000000000000e+06
1.507230000000000000e+06
1.509301000000000000e+06
1.511356000000000000e+06
1.513323000000000000e+06
1.515424000000000000e+06
1.517468000000000000e+06
1.519498000000000000e+06
1.521546000000000000e+06
1.523577000000000000e+06
1.525668000000000000e+06
1.527793000000000000e+06
1.529799000000000000e+06
1.531871000000000000e+06
1.533933000000000000e+06
1.535922000000000000e+06
1.538047000000000000e+06
1.539918000000000000e+06
1.542038000000000000e+06
1.544025000000000000e+06
1.546032000000000000e+06
1.548279000000000000e+06
1.550225000000000000e+06
1.552283000000000000e+06
1.554364000000000000e+06
1.556383000000000000e+06
1.558340000000000000e+06
1.560486000000000000e+06
1.562566000000000000e+06
1.564563000000000000e+06
1.566651000000000000e+06
1.568734000000000000e+06
1.570604000000000000e+06
1.572810000000000000e+06
1.574862000000000000e+06
1.576859000000000000e+06
1.578879000000000000e+06
1.580887000000000000e+06
1.582948000000000000e+06
1.585052000000000000e+06
1.587099000000000000e+06
1.589005000000000000e+06
1.591217000000000000e+06
1.593206000000000000e+06
1.595295000000000000e+06
1.597398000000000000e+06
1.599239000000000000e+06
1.601389000000000000e+06
1.603535000000000000e+06
1.605486000000000000e+06
1.607549000000000000e+06
1.609646000000000000e+06
1.611709000000000000e+06
1.613586000000000000e+06
1.615864000000000000e+06
1.617873000000000000e+06
1.619965000000000000e+06
1.621863000000000000e+06
1.623956000000000000e+06
1.625970000000000000e+06
1.628156000000000000e+06
1.630187000000000000e+06
1.632202000000000000e+06
1.634119000000000000e+06
1.636294000000000000e+06
1.638325000000000000e+06
1.640281000000000000e+06
1.642333000000000000e+06
1.644396000000000000e+06
1.646553000000000000e+06
1.648538000000000000e+06
1.650329000000000000e+06
1.652697000000000000e+06
1.654782000000000000e+06
1.656807000000000000e+06
1.658832000000000000e+06
1.660793000000000000e+06
1.662937000000000000e+06
1.664960000000000000e+06
1.667030000000000000e+06
1.668993000000000000e+06
1.671061000000000000e+06
1.673158000000000000e+06
1.675239000000000000e+06
1.677181000000000000e+06
1.679301000000000000e+06
1.681325000000000000e+06
1.683452000000000000e+06
1.685437000000000000e+06
1.687455000000000000e+06
1.689564000000000000e+06
1.691514000000000000e+06
1.693554000000000000e+06
1.695680000000000000e+06
1.697617000000000000e+06
1.699753000000000000e+06
1.701738000000000000e+06
1.703740000000000000e+06
1.705900000000000000e+06
1.708032000000000000e+06
1.709938000000000000e+06
1.712051000000000000e+06
1.714134000000000000e+06
1.716191000000000000e+06
1.718059000000000000e+06
1.720247000000000000e+06
1.722316000000000000e+06
1.724391000000000000e+06
1.726240000000000000e+06
1.728319000000000000e+06
1.730436000000000000e+06
1.732472000000000000e+06
1.734535000000000000e+06
1.736605000000000000e+06
1.738559000000000000e+06
1.740751000000000000e+06
1.742803000000000000e+06
1.744804000000000000e+06
1.746732000000000000e+06
1.748919000000000000e+06
1.750967000000000000e+06
1.753076000000000000e+06
1.754957000000000000e+06
1.756980000000000000e+06
1.759185000000000000e+06
1.761168000000000000e+06
1.763226000000000000e+06
1.765235000000000000e+06
1.767326000000000000e+06
1.769298000000000000e+06
1.771346000000000000e+06
1.773417000000000000e+06
1.775611000000000000e+06
1.777646000000000000e+06
1.779692000000000000e+06
1.781742000000000000e+06
1.783686000000000000e+06
1.785616000000000000e+06
1.787806000000000000e+06
1.789902000000000000e+06
1.791878000000000000e+06
1.793967000000000000e+06
1.795933000000000000e+06
1.798118000000000000e+06
1.800090000000000000e+06
1.802183000000000000e+06
1.804284000000000000e+06
1.806232000000000000e+06
1.808288000000000000e+06
1.810356000000000000e+06
1.812291000000000000e+06
1.814490000000000000e+06
1.816560000000000000e+06
1.818615000000000000e+06
1.820557000000000000e+06
1.822682000000000000e+06
1.824665000000000000e+06
1.826747000000000000e+06
1.828821000000000000e+06
1.830674000000000000e+06
1.832860000000000000e+06
1.834873000000000000e+06
1.836941000000000000e+06
1.839064000000000000e+06
1.841091000000000000e+06
1.843073000000000000e+06
1.845150000000000000e+06
1.847180000000000000e+06
1.849152000000000000e+06
1.851355000000000000e+06
1.853264000000000000e+06
1.855392000000000000e+06
1.857494000000000000e+06
1.859557000000000000e+06
1.861532000000000000e+06
1.863654000000000000e+06
1.865520000000000000e+06
1.867577000000000000e+06
1.869776000000000000e+06
1.871745000000000000e+06
1.873777000000000000e+06
1.875910000000000000e+06
1.877970000000000000e+06
1.879894000000000000e+06
1.882085000000000000e+06
1.884096000000000000e+06
1.885922000000000000e+06
1.888247000000000000e+06
1.890265000000000000e+06
1.892352000000000000e+06
1.894265000000000000e+06
1.896411000000000000e+06
1.898350000000000000e+06
1.900471000000000000e+06
1.902579000000000000e+06
1.904491000000000000e+06
1.906476000000000000e+06
1.908678000000000000e+06
1.910681000000000000e+06
1.912816000000000000e+06
1.914727000000000000e+06
1.916874000000000000e+06
1.918932000000000000e+06
1.920912000000000000e+06
1.923011000000000000e+06
1.924970000000000000e+06
1.927117000000000000e+06
1.929024000000000000e+06
1.931113000000000000e+06
1.933292000000000000e+06
1.935348000000000000e+06
1.937284000000000000e+06
1.939334000000000000e+06
1.941371000000000000e+06
1.943500000000000000e+06
1.945492000000000000e+06
1.947600000000000000e+06
1.949585000000000000e+06
1.951664000000000000e+06
1.953589000000000000e+06
1.955697000000000000e+06
1.957887000000000000e+06
1.959935000000000000e+06
1.961960000000000000e+06
1.963912000000000000e+06
1.965955000000000000e+06
1.968094000000000000e+06
1.970030000000000000e+06
1.972106000000000000e+06
1.974200000000000000e+06
1.976285000000000000e+06
1.978181000000000000e+06
1.980259000000000000e+06
1.982375000000000000e+06
1.984368000000000000e+06
1.986520000000000000e+06
1.988358000000000000e+06
1.990603000000000000e+06
1.992689000000000000e+06
1.994686000000000000e+06
1.996774000000000000e+06
1.998650000000000000e+06
2.000747000000000000e+06
