-5.334048042924820265e+00
4.413809319685751298e+00
4.575129204182315057e+00
7.743553487192418316e+00
9.956327878197688719e+00
1.185244998666625271e+01
1.335541025736253928e+01
1.469765373191043345e+01
1.574484780142987006e+01
1.670419358630721973e+01
1.759480527734845978e+01
1.859037286529012079e+01
1.910748505038867862e+01
2.001652126788735586e+01
2.045553986730756080e+01
2.123648976246987274e+01
2.186030000206078938e+01
2.257455900314966257e+01
2.337334294936425749e+01
2.404833956871400957e+01
2.490395645630273691e+01
2.552386263953894385e+01
2.611132164655418819e+01
2.667703656785250033e+01
2.698528613310805824e+01
2.731954430009449908e+01
2.761586360676420426e+01
2.786134955060563456e+01
2.814592049844772248e+01
2.846341951923584546e+01
2.880327509687295162e+01
2.903229192441863660e+01
2.927740330195543805e+01
2.954693510604639073e+01
2.980966076969887979e+01
2.991261374076018242e+01
3.019484697299373366e+01
3.048425339420539260e+01
3.068601785609530097e+01
3.084961222300439232e+01
3.095857377047138925e+01
3.125846817173427183e+01
3.144755343596480301e+01
3.155916935697077363e+01
3.166290670225511050e+01
3.182652849583217858e+01
3.191346854381326992e+01
3.202660337866928586e+01
3.213576460149576519e+01
3.294779697763689796e+01
3.327880757633337794e+01
3.394086003587929667e+01
3.445546408470298161e+01
3.488105016548070836e+01
3.527743206044826252e+01
3.567895649868812313e+01
3.595002344510413650e+01
3.624627694452399851e+01
3.660745325177243359e+01
3.680486282922250751e+01
3.704395207728506989e+01
3.740667447476383245e+01
3.777231367454918853e+01
3.794634817896471191e+01
3.809859929444100857e+01
3.816538369946214715e+01
3.828761015302584525e+01
3.833932143006092019e+01
3.847361650560220170e+01
3.857661022642817983e+01
3.860342502645042373e+01
3.858944623780814709e+01
3.865879567425909613e+01
3.888385071840725971e+01
3.903820991507160443e+01
3.924930817373976311e+01
3.937252147318472595e+01
3.961526731974042548e+01
3.973671025740439688e+01
3.987486349654822959e+01
4.002074171470115971e+01
4.013110006503207217e+01
4.028338150526665373e+01
4.057079711316999493e+01
4.071895684151818529e+01
4.074726528620422528e+01
4.084684908254828173e+01
4.107279885125173990e+01
4.126685456114194750e+01
4.138260039041222882e+01
4.147492344981024104e+01
4.159535964159909582e+01
4.182124289499126490e+01
4.204823639252626322e+01
4.226669108216260895e+01
4.240581421692308339e+01
4.268903192192405527e+01
4.279013478462155717e+01
4.296107665173814638e+01
4.323674443293192837e+01
4.349568394540951743e+01
4.357895320495049418e+01
4.367595665521734816e+01
4.388011908677923856e+01
4.411034971049818409e+01
4.424836088113868016e+01
4.435408742794535186e+01
4.451550434628055086e+01
4.474433201968528095e+01
4.478097444968337015e+01
4.496148322616704007e+01
4.514450936912103884e+01
4.528774983184639780e+01
4.556090388762325460e+01
4.575869793571906285e+01
4.589775603070938814e+01
4.605698719156843879e+01
4.620111805149361572e+01
4.631733760603700034e+01
4.645924330052218210e+01
4.658017403271889378e+01
4.671619615366327594e+01
4.677537220104814253e+01
4.690848090535044435e+01
4.713679789452223190e+01
4.720756054900461862e+01
4.728707950719503827e+01
4.739788363656599302e+01
4.751831489709246625e+01
4.762266515733879402e+01
4.768787548109194319e+01
4.780124037834075068e+01
4.784933022401234837e+01
4.794674029649328162e+01
4.813932561794383957e+01
4.817769301928436221e+01
4.826741163147779190e+01
4.835419522448009388e+01
4.854220483215791404e+01
4.866986645293176394e+01
4.875312112392065700e+01
4.885367894120333432e+01
4.888498278287298149e+01
4.890891183183654078e+01
4.906361503979029237e+01
4.907352928195940933e+01
4.928841115774443438e+01
4.944759847083651749e+01
4.947845157194790744e+01
4.952368189516239028e+01
4.960974238965059158e+01
4.970406425900804948e+01
4.970164010223346907e+01
4.975893744985347666e+01
4.984863866927347686e+01
4.992709205011257723e+01
5.003109473973083254e+01
5.010131527951044461e+01
5.023438681990100463e+01
5.028288432250471374e+01
5.031407302734869802e+01
5.038085385000373151e+01
5.039074092060100440e+01
5.049889213101636187e+01
5.055379488957819945e+01
5.065114631105293341e+01
5.087276016809482115e+01
5.098113403698763335e+01
5.102832024208808548e+01
5.113017647071040983e+01
5.123771240680902395e+01
5.132792993080173716e+01
5.138294602602016425e+01
5.147095726323457399e+01
5.154727020016967742e+01
5.163344333604247538e+01
5.170914536877548073e+01
5.178620313541318154e+01
5.186522289136099317e+01
5.200369879220649949e+01
5.211371378423521605e+01
5.223849856166094696e+01
5.232986232681270167e+01
5.237381876169003903e+01
5.246158725031247627e+01
5.253952900765602152e+01
5.263296686528136803e+01
5.270687227977687428e+01
5.278296392587569841e+01
5.286717377560631803e+01
5.284557199527268523e+01
5.288679306228639376e+01
5.285463549206792067e+01
5.292014191040343718e+01
5.294299839513718098e+01
5.304806517144541544e+01
5.314417587330635229e+01
5.327563463161534685e+01
5.338178439751620630e+01
5.341388839521986398e+01
5.343439033965211138e+01
5.348446174156106991e+01
5.347874002688946149e+01
5.355924061794247848e+01
5.359780447168432005e+01
5.364479625947619468e+01
5.366383888654520717e+01
5.375975522792400341e+01
5.381039548080349988e+01
5.383073669612652168e+01
5.386292051387744095e+01
5.390524178746273520e+01
5.391489358515334374e+01
5.390017236474319162e+01
5.391232584577319642e+01
5.387221413751114341e+01
5.388655496420693680e+01
5.401410265930280730e+01
5.382378703408920728e+01
5.378835066012596400e+01
5.381750154097613859e+01
5.383070204787895818e+01
5.384914926761513954e+01
5.389560453277300667e+01
5.395009518447840691e+01
5.400547739690002658e+01
5.402313138848070651e+01
5.408378635275451529e+01
5.387367035382735736e+01
5.382587617639583044e+01
5.385279930285208394e+01
5.382294237841838225e+01
5.388764631004918471e+01
5.395817797013423700e+01
5.399771236405698716e+01
5.403545865806708548e+01
5.410092676765843578e+01
5.412096133567144562e+01
5.416903205079902506e+01
5.429885753392250081e+01
5.442062312830162085e+01
5.455613456938334593e+01
5.461877663350001200e+01
5.475189082118532724e+01
5.479769570323762906e+01
5.482997046128831897e+01
5.487725340232476867e+01
5.499101211039100434e+01
5.508234098555167435e+01
5.497218631001569378e+01
5.511181284247813750e+01
5.519622601999457601e+01
5.533684765989281829e+01
5.540238280909751722e+01
5.549776462887446371e+01
5.557118117189782680e+01
5.556497339229404275e+01
5.545900052266684099e+01
5.559359289269119131e+01
5.562573847634739366e+01
5.570563710032530480e+01
5.580716940200912290e+01
5.589807615204699687e+01
5.595699214704777091e+01
5.559446491681046609e+01
5.567168403254143527e+01
5.572357844097336255e+01
5.597981621572640165e+01
5.606826369860961989e+01
5.614414268990074675e+01
5.628956909734707637e+01
5.634487920212293233e+01
5.640367330765015907e+01
5.645579779063336190e+01
5.652848327052331712e+01
5.663814457945230885e+01
5.694280200551456517e+01
5.708858180894701206e+01
5.716667576238198478e+01
5.688070391975814033e+01
5.701238314130913665e+01
5.716595283720401000e+01
5.724325565444637220e+01
5.729462258897356008e+01
5.730388770881442895e+01
5.703232641048198559e+01
5.710329078151088567e+01
5.712412866284714852e+01
5.714645468607035639e+01
5.718797892582716713e+01
5.722320784267564875e+01
5.721879757413089607e+01
5.723223960965004409e+01
5.727202871921943483e+01
5.727375853753868995e+01
5.725134238200335091e+01
5.724002838068265930e+01
5.719291066067778928e+01
5.745454720664083936e+01
5.749949490265653651e+01
5.743745614532527100e+01
5.738097887249345774e+01
5.738243307269763704e+01
5.739390788338398863e+01
5.743576197383783466e+01
5.755534284687476543e+01
5.776072355439580264e+01
5.780900194228834010e+01
5.790553250649551131e+01
5.796484395683199153e+01
5.797268494284515583e+01
5.804692253191109330e+01
5.808858809982414328e+01
5.855218348396738293e+01
5.858040259537335004e+01
5.872154917846587807e+01
5.877329955913259596e+01
5.882122240170536287e+01
5.886314214012591606e+01
5.888632869496933608e+01
5.891930594463892845e+01
5.896045250809699922e+01
5.897951295500447344e+01
5.899689188713410459e+01
5.900999896174235460e+01
5.903101093653971532e+01
5.903839702932077671e+01
5.904506517581375391e+01
5.939830424606342518e+01
5.934219453249400544e+01
5.923223779507213038e+01
5.920271171467597782e+01
5.924152231955910963e+01
5.964658946897188230e+01
5.966289906468523441e+01
5.971956353398748263e+01
5.976307426019068458e+01
5.978824693934472378e+01
5.977588087870579159e+01
5.983938646672273620e+01
5.990494199657005936e+01
5.996761268892829122e+01
5.997408171563260026e+01
6.003483259203377997e+01
6.006016038218101016e+01
6.011720766945741445e+01
6.021574591563326351e+01
6.030302961288891339e+01
6.035746993730676024e+01
6.047608389348517477e+01
6.054984919268272137e+01
6.058344792970838455e+01
6.063489337659487433e+01
6.064989581809058450e+01
6.065707336784772252e+01
6.070018801608225090e+01
6.074974653385054779e+01
6.077879353333572254e+01
6.080963212874479495e+01
6.086673522842741590e+01
6.088885463621397065e+01
6.097113937975341003e+01
6.097067025905363380e+01
6.100130404668502848e+01
6.102124267029928717e+01
6.105264086870545981e+01
6.105078909881773086e+01
6.111157584004555332e+01
6.114124461021882695e+01
6.120872173866421662e+01
6.122210060590914793e+01
6.125939328607113765e+01
6.126423020501280803e+01
6.127589066964332432e+01
6.134112422221599559e+01
6.134750319101570426e+01
6.142829468311305163e+01
6.148578409336369077e+01
6.151309859321229823e+01
6.158351176040176966e+01
6.164720233788910519e+01
6.168092250840407331e+01
6.175539692161483885e+01
6.177449629142721221e+01
6.181621344980220556e+01
6.185717023918178370e+01
6.192558456381669885e+01
6.197915123499936385e+01
6.202481011504251995e+01
6.208704347590324346e+01
6.211600617296056726e+01
6.215774385488394671e+01
6.221188496505075705e+01
6.228400400958824434e+01
6.232672793459531135e+01
6.235877744451896376e+01
6.239444481745383086e+01
6.243047775751048079e+01
6.244646614438838839e+01
6.248552968720196787e+01
6.254585155388326712e+01
6.259685801735295030e+01
6.261540545382526801e+01
6.263309355065504036e+01
6.241407395848657558e+01
6.237309509560723342e+01
6.240611469480226958e+01
6.241858043199091099e+01
6.243853395718592481e+01
6.249051584430559103e+01
6.252514154397167800e+01
6.256916521141339871e+01
6.261819857049574978e+01
6.267155396688799840e+01
6.269290119802744243e+01
6.275455635117927500e+01
6.272938745496006163e+01
6.277589533362784380e+01
6.281897281305896286e+01
6.286733455677661198e+01
6.290326001018760849e+01
6.297527693780661195e+01
6.301807867900627258e+01
6.302467693848387853e+01
6.306277612566616142e+01
6.307411117485047924e+01
6.311052864774647730e+01
6.319763892159406282e+01
6.324052733436545282e+01
6.325170092086830920e+01
6.325676957157935476e+01
6.325561399623213532e+01
6.328634774610971192e+01
6.333628710428212827e+01
6.337605436112520607e+01
6.338588118656236503e+01
6.343017510435587525e+01
6.349431470865344806e+01
6.354160777497238399e+01
6.359227741450096971e+01
6.361362726271476475e+01
6.364752823966992423e+01
6.363871010517726745e+01
6.371906542842894083e+01
6.368030230366453281e+01
6.369154080525326123e+01
6.370341235729399187e+01
6.377961366438476887e+01
6.379349451268234361e+01
6.383431751124319220e+01
6.383189998694167855e+01
6.387196503594763897e+01
6.388051542849385100e+01
6.416233184395230182e+01
6.422739803203627673e+01
6.424372682345368446e+01
6.425658237974136000e+01
6.427747440980984095e+01
6.427523454653396584e+01
6.429456747064259048e+01
6.428363133196924650e+01
6.424936946134420168e+01
6.430164569203574843e+01
6.431073229007265013e+01
6.434437826393109106e+01
6.437232038769693077e+01
6.438127341993948960e+01
6.438593735269755314e+01
6.439502524919741688e+01
6.442142308902974435e+01
6.438839031232522814e+01
6.441227721163539854e+01
6.440754723225744272e+01
6.445324648615333274e+01
6.445279247743725648e+01
6.448941193417093132e+01
6.448703229180064511e+01
6.449061863535577288e+01
6.452668679269042684e+01
6.461531832185774249e+01
6.460486723005762144e+01
6.468180606758102158e+01
6.468576265033561867e+01
6.469011049961710569e+01
6.467789415486952009e+01
6.474752383194110905e+01
6.475316882461467571e+01
6.470966919594364697e+01
6.470406921661401611e+01
6.470326938381235493e+01
6.471309041733454137e+01
6.474149515643308916e+01
6.475048390820394673e+01
6.475810259267740321e+01
6.478877951490544262e+01
6.483616266341971368e+01
6.483874927022544910e+01
6.489706997070261707e+01
6.487047506741626535e+01
6.491733678676594366e+01
6.497150800301700713e+01
6.498170099958477408e+01
6.495787424318278624e+01
6.496000457640238324e+01
6.500400538870972866e+01
6.507435660716453185e+01
6.511598577224634710e+01
6.517986840433864870e+01
6.521926165773838591e+01
6.529941588924131679e+01
6.538285229201699167e+01
6.542216823000894976e+01
6.544154905589222437e+01
6.549442568310965385e+01
6.554303935750610322e+01
6.558028209555821775e+01
6.564340887665298396e+01
6.570403311322311879e+01
6.573564456279578394e+01
6.580657547982882249e+01
6.589467221015500797e+01
6.598297589214662651e+01
6.602826496039014614e+01
6.604956628071762736e+01
6.607142504948002681e+01
6.614487390517977872e+01
6.617186987877366278e+01
6.621197280779485084e+01
6.627338979091399551e+01
6.633119746873155975e+01
6.638442352515404821e+01
6.641213434035842056e+01
6.646470084947959833e+01
6.659358012736089449e+01
6.659913769172412401e+01
6.667342158015479470e+01
6.674087515857947039e+01
6.676067522837116996e+01
6.686603047921781240e+01
6.688261981889009178e+01
6.694981251394764854e+01
6.702945386572035602e+01
6.710834405823833038e+01
6.716168876583637370e+01
6.720998865035593894e+01
6.721500464223682059e+01
6.727644710605730438e+01
6.733218097052545659e+01
6.741110959072067033e+01
6.743615917580355301e+01
6.753436078035132084e+01
6.759186868787587343e+01
6.766153677674356004e+01
6.769675568914581731e+01
6.769024581180219968e+01
6.775106065610114570e+01
6.778764014141233929e+01
6.783567334013802963e+01
6.783579561229535670e+01
6.787035538625480058e+01
6.789230316079400041e+01
6.794381257991378220e+01
6.804213642337295198e+01
6.805414735304827900e+01
6.809781613468003059e+01
6.808875586275809155e+01
6.812574236574783981e+01
6.816772098604879204e+01
6.823393996646053949e+01
6.824169578581903295e+01
6.825336543751031115e+01
6.833052050541377298e+01
6.842409423729490925e+01
6.846845727743271937e+01
6.855129291550446169e+01
6.857275941758395277e+01
6.859180892671273000e+01
6.864801614201120117e+01
6.867304853681829968e+01
6.867313439525055685e+01
6.869755973901226298e+01
6.876016534124828183e+01
6.878152732275246706e+01
6.880290870435671025e+01
6.884457032860143499e+01
6.891467234189245517e+01
6.895567801543457165e+01
6.898089986332689705e+01
6.901982042667177097e+01
6.909320520409650612e+01
6.910473892072805313e+01
6.912068654225197406e+01
6.912715898283629201e+01
6.917360465268215819e+01
6.921400330496548747e+01
6.922967267916703804e+01
6.924764582151655645e+01
6.928142323795891855e+01
6.932271776445631417e+01
6.935757130998794651e+01
6.937687417637408771e+01
6.942900288994097480e+01
6.945618264297388578e+01
6.949211996055683471e+01
6.946691217380194416e+01
6.948325900979899927e+01
6.946110465264756328e+01
6.948477253637496176e+01
6.947625594828876672e+01
6.947948421586835366e+01
6.946171966287502642e+01
6.943427546874143275e+01
6.943034982790554466e+01
6.944068509724783667e+01
6.949563754098015522e+01
6.948426924991791509e+01
6.951114007838020825e+01
6.948450811167506913e+01
6.949962918163024028e+01
6.950881021385444569e+01
6.948702295195784018e+01
6.944636304803960059e+01
6.944285511335181127e+01
6.941042701964487094e+01
6.943890981858419309e+01
6.939580735510527632e+01
6.939321336699991605e+01
6.934940926043796594e+01
6.934219461232248705e+01
6.928212067686631315e+01
6.926753586397767037e+01
6.922741044453390202e+01
6.918684416928549297e+01
6.915698565113234508e+01
6.911632761458135121e+01
6.913632549819929807e+01
6.914946297255244190e+01
6.913254158297606011e+01
6.910111219424088347e+01
6.909695834994056440e+01
6.908623436353035174e+01
6.904812940158529955e+01
6.904830712315965968e+01
6.904002717156164692e+01
6.903588487559193254e+01
6.907889902515475455e+01
6.903445514695131635e+01
6.906051083061019824e+01
6.902710993146884277e+01
6.903796688558405492e+01
6.905249196591243788e+01
6.905114286420314329e+01
6.908590391600628777e+01
6.908229593581131667e+01
6.908729600470806531e+01
6.912956353125802877e+01
6.912604208548556528e+01
6.913068696501069610e+01
6.914652247963790899e+01
6.918660356209747420e+01
6.923329572187385850e+01
6.925336871778792158e+01
6.924998083194547860e+01
6.923857852119968470e+01
6.923641586199534004e+01
6.925068308410003226e+01
6.928134359203025383e+01
6.926875912077019848e+01
6.922998744334095989e+01
6.920554707395520211e+01
6.920751242581368956e+01
6.922347177860332579e+01
6.921710826878096157e+01
6.922492427806217563e+01
6.924473397161062849e+01
6.926254144286636460e+01
6.934945187994352978e+01
6.938038673249015176e+01
6.944174946690728234e+01
6.944942648258160034e+01
6.945959208409458085e+01
6.950624423216837044e+01
6.954156550338093723e+01
6.956841704450562247e+01
6.953800625266218560e+01
6.954622915639166081e+01
6.952233189063581165e+01
6.951743536669239631e+01
6.955538071071934780e+01
6.961054198475699195e+01
6.963748743939477492e+01
6.961543161996193874e+01
6.965833348048433038e+01
6.955909311847344156e+01
6.952845525353004064e+01
6.953536835726353615e+01
6.948918007394642871e+01
6.946848703313533235e+01
6.941597592751890033e+01
6.936064078371981623e+01
6.938707022604509689e+01
6.940172037511965186e+01
6.941864255062719735e+01
6.945929746881495248e+01
6.943899781116226677e+01
6.944880230865068427e+01
6.943859026217232611e+01
6.941362742787978846e+01
6.940181698282451350e+01
6.937199452029952340e+01
6.934414238903666217e+01
6.933255107364608705e+01
6.935234554335210078e+01
6.934725551679642308e+01
6.928891763632998391e+01
6.927558085192076476e+01
6.927626149839603897e+01
6.931198394382911943e+01
6.931802916201201015e+01
6.936526594321281891e+01
6.933470697013547124e+01
6.933227193699109137e+01
6.931161605962330441e+01
6.927471555089859123e+01
6.930187708502035093e+01
6.922352700475232723e+01
6.921649987420698835e+01
6.916631912793336312e+01
6.913888263755829655e+01
6.916346770081702289e+01
6.917776478121096773e+01
6.912907573431557751e+01
6.913003770828548511e+01
6.913698671587464162e+01
6.917677942890293252e+01
6.921036882217336483e+01
6.922861702601068146e+01
6.919143491310582306e+01
6.919637438443979249e+01
6.920675566863400263e+01
6.927038676763740455e+01
6.928223325464701077e+01
6.935412863176084386e+01
6.935975674966772431e+01
6.935202721380143487e+01
6.939381175624312448e+01
6.946921349297663539e+01
6.955318847197277421e+01
6.956514697350147003e+01
6.952952258435817612e+01
6.953593966948128013e+01
6.954001895994339577e+01
6.955109374841630654e+01
6.957139217569273626e+01
6.956595860412033971e+01
6.961194923976226789e+01
6.964375453611026501e+01
6.963173409654037016e+01
6.959519737286800023e+01
6.964843785908911400e+01
6.964917224581503774e+01
6.964942483005867757e+01
6.967128078805166069e+01
6.970560379917698413e+01
6.973788873258251897e+01
6.976005539576324566e+01
6.976426737411500767e+01
6.980071388737250970e+01
6.976119888454530837e+01
6.975605303444388028e+01
6.979288193247026584e+01
6.986565595386792893e+01
6.983989075382071121e+01
6.983827952365135161e+01
6.987354075678591414e+01
6.991236831840606669e+01
6.995732783591770954e+01
6.997667665836240758e+01
6.995193677723098347e+01
6.997449900284887292e+01
6.997053300086540162e+01
6.995553170873037629e+01
6.994361907923024546e+01
6.991389341955509451e+01
6.994436976096190506e+01
6.992071262266645704e+01
6.992038368728343301e+01
6.991490064969366358e+01
6.991200027944373119e+01
6.991007422648698366e+01
6.991149464043702721e+01
6.999874293770041334e+01
7.003280609404940549e+01
7.004219579809058871e+01
7.000853549362568629e+01
6.996123120337674095e+01
6.989001710422714098e+01
6.987664687711087197e+01
6.991973834271598776e+01
6.993676272023681406e+01
6.996964998822353721e+01
6.999516579690920537e+01
6.999801798405998454e+01
7.004590527301101588e+01
7.001518657577962301e+01
7.003644841199162840e+01
7.005730794776549430e+01
7.005566896203413307e+01
7.003937485037671706e+01
7.006779056380770498e+01
7.010346881266912078e+01
7.011206199852698262e+01
7.014144511907042556e+01
7.014892709797652515e+01
7.012233623606540789e+01
7.012913750993793371e+01
7.014442695413248430e+01
7.018400348733662497e+01
7.019799084168096215e+01
7.019152144449307684e+01
7.017064002322881322e+01
7.019650277598100274e+01
7.023097981598772321e+01
7.025998580326617571e+01
7.023437880211696438e+01
7.023025121349023436e+01
7.024758996999338478e+01
7.026883187080149185e+01
7.025815078538109049e+01
7.030726515900367701e+01
7.031561670179051760e+01
7.035778798658071764e+01
7.039807865609292037e+01
7.049919201278896708e+01
7.048206782286479211e+01
7.047669929730045624e+01
7.045909113540864155e+01
7.046146573287586534e+01
7.047998773636685144e+01
7.044535312541950134e+01
7.045475868267303099e+01
7.045553151307277062e+01
7.046055236068175986e+01
7.046952007143019614e+01
7.054636999827151556e+01
7.055802242336653762e+01
7.057519129918149758e+01
7.056385468950898598e+01
7.057072892762408856e+01
7.050440846565572883e+01
7.049606168429204445e+01
7.045899701131909865e+01
7.049767251858609995e+01
7.046858243695257329e+01
7.044446282090976297e+01
7.048937139238267946e+01
7.053015339679865292e+01
7.050247989125045933e+01
7.055330317534658491e+01
7.045939252091520189e+01
7.048429027720888485e+01
7.048920274133875807e+01
7.050662353396782578e+01
7.051066596253663477e+01
7.054116414305475757e+01
7.052812174230676590e+01
7.053345867449506557e+01
7.053447173396656922e+01
7.051880867670512032e+01
7.048667835816196714e+01
7.053131994605388400e+01
7.054739741980225176e+01
7.050735632008773734e+01
7.054520210095326149e+01
7.053625802536254241e+01
7.054628352583016238e+01
7.050739879862105397e+01
7.052141595468614810e+01
7.055179031357859287e+01
7.055209900782894294e+01
7.051697070934638134e+01
7.052075366589932059e+01
7.047839537989356984e+01
7.050765701157057208e+01
7.052483482733033782e+01
7.057151383790211696e+01
7.059956591325180852e+01
7.059871509162303482e+01
7.061077295716158631e+01
7.059436666078072165e+01
7.054941529261110134e+01
7.053865596213631761e+01
7.054239691605999951e+01
7.050066656765889661e+01
7.052683729175124938e+01
7.054401422851998404e+01
7.053124701480665237e+01
7.054323984331011843e+01
7.056993520421134747e+01
7.062109217577435061e+01
7.063177047640199646e+01
7.061158975690312900e+01
7.061279533445762979e+01
7.065058069168557608e+01
7.063013482951207322e+01
7.060381220654085155e+01
7.057058715764429735e+01
7.053493231350944370e+01
7.057874248905957870e+01
7.062423179570288312e+01
7.058686726321458593e+01
7.056185852282334281e+01
7.057821539757865992e+01
7.057076168399295568e+01
7.056170977731305527e+01
7.056565063132707394e+01
7.060829458995949892e+01
7.062528099232032730e+01
7.062153221474838460e+01
7.061277292168082909e+01
7.062362692371181083e+01
7.064555786313285068e+01
7.062377322328008233e+01
7.056784140121877158e+01
7.051779725348301042e+01
7.052522544902639368e+01
7.053191924819928715e+01
7.051786219661187260e+01
7.051275502721996702e+01
7.050372027016047127e+01
7.046607392644514789e+01
7.048091938110326282e+01
7.047084050671425359e+01
7.047974986193297298e+01
7.048569635437689840e+01
7.045988163254696701e+01
7.045947285891774925e+01
7.042632704761390983e+01
7.046534055894419168e+01
7.045800907691817372e+01
7.049184517926576632e+01
7.052419168866356358e+01
7.052475585806639913e+01
7.054528524321774796e+01
7.053698920542440476e+01
7.050125785951635748e+01
7.049179011037877274e+01
7.052552638084894454e+01
7.050619365402654637e+01
7.050584135254314333e+01
7.052355607766077128e+01
7.055661174706943939e+01
7.052401432005943605e+01
7.052158072402579592e+01
7.057733920976694719e+01
7.061380340169888825e+01
7.060669185838455064e+01
7.058660687341246387e+01
7.053136418164332611e+01
7.056828483608504143e+01
7.059444722943105432e+01
7.056993100894625570e+01
7.058259920702086276e+01
7.060931550869676698e+01
7.060162479797156720e+01
7.061288442140030952e+01
7.064168508792351986e+01
7.067520922191593513e+01
7.065090206654967631e+01
7.063696597384151232e+01
7.061400561060000314e+01
7.064689611361640686e+01
7.072321030637542094e+01
7.079613092959252185e+01
7.081460577171664283e+01
7.080892507673176794e+01
7.084664990939509721e+01
