-3.395122157690741460e+01
-2.542075334920255258e+01
-2.290130678683297560e+01
-2.363380876944995279e+01
-1.761000740260713826e+01
-2.269548326321138987e+01
-2.488149301088884258e+01
-3.030521557141504374e+01
-3.000402452589116820e+01
-2.997031328431778974e+01
-3.248306816252804197e+01
-2.954597613621168861e+01
-2.656864979370790536e+01
-2.203046597152789232e+01
-2.431580524011043920e+01
-2.600560232316602693e+01
-2.130729767200609714e+01
-1.942536429595240932e+01
-2.212591897340115210e+01
-2.345625800647954406e+01
-2.249999481189630401e+01
-2.254397516907012644e+01
-2.307785169074649900e+01
-2.619569274613073873e+01
-2.412165699069824143e+01
-2.583155367935442115e+01
-2.223960253305415335e+01
-2.358216325254007728e+01
-2.443317680965622785e+01
-1.849574518139904100e+01
-2.126850021397688195e+01
-1.775556112213231330e+01
-1.235179241855976073e+01
-1.527161248443040442e+01
-1.663504768074546547e+01
-1.585925738525532402e+01
-1.502108955693580583e+01
-1.613013366951322070e+01
-1.883802844891388872e+01
-2.129096792778585012e+01
-1.701016597216073478e+01
-1.629547153693967587e+01
-1.807690342779230264e+01
-1.384130479121812130e+01
-1.024413681338790916e+01
-1.163363365631209412e+01
-8.367532372232364679e+00
-1.000034901053831682e+01
-1.156345424951539158e+01
-1.193031186076549233e+01
-1.390479798620206608e+01
-1.266873232563835394e+01
-1.448702608128119351e+01
-1.378012183910722754e+01
-1.342396092510503891e+01
-1.413665822238242598e+01
-1.550078230962484938e+01
-1.692063848199457965e+01
-1.779521734996708560e+01
-1.498364605206168854e+01
-1.547532162207719608e+01
-1.483433024251942456e+01
-1.335480345136501690e+01
-9.906678770443402726e+00
-8.051299782856441212e+00
-8.228662069540796153e+00
-7.462943580676259181e+00
-6.566648583432241892e+00
-6.337667952353021050e+00
-5.477819401919036935e+00
-5.505993412416875898e+00
-5.596287863379160399e+00
-4.132973735290800477e+00
-4.170945634656911594e+00
-4.694324099906719283e+00
-3.405623123572561806e+00
-3.724076659019063484e+00
-3.997622455584616041e+00
-3.857989825786950711e+00
-4.172788806338000533e+00
-3.398475220197566316e+00
-3.801111169902450015e+00
-3.463793973860814557e+00
-3.397779166338525947e+00
-3.081538714870676099e+00
-2.532966551249570930e+00
-2.127810793196669881e+00
-2.320805539418192343e+00
-2.246149352558891810e+00
-2.111848008310504454e+00
-2.245410451851463929e+00
-1.622158610755237484e+00
-1.396468749493344319e+00
-1.091868788109299215e+00
-1.024603647840947485e+00
-5.292106974175335710e-01
-2.298099987542336353e-01
4.105793516760095074e-02
1.233327039465403480e-01
2.431888920764187778e-01
7.059780042107113296e-01
9.096464677866016313e-01
1.164397636885351028e+00
1.590182241251719031e+00
1.816328707547952837e+00
2.043676868249991507e+00
2.321398796872954140e+00
2.710567290073784719e+00
2.979998651938116083e+00
3.291991152325820735e+00
3.673291914779434730e+00
3.996439951859833251e+00
4.426474559984704626e+00
4.726499130574654650e+00
5.313314078193056567e+00
5.198808564911026053e+00
5.675600016103649281e+00
6.414476912187393687e+00
6.419585157793429531e+00
6.965558473654104965e+00
7.433852222433203316e+00
8.288537133789612099e+00
8.864555494519946066e+00
9.434852998120261347e+00
9.426532235701367668e+00
9.392365197821309408e+00
9.953955166946876432e+00
1.042291279559611183e+01
1.062432547145590434e+01
1.140645006583014798e+01
1.221143729423801183e+01
1.271533354848575925e+01
1.295935818895911495e+01
1.349887938493898609e+01
1.426138905884245744e+01
1.484726106261994616e+01
1.566825125126543305e+01
1.669591067436914855e+01
1.713260068882682674e+01
1.775349584090518462e+01
1.798520919028236875e+01
1.817673235877325055e+01
1.779636369641408322e+01
1.718385149404928924e+01
1.834250094934243336e+01
1.882201612834837690e+01
1.963689417818104488e+01
1.998199223126836088e+01
2.112946522998337429e+01
2.044773000356675396e+01
2.006728334741170983e+01
2.073374787630392646e+01
2.174516161146361881e+01
2.186164520885217044e+01
2.258377155057373642e+01
2.294367729974837289e+01
2.363630170802069941e+01
2.398025280629661538e+01
2.460227984731212914e+01
2.442602757041613870e+01
2.451540337986895679e+01
2.445749025572728286e+01
2.517103575611634270e+01
2.495118977476052180e+01
2.525074445375133436e+01
2.596681661612117153e+01
2.597113001003964072e+01
2.624265000356387745e+01
2.693333638867368052e+01
2.700079403163323732e+01
2.717050136051885900e+01
2.728599207682285410e+01
2.748977398960865060e+01
2.814255787374442619e+01
2.755944643261047133e+01
2.783325781716514769e+01
2.773558056762006885e+01
2.833777004896493068e+01
2.896443142004521576e+01
2.829760995665236223e+01
2.913031020397672322e+01
2.876612940258009843e+01
2.858240636728370987e+01
2.935531265918061194e+01
2.864691237777859811e+01
2.899578104949920387e+01
2.966869151948207772e+01
3.086396671648800805e+01
3.063568513786654535e+01
3.182418836329891221e+01
3.263250612118044813e+01
3.187569614572130305e+01
3.239752308141191151e+01
3.222412483090381130e+01
3.316326730732041028e+01
3.257355918846199927e+01
3.315366525529593389e+01
3.263407241918589818e+01
3.317250708592995778e+01
3.409333166415331817e+01
3.524682706024674417e+01
3.455843434474502374e+01
3.481607153023823997e+01
3.483951378943652344e+01
3.504116603946255282e+01
3.531310146017555951e+01
3.603728657942634328e+01
3.602479640431705121e+01
3.606220044209886311e+01
3.546370762399747889e+01
3.610947466230468450e+01
3.656101262231122462e+01
3.723240247091817423e+01
3.717430594678010181e+01
3.723740745136776553e+01
3.789242530575830870e+01
3.856303992052451690e+01
3.795751092782082736e+01
3.794517376171475576e+01
3.792901753955320032e+01
3.891174667595265646e+01
3.922364997468884695e+01
3.957718708548592446e+01
4.025143490436950344e+01
4.070632559406966777e+01
4.081335864200504915e+01
4.191207996906248212e+01
4.312162424517865134e+01
4.330244224222818872e+01
4.353195680966855718e+01
4.390311026973897413e+01
4.406218358685890735e+01
4.530581154248148579e+01
4.448249548714099433e+01
4.500381353263141904e+01
4.494074607877067962e+01
4.557721889354269251e+01
4.517388634324557017e+01
4.565423384415264252e+01
4.596750340589226624e+01
4.693139050782363597e+01
4.790642589587051248e+01
4.788417711336089866e+01
4.863593166604690765e+01
4.921785062729527738e+01
4.913948778228316883e+01
4.868097119697036135e+01
4.980107685183767074e+01
4.997378221803771936e+01
4.964275075703540097e+01
4.994476293845557535e+01
5.089313567515335279e+01
5.135412447995000207e+01
5.301103547613002576e+01
5.243869771984495287e+01
5.251182237126957375e+01
5.337990884258725544e+01
5.403814123531385860e+01
5.312205179713371450e+01
5.369214547957579242e+01
5.417414361284156143e+01
5.341332606073693512e+01
5.369912022782413885e+01
5.448955414896937555e+01
5.514317172672352285e+01
5.483604140672790095e+01
5.549736360520738998e+01
5.556158429921256925e+01
5.545329006960835727e+01
5.495349251412972080e+01
5.609589970754028343e+01
5.624336410103506978e+01
5.555858113281929889e+01
5.600729470726892600e+01
5.522529257534636571e+01
5.627981102073964337e+01
5.603917431803185423e+01
5.673455128094013133e+01
5.818608990802785996e+01
5.764995675399011077e+01
5.808296244872965275e+01
5.822229722957483489e+01
5.913590651976664958e+01
5.869463361866430517e+01
5.894230913329167265e+01
5.845215702883439235e+01
5.843981740322170282e+01
5.779433743580271710e+01
5.907687642270146000e+01
5.977404569905814924e+01
6.092618701137778459e+01
6.078751646180827350e+01
6.085457860524804374e+01
6.091980881118931990e+01
6.170381752692403410e+01
6.213810384045922319e+01
6.131036588364111850e+01
6.210774350611516326e+01
6.226772499046469278e+01
6.254717531210687298e+01
6.205593051303124241e+01
6.300469266684542902e+01
6.315023934704864672e+01
6.349462780733752965e+01
6.360083549093035060e+01
6.512140896553499658e+01
6.633850061869935644e+01
6.763936323192066880e+01
6.853400941211232578e+01
6.696069775665678492e+01
6.815716704582229113e+01
6.872091475325849785e+01
6.907957252943354831e+01
6.956975824967986455e+01
6.903316270935054888e+01
6.871260231476895797e+01
6.893512839291483374e+01
7.000520714678660283e+01
7.066587471635881457e+01
7.173066494225150791e+01
7.186731686051486179e+01
7.043457584981787534e+01
7.126057026350483170e+01
7.229347597290532690e+01
7.301729592613537534e+01
7.401801632741644710e+01
7.427131131839010436e+01
7.423682105960857314e+01
7.469425144813030215e+01
7.397447307760120339e+01
7.411793667236472061e+01
7.537209493068333188e+01
7.578274941118820607e+01
7.666960808470514621e+01
7.601542695358443780e+01
7.687055815486471033e+01
7.715095053642312450e+01
7.684344966109520669e+01
7.703659777639425954e+01
7.725000002468281934e+01
7.802896298440705891e+01
7.803341598368380971e+01
7.887502166332650688e+01
7.830265459465680067e+01
7.909232829956167166e+01
7.851882038688447096e+01
7.960481626057830340e+01
8.051365530837745155e+01
8.099642989134325433e+01
8.113655578934927348e+01
8.192031960198991669e+01
8.215466688996011158e+01
8.215582323466169612e+01
8.418543625903259908e+01
8.456475864709955204e+01
8.501536294401971361e+01
8.495859884566849018e+01
8.592826950341003567e+01
8.608560728209484125e+01
8.633711917810482817e+01
8.775062279786735076e+01
8.873802175842382667e+01
8.866842527530739915e+01
8.845829677398528190e+01
8.909077487899243408e+01
8.913430816023536352e+01
8.977160472933310587e+01
8.964416301112312624e+01
8.993773602463893724e+01
9.005798252095929968e+01
9.165853573490215922e+01
9.196628839391244981e+01
9.157243892688251208e+01
9.158963105671598726e+01
9.080392126526932373e+01
9.069312813079510249e+01
9.068589623048437431e+01
9.093242747128941517e+01
9.152084162318935512e+01
9.173702065396945216e+01
9.192747242195278545e+01
9.280626590829596978e+01
9.202593563590193071e+01
9.085484349781700075e+01
9.173619276220215113e+01
9.208775291401286722e+01
9.137103724278748018e+01
9.100053635202044688e+01
9.114530160269751491e+01
9.188001156532514813e+01
9.229655186354770535e+01
9.234747198171821481e+01
9.223734284538703321e+01
9.270387388894303626e+01
9.129149044113408706e+01
9.104869543064607740e+01
9.093859420307755670e+01
9.151195355484816218e+01
9.146925128816954498e+01
9.208319641196916905e+01
9.191689854437235851e+01
9.247252285077307477e+01
9.378975317008672619e+01
9.321316353782354724e+01
9.214706636398639716e+01
9.195729489003788615e+01
9.073984546079100255e+01
9.169189501075159399e+01
9.054289138860589503e+01
9.144405358373224146e+01
9.190050804143133689e+01
9.157409466425298206e+01
9.246168919290265364e+01
9.257263552778809412e+01
9.285639331690030929e+01
9.355371138863596059e+01
9.425075971589137680e+01
9.433531179198436689e+01
9.471891696191318033e+01
9.530630245048067195e+01
9.713336911078515357e+01
9.617121906622807614e+01
9.577063896934454590e+01
9.596422903397987625e+01
9.595249651383100797e+01
9.625916464970597985e+01
9.822180066720511604e+01
9.907957550949329573e+01
9.979130028977417055e+01
9.994974126996132213e+01
1.015064297186794420e+02
1.003912134323046672e+02
1.011278813785806392e+02
1.020275935267794551e+02
1.026460778180784530e+02
1.036736864624423333e+02
1.042793432278504042e+02
1.031434905370221600e+02
1.027254736695494159e+02
1.010847841589641547e+02
1.002119519021884173e+02
1.005086843095754148e+02
1.000704369927134820e+02
1.008344180567227113e+02
1.020981933956875451e+02
1.007798981743050604e+02
1.014376136025984181e+02
1.002633812675352232e+02
1.022287776704497588e+02
1.014633335427906218e+02
1.013536640083478630e+02
1.019946090503911762e+02
1.012003309005102096e+02
1.013030673361216429e+02
1.022998141706835327e+02
1.026061369247553614e+02
1.019381483005074216e+02
1.029771707591630872e+02
1.033802911143158099e+02
1.025657471013976618e+02
1.027980645181577870e+02
1.023990810953738162e+02
1.038392298889976217e+02
1.045277308976898354e+02
1.064285063024189384e+02
1.072090802577980639e+02
1.056139221643002628e+02
1.044701501533776877e+02
1.048043705204158869e+02
1.047684353770175107e+02
1.042527580170436181e+02
1.041220705007314251e+02
1.044970946459932861e+02
1.051405036398186041e+02
1.048312724150333821e+02
1.041225327130465530e+02
1.037245650036957159e+02
1.045360689159232805e+02
1.048381252703013757e+02
1.061063841483216805e+02
1.062803076821680577e+02
1.076660705536684901e+02
1.087385601820424199e+02
1.096482550991823217e+02
1.114606332536931177e+02
1.118730078079171903e+02
1.112757913845609039e+02
1.116664709289127444e+02
1.111227522810753499e+02
1.133555060512329362e+02
1.141151177963164969e+02
1.137890569408037607e+02
1.135804998722985886e+02
1.131042687913681277e+02
1.138160371768341861e+02
1.145879059383741350e+02
1.137287972431508791e+02
1.142810830841880687e+02
1.128309581180253360e+02
1.135110524239280352e+02
1.137300055083735231e+02
1.131259517872912994e+02
1.135622480481930552e+02
1.155769467960181061e+02
1.162150149199081284e+02
1.158011055355410406e+02
1.158580975664770421e+02
1.158761563993970043e+02
1.152585854233389853e+02
1.160438373514119235e+02
1.175665425631972738e+02
1.170337533887135635e+02
1.163434027720018804e+02
1.161536262704042741e+02
1.165190896242719134e+02
1.170743749271097869e+02
1.186124669737688180e+02
1.181630914805576822e+02
1.168186543073621095e+02
1.168343874568089973e+02
1.174576084230171915e+02
1.165793187659782433e+02
1.172928285329012823e+02
1.173831718438646448e+02
1.169528490813125075e+02
1.180264090134271271e+02
1.185326763561579497e+02
1.172564816282799853e+02
1.177715848278982236e+02
1.188312189536689516e+02
1.174737007323917339e+02
1.180814737192955732e+02
1.178434450490880181e+02
1.182434971507263555e+02
1.182766284954220311e+02
1.180558103766408351e+02
1.184249568472666567e+02
1.182927035122492043e+02
1.194836965622800875e+02
1.201644109255434500e+02
1.211433072805985631e+02
1.212522125278364342e+02
1.201401481555295732e+02
1.197612818037036391e+02
1.200330920867451283e+02
1.192374686239577954e+02
1.186000434207723515e+02
1.182586667334108483e+02
1.194857306213244357e+02
1.190846621236606495e+02
1.184096545374300007e+02
1.181887381059122646e+02
1.188218243098845619e+02
1.190868791745061088e+02
1.189257691859803714e+02
1.211846410116840644e+02
1.214378584919765984e+02
1.230250565947629724e+02
1.222033116255369833e+02
1.224254150977524489e+02
1.226305265440922767e+02
1.233062677735928929e+02
1.249452362411659863e+02
1.257008133647066757e+02
1.267726470766435369e+02
1.276733863741419412e+02
1.280897210101747703e+02
1.281185905122595727e+02
1.283426593274645882e+02
1.278747182084015748e+02
1.289223393359374938e+02
1.272224106987657137e+02
1.266139018017048841e+02
1.264798550426099979e+02
1.259722858824083005e+02
1.257259528219441904e+02
1.255837780956773599e+02
1.263242680139323113e+02
1.261437800922935679e+02
1.256670734549292519e+02
1.272529459196713333e+02
1.268551505247569366e+02
1.267513032174524596e+02
1.258052498993949797e+02
1.259154173024089260e+02
1.264505466804489515e+02
1.267412367232413288e+02
1.283163921498819207e+02
1.273544333516344409e+02
1.296116673858440436e+02
1.299899584598725824e+02
1.299055810046776287e+02
1.288188874158561532e+02
1.294105057056694363e+02
1.278009154732366426e+02
1.274204160731056277e+02
1.272071870018435789e+02
1.276195658266114350e+02
1.267468413787691190e+02
1.268134980200004236e+02
1.265433042502434517e+02
1.264391974898519919e+02
1.260468347703888554e+02
1.262262511200409278e+02
1.272043972167699621e+02
1.260080130259714082e+02
1.257274624547866892e+02
1.262552077598796103e+02
1.254850625972147782e+02
1.252690102124897891e+02
1.252441010352004156e+02
1.240064383870300446e+02
1.240263128925022329e+02
1.238504997237176326e+02
1.249147780484751280e+02
1.242572364086975654e+02
1.248703787612963794e+02
1.252392090388272123e+02
1.260158135326658737e+02
1.252261029216773522e+02
1.257685089353204546e+02
1.250921958686829498e+02
1.262990555655036786e+02
1.273272322899505724e+02
1.262638633885686232e+02
1.261767327749827530e+02
1.263623134872356388e+02
1.241221141542421549e+02
1.231304628528832126e+02
1.220240367395721108e+02
1.205165696398736657e+02
1.220774327681572089e+02
1.231250454230823550e+02
1.224517019151340520e+02
1.231839902536875826e+02
1.234330550602832801e+02
1.243880661352100532e+02
1.240053410481749268e+02
1.258993583163601642e+02
1.261053367922567645e+02
1.255906207753235009e+02
1.256964742170644485e+02
1.253176868051156987e+02
1.261998668903922720e+02
1.274610868103298742e+02
1.272018074150810349e+02
1.271697937883292582e+02
1.267352635700718793e+02
1.257930013886715130e+02
1.261433304981904655e+02
1.260959858952574564e+02
1.243435537056803923e+02
1.238585670085668937e+02
1.251647907815833776e+02
1.245715911050861138e+02
1.242217033439523988e+02
1.258886332412400009e+02
1.230565161120824769e+02
1.229688879475065164e+02
1.225634131872387655e+02
1.208344377361139550e+02
1.206186056419527830e+02
1.209184728409436360e+02
1.212578958459631906e+02
1.209670106466965080e+02
1.206905182396836125e+02
1.193696473102338018e+02
1.202233316202808027e+02
1.207284872001701643e+02
1.210741451307963814e+02
1.216898011399401298e+02
1.238631395892612659e+02
1.254133229458158922e+02
1.264984103217492475e+02
1.282453248628069105e+02
1.293402145445477345e+02
1.291721437812598765e+02
1.284210942490447565e+02
1.279759863010385317e+02
1.275066248744312247e+02
1.286971378639903492e+02
1.301678792879565947e+02
1.290683287642037556e+02
1.297162690276316823e+02
1.307262878751091648e+02
1.307405809881644814e+02
1.294455277919485070e+02
1.309920536454481237e+02
1.302849541435416825e+02
1.267875035752742718e+02
1.270881425454619205e+02
1.270428358674881935e+02
1.264295677658480770e+02
1.267895458789506051e+02
1.280649154542515760e+02
1.279190641442848602e+02
1.284811536677025003e+02
1.278512727958430020e+02
1.281588069722176897e+02
1.276109463782170650e+02
1.286508446001248558e+02
1.305868983795920713e+02
1.312813009148075594e+02
1.326789380430504082e+02
1.341164847038967594e+02
1.346567320365696787e+02
1.354791140090873967e+02
1.368749063954952589e+02
1.362383876934886473e+02
1.372377366343936558e+02
1.385099066655828608e+02
1.375863200776874180e+02
1.371812671830623458e+02
1.372215939985655382e+02
1.366484779887734362e+02
1.366283268469506709e+02
1.370715529731270124e+02
1.374195289661692243e+02
1.387032719545971986e+02
1.385303791395778603e+02
1.382339691485266542e+02
1.373046648628720448e+02
1.381727008610225198e+02
1.392734863120382158e+02
1.406742738933488397e+02
1.403464071719483854e+02
1.399447265544153538e+02
1.412808815094944350e+02
1.381170484835074035e+02
1.401928560548871303e+02
1.400441239144802523e+02
1.399877832226420935e+02
1.395057863382231176e+02
1.409801905799912731e+02
1.426911486149308530e+02
1.442065088186179196e+02
1.455021670130877567e+02
1.460849935662405414e+02
1.463391868449782578e+02
1.475081319476028909e+02
1.486631676813411218e+02
1.477996554215876017e+02
1.477753240214740913e+02
1.492943962294702658e+02
1.508046417271967812e+02
1.510058178579228922e+02
1.506155195404540166e+02
1.517706769956077153e+02
1.520582494619702913e+02
1.521452060564419355e+02
1.527712586776476655e+02
1.528796251012750815e+02
1.535613620642011199e+02
1.534917714782006612e+02
1.557190603386825671e+02
1.564372440797381785e+02
1.553253300380359008e+02
1.553033836190007548e+02
1.565553359862923628e+02
1.578654441241837389e+02
1.581050143929317073e+02
1.582239899608292149e+02
1.583151952154092328e+02
1.573067871664431152e+02
1.580088719155489798e+02
1.590376679130743298e+02
1.596319532040537581e+02
1.593208234135917110e+02
1.576374557653819579e+02
1.579166630867383105e+02
1.572816209036727457e+02
1.578048583354557195e+02
1.580386664106935086e+02
1.570307040466776982e+02
1.598810459864176039e+02
1.614830796179344645e+02
1.623600226506568163e+02
1.644693493641190685e+02
1.641761417652318755e+02
1.638254499590156570e+02
1.652998501618598937e+02
1.660900221992179979e+02
1.651688778800189823e+02
1.656778928913945208e+02
1.653253798001047130e+02
1.656419689401371897e+02
1.651958793012295814e+02
1.637796552685278186e+02
1.647728424063355419e+02
1.657994031405226565e+02
1.660256972331697796e+02
1.657694750938081825e+02
1.656225707493489381e+02
1.663666006731081950e+02
1.661053031968093023e+02
1.649261680712341729e+02
1.655591676137191826e+02
1.651343249387603294e+02
1.650952840161243103e+02
1.652161125540776538e+02
1.653837825073792658e+02
1.636859706835383008e+02
1.639979129495231689e+02
1.645601453517732864e+02
1.655441592092532801e+02
1.640430388705279938e+02
1.653359554276857182e+02
1.626181817763564084e+02
1.630242015991840390e+02
1.644028313594478732e+02
1.642531303314765978e+02
1.619848785376923672e+02
1.608769119932131559e+02
1.602033477495372438e+02
1.614779521418778359e+02
1.636084935430457108e+02
1.637184231381563961e+02
1.626288715902223316e+02
1.634131374135488954e+02
1.629665813176126221e+02
1.640659119364833884e+02
1.600752078802694882e+02
1.591174335078921729e+02
1.585622865340729959e+02
1.583221200066580820e+02
1.598338532776463694e+02
1.597076003502732533e+02
1.589373469611840619e+02
1.598784790171006307e+02
1.614118092479486677e+02
1.622776936852084759e+02
1.627903625029390469e+02
1.599040469512525533e+02
1.598315506664040981e+02
1.592413248301992326e+02
1.585709869720544418e+02
1.591587824337967163e+02
1.586275127519805039e+02
1.566936317174623525e+02
1.573029308556476451e+02
1.571430560709920883e+02
1.561586772777802992e+02
1.562112198294745156e+02
1.573247441647012295e+02
1.565491159049345526e+02
1.558437394521940575e+02
1.568629067547132934e+02
1.568933308027427245e+02
1.567741667387936957e+02
1.574801149093672734e+02
1.573243919067783168e+02
1.578509236929953659e+02
1.579913875437985382e+02
1.605896977737940574e+02
1.617525988285876224e+02
1.611993919703151619e+02
1.604427530824508494e+02
1.589141595413397283e+02
1.613065569682524085e+02
1.615011438509081358e+02
1.616382537320030792e+02
1.612863482469324197e+02
1.607542415055834510e+02
1.618579089637750315e+02
1.617214943448992699e+02
1.627148424940434950e+02
1.608875488256359176e+02
1.634717902495137878e+02
1.642341484258251398e+02
1.640579444429315004e+02
1.634866765809309470e+02
1.632249708709714184e+02
1.624949382300699199e+02
1.636799319879124255e+02
1.638977740862236203e+02
1.637968964979283442e+02
1.641697847069361273e+02
1.646744027513216224e+02
1.643218198730315294e+02
1.670262128304178759e+02
1.674160164332063516e+02
1.686839902570245613e+02
1.665080260893017510e+02
1.663556480187617979e+02
1.665551094280993993e+02
1.681358117769409262e+02
1.672944180108349599e+02
1.685247562624370516e+02
1.685870168816380499e+02
1.685305624734010905e+02
1.677848047243934388e+02
1.673805223685029375e+02
1.653300160929315723e+02
1.643234831239597327e+02
1.642337561968837747e+02
1.630571592753634036e+02
1.626523297303384652e+02
1.626869913347790657e+02
1.625985008216416645e+02
1.622379044310992242e+02
1.635482431074838416e+02
1.649577059272358497e+02
1.656411915467350298e+02
1.660184497151707319e+02
1.677934706215071401e+02
1.661334625720017470e+02
1.661341708487101698e+02
1.663277217394258685e+02
1.654794756581516708e+02
1.634446612776484926e+02
1.626359202686961680e+02
1.636455614162681513e+02
1.645859191901215581e+02
1.634063519482120626e+02
1.635745490347779310e+02
1.637055410188658584e+02
1.647631852296611328e+02
1.666693568441804700e+02
1.655635024226222640e+02
1.659405249503077471e+02
1.654924542116278872e+02
1.633286030308450734e+02
1.629717279534289389e+02
1.639785112074631286e+02
1.653924334662327169e+02
1.654417425429641071e+02
1.646569297605881843e+02
1.640907759971758537e+02
1.651091463395336234e+02
1.658680035487164730e+02
1.666924942055337908e+02
1.663759859858047037e+02
1.663431016184965188e+02
1.659549766884578048e+02
1.663188976290687719e+02
1.670476171280225799e+02
1.676197926502978817e+02
1.684114366274291683e+02
1.698711917434192173e+02
1.712786924853317316e+02
1.710703790598178955e+02
1.710030624009881421e+02
1.700985337581811336e+02
1.712093531665396711e+02
1.699415092647510050e+02
1.689605993276813081e+02
1.676482751814619405e+02
1.658822226249016296e+02
1.672357339637519260e+02
1.662711675866838448e+02
1.668358076074503344e+02
1.674882363811077823e+02
1.670443392551480883e+02
1.680637125499028173e+02
1.677177892702200950e+02
1.704086961812874108e+02
1.702519664183596149e+02
1.693320660130092392e+02
1.717715950160552154e+02
1.727146651941397124e+02
1.738013953646959351e+02
1.744232576489810072e+02
1.734512188376915844e+02
1.723100517908123948e+02
1.728871203900519333e+02
1.723978407595728299e+02
1.725579815882405796e+02
1.716478023547510361e+02
1.725131849530164629e+02
1.715091900330219801e+02
1.712381505366153078e+02
1.696235408104786018e+02
1.685479946679286058e+02
1.693835230272405283e+02
1.707699957931984613e+02
1.707401920818905978e+02
1.697831928141721392e+02
