-6.062831965605313655e+01
-6.139023537530530206e+01
-6.269117387639307282e+01
-6.207423614393660927e+01
-6.167590048834996708e+01
-6.103200755434257729e+01
-5.962678705852984251e+01
-5.901899586976833234e+01
-5.854830798401633274e+01
-5.775204885531154275e+01
-5.701264149346184951e+01
-5.622930142635939177e+01
-5.523848733205586825e+01
-5.480416481504033044e+01
-5.397337199605932767e+01
-5.374237327892569738e+01
-5.266455737592986708e+01
-5.185389733047600203e+01
-5.084621554522794895e+01
-5.012255091303487831e+01
-4.916465765264383236e+01
-4.858551656868407065e+01
-4.794064787384970572e+01
-4.703364283797484546e+01
-4.639291518831560523e+01
-4.544152249185991366e+01
-4.465054885077063318e+01
-4.355424134521761914e+01
-4.258096474649638452e+01
-4.186445757472587559e+01
-4.088741931160060972e+01
-3.991681808530036335e+01
-3.895611588741815012e+01
-3.875122198286203457e+01
-3.799458613331852064e+01
-3.714966985590558579e+01
-3.629359644713298394e+01
-3.591124425189025970e+01
-3.507081834785807928e+01
-3.412303133532450516e+01
-3.325056440508259925e+01
-3.201619009883059874e+01
-3.108093623097348512e+01
-3.018176373177571392e+01
-2.916689874854825959e+01
-2.809042771120873638e+01
-2.712972778609744751e+01
-2.621049748809623381e+01
-2.525249142078602915e+01
-2.354393471725625986e+01
-2.188588988224132237e+01
-2.007905293780474310e+01
-1.848788604524265011e+01
-1.654334739096059437e+01
-1.476413813352647431e+01
-1.302027878353078272e+01
-1.107942042181277742e+01
-9.139705807984526587e+00
-7.283028004045719150e+00
-5.445065189995228039e+00
-3.536173628032747818e+00
-1.588236576550437817e+00
1.286667014268114695e+00
3.205721941625510940e+00
5.201411711995647558e+00
6.805186849516089431e+00
8.567352617155679084e+00
1.034527946819855693e+01
1.215348169990501859e+01
1.405529131001844689e+01
1.601292926144030915e+01
1.784188788426641281e+01
1.956675604222288101e+01
2.141397429408161202e+01
2.315535270801044021e+01
2.496230104248536819e+01
2.662768821320862500e+01
2.836469950753727076e+01
3.009297430638316229e+01
3.155183967045169169e+01
3.306363551566392545e+01
3.447041101438063748e+01
3.655465929417457005e+01
3.894251595545735967e+01
4.052621950926921102e+01
4.246808116993273785e+01
4.407244354705068901e+01
4.565885226607731795e+01
4.716460681928188592e+01
4.872454042122554085e+01
5.023426870963372437e+01
5.162447765057021343e+01
5.305516195551934544e+01
5.427757549066927822e+01
5.547148975862514675e+01
5.670802505723352738e+01
5.802702245156806526e+01
5.915859092646215345e+01
6.032884515732307307e+01
6.169889498279520268e+01
6.293947715762644179e+01
6.429920727214840781e+01
6.533145368262225361e+01
6.644172044359015672e+01
6.784528643568303607e+01
6.871858005267877445e+01
6.961625633780428757e+01
7.057929715862589148e+01
7.154946321499735973e+01
7.228023632715131441e+01
7.327278417660359366e+01
7.400158788889652328e+01
7.484382645436723180e+01
7.564427063372899340e+01
7.651965841895425058e+01
7.736011003404225050e+01
7.829444331761496301e+01
7.921216715631496186e+01
8.004335957475659313e+01
8.063444596930041541e+01
8.133801489335489521e+01
8.200690755189398828e+01
8.277973027682082829e+01
8.334529760519825459e+01
8.428076018064739117e+01
8.471792447812106275e+01
8.534260453186210782e+01
8.593323863092926729e+01
8.676768594416626001e+01
8.742017289568617855e+01
8.819383092195242568e+01
8.862089880326037417e+01
8.919299171545266347e+01
8.976681002317320690e+01
9.038197286477738146e+01
9.078427184358024249e+01
9.119173734811229792e+01
9.166453387890761917e+01
9.208234905078610666e+01
9.253508473892372876e+01
9.296816344142834510e+01
9.325982486050736497e+01
9.366436888574102682e+01
9.409485135390053756e+01
9.451405807019186511e+01
9.507312378392256846e+01
9.553281819172406131e+01
9.587450085189799154e+01
9.627594685890612425e+01
9.666135828343647063e+01
9.693559868700100424e+01
9.720545704626343309e+01
9.754235090506999484e+01
9.790897694174009303e+01
9.823142948551881659e+01
9.847379188301343333e+01
9.877131068896817112e+01
9.894979762360858899e+01
9.921877574472625838e+01
9.942584180343983746e+01
9.978741256680916649e+01
1.000493924835084556e+02
1.004518166766055174e+02
1.007356473505155492e+02
1.009368518388803864e+02
1.010657863791565489e+02
1.008134912559884953e+02
1.009722683701319568e+02
1.013389504783108777e+02
1.015331480947383369e+02
1.017251830505125128e+02
1.019480461472488741e+02
1.021475390330249269e+02
1.023298898862494326e+02
1.025867830434403771e+02
1.027518199090911253e+02
1.029118555981269196e+02
1.029764720420482433e+02
1.032149484597707243e+02
1.031834970457557432e+02
1.034965216450942052e+02
1.037833089821799319e+02
1.039130041748277904e+02
1.040771982611773154e+02
1.042983435582378178e+02
1.045402675515167061e+02
1.047033074826504162e+02
1.049560397899653310e+02
1.050069000390946599e+02
1.052999017397873587e+02
1.057345371647474366e+02
1.058939063534546960e+02
1.059962345526098204e+02
1.061825342541897470e+02
1.064098201657064919e+02
1.066665937054431055e+02
1.068091835203706665e+02
1.068526577887979130e+02
1.069708381598208859e+02
1.069817400639629454e+02
1.072019701459019387e+02
1.072773405137111808e+02
1.074771680749638278e+02
1.076117046208640033e+02
1.079714338148633175e+02
1.082349359711580234e+02
1.083865920988699543e+02
1.085853782957254197e+02
1.087776623237146083e+02
1.088673692692941017e+02
1.089621132850933805e+02
1.091288814397217379e+02
1.093725595241019448e+02
1.096656311561650057e+02
1.100158211026482746e+02
1.103965607280922256e+02
1.105880450636758781e+02
1.107109209951171778e+02
1.109472051348589048e+02
1.111941643572679510e+02
1.114129872985486145e+02
1.115107230274077779e+02
1.117309114892406825e+02
1.119316143543931332e+02
1.120742515499039627e+02
1.122893425568525174e+02
1.125957334155700664e+02
1.126391240769668798e+02
1.129431593493953017e+02
1.131221369451099719e+02
1.133170596919354409e+02
1.134251855333695005e+02
1.135990477538341139e+02
1.138623649079602558e+02
1.139065101572033427e+02
1.142461545902888673e+02
1.144785948937096833e+02
1.147910029978605735e+02
1.149144620389499636e+02
1.150791547850444516e+02
1.152012716761429658e+02
1.154402623653517708e+02
1.157254515607093737e+02
1.158936287103005327e+02
1.159692312978023665e+02
1.161521409107797780e+02
1.164261612285424263e+02
1.165433508364929196e+02
1.169453295669055990e+02
1.171590380197539645e+02
1.174656551547512606e+02
1.176912253492455989e+02
1.178300315060608199e+02
1.178758083276991471e+02
1.181222997228690872e+02
1.183271171692704087e+02
1.185624641973953430e+02
1.188090012931251636e+02
1.189452792021403695e+02
1.190249050619347031e+02
1.191776827160671246e+02
1.192898817127376816e+02
1.193845605100103029e+02
1.194129377244999546e+02
1.196527369759144364e+02
1.198996560493100105e+02
1.201364223850074779e+02
1.203140141651218755e+02
1.203197382452942179e+02
1.205019885963498325e+02
1.206336043751916947e+02
1.206837049691223740e+02
1.209125417983692046e+02
1.210815859325419268e+02
1.211966796782319022e+02
1.213758224929365070e+02
1.216780838400780311e+02
1.216857223604156388e+02
1.218881712380174775e+02
1.220422900986906996e+02
1.221384639848476183e+02
1.222408559732475766e+02
1.223123968335670213e+02
1.224604808635762794e+02
1.224887683462685004e+02
1.226175955774911870e+02
1.226938309342092026e+02
1.227948391100058529e+02
1.227874470070519806e+02
1.228765527483816982e+02
1.230832474311100100e+02
1.232403571195718541e+02
1.233185147325832389e+02
1.234298400779496490e+02
1.234926080035170202e+02
1.235498122921686672e+02
1.235982777743033836e+02
1.236226872968458679e+02
1.236785607670347389e+02
1.238550243632759731e+02
1.238539377329521329e+02
1.239855015917002561e+02
1.241246047529586605e+02
1.240987948682880813e+02
1.242085605741943226e+02
1.242703227825438432e+02
1.242832998205611261e+02
1.243869528832957485e+02
1.244672067868125112e+02
1.244809143779604170e+02
1.245189263434072018e+02
1.245569563825143291e+02
1.246438776657139300e+02
1.246677709628483939e+02
1.246540674010645517e+02
1.246118615989238947e+02
1.247128505649331203e+02
1.246605904877936553e+02
1.247688700041029506e+02
1.248784100466073710e+02
1.249582607985938978e+02
1.248794890867452096e+02
1.249348228934262437e+02
1.251068156390557249e+02
1.252217789364503915e+02
1.251611164894157326e+02
1.252397317993894461e+02
1.251561550154397224e+02
1.251904239401004588e+02
1.252822541125145221e+02
1.254187565894146843e+02
1.254725899261632378e+02
1.255653466082893317e+02
1.255648164775486890e+02
1.255396526793703345e+02
1.255590185016817912e+02
1.256541518368727566e+02
1.258904250746932547e+02
1.258278018985430009e+02
1.258638534859841656e+02
1.259399432405458299e+02
1.260474495568333850e+02
1.261883621457014613e+02
1.263440433646092487e+02
1.265105702009135769e+02
1.266723418473175826e+02
1.267585886144015603e+02
1.269485710506180709e+02
1.270174708423297432e+02
1.270878239308207753e+02
1.271347769981524465e+02
1.272674898196355571e+02
1.274286736684112640e+02
1.275152052555626625e+02
1.276072514708890537e+02
1.277562580794540708e+02
1.278498679196225254e+02
1.280959760507403189e+02
1.282246858002858687e+02
1.283840496927156778e+02
1.284846674269678317e+02
1.286734936434262409e+02
1.287979045944345273e+02
1.288500801385646639e+02
1.289250406643043334e+02
1.291474931583947239e+02
1.293059439133377850e+02
1.294366262649836870e+02
1.296651390230640288e+02
1.298394145134656981e+02
1.300424699700877227e+02
1.301446523473178161e+02
1.301670967719154532e+02
1.301073875236585025e+02
1.303117775933628195e+02
1.303737418307528344e+02
1.305914662468132121e+02
1.307826920263651118e+02
1.308707401127652759e+02
1.309486570510950116e+02
1.309819164537078962e+02
1.310755625468183894e+02
1.310805537305370194e+02
1.311571220028023959e+02
1.313488339450665023e+02
1.314150421183457240e+02
1.314697245688350051e+02
1.316070345996824642e+02
1.316543247714109555e+02
1.316735065979760577e+02
1.317815773359085938e+02
1.318106462991035244e+02
1.317633646175396791e+02
1.315941504180533173e+02
1.316745734749538030e+02
1.317983584217446662e+02
1.316931158488314111e+02
1.318567618246603956e+02
1.319875147875983998e+02
1.320004399438500684e+02
1.320102393585782465e+02
1.319995400528370624e+02
1.320910278556280559e+02
1.321973830367255971e+02
1.322840894238765372e+02
1.323703303484405751e+02
1.323836932440304679e+02
1.324197261926013596e+02
1.324318108896290198e+02
1.325756534830758255e+02
1.326330782381385802e+02
1.327001242175486766e+02
1.328570203620494397e+02
1.329134006598745543e+02
1.328020154724730730e+02
1.327552761176501690e+02
1.328348086913780719e+02
1.328606231181998965e+02
1.329065014596352228e+02
1.329436211628448916e+02
1.330056528853943689e+02
1.332113540468334349e+02
1.333780635522466298e+02
1.333405432681128104e+02
1.334502134557523902e+02
1.335592399167493625e+02
1.335068841118867624e+02
1.334743519962250957e+02
1.336227211526021392e+02
1.336830415322364161e+02
1.338265140081758489e+02
1.340343862951222604e+02
1.341843841770031815e+02
1.342608116870330832e+02
1.344543434662411414e+02
1.345602894964528105e+02
1.346063293278239144e+02
1.346796182671649547e+02
1.347481427433955048e+02
1.348428034745662956e+02
1.348440278184151566e+02
1.350657098206129660e+02
1.352034960560332308e+02
1.352502471103733228e+02
1.352364892487853183e+02
1.353733435578485000e+02
1.353798350513303319e+02
1.354171894768740287e+02
1.354924077672177134e+02
1.354373915308764538e+02
1.355598078389004399e+02
1.356930738934409533e+02
1.357640643150070332e+02
1.358366373478443450e+02
1.358698568795643098e+02
1.359278342397063568e+02
1.360116816630987557e+02
1.361171864620744429e+02
1.360967279285492566e+02
1.361353942851346801e+02
1.363544461850471237e+02
1.364660896373986816e+02
1.366482643272448172e+02
1.368103568923137630e+02
1.370449917476767610e+02
1.369347573010068970e+02
1.370111484340200434e+02
1.372140286681025145e+02
1.373455063612013589e+02
1.374307461094701921e+02
1.374440127960384928e+02
1.375412394338484887e+02
1.376912305299127581e+02
1.378792350408948550e+02
1.379173068465300389e+02
1.380754292609003642e+02
1.382075185955092138e+02
1.381838957609338934e+02
1.382874137419249791e+02
1.384270580430999189e+02
1.384746417561108842e+02
1.386522478103443632e+02
1.386693716398904144e+02
1.387467716193442300e+02
1.388392527901755216e+02
1.389537178901026095e+02
1.390612405622758843e+02
1.391949783469613635e+02
1.392798224554357773e+02
1.394549704014431200e+02
1.395925376274076086e+02
1.396010403158139184e+02
1.397541002717464664e+02
1.398793854685449958e+02
1.400563509090714547e+02
1.401421482062666257e+02
1.402902196443569665e+02
1.404130655462280970e+02
1.405945608362607402e+02
1.407044055783546526e+02
1.407187131973227849e+02
1.406474186635217052e+02
1.406964778541971270e+02
1.408681104799533728e+02
1.408964414950300181e+02
1.409974078652652452e+02
1.411088313419324152e+02
1.412249585965290635e+02
1.412339795847726123e+02
1.411622408221584806e+02
1.412383233101919586e+02
1.412811179103760253e+02
1.413803106754815815e+02
1.414410960361201717e+02
1.416524539017779318e+02
1.416694084531441717e+02
1.415455067742455526e+02
1.415952744860733219e+02
1.416182297807783357e+02
1.417238302552988785e+02
1.417814680388952979e+02
1.417919108432113546e+02
1.418068758701696197e+02
1.418563775120830428e+02
1.419752800332875040e+02
1.419855696034483401e+02
1.420013454455310864e+02
1.420784706111523121e+02
1.420655650833639925e+02
1.421894166058025064e+02
1.420405810756725486e+02
1.420896687793456863e+02
1.421474349261033296e+02
1.421297155796780771e+02
1.422182359430995007e+02
1.423250603759782678e+02
1.422455026418325588e+02
1.423336887799160877e+02
1.423154268670476768e+02
1.423487292597104386e+02
1.423554539111855490e+02
1.423899318944459935e+02
1.424066873829838471e+02
1.424199013866886787e+02
1.425028478428157825e+02
1.425055332592085051e+02
1.426185731493337414e+02
1.425302582026874063e+02
1.425595701963608803e+02
1.426228765967763081e+02
1.428702070422346253e+02
1.429922235602139722e+02
1.428292596891485005e+02
1.428731280846520235e+02
1.429809157338226839e+02
1.430724833853364828e+02
1.430506395166797233e+02
1.431711775953661459e+02
1.431738305616655680e+02
1.431645695288182765e+02
1.432268282405536013e+02
1.432654655808802602e+02
1.432659766932048058e+02
1.433031176056403240e+02
1.434006249605572236e+02
1.435910133724258344e+02
1.436524514950885703e+02
1.436585994757719789e+02
1.436700297223036671e+02
1.436980692624071025e+02
1.438152827026646321e+02
1.437852077490167915e+02
1.437456064069617696e+02
1.437793146742842225e+02
1.439350399341479658e+02
1.440329474437129704e+02
1.440261022786597493e+02
1.441666354068909754e+02
1.441026861590461294e+02
1.441920905396085004e+02
1.442151451704059468e+02
1.442599917127733988e+02
1.443146363250469335e+02
1.443877862926687783e+02
1.445347638548795715e+02
1.444886991360324373e+02
1.445560498723062608e+02
1.446299635393015421e+02
1.447443730978899623e+02
1.447453419716115377e+02
1.448124794605016348e+02
1.448585565990561292e+02
1.448844674821043270e+02
1.448151278468391183e+02
1.449300560767727859e+02
1.449552639733913963e+02
1.451732347225530759e+02
1.451506645127152808e+02
1.451738597849969210e+02
1.451914735139715731e+02
1.451820503424020217e+02
1.454453816378964461e+02
1.455047543572659094e+02
1.454611989367861611e+02
1.454041930503914841e+02
1.455434079334655735e+02
1.456406105151284578e+02
1.457841912281538157e+02
1.457422881068405331e+02
1.457839126552593996e+02
1.458517505068364812e+02
1.459624585879820131e+02
1.459775961969392881e+02
1.460359272925092853e+02
1.459262416894707712e+02
1.459449188040530601e+02
1.459654550572618632e+02
1.460291703658030258e+02
1.461118718674190688e+02
1.461113982981781874e+02
1.462431610653741245e+02
1.463720866170573913e+02
1.464780175702096585e+02
1.465145515721831089e+02
1.466187398587689756e+02
1.467530556501883154e+02
1.467736466716178541e+02
1.469377692529126307e+02
1.470353404109762323e+02
1.470553945106817650e+02
1.472366944003655931e+02
1.473045880557624798e+02
1.472210749120367552e+02
1.471394327257794714e+02
1.473139019104184797e+02
1.472430987409107104e+02
1.472885927238306749e+02
1.473635668178501987e+02
1.475386186044829628e+02
1.476752329267058599e+02
1.476659824709816746e+02
1.477577233943194415e+02
1.478940346563784374e+02
1.478683777109815196e+02
1.478774001874508315e+02
1.479698516017455461e+02
1.479887029216470467e+02
1.479601891942518819e+02
1.480684417230146153e+02
1.481468794633191521e+02
1.482312216444182980e+02
1.483561754628473182e+02
1.484861902131020486e+02
1.485711650889518580e+02
1.486538365265680852e+02
1.486761721791384332e+02
1.486517257275505983e+02
1.488070758269135467e+02
1.488391365545691656e+02
1.489373742873565902e+02
1.489053438686730715e+02
1.490118776483437273e+02
1.490674669330954316e+02
1.492346800121445085e+02
1.492772616683976139e+02
1.492999606545837139e+02
1.493320794906461231e+02
1.493627048344906996e+02
1.494286089206397037e+02
1.494582123360576702e+02
1.493676894910452688e+02
1.493678539716403293e+02
1.493491640313185655e+02
1.493885976606915733e+02
1.494161594013512513e+02
1.493965790843490709e+02
1.493863755085515379e+02
1.494101992079509387e+02
1.494050694537271227e+02
1.493953614117054940e+02
1.494186375091235277e+02
1.495198135629792944e+02
1.496263402289569626e+02
1.495241057015009005e+02
1.497710957254533923e+02
1.498335781803005204e+02
1.497447599791759671e+02
1.496741921317601793e+02
1.496606811036316458e+02
1.496721794655207987e+02
1.497823263911317326e+02
1.497152806876817976e+02
1.497517085102403485e+02
1.497562904068305443e+02
1.497237569374956081e+02
1.497844733827656967e+02
1.498670459932810672e+02
1.497936227416690826e+02
1.497561491395803728e+02
1.496970449190997954e+02
1.495532084327408313e+02
1.496005982201344011e+02
1.496222783575243227e+02
1.495232740384148542e+02
1.495456877487881684e+02
1.495251228131511425e+02
1.494990244692976660e+02
1.494203451653711454e+02
1.493800932136976485e+02
1.493508018517600533e+02
1.493526489889014499e+02
1.493956040264226885e+02
1.493296539678733552e+02
1.493470058883537774e+02
1.494426746999589284e+02
1.495412140809940524e+02
1.494806097645202954e+02
1.494786522154603006e+02
1.493860403576329077e+02
1.495417609617473715e+02
1.495567885294139501e+02
1.496794449200332338e+02
1.496689127515245161e+02
1.496190751243222508e+02
1.496357518743669175e+02
1.495622887247801316e+02
1.495612006391346256e+02
1.496243545807980126e+02
1.495235557728345270e+02
1.495611239126040743e+02
1.497021069966332902e+02
1.497241245848266828e+02
1.498044455170197864e+02
1.498015572097631321e+02
1.498620302316956270e+02
1.499452073729727601e+02
1.499968550863787300e+02
1.500692327833058641e+02
1.501958411492858545e+02
1.502011305038440980e+02
1.502948679254260753e+02
1.503363057031052108e+02
1.503835289836874836e+02
1.504767284856761478e+02
1.506400572915730152e+02
1.507459688491138650e+02
1.508403526735528715e+02
1.508839386593131167e+02
1.509334986237793714e+02
1.510130874041339268e+02
1.510097168663821208e+02
1.510367581710683282e+02
1.511769166544318352e+02
1.512140346287985437e+02
1.512605969772147319e+02
1.513414417094797386e+02
1.514892343096498735e+02
1.515646556636480113e+02
1.515969607177177636e+02
1.515921940186951247e+02
1.516603872679905862e+02
1.517144982985736021e+02
1.517261012328440017e+02
1.517728273986936074e+02
1.517174053174665289e+02
1.517830917098702628e+02
1.516795669317000375e+02
1.518733095169259570e+02
1.518793008166646530e+02
1.520053318538018630e+02
1.520395758848219998e+02
1.520601109140932579e+02
1.522306922839697449e+02
1.523464932817793738e+02
1.523417960292509576e+02
1.523874313301564030e+02
1.525088175773680916e+02
1.525526281206841759e+02
1.526540262264888668e+02
1.525034433111803196e+02
1.525961630981663859e+02
1.525577015529183029e+02
1.524858947072968078e+02
1.524696876571777864e+02
1.524369888444605294e+02
1.525265013419948730e+02
1.525529535062886737e+02
1.525618643422426999e+02
1.526250158619685919e+02
1.526965619261195002e+02
1.526997757488322804e+02
1.526836185793843015e+02
1.526705467280498567e+02
1.527012017863675339e+02
1.525544105217903450e+02
1.526088156961633331e+02
1.527100373542468219e+02
1.527501389194529793e+02
1.527571220729130914e+02
1.527042972855970788e+02
1.527211652977977678e+02
1.527629506717688344e+02
1.527999441527486226e+02
1.528178596863068321e+02
1.527693058541614164e+02
1.526650852135875027e+02
1.526997271748669789e+02
1.527457173830519253e+02
1.527496438370170324e+02
1.527366359206672257e+02
1.527585869947783976e+02
1.527601583600672939e+02
1.527484662849971642e+02
1.527728263548743826e+02
1.528448472023801799e+02
1.529328173111660760e+02
1.528868338175090003e+02
1.528141295747328741e+02
1.528514473950206707e+02
1.527685951477864990e+02
1.528534330147847982e+02
1.528502047568787816e+02
1.527150427057685249e+02
1.527814447868614138e+02
1.527738108537668893e+02
1.527425651448631641e+02
1.528482813720669640e+02
1.527416446108938999e+02
1.527832178086279669e+02
1.527483439512646441e+02
1.528086036966166432e+02
1.529713533024569472e+02
1.529268056630426997e+02
1.530981068326892682e+02
1.531248027012921682e+02
1.530886357053485654e+02
1.530579272134959297e+02
1.530107336410388541e+02
1.529244611903456530e+02
1.529690640942706921e+02
1.531142757757586992e+02
1.531249184862384993e+02
1.530998878123766644e+02
1.531634486633993788e+02
1.530443829783843626e+02
1.530816205881376391e+02
1.531669131437173235e+02
1.532478886541622387e+02
1.533925226340118115e+02
1.534977797169279086e+02
1.534003720437829656e+02
1.535129067070449196e+02
1.536119710791034834e+02
1.537644520407826292e+02
1.539252746542200612e+02
1.538528167277338525e+02
1.538394888661830464e+02
1.539025673431721088e+02
1.539076052563368364e+02
1.540195122155006970e+02
1.540066718197676323e+02
1.540547835395031484e+02
1.540625603268396446e+02
1.540736214729032554e+02
1.540761440864234544e+02
1.541070464422327291e+02
1.541635953237778551e+02
1.541624901384812745e+02
1.542667020483907834e+02
1.542334665069079165e+02
1.542352027930207896e+02
1.544203407066234774e+02
1.544785001503867363e+02
1.544972843868563075e+02
1.547172128494429728e+02
1.546039035778115363e+02
1.546758987378544816e+02
1.547913301648980280e+02
1.548583047013658245e+02
1.547417911826595400e+02
1.547783076171489256e+02
1.547975627105900855e+02
1.546702942213900656e+02
1.546601525121979250e+02
1.547100254718955910e+02
1.547628229507767799e+02
1.547234372645462486e+02
1.548475510051035258e+02
1.549179075244274202e+02
1.549104840548527022e+02
1.548507286407770778e+02
1.548906109174606627e+02
1.549777322321401130e+02
1.551247884771802887e+02
1.550861576933062622e+02
1.551411074947109228e+02
1.550774059220112804e+02
1.550442640213558718e+02
1.549266122588896337e+02
1.549386908625565979e+02
1.548960457997041829e+02
1.548259657601519450e+02
1.547162432118500703e+02
1.546250011905654276e+02
1.546534334221836104e+02
1.547088029155745232e+02
1.547028710746052411e+02
1.548149112907013887e+02
1.548195429312135332e+02
1.548794159535582367e+02
1.549093736887441821e+02
1.549569426187350700e+02
1.549523573838021946e+02
1.550720511608652998e+02
1.550836649467460973e+02
1.550891386452964014e+02
1.550127012315596744e+02
1.548998692735635530e+02
1.548686421691949988e+02
1.549294638225486835e+02
1.548856740078563234e+02
1.549842881117189108e+02
1.549161657594516157e+02
1.549152169545018012e+02
1.549283922410786261e+02
1.548470926708273794e+02
1.547368301456389190e+02
1.546845971238679454e+02
1.546974614439998845e+02
1.545606374183200273e+02
1.546413952739700335e+02
1.547751217205059788e+02
1.547390799659351899e+02
1.547783198566713736e+02
1.546844486763452267e+02
1.547898670692421206e+02
1.547392767862551182e+02
1.547312423027124737e+02
1.547613287862026255e+02
1.546858612174729899e+02
1.546627278676806441e+02
1.545962172571997542e+02
1.544455095768311423e+02
1.544552708799755862e+02
1.543891900689236536e+02
1.543808674317721170e+02
1.543353026299556916e+02
1.544563005652497907e+02
1.544818247954989374e+02
1.544824143787886612e+02
1.545302183529613558e+02
1.544539807981283843e+02
1.545139451854175832e+02
1.545476175275603907e+02
1.544656048613530857e+02
1.545963258470314372e+02
1.545239281998700278e+02
1.545332863791491320e+02
1.544220848628126816e+02
1.544140111183061208e+02
1.544354909420613069e+02
1.544558437960617709e+02
1.544700888231451472e+02
1.544344348688645141e+02
1.543810484662342049e+02
1.544819617258398523e+02
1.543951643450103575e+02
1.545072189537523570e+02
1.544483960734123968e+02
1.544922893437275206e+02
1.544023400549217229e+02
1.544288181720159230e+02
1.543646404617357177e+02
1.542575893211149491e+02
1.543566845299181693e+02
1.544528614947887206e+02
1.544852861098561050e+02
