1.443746374122282994e+01
2.341677729605250491e+01
3.704327638323830030e+01
6.173562261299782250e+01
8.991375626635695539e+01
1.170994261322395857e+02
1.408291302869932338e+02
1.664726357821466820e+02
1.811857968484252694e+02
1.906659916833294517e+02
1.970900880410764842e+02
1.984737502566558760e+02
2.034486990702599485e+02
2.134793082255506249e+02
2.289716354786361023e+02
2.408564434913182311e+02
2.591086158470872647e+02
2.791879031160778482e+02
2.992215450772016538e+02
3.184854498108375083e+02
3.279244335634249978e+02
3.471401567125171255e+02
3.680293058040871301e+02
3.905246011509509003e+02
3.983425051205178988e+02
4.050511806915960733e+02
4.182702531993090815e+02
4.262093129514455541e+02
4.308375607891308050e+02
4.356532794393141330e+02
4.374292285320516385e+02
4.430070928123542444e+02
4.552302452227845606e+02
4.580437931549357700e+02
4.631843997470716658e+02
4.748605410984956734e+02
4.810141882912014921e+02
4.740569509283491811e+02
4.741253673282697605e+02
4.784396128683214329e+02
4.698045579655645270e+02
4.822963310571688567e+02
4.852204776445069001e+02
4.899584499539874400e+02
4.990472946380439225e+02
5.129292943680701455e+02
5.079555242096312782e+02
5.186500584059616585e+02
5.315078516790650838e+02
5.381849578671108247e+02
5.466394818145513455e+02
5.614414590306980699e+02
5.789820013155906508e+02
5.914441741067735165e+02
6.084648741630505810e+02
6.225353180653709160e+02
6.509872197416291328e+02
6.699585022034584654e+02
6.879591265789592853e+02
7.059871375409920802e+02
7.203752475610626789e+02
7.391739056593922896e+02
7.627932869772886306e+02
7.829690780797635625e+02
7.954709745637602509e+02
8.042627420930040216e+02
8.140937134177478356e+02
8.273245263924087567e+02
8.443961454914823435e+02
8.602367820142816299e+02
8.829897932359272090e+02
8.901771453666625575e+02
9.058683503570322273e+02
9.209245091170145088e+02
9.378760694794848405e+02
9.557204109386549362e+02
9.671319991251235706e+02
9.754394621248668500e+02
9.890956351416659800e+02
1.009444708828014882e+03
1.017872681851764469e+03
1.031567600443267338e+03
1.054559540341375850e+03
1.066461650472767360e+03
1.065690460510264984e+03
1.079476236074390272e+03
1.079745485831786027e+03
1.107168934087491834e+03
1.136137620861911500e+03
1.138291262494933562e+03
1.138939230530217401e+03
1.137415024189143651e+03
1.152960392313746752e+03
1.153455467095031281e+03
1.173284547533422938e+03
1.182974781326695620e+03
1.188072698978344306e+03
1.200749520706925296e+03
1.223121601266083644e+03
1.241497153219264192e+03
1.251627775484809945e+03
1.293886730126220073e+03
1.321051068679162654e+03
1.350748195524606899e+03
1.363585476388007010e+03
1.366535746425073285e+03
1.384797390218845067e+03
1.360671515762885292e+03
1.365325732448095323e+03
1.385114032421064849e+03
1.402041257138465653e+03
1.428003753190061161e+03
1.456044278401910560e+03
1.475400813302803726e+03
1.492926649688707812e+03
1.526002254763001019e+03
1.527502251719770811e+03
1.538872330515622480e+03
1.565968502228763555e+03
1.580433856322353222e+03
1.598244507276003105e+03
1.598032038572488545e+03
1.590093034704050524e+03
1.609784335309820108e+03
1.605009083681011361e+03
1.578676705586173739e+03
1.600154869705039800e+03
1.608473794664139859e+03
1.645211368624660508e+03
1.670209542589788725e+03
1.701883874264030965e+03
1.719465173976456526e+03
1.764024515866330830e+03
1.759462403833570761e+03
1.780741267318054952e+03
1.778172166919827760e+03
1.798845473426254557e+03
1.772589134234440280e+03
1.759727311187513806e+03
1.771201632865841930e+03
1.753008790867180778e+03
1.740516090565537979e+03
1.771547182282542963e+03
1.778804780568830211e+03
1.776478363628245916e+03
1.759001940904156754e+03
1.765702116454289353e+03
1.792443143017196235e+03
1.788575640921228342e+03
1.772516391913187590e+03
1.784401900630530463e+03
1.804719989548441845e+03
1.809674692876666768e+03
1.798523892508713971e+03
1.775539802110973142e+03
1.794394410595455838e+03
1.785785248910917744e+03
1.803716368754663335e+03
1.789286652394591101e+03
1.808735800864996008e+03
1.794292967163425374e+03
1.815950835928076231e+03
1.805219049422819126e+03
1.852413051908995612e+03
1.851282588626698498e+03
1.879030424390808548e+03
1.897756755382285519e+03
1.901331875810219117e+03
1.937667136290242297e+03
1.964312807458067027e+03
1.937077832263836171e+03
1.964347563975639105e+03
1.933052938096426033e+03
1.957532307982443626e+03
1.961572532914165549e+03
1.945159402204986009e+03
1.945858332195442017e+03
1.948873161978708140e+03
1.942529364513704195e+03
1.881343453445473870e+03
1.875273892077039136e+03
1.855123803044951046e+03
1.843879296612522694e+03
1.781794744155661874e+03
1.803179232979069639e+03
1.814056268419557910e+03
1.818585087185061184e+03
1.778877988098870901e+03
1.764866369796266326e+03
1.791080475477891696e+03
1.786383471628070993e+03
1.781028956741676893e+03
1.773893166489299347e+03
1.749487302606747562e+03
1.753667033398597823e+03
1.783614128828236971e+03
1.795983643277642841e+03
1.796222794910853509e+03
1.810986811655343672e+03
1.821010754059493820e+03
1.831107450881229852e+03
1.856593973745736321e+03
1.868929388774806284e+03
1.862274674736757333e+03
1.880638306084642181e+03
1.903965750397190504e+03
1.932192717285811113e+03
1.961284135123510850e+03
1.953261356726085751e+03
1.970034093353244316e+03
1.948132549478779765e+03
1.981350777818351617e+03
1.975350555452576145e+03
1.960146471980871638e+03
1.954102753112017808e+03
1.939440274061895252e+03
1.960300425668075150e+03
1.953554147892829405e+03
1.942813025051571231e+03
1.931128973743351708e+03
1.942585831324173569e+03
1.968341602159336389e+03
1.979723941340628471e+03
1.975849773175419159e+03
1.992208409376469490e+03
1.977365898433650045e+03
1.998360883803694151e+03
1.985204007159899902e+03
1.996578662873377880e+03
1.990449636844862653e+03
2.005912691808752470e+03
1.980193709174213836e+03
1.967935737052525610e+03
1.980948142486261531e+03
1.969657667624413762e+03
1.968182730600537298e+03
1.989415820321038382e+03
1.999825391922497374e+03
2.011488422807347888e+03
2.016702284308025583e+03
2.048379813444700176e+03
2.081112355405834478e+03
2.092858596129035504e+03
2.127893337933133353e+03
2.145717924808448970e+03
2.157917117086165945e+03
2.177912271637386766e+03
2.192202466077627378e+03
2.161787397616215003e+03
2.179730707011551203e+03
2.192787817832121164e+03
2.203576277637407657e+03
2.224329274750151853e+03
2.256823809413640447e+03
2.239367462807663287e+03
2.221130907284283694e+03
2.204387272951660634e+03
2.222355780485758260e+03
2.220251075899716398e+03
2.250389791126181990e+03
2.221843001318053211e+03
2.226676335440429284e+03
2.204235851328247008e+03
2.221053248295615049e+03
2.217278865693024727e+03
2.175923144072486139e+03
2.162998724655653859e+03
2.185926500730618500e+03
2.170468145261944755e+03
2.177969398762428227e+03
2.178095258826916961e+03
2.191631328423511150e+03
2.125989223249651332e+03
2.141061331176670137e+03
2.100513086258305520e+03
2.092530592366270866e+03
2.087720408907800902e+03
2.071977178233927134e+03
2.102869885587037970e+03
2.090301788187627153e+03
2.105580345034395577e+03
2.086822966285961684e+03
2.068543731802030834e+03
2.059461228792200927e+03
2.045804487117204644e+03
2.024870845090223611e+03
2.044596702494384999e+03
2.061637578855855281e+03
2.069816702464088394e+03
2.061220628762327578e+03
2.101859670605764677e+03
2.096061251898528099e+03
2.092243213344883316e+03
2.116033067645816573e+03
2.116449270405083553e+03
2.152055387087706094e+03
2.188313245722561533e+03
2.189928287612051918e+03
2.199096141261587491e+03
2.189292258578179371e+03
2.199107868040125140e+03
2.231449754538115485e+03
2.248657759840469680e+03
2.276374183985905347e+03
2.265928224500990837e+03
2.265619150728708973e+03
2.273108883669744046e+03
2.290965834825020465e+03
2.282394224083378504e+03
2.294355204868925284e+03
2.333564194637471246e+03
2.347608759525222013e+03
2.319028151467945008e+03
2.289029431495756853e+03
2.288065833046649914e+03
2.277938545358905685e+03
2.249061027419022139e+03
2.222686845015529798e+03
2.161791223615613490e+03
2.097020761155672517e+03
2.083504246106207574e+03
2.090344663374367883e+03
2.061117672209124066e+03
1.987778426653251245e+03
1.944947982328806347e+03
1.926692551591733263e+03
1.933990833409789730e+03
1.914693465167605382e+03
1.908286670898015245e+03
1.883702675654298446e+03
1.878411601770767675e+03
1.871380516291402273e+03
1.871730661199847873e+03
1.867830891295346873e+03
1.839419817475941272e+03
1.788370225302020572e+03
1.797753294236343891e+03
1.807416881058058379e+03
1.833030033287772994e+03
1.820026868987850321e+03
1.826136101423991704e+03
1.836760144328224442e+03
1.857125264576794279e+03
1.858937822614430615e+03
1.885174924860496048e+03
1.894855031349647334e+03
1.908552047230754397e+03
1.945774511741815331e+03
1.982401725495136816e+03
1.991502677240097000e+03
2.022432902642993668e+03
2.054734473434992196e+03
2.073673920473127055e+03
2.108713902693062664e+03
2.107494296166060849e+03
2.108780931462459648e+03
2.139014943475092423e+03
2.162000481100750676e+03
2.163657463765660395e+03
2.162403504235892797e+03
2.169736450120757581e+03
2.163258841816287259e+03
2.220372791323977253e+03
2.237036214918497535e+03
2.246003713393505222e+03
2.269330837220159083e+03
2.301626262406067781e+03
2.313680377306487117e+03
2.338355228245092349e+03
2.357458618350775396e+03
2.389478830871899390e+03
2.390642076377961530e+03
2.393743387679088301e+03
2.438469334923056977e+03
2.436925306569457462e+03
2.443538535482127372e+03
2.407137251242413640e+03
2.458868192955912036e+03
2.494391714556302304e+03
2.493788867266422130e+03
2.527665669855864053e+03
2.550402528968543720e+03
2.564894053116408486e+03
2.541407080748729641e+03
2.545472305384404990e+03
2.558877161583971883e+03
2.543652325143965300e+03
2.557220628386816315e+03
2.561944213281348766e+03
2.603405914233421754e+03
2.606471996305709581e+03
2.639564239466783420e+03
2.644560001494108747e+03
2.668655522244375788e+03
2.669597741280150785e+03
2.669453410275743863e+03
2.687243154354923263e+03
2.702022730765560937e+03
2.720699905180365477e+03
2.724366092335927078e+03
2.732826533423283763e+03
2.702241185040951223e+03
2.705420934833536194e+03
2.717526622187525390e+03
2.715803172690570136e+03
2.724374538840605965e+03
2.705016855806648891e+03
2.690875337673692229e+03
2.676149902609465244e+03
2.645491911936027918e+03
2.662418329861671282e+03
2.646009508664921213e+03
2.676254466048919312e+03
2.703292576408676723e+03
2.766371037823142615e+03
2.763284804204397915e+03
2.749756531926435400e+03
2.766351192677893778e+03
2.775084245480422396e+03
2.775666076829543272e+03
2.782846838786216722e+03
2.799975055659705959e+03
2.801645255439607809e+03
2.814669583027990939e+03
2.805482800152718937e+03
2.805136382134153791e+03
2.829192492660815333e+03
2.828933021816605560e+03
2.832529665263672996e+03
2.825094247855477533e+03
2.806522552273724614e+03
2.814579275752937519e+03
2.829801841675404376e+03
2.836489447959139852e+03
2.832752100332483678e+03
2.821345947411574798e+03
2.784958084509651599e+03
2.794044437366824241e+03
2.815674224013104322e+03
2.796338942484193467e+03
2.815517334372997084e+03
2.807083661519606267e+03
2.807096916858698933e+03
2.767922542139973302e+03
2.779852132749834709e+03
2.804431833403572000e+03
2.810600929374603311e+03
2.768210236277813237e+03
2.801783755295676656e+03
2.755108395757445123e+03
2.721340356446480655e+03
2.685491972698003337e+03
2.629441494484528448e+03
2.547991270880961110e+03
2.512893331309172027e+03
2.413985082812116161e+03
2.435850015834479564e+03
2.395817766612642572e+03
2.356242015813115358e+03
2.353881329540547995e+03
2.321148737464260194e+03
2.260852266068721292e+03
2.195618532377188785e+03
2.154230343866737257e+03
2.090558376957088058e+03
2.060887165819490747e+03
2.021593648831262726e+03
2.033607792134818965e+03
2.032166042063368423e+03
2.032066243816648011e+03
2.012924729862039385e+03
1.987786921403746419e+03
1.988030772687929357e+03
2.000600473767935000e+03
2.027665674355081364e+03
2.040682016266573100e+03
2.048655511811954057e+03
2.080225807760345560e+03
2.103233501232416984e+03
2.123251595952048774e+03
2.150719693855014157e+03
2.154496298432452477e+03
2.182417277869592908e+03
2.221315257328865300e+03
2.257752537913795095e+03
2.262281130581346588e+03
2.282720867528887084e+03
2.330430398133518338e+03
2.331651660315554636e+03
2.367659991610264569e+03
2.383051189965612593e+03
2.403413230244377701e+03
2.406066277349453685e+03
2.401129621164058790e+03
2.438900484238618446e+03
2.478182393262217829e+03
2.487069222519309278e+03
2.490685142967814954e+03
2.516945886103920202e+03
2.542343473660766449e+03
2.583656597999734004e+03
2.608350786034706289e+03
2.623930781825807571e+03
2.626346004066851947e+03
2.607792793967437774e+03
2.594911045616589035e+03
2.622164633804309233e+03
2.652238191476907105e+03
2.672832543385748068e+03
2.685864589098741362e+03
2.693961513604127504e+03
2.634153269873242152e+03
2.665197621349067049e+03
2.678629946794229909e+03
2.688225601397160972e+03
2.700226898496353442e+03
2.685732386386304370e+03
2.674737861735897241e+03
2.689228274680580398e+03
2.670165371624056661e+03
2.638209345990844668e+03
2.662635761418409402e+03
2.664021364153095419e+03
2.663525743758007138e+03
2.628616444355791373e+03
2.630230718499166414e+03
2.616329452858265540e+03
2.630056508526918606e+03
2.637386778397433773e+03
2.675123347594390452e+03
2.685808573216247623e+03
2.708968657692350462e+03
2.709418430265880488e+03
2.690494869143408323e+03
2.732830623470714727e+03
2.758617744865049644e+03
2.762832066654591472e+03
2.776842971358581053e+03
2.779022299644366285e+03
2.768792178843051261e+03
2.770626461201610709e+03
2.756070538695427786e+03
2.762712506731253143e+03
2.781390598827242684e+03
2.800591192357062937e+03
2.774904274570444159e+03
2.719340183457954481e+03
2.711019857137197505e+03
2.735501313304304404e+03
2.741397446861516073e+03
2.712644984329250747e+03
2.721591992047676285e+03
2.688882086243158483e+03
2.704787518497982546e+03
2.712002547424011482e+03
2.697161824046769652e+03
2.697522653472113689e+03
2.713745154214262129e+03
2.682149789250421236e+03
2.686309664919445822e+03
2.691796232985683673e+03
2.727087179824229679e+03
2.705119110440206896e+03
2.695783617110624164e+03
2.656303120033094729e+03
2.664885277917253916e+03
2.622653066712578948e+03
2.588167445427950497e+03
2.553899167919129468e+03
2.537112821474364409e+03
2.497829166252049617e+03
2.473554421008074314e+03
2.443813783233106733e+03
2.425256988004427058e+03
2.438621347496251019e+03
2.406171958081813500e+03
2.346457182183033638e+03
2.320543976514712540e+03
2.344293937192505837e+03
2.325787884661373027e+03
2.339397451888656178e+03
2.357963994942629597e+03
2.304338640163851778e+03
2.305958392642107356e+03
2.248687691053333765e+03
2.267012433624154255e+03
2.238486121364491282e+03
2.245407796286000121e+03
2.251865556191138239e+03
2.218735709482617494e+03
2.203175633121203646e+03
2.200204319852442495e+03
2.204871192298183360e+03
2.215585494720282895e+03
2.238116952430668789e+03
2.228578545053505877e+03
2.230911132191675279e+03
2.225138205090617248e+03
2.245639555943214418e+03
2.277744476726797984e+03
2.288989545125761197e+03
2.268422688841125819e+03
2.275180416740081000e+03
2.307039794941071250e+03
2.307869723026370139e+03
2.317956020556592193e+03
2.353025913610221323e+03
2.373558496190951701e+03
2.396411900464472637e+03
2.445531350197816209e+03
2.483299884373452187e+03
2.476111255625766717e+03
2.467315336703271441e+03
2.501767934732644335e+03
2.495439116041896796e+03
2.527959513378904830e+03
2.560283326044613659e+03
2.574195527742788272e+03
2.592045947547772357e+03
2.604043873955803974e+03
2.650201840539597470e+03
2.658597798915280691e+03
2.670212918273402011e+03
2.681877921662991412e+03
2.692327821412726735e+03
2.692971452661541207e+03
2.722671046071203364e+03
2.706951426240551427e+03
2.716582591898316878e+03
2.719057326898906013e+03
2.712628996659432232e+03
2.683010348507875278e+03
2.664937547762305257e+03
2.682158181299189891e+03
2.685097063023289593e+03
2.661142663005333361e+03
2.661332630944370976e+03
2.669836891384379669e+03
2.622733573052926658e+03
2.613728716104175874e+03
2.593243224851873038e+03
2.584913957009739079e+03
2.600689530452935742e+03
2.570301556461328801e+03
2.526285511286338533e+03
2.539932184327117739e+03
2.511082789002788559e+03
2.487374099863241554e+03
2.447406201296949803e+03
2.448605774032182126e+03
2.448755946304276677e+03
2.450114143808038989e+03
2.459327645123811180e+03
2.449176792563988784e+03
2.439979025376368554e+03
2.435082356173543758e+03
2.443926594743641544e+03
2.458884466107861499e+03
2.443684317433039723e+03
2.456671171706250334e+03
2.488794657401960194e+03
2.487044185958233811e+03
2.450067051270515094e+03
2.454655290434546259e+03
2.470914120247325172e+03
2.492693696717949479e+03
2.513705971492770914e+03
2.499162795092711804e+03
2.514152217239756737e+03
2.541885208734934167e+03
2.511674537399927431e+03
2.528754184893874026e+03
2.558815752435340983e+03
2.575287055980322748e+03
2.574379277023107079e+03
2.566671924395944188e+03
2.569351034898418675e+03
2.538271737580440913e+03
2.585015376810063117e+03
2.594960555989872319e+03
2.585314662650203900e+03
2.589952316692487784e+03
2.557524571844110596e+03
2.535502070805536732e+03
2.515175667447921114e+03
2.510102339618124915e+03
2.499348592946836561e+03
2.488988010220941760e+03
2.417289620208460747e+03
2.409800147122165527e+03
2.392781213255213970e+03
2.355604128711648627e+03
2.337681259526368649e+03
2.352470591399181103e+03
2.358212389496000469e+03
2.369024193000796004e+03
2.377016266004997760e+03
2.370439820124312064e+03
2.349460840852894762e+03
2.349080406082654463e+03
2.366737323371188722e+03
2.383337201627926788e+03
2.411202829832728639e+03
2.409663857663103499e+03
2.372684586849403331e+03
2.354430967120626974e+03
2.340862306027111117e+03
2.336139951798117181e+03
2.326208462895564480e+03
2.304560656756632397e+03
2.299765626968949618e+03
2.278438890493118834e+03
2.303297882690070765e+03
2.322827957726033219e+03
2.355049037807511468e+03
2.335786000792494178e+03
2.337890616748950379e+03
2.317657855246450254e+03
2.347595819792169095e+03
2.358087118462071885e+03
2.367282399091530806e+03
2.367392695690762594e+03
2.400214541055088830e+03
2.402348915927299004e+03
2.414518913380667072e+03
2.412381243652063858e+03
2.385985578510953474e+03
2.369200940187090964e+03
2.385598746475884127e+03
2.398729705957265196e+03
2.379994660817062595e+03
2.342057620621768820e+03
2.282707505283987302e+03
2.282250618999642484e+03
2.298745676194577754e+03
2.315738957094539728e+03
2.333423820234621871e+03
2.334026646909298506e+03
2.328565100397031074e+03
2.349105738371315510e+03
2.345681635557133632e+03
2.346162872670193337e+03
2.360388020324205172e+03
2.374334872155975972e+03
2.391725033599668222e+03
2.362536049460566119e+03
2.351614539133691324e+03
2.331099450713862097e+03
2.361453932874539532e+03
2.383655720633088549e+03
2.388009794689877253e+03
2.378999857239247376e+03
2.374623324967960798e+03
2.379823309722362410e+03
2.390450678224424337e+03
2.384701911668376397e+03
2.369131256437601223e+03
2.404078304958985882e+03
2.437327514218456145e+03
2.435008590196954174e+03
2.462309564766640960e+03
2.442903560544820266e+03
2.431086035196540251e+03
2.436838850547398124e+03
2.455449347969959945e+03
2.476623939348578915e+03
2.482762644599584291e+03
2.448754554285069844e+03
2.470861480690255576e+03
2.495359813500391738e+03
2.501468032809059423e+03
2.497556057095320284e+03
2.505123699657412544e+03
2.515610936668936574e+03
2.547177223400606181e+03
2.546478404534725541e+03
2.534833644616615857e+03
2.491046784945270701e+03
2.530784835059685520e+03
2.546050633043625112e+03
2.573735405572589571e+03
2.584783609622789299e+03
2.615247178758354494e+03
2.568562779955353108e+03
2.554816986845943120e+03
2.581489628731557332e+03
2.552398981030068171e+03
2.539685877466010879e+03
2.546796182640346160e+03
2.531226507476192182e+03
2.491985605829758242e+03
2.481444800879753529e+03
2.476407059182128251e+03
2.457077049542051100e+03
2.475891271248471639e+03
2.472319389696394865e+03
2.479289968368366772e+03
2.497073301159031416e+03
2.492961934948608359e+03
2.488312293906390096e+03
2.499779694694976570e+03
2.502745083283964959e+03
2.495546304595873153e+03
2.492238326838944431e+03
2.511433804020101888e+03
2.503273852914269810e+03
2.505586078851981711e+03
2.496194364980275623e+03
2.489382853065924792e+03
2.514769310872962706e+03
2.520106945463061493e+03
2.526508173032148989e+03
2.505063619347726672e+03
2.501202249886804566e+03
2.525814826141102913e+03
2.524275619474607538e+03
2.521515235365115586e+03
2.539293340089075627e+03
2.572387357603926830e+03
2.560547114718519879e+03
2.598955439891441983e+03
2.589662016372168637e+03
2.623096545488640913e+03
2.617015738292822789e+03
2.634851897193304467e+03
2.665616871317321966e+03
2.641951150411573053e+03
2.639866885032350638e+03
2.649010935020414763e+03
2.656794125621113835e+03
2.670348174440926414e+03
2.670852098925684004e+03
2.673846631675014578e+03
2.659903487286394011e+03
2.679843476811920937e+03
2.661098972932653396e+03
2.679419406632243863e+03
2.663054534238388896e+03
2.674392542900370699e+03
2.687425869055539806e+03
2.674445360222033287e+03
2.674711396949164282e+03
2.672167489057764669e+03
2.679274764036880242e+03
2.661229672995127203e+03
2.682108095202574077e+03
2.654273873650942733e+03
2.667342936899405231e+03
2.641354044987762336e+03
2.635446486549853034e+03
2.617669260520627631e+03
2.619091923101220345e+03
2.628913078748314092e+03
2.631837865105730089e+03
2.635224079587000233e+03
2.624779540693954914e+03
2.604476151589949040e+03
2.605072421206498348e+03
2.562362140956218354e+03
2.554769413018377691e+03
2.589683678105066519e+03
2.588789898181752051e+03
2.597556700066513713e+03
2.596663026752717087e+03
2.581736568562837874e+03
2.576424673016409088e+03
2.591926751508267444e+03
2.605674627443392183e+03
2.584207812769230713e+03
2.542154550627241406e+03
2.569072013216486084e+03
2.580266365852161471e+03
2.584860497260814554e+03
2.565320195079490077e+03
2.583464066585645924e+03
2.581674549187632692e+03
2.578218904575734541e+03
2.577117208088522148e+03
2.594529225772659174e+03
2.609685453444110408e+03
2.625602476622360882e+03
2.654133950702633229e+03
2.633998056259657005e+03
2.639343155889390800e+03
2.614907837731660493e+03
2.601292656273797093e+03
2.610042999551212688e+03
2.601963411713893493e+03
2.567012638056139167e+03
2.580833690362459038e+03
2.605315461735164718e+03
2.593492729487721135e+03
2.604422712181878069e+03
2.637752129997088559e+03
2.614846123128145337e+03
2.601788380014826089e+03
2.607358391771823335e+03
2.625366273887522311e+03
2.622057885391138370e+03
2.626775784370071051e+03
2.622494241967402104e+03
2.617896147390130864e+03
2.655190477310201913e+03
2.662192808634486482e+03
2.693808671742407114e+03
2.684859672404863431e+03
2.643156792661684904e+03
2.618360363876408428e+03
2.626244277152538416e+03
2.618346764805944531e+03
2.605365969141443657e+03
2.596369086930831600e+03
2.554590309744576643e+03
2.521421930644564327e+03
2.503532057810255537e+03
2.511577532586266443e+03
2.500642903707058395e+03
2.513058615201446173e+03
2.532258127673641411e+03
2.546219247685323808e+03
2.510515377725102098e+03
2.504909729405783764e+03
2.514834988053019970e+03
2.488245163472568947e+03
2.485351262405751640e+03
2.476908848333477181e+03
2.466454324017030558e+03
2.455786589074393305e+03
2.463949934593769740e+03
2.431929581359535860e+03
2.419676714675923449e+03
2.430622291491673877e+03
2.411588257940135009e+03
2.409040737725192230e+03
2.424951896722361653e+03
2.412279216468603863e+03
2.430600565654730872e+03
2.430747833361539961e+03
2.424500980630384674e+03
2.440512547608260775e+03
2.450572810418885638e+03
2.478690340059672508e+03
2.479542113674121538e+03
2.463887468153249756e+03
2.491455564712627165e+03
2.516501690853549007e+03
2.515593424185719869e+03
2.513239083242395282e+03
2.519705277830144496e+03
2.531668746723747063e+03
2.491333819984649836e+03
2.446827122548344050e+03
2.438615905313400162e+03
2.468901705539316026e+03
2.453748064977031390e+03
2.467038149750052980e+03
2.476768101436424786e+03
2.481451338486375789e+03
2.484613323461431264e+03
2.485075674964158225e+03
2.493273926791170197e+03
2.474287019286716713e+03
2.486393759851167943e+03
2.478517183369392569e+03
2.473497473610607358e+03
2.422865517757791622e+03
2.420703001316205246e+03
2.376483220659845301e+03
2.403301580603066668e+03
2.410497144424577982e+03
2.387706991133532938e+03
2.368152902437324428e+03
2.362413048855794386e+03
2.338882220676836823e+03
2.343545784734012159e+03
2.298802379166408627e+03
2.318626164943583262e+03
