1.050338752956558963e+01
1.067160186330948513e+01
1.219252285061733154e+01
1.215414561733097187e+01
1.233057144158358831e+01
1.360243029995457853e+01
1.534744451687749489e+01
1.695169435439037287e+01
1.821964509115371200e+01
1.969123057135845301e+01
2.147533662054486214e+01
2.199786999153698730e+01
2.233088901075061727e+01
2.300651584200980437e+01
2.391411851996006632e+01
2.539159263156561863e+01
2.720828282865016590e+01
2.866249938328506275e+01
2.963657917992294699e+01
2.893211991904900415e+01
2.999036313856061398e+01
3.061862008230050947e+01
3.230760195865494211e+01
3.201772311951037153e+01
3.277457299414180625e+01
3.343339241104902015e+01
3.371516923192274362e+01
3.440197424304336238e+01
3.510456792845287310e+01
3.548825689359302515e+01
3.495791136654218434e+01
3.504331282084793031e+01
3.462579887531283163e+01
3.475954345010644175e+01
3.572159432784442146e+01
3.522566386874552080e+01
3.610385185256762952e+01
3.712023228243371875e+01
3.722192713026694832e+01
3.776405795738970284e+01
3.722477857258031975e+01
3.716355159593319257e+01
3.699373915151581116e+01
3.713358228357442670e+01
3.815264144548593350e+01
3.737774548421219123e+01
3.844230609111699692e+01
3.823594683086085411e+01
3.741310079631571739e+01
3.806605788827204861e+01
3.821810162862762184e+01
3.938316151343776284e+01
4.023273442423009527e+01
4.083117838757810603e+01
4.066561466941042369e+01
3.953036861797811241e+01
4.055295270045795775e+01
4.032566909037325331e+01
4.000552201136176222e+01
4.036507568250513600e+01
4.099446749495212572e+01
4.076169333599411715e+01
4.165499304741778985e+01
4.186448856061844026e+01
4.104084505318203924e+01
4.160596414139499899e+01
4.227329869868069068e+01
4.272683644894087251e+01
4.271414464156925561e+01
4.371268986067677531e+01
4.333398629996951001e+01
4.251948896046049242e+01
4.331365577420194057e+01
4.409184788921530185e+01
4.298544900399494395e+01
4.255921959439640290e+01
4.142772559394434495e+01
4.198726912219525076e+01
4.317938840312786652e+01
4.309741567665824391e+01
4.476658043826130040e+01
4.571665511789704084e+01
4.441052204828226735e+01
4.624826307707592576e+01
4.759320502453073232e+01
4.671351025660189293e+01
4.630816117530864773e+01
4.534876359622749220e+01
4.427528363113632537e+01
4.377412069429709618e+01
4.369519863699104434e+01
4.306641618790163761e+01
4.355320812732059466e+01
4.484318871160065356e+01
4.512137923520340621e+01
4.570251388334792608e+01
4.554164097103654285e+01
4.458278399162499994e+01
4.543280395566914365e+01
4.519950101670880827e+01
4.616926337515096179e+01
4.691098373344675565e+01
4.739870785436741585e+01
4.764506122655451748e+01
4.769415511561210508e+01
4.685973637182419083e+01
4.649608994296958286e+01
4.561216200693027645e+01
4.502499976574979712e+01
4.469766842691832665e+01
4.627384893667976229e+01
4.657124582010064273e+01
4.642115670227931901e+01
4.682902410308764729e+01
4.627259288840858176e+01
4.623400289056590395e+01
4.621861945256482329e+01
4.618194832462499733e+01
4.674968869755456780e+01
4.739220701259715440e+01
4.666047963564857071e+01
4.672217327932036568e+01
4.755161222572317570e+01
4.616128069056997418e+01
4.653569726435060971e+01
4.733317635633911635e+01
4.725117865671543882e+01
4.697360187113199714e+01
4.788950401091544506e+01
4.632000108242624492e+01
4.637295532987795355e+01
4.625133204037524592e+01
4.593331908016948262e+01
4.604715995442134613e+01
4.765352671699054810e+01
4.893188863572464697e+01
4.878912013087840194e+01
5.005667912958265475e+01
4.959386437625136779e+01
4.947231249561890110e+01
4.844419726172284157e+01
4.865483817503446318e+01
4.819492700778132388e+01
4.875016919605229049e+01
4.870121012059383503e+01
4.932256360418894303e+01
4.918652453098147959e+01
4.957459804915671953e+01
4.872062427882829638e+01
4.860842386420586791e+01
4.837524039489566974e+01
4.884003279621401106e+01
4.996548561593006355e+01
4.928794006690428375e+01
4.914701713148842543e+01
4.977468927766260265e+01
5.043388467442330381e+01
4.973544041578013264e+01
5.103377590883046366e+01
5.057187727210673245e+01
4.965065854463764339e+01
4.955411365419590197e+01
4.954288453837205708e+01
4.902451910102809052e+01
4.966444646399389740e+01
4.953412044924735369e+01
5.157784926969243600e+01
5.259149329777127946e+01
5.377210547231213411e+01
5.364563585394300560e+01
5.361483787786967525e+01
5.403389132120341998e+01
5.223611077028854766e+01
5.165597567848271865e+01
5.282637031909472114e+01
5.275058955599301669e+01
5.208765558278018659e+01
5.249951902399983794e+01
5.247207225925253482e+01
5.410756081963278774e+01
5.349220603992712597e+01
5.427150449872299021e+01
5.373344117302983136e+01
5.407041153787693588e+01
5.361417644584538067e+01
5.320400446746770484e+01
5.189714140072488391e+01
5.262870209752060191e+01
5.312310151086979459e+01
5.255196861958606291e+01
5.303224036280302300e+01
5.452108648259034140e+01
5.483740312657807436e+01
5.484823381045401902e+01
5.537482223168385076e+01
5.407367459690625111e+01
5.403164524731099760e+01
5.358790569488489552e+01
5.411163375283207699e+01
5.409010934591332642e+01
5.505919999810156895e+01
5.467009467163821057e+01
5.448768818864022023e+01
5.599719120563103303e+01
5.614316861551291282e+01
5.638382706848610582e+01
5.618898547042714142e+01
5.768607345966249511e+01
5.819084106154131319e+01
5.736400463759093071e+01
5.741678390905255469e+01
5.759703935339452130e+01
5.764836532472984487e+01
5.617650430767422876e+01
5.710353993397608718e+01
5.759129276714120493e+01
5.738129468320587989e+01
5.752708085452557185e+01
5.736946986241957092e+01
5.686782983286860826e+01
5.624796088840302843e+01
5.567278335996824978e+01
5.548219915604349239e+01
5.579126595634720331e+01
5.678403710601624255e+01
5.648449507663806202e+01
5.710522531011702085e+01
5.730021704622351564e+01
5.741411523030028263e+01
5.757120523929179257e+01
5.692722511148213016e+01
5.727204824234441816e+01
5.717894577393485633e+01
5.680493324770334596e+01
5.749962238709150597e+01
5.728939326573764390e+01
5.737695196574232170e+01
5.703871154140356481e+01
5.773660664504644302e+01
5.766713994008870969e+01
5.696366688994330474e+01
5.783215346334662144e+01
5.931378787813189746e+01
5.926224483125857745e+01
6.042148934407110517e+01
5.939403519713442847e+01
5.938813910650135597e+01
5.863452651067166954e+01
5.825157020495728233e+01
5.857142436030142818e+01
5.762065494378150277e+01
5.771937168499633231e+01
5.813903896096530843e+01
5.909623266053738178e+01
5.775550985580812835e+01
5.833020414579269186e+01
5.857242845043202806e+01
5.840440341703848048e+01
5.836856405382702206e+01
5.891108787535794988e+01
6.006697223493678450e+01
6.078602744517827006e+01
6.061602942524995541e+01
6.097698496232465004e+01
5.990457323148649493e+01
5.790761258037547776e+01
5.653117277539884356e+01
5.562845931745503236e+01
5.579215383033554332e+01
5.617746063567107484e+01
5.735290150813798249e+01
5.824284969895754216e+01
5.881453424584054801e+01
6.221675734014988990e+01
6.241051145027186919e+01
6.364682503359924937e+01
6.270099642372032633e+01
6.303185379250004416e+01
6.324917276962423784e+01
6.106653566492484231e+01
5.938177472925626432e+01
6.030805808898793430e+01
6.084495955581081006e+01
6.084771971157988446e+01
6.128836113642032046e+01
6.127433033126862938e+01
6.346097906624567031e+01
6.240713078299553018e+01
6.322282931441396414e+01
6.264156833962105964e+01
6.254592112312541730e+01
6.313098192688981669e+01
6.241017411901228229e+01
6.289537721543888438e+01
6.203222748944309473e+01
6.320276573124745312e+01
6.489667065497127396e+01
6.376311996746814970e+01
6.500008033467352675e+01
6.458807627877602897e+01
6.580596857970367353e+01
6.420239236020358931e+01
6.506613850425574697e+01
6.524041182200828359e+01
6.499914643470789599e+01
6.480045567172854248e+01
6.378639059940957168e+01
6.453056393040259309e+01
6.467425955038467578e+01
6.387379681409584009e+01
6.464826674420524455e+01
6.629695554660446533e+01
6.585973181388534670e+01
6.590093892761478855e+01
6.629154535033174511e+01
6.648764485487632214e+01
6.530857527194457646e+01
6.549061041216762646e+01
6.534973128419895261e+01
6.641419642399974066e+01
6.667919065787920374e+01
6.464015091557268988e+01
6.566027746481837823e+01
6.483728519145080327e+01
6.404051235679797571e+01
6.388998230698373249e+01
6.275725253240949542e+01
6.384015373951892514e+01
6.268613735952571631e+01
6.230717585840933737e+01
6.151168154229191032e+01
6.074550394047365387e+01
6.079296732215951238e+01
6.080915060068068811e+01
6.131435915923957225e+01
6.251244517384306931e+01
6.288499929320501280e+01
6.326047003145696124e+01
6.371847722718857909e+01
6.242069073637915011e+01
6.329300335644626330e+01
6.449938488913795709e+01
6.409939240834877694e+01
6.371813941533680037e+01
6.395048463138716244e+01
6.382587354723929707e+01
6.350454333806089124e+01
6.130466755784080135e+01
6.178726141869693578e+01
6.278153805404953403e+01
6.158520396717674572e+01
6.142569887879414381e+01
6.099651109768872459e+01
6.173912747324516914e+01
6.241737855968546000e+01
6.185583685982921764e+01
6.201923599589805036e+01
6.293289675991442778e+01
6.147599623768867616e+01
6.140399783520449262e+01
6.107407169269128389e+01
6.177550371906474425e+01
6.321265775028145839e+01
6.284801871127296380e+01
6.456488193356025818e+01
6.537782904589538191e+01
6.556592598624740731e+01
6.643580454158509951e+01
6.874445785044120782e+01
6.811719682151051813e+01
6.934393776914737373e+01
6.774872770856023863e+01
7.061472815932583558e+01
7.023590882980194294e+01
6.909616014082648405e+01
6.911625519644951510e+01
6.777534863765795592e+01
6.844738666850774678e+01
6.822222957687714029e+01
6.755349797302559978e+01
6.607167684848906219e+01
6.633586934177039041e+01
6.664198452870661527e+01
6.670643690832436334e+01
6.696561501715001441e+01
6.572634084160458201e+01
6.443369855658951906e+01
6.524698644017172455e+01
6.492508326875201874e+01
6.491484717608386745e+01
6.555282218463563026e+01
6.794973745737586057e+01
6.842243405236652620e+01
6.851867212566803289e+01
6.874563437915810482e+01
6.916575696899256798e+01
6.803611988620477291e+01
6.860726188832138916e+01
6.779806652350744400e+01
6.787247704825877292e+01
6.751855840388736851e+01
6.996762412295345257e+01
6.953602752505514673e+01
7.008409397322928669e+01
7.004462056464645059e+01
6.916967214990373236e+01
6.927012533244325709e+01
6.852099671262331526e+01
6.769785993425114157e+01
6.808912394962953840e+01
6.844611651133473629e+01
6.958367056518382299e+01
7.010892538656503348e+01
7.001289028643316215e+01
7.156766096773478125e+01
7.225128603490516355e+01
7.281933676445379433e+01
7.230692589865564912e+01
7.132913804732322660e+01
7.272403668265366150e+01
7.368832753595366114e+01
7.067756520121415065e+01
7.115568555153568298e+01
6.898533484717582098e+01
6.663801631851627860e+01
6.695495350875408747e+01
6.683949289954418305e+01
6.803281829763056976e+01
7.053695077765229371e+01
7.214540687828777266e+01
7.347421112113248398e+01
7.524878403678974337e+01
7.368760796038993988e+01
7.490696426499556537e+01
7.575528707902610392e+01
7.479366124769826740e+01
7.165381620108199456e+01
7.199026608060364651e+01
7.391511362716700262e+01
7.456003670120523452e+01
7.470277547177347799e+01
7.641841590577618604e+01
7.633531854529832117e+01
7.685032130559470431e+01
7.850668002219060781e+01
7.633021699804641003e+01
7.713477943416886262e+01
7.596242538505299535e+01
7.619563884700762912e+01
7.530969771640438637e+01
7.625578370265441208e+01
7.454860803652879042e+01
7.467083758371754243e+01
7.335812781349218881e+01
7.385111905926018494e+01
7.241322946153077567e+01
7.293061055487117983e+01
7.338680549693614807e+01
7.439271642539071649e+01
7.266127193901373005e+01
7.305647420480313770e+01
7.418008340032780268e+01
7.469118976938614196e+01
7.502255152208317668e+01
7.581198032602958392e+01
7.476562235986051519e+01
7.648206979365775737e+01
7.800344758817885804e+01
7.765152861383258198e+01
7.662282871643407134e+01
7.871716760001670821e+01
7.824770306654654917e+01
7.813338980438233250e+01
7.806853275132853298e+01
7.901019965673800982e+01
7.624933603049176156e+01
7.558773767189826742e+01
7.417556515716631793e+01
7.390929729660874159e+01
7.387331787910987657e+01
7.657574815316732497e+01
7.704106762194768976e+01
7.759110858167274216e+01
7.920314690162120996e+01
8.051988057622274653e+01
8.036751865082919721e+01
8.098382608905235713e+01
8.144285770465351959e+01
8.037131686144162757e+01
7.843668228941152165e+01
7.869399692110692968e+01
8.079205588046045250e+01
8.094588853273212692e+01
8.157955312069955767e+01
8.287135307515049476e+01
8.332361688861882953e+01
8.241005166885473443e+01
8.386085765306387430e+01
8.295884210288826921e+01
8.066426850461385811e+01
7.830730676964395798e+01
7.810584848568198879e+01
7.886250528438289109e+01
7.845772669122038678e+01
7.893885854825855120e+01
7.966833347971062551e+01
7.877068054622174031e+01
7.942128433761104134e+01
7.984218564162333109e+01
7.911724802161360515e+01
7.813733913316467294e+01
8.008492463248211379e+01
8.065382588032220212e+01
8.112087103217885442e+01
8.180031953638241760e+01
8.159606644016507460e+01
7.949266105613473599e+01
8.115620007757958376e+01
8.372496634767976786e+01
8.158256667503121662e+01
8.431178036863929037e+01
8.417133533957758118e+01
8.284359359132064071e+01
8.406542837488230191e+01
8.611583180472516119e+01
8.624450519573954921e+01
8.525649947156827579e+01
8.537533289283233273e+01
8.574070105599264480e+01
8.491230296110965980e+01
8.599548472220897111e+01
8.891541035236956247e+01
8.584278458907196807e+01
8.708109402468613780e+01
8.853567437026885045e+01
8.834087285388589805e+01
8.962781021410459914e+01
9.079193893528423587e+01
9.019110749158649298e+01
8.786087616568691772e+01
9.015494403245807575e+01
8.622754722950992345e+01
8.435784145892257868e+01
8.524288905731231125e+01
8.478698574156040024e+01
8.453033748813503223e+01
8.622337303434258615e+01
8.749937456097855204e+01
8.844268301611218419e+01
8.761194055615057152e+01
8.758564470611781871e+01
8.497474553112077444e+01
8.263370276824178973e+01
8.296655378866331887e+01
7.925650418400152830e+01
8.072245405682333796e+01
8.013958274597911213e+01
8.208407221629131811e+01
8.205801522461739239e+01
8.308258651210678636e+01
8.520177410499580617e+01
8.431336309400592199e+01
8.820776709598234788e+01
8.842459926309415152e+01
8.945650950375427612e+01
8.708911854501867822e+01
8.808676520289141365e+01
8.734885034004939541e+01
8.649399649232965714e+01
8.577267227253379644e+01
8.423406377739851791e+01
8.243605401347474526e+01
8.487367288117775388e+01
8.658882668410555539e+01
8.649015771885427739e+01
8.676554509377142210e+01
8.619395657225175000e+01
8.681768966242532315e+01
8.821389198506194873e+01
8.813262481158955097e+01
9.084845897247625146e+01
9.141859747849524354e+01
9.095607076912573064e+01
8.926733255787071641e+01
9.280958526853063972e+01
9.195361228401519327e+01
9.220462631421713695e+01
9.071364525075647123e+01
8.904960372242769040e+01
8.617629649982991680e+01
8.770740641182703712e+01
8.668708411235306244e+01
8.738608916865416631e+01
8.589571540186149434e+01
8.458716458047460662e+01
8.498189809141558726e+01
8.565947527052469468e+01
8.518874662267424469e+01
8.405429382997478172e+01
8.418569594802340816e+01
8.420267186706682594e+01
8.598493869848452675e+01
8.432002495770782957e+01
8.763789391057463263e+01
8.587994917852800825e+01
9.084297657853889518e+01
9.022800486020962296e+01
8.910498478364705477e+01
8.864572179195090484e+01
8.875174835414651398e+01
9.001300087977961084e+01
9.088288183215213678e+01
8.945301029914229218e+01
8.854655772919481649e+01
9.003991591997544219e+01
9.131800179321598421e+01
9.192814267821742646e+01
9.197919803197109445e+01
9.325296920076469576e+01
9.448896882704561051e+01
9.610418074394277710e+01
9.477247955160282800e+01
9.445032912959412386e+01
9.195507018551978717e+01
9.033507266846996231e+01
9.045091860467552181e+01
8.946548532647848617e+01
8.997636628854604623e+01
8.667796189494615078e+01
8.713144758583568716e+01
8.919654164819699815e+01
8.942499437151879249e+01
9.004009730428961689e+01
9.188148510472097996e+01
9.223472500639316252e+01
9.230396534988742019e+01
9.128302205209097053e+01
8.965013866788511621e+01
9.046746568490462437e+01
9.163636665159810946e+01
9.197482847919866344e+01
9.241927796242264037e+01
9.127985562380061424e+01
9.121458005301339256e+01
9.161708453217690362e+01
9.156165311649694161e+01
9.059830421139984935e+01
8.865584532563066489e+01
8.780760489098338439e+01
8.744587662341058376e+01
8.766719173226731243e+01
8.730513462216249820e+01
8.811941272924146062e+01
8.967494523972692377e+01
8.719390184838692903e+01
9.107982095252334886e+01
9.428685801042543346e+01
9.488308936634919633e+01
9.723857757811491354e+01
9.729058702000180858e+01
9.738377546566297838e+01
9.635404746524973518e+01
9.515251697621670246e+01
9.796270159345699824e+01
9.777011098583697901e+01
9.557390697030777460e+01
9.240737414564220842e+01
9.549121149117374330e+01
9.678540203391600016e+01
9.631389668746228949e+01
9.898353372661577509e+01
9.823370231186474655e+01
9.826912634733525920e+01
9.700053737242967600e+01
9.914886901342428871e+01
9.593519483033900030e+01
9.499637114156622886e+01
9.259693705126315422e+01
9.221605386812882443e+01
9.095153586031594273e+01
9.057639210798078011e+01
9.084361645508282379e+01
8.877922167730912406e+01
8.877045840767509333e+01
8.791099832113876289e+01
8.890633518007351199e+01
8.970123102716304686e+01
8.857188420583621280e+01
8.880530140747394796e+01
8.834725569518541022e+01
8.799092843251851548e+01
8.901811502223829109e+01
9.019468119007900953e+01
9.127982286248185062e+01
9.065108896283214790e+01
9.033595745570147528e+01
9.104657436629884160e+01
9.370163501199100153e+01
9.530863027689564149e+01
9.170933429959002581e+01
9.175506229960535620e+01
9.251997859622206022e+01
9.283557640807426026e+01
9.326685369659323044e+01
9.467221022755809656e+01
9.325207725358789901e+01
8.840213971311951013e+01
8.941442772355466673e+01
8.767801548966734515e+01
8.957145173401605120e+01
8.537048481166262093e+01
8.699183807727636975e+01
8.914490819277736477e+01
9.082368678779391757e+01
9.034729384849309497e+01
9.281751507519092570e+01
9.505687377794708937e+01
9.721534770813980231e+01
9.598466014581687489e+01
9.637097606147889906e+01
9.661726455375223566e+01
9.270341899900968485e+01
9.486858537117979040e+01
9.723204053040579709e+01
9.820542196684660041e+01
9.804606459545684061e+01
1.016593409538305792e+02
1.031065871648263794e+02
1.073750032364850284e+02
1.106977134993452836e+02
1.089851459043900235e+02
1.095945112986017023e+02
1.095578365997856167e+02
1.109169343356913515e+02
1.094058816730398718e+02
1.066524014982424831e+02
1.019818606045410405e+02
9.754400073866250409e+01
9.624509657013435060e+01
9.679567851218993724e+01
9.651210430533272699e+01
9.865922118770293991e+01
9.650616295679455447e+01
9.845210917015921837e+01
1.018604047610701855e+02
1.044799262460375928e+02
1.056792391719023954e+02
1.056177972774611220e+02
1.038535773903449808e+02
1.015228300665559829e+02
9.789595420074778076e+01
9.545064558310780001e+01
9.831071067136997499e+01
9.330089286002892379e+01
9.213225543533762618e+01
9.406034727860358657e+01
9.511564867584064586e+01
9.574826329049059837e+01
9.874655879504256006e+01
1.004486863956068703e+02
1.013941743883041795e+02
9.892006779393672389e+01
9.949567318960608020e+01
9.956870312889606112e+01
9.867240184039924600e+01
9.970307147334727915e+01
1.003886204102622344e+02
9.939191879160058818e+01
9.713594042205502888e+01
9.787986788516815295e+01
9.935661182803434599e+01
9.683577301755036615e+01
9.649899056075123838e+01
9.386954743262090517e+01
9.532464719948028176e+01
9.038724496720837465e+01
9.204986338018838410e+01
9.141250642914492630e+01
9.408244280747712196e+01
9.432958911106588573e+01
9.701751831801271919e+01
9.562198473794516929e+01
9.778914553289087053e+01
9.569319760204963643e+01
9.763346815223496833e+01
9.821785777564413422e+01
9.899356322560075228e+01
9.798657657673589938e+01
1.004580459478407306e+02
9.792170696061552349e+01
9.784789652178744745e+01
9.833166706544631097e+01
9.932996220377806651e+01
9.882951768338782017e+01
1.000040806658614230e+02
1.004653681295523313e+02
1.003946663921626907e+02
1.008186828133273423e+02
9.983626565669432296e+01
1.000737414608701386e+02
1.028398262081025081e+02
1.020229375488298018e+02
1.033385031392065372e+02
1.036935557959215970e+02
1.001113136348694042e+02
1.022208836877694011e+02
1.029094837382171193e+02
1.008969554580431094e+02
1.015154288510895952e+02
1.014016102073695578e+02
9.859246566533164469e+01
9.899014322054421200e+01
1.017428107776583630e+02
1.043362016042010083e+02
1.001053906470235972e+02
9.997776738483882752e+01
1.022737409226328253e+02
1.035716480340150838e+02
1.039825689966153419e+02
1.062721049746373865e+02
1.081092254039593854e+02
1.084340690648157590e+02
1.079831401522566381e+02
1.079271609642589311e+02
1.076896058980314024e+02
1.090821354164288977e+02
1.066149951982051789e+02
1.044643256600433006e+02
1.039910436339889799e+02
1.011068974128344564e+02
1.009863381374468077e+02
9.981725891123979011e+01
1.007059661816179812e+02
1.026855912392041859e+02
1.047655248647063644e+02
1.043231766495740516e+02
1.019153796345604803e+02
1.060814531306777297e+02
1.051063665952565458e+02
1.052428845291156705e+02
1.067291384266182064e+02
1.059560289240260431e+02
1.094137401426018243e+02
1.099372122552342574e+02
1.054561251002734821e+02
1.059290753036823531e+02
1.114005925073174694e+02
1.096328416121015437e+02
1.102456104924056319e+02
1.092183029536501948e+02
1.063628457574347124e+02
1.056411834249603601e+02
1.065655409742094406e+02
1.095993819134369431e+02
1.132305708352465672e+02
1.130415881128401310e+02
1.112498198487993477e+02
1.146362459042642996e+02
1.132538353921095649e+02
1.150938889049680824e+02
1.144497385877275661e+02
1.172463412631488637e+02
1.140939684563827115e+02
1.092987503251292196e+02
1.059816987223977662e+02
1.052776799283585802e+02
1.029107489671455795e+02
1.035022882424420629e+02
1.072615017858090027e+02
1.081167075404223539e+02
1.108309943114792446e+02
1.088839198036708353e+02
1.106733585299101321e+02
1.110204517612673953e+02
1.148288836515161222e+02
1.152858202676924577e+02
1.181065274580381868e+02
1.179942466891752133e+02
1.218567919409452429e+02
1.197983846724953167e+02
1.191937004608536483e+02
1.168312024835975933e+02
1.161475564391408426e+02
1.138021602201449411e+02
1.112945394326854540e+02
1.107370661782001093e+02
1.091536086321259234e+02
1.092028267544956606e+02
1.034933923054905023e+02
9.973951870499253403e+01
9.689419028226141961e+01
9.879816884349094153e+01
9.960269170834689589e+01
9.949222602691415318e+01
9.880030033241432363e+01
9.860580211433484976e+01
9.733184397551175948e+01
1.002056135950990523e+02
1.023137711712763718e+02
1.044838720752579349e+02
1.052902395789904091e+02
1.084379139185856928e+02
1.072447348960961619e+02
1.086272692916848115e+02
1.083366461114181050e+02
1.102932109416068442e+02
1.106659234173838229e+02
1.088991375383480431e+02
1.100042518471197610e+02
1.072306770331312151e+02
1.063402614432611841e+02
1.045243041338519419e+02
1.019393269640067814e+02
1.037385282764415422e+02
1.048734248226166414e+02
1.028739065996361148e+02
1.035546545217809467e+02
1.064131664895531202e+02
1.089820054089532988e+02
1.107614115927742375e+02
1.105755124247006478e+02
1.116865328171402467e+02
1.161429405136706947e+02
1.197876848287807121e+02
1.157657922266548525e+02
1.167701302859190946e+02
1.187767885805512265e+02
1.140811135461684529e+02
1.137166770206370643e+02
1.113168519176271190e+02
1.134155533577761332e+02
1.136053009941661429e+02
1.079943264484610665e+02
1.073951984434083755e+02
1.094197272260804539e+02
1.127386310434597334e+02
1.134502830864475271e+02
1.133851113534527997e+02
1.143065121196043776e+02
1.163987950652097254e+02
1.161825071598511414e+02
1.158775337263448648e+02
1.149756502130109226e+02
1.130600188399125585e+02
1.139249866096214134e+02
1.090454151135672305e+02
1.063716509395364511e+02
1.066833327238647513e+02
1.068519405486715925e+02
1.070260924116596470e+02
1.081465807144086426e+02
1.095849185202277596e+02
1.107764473609287847e+02
1.138329295034279482e+02
1.155496223490818153e+02
1.125983359909720889e+02
1.137696211903587198e+02
1.138002384031764080e+02
1.152613849781396453e+02
1.142916099705743136e+02
1.133772993275254493e+02
1.131673065650238641e+02
1.111957689953875956e+02
1.089051579420960252e+02
1.077390364108074010e+02
1.105876621018454955e+02
1.115957756627660444e+02
1.104781572931515967e+02
1.099817686365457803e+02
1.108485850365273109e+02
1.100289528865431947e+02
1.104275364685775145e+02
1.125834723546929155e+02
1.119745312700002984e+02
1.137932814725755577e+02
1.118706533872870921e+02
1.123096299564861198e+02
