2.044000000000000000e+03
4.089000000000000000e+03
6.143000000000000000e+03
8.182000000000000000e+03
1.020800000000000000e+04
1.223800000000000000e+04
1.423500000000000000e+04
1.633200000000000000e+04
1.830800000000000000e+04
1.991500000000000000e+04
2.191500000000000000e+04
2.391500000000000000e+04
2.591500000000000000e+04
2.791500000000000000e+04
3.033500000000000000e+04
3.233500000000000000e+04
3.433500000000000000e+04
3.633500000000000000e+04
3.833500000000000000e+04
4.033500000000000000e+04
4.233500000000000000e+04
4.433500000000000000e+04
4.633500000000000000e+04
4.833500000000000000e+04
5.033500000000000000e+04
5.233500000000000000e+04
5.433500000000000000e+04
5.733500000000000000e+04
5.933500000000000000e+04
6.133500000000000000e+04
6.333500000000000000e+04
6.533500000000000000e+04
6.733500000000000000e+04
6.933500000000000000e+04
7.133500000000000000e+04
7.333500000000000000e+04
7.533500000000000000e+04
7.714800000000000000e+04
7.914800000000000000e+04
8.114800000000000000e+04
8.314800000000000000e+04
8.514800000000000000e+04
8.714800000000000000e+04
8.914800000000000000e+04
9.214800000000000000e+04
9.414800000000000000e+04
9.614800000000000000e+04
9.814800000000000000e+04
1.001480000000000000e+05
1.021480000000000000e+05
1.041480000000000000e+05
1.061480000000000000e+05
1.081480000000000000e+05
1.101480000000000000e+05
1.121480000000000000e+05
1.141480000000000000e+05
1.161480000000000000e+05
1.181480000000000000e+05
1.201480000000000000e+05
1.221480000000000000e+05
1.241480000000000000e+05
1.261480000000000000e+05
1.281480000000000000e+05
1.301480000000000000e+05
1.323270000000000000e+05
1.343270000000000000e+05
1.363270000000000000e+05
1.383270000000000000e+05
1.403270000000000000e+05
1.433270000000000000e+05
1.453270000000000000e+05
1.473270000000000000e+05
1.493270000000000000e+05
1.513270000000000000e+05
1.533270000000000000e+05
1.553270000000000000e+05
1.573270000000000000e+05
1.593270000000000000e+05
1.613270000000000000e+05
1.633270000000000000e+05
1.653270000000000000e+05
1.673270000000000000e+05
1.693270000000000000e+05
1.713270000000000000e+05
1.733270000000000000e+05
1.753270000000000000e+05
1.773270000000000000e+05
1.793270000000000000e+05
1.813270000000000000e+05
1.833270000000000000e+05
1.863270000000000000e+05
1.883270000000000000e+05
1.903270000000000000e+05
1.923270000000000000e+05
1.943270000000000000e+05
1.964360000000000000e+05
1.984360000000000000e+05
2.004360000000000000e+05
2.024360000000000000e+05
2.044360000000000000e+05
2.064360000000000000e+05
2.084360000000000000e+05
2.104360000000000000e+05
2.124360000000000000e+05
2.144360000000000000e+05
2.164360000000000000e+05
2.184360000000000000e+05
2.204360000000000000e+05
2.224360000000000000e+05
2.244360000000000000e+05
2.264360000000000000e+05
2.290210000000000000e+05
2.310210000000000000e+05
2.330210000000000000e+05
2.350210000000000000e+05
2.370210000000000000e+05
2.390210000000000000e+05
2.410210000000000000e+05
2.430210000000000000e+05
2.448990000000000000e+05
2.468990000000000000e+05
2.488990000000000000e+05
2.518990000000000000e+05
2.538990000000000000e+05
2.553590000000000000e+05
2.573590000000000000e+05
2.593590000000000000e+05
2.621020000000000000e+05
2.641020000000000000e+05
2.654650000000000000e+05
2.674650000000000000e+05
2.694650000000000000e+05
2.714650000000000000e+05
2.734650000000000000e+05
2.764650000000000000e+05
2.784650000000000000e+05
2.804650000000000000e+05
2.824650000000000000e+05
2.844650000000000000e+05
2.864650000000000000e+05
2.884650000000000000e+05
2.904650000000000000e+05
2.924650000000000000e+05
2.944650000000000000e+05
2.964650000000000000e+05
2.984650000000000000e+05
3.004650000000000000e+05
3.024650000000000000e+05
3.044650000000000000e+05
3.064650000000000000e+05
3.084650000000000000e+05
3.104650000000000000e+05
3.124650000000000000e+05
3.144650000000000000e+05
3.164650000000000000e+05
3.194650000000000000e+05
3.214650000000000000e+05
3.234650000000000000e+05
3.254650000000000000e+05
3.274650000000000000e+05
3.294650000000000000e+05
3.314650000000000000e+05
3.334650000000000000e+05
3.354650000000000000e+05
3.374650000000000000e+05
3.394650000000000000e+05
3.414650000000000000e+05
3.434650000000000000e+05
3.454650000000000000e+05
3.474650000000000000e+05
3.494650000000000000e+05
3.514650000000000000e+05
3.534650000000000000e+05
3.554650000000000000e+05
3.574650000000000000e+05
3.594650000000000000e+05
3.624650000000000000e+05
3.644650000000000000e+05
3.664650000000000000e+05
3.684650000000000000e+05
3.704650000000000000e+05
3.724650000000000000e+05
3.744650000000000000e+05
3.764650000000000000e+05
3.784650000000000000e+05
3.804650000000000000e+05
3.824650000000000000e+05
3.844650000000000000e+05
3.864650000000000000e+05
3.884650000000000000e+05
3.904650000000000000e+05
3.924650000000000000e+05
3.944650000000000000e+05
3.964650000000000000e+05
3.984650000000000000e+05
4.004650000000000000e+05
4.024650000000000000e+05
4.054650000000000000e+05
4.074650000000000000e+05
4.094650000000000000e+05
4.114650000000000000e+05
4.134650000000000000e+05
4.154650000000000000e+05
4.174650000000000000e+05
4.194650000000000000e+05
4.214650000000000000e+05
4.234650000000000000e+05
4.254650000000000000e+05
4.274650000000000000e+05
4.294650000000000000e+05
4.314650000000000000e+05
4.334650000000000000e+05
4.354650000000000000e+05
4.379800000000000000e+05
4.399800000000000000e+05
4.419800000000000000e+05
4.439800000000000000e+05
4.459800000000000000e+05
4.479800000000000000e+05
4.499800000000000000e+05
4.519800000000000000e+05
4.539800000000000000e+05
4.559800000000000000e+05
4.579800000000000000e+05
4.599800000000000000e+05
4.619800000000000000e+05
4.643260000000000000e+05
4.663260000000000000e+05
4.683260000000000000e+05
4.703260000000000000e+05
4.723260000000000000e+05
4.743260000000000000e+05
4.763260000000000000e+05
4.783260000000000000e+05
4.803260000000000000e+05
4.833260000000000000e+05
4.853260000000000000e+05
4.873260000000000000e+05
4.893260000000000000e+05
4.912390000000000000e+05
4.932390000000000000e+05
4.952390000000000000e+05
4.972390000000000000e+05
4.992390000000000000e+05
5.012390000000000000e+05
5.032390000000000000e+05
5.052390000000000000e+05
5.072390000000000000e+05
5.092390000000000000e+05
5.112390000000000000e+05
5.132390000000000000e+05
5.152390000000000000e+05
5.180540000000000000e+05
5.199840000000000000e+05
5.219840000000000000e+05
5.239840000000000000e+05
5.259840000000000000e+05
5.279840000000000000e+05
5.299840000000000000e+05
5.319840000000000000e+05
5.339840000000000000e+05
5.359840000000000000e+05
5.379840000000000000e+05
5.399840000000000000e+05
5.419840000000000000e+05
5.439840000000000000e+05
5.459840000000000000e+05
5.479840000000000000e+05
5.499840000000000000e+05
5.519840000000000000e+05
5.549840000000000000e+05
5.569840000000000000e+05
5.589840000000000000e+05
5.609840000000000000e+05
5.629840000000000000e+05
5.649840000000000000e+05
5.669840000000000000e+05
5.689840000000000000e+05
5.709840000000000000e+05
5.729840000000000000e+05
5.749840000000000000e+05
5.769840000000000000e+05
5.789840000000000000e+05
5.809840000000000000e+05
5.829840000000000000e+05
5.849840000000000000e+05
5.869840000000000000e+05
5.889840000000000000e+05
5.909840000000000000e+05
5.929840000000000000e+05
5.949840000000000000e+05
5.979840000000000000e+05
5.999840000000000000e+05
6.019840000000000000e+05
6.039840000000000000e+05
6.059840000000000000e+05
6.079840000000000000e+05
6.099840000000000000e+05
6.119840000000000000e+05
6.139840000000000000e+05
6.159840000000000000e+05
6.179840000000000000e+05
6.199840000000000000e+05
6.219840000000000000e+05
6.239840000000000000e+05
6.259840000000000000e+05
6.279840000000000000e+05
6.299840000000000000e+05
6.319840000000000000e+05
6.339840000000000000e+05
6.359840000000000000e+05
6.379840000000000000e+05
6.409840000000000000e+05
6.425160000000000000e+05
6.442330000000000000e+05
6.462330000000000000e+05
6.482330000000000000e+05
6.512330000000000000e+05
6.532330000000000000e+05
6.552330000000000000e+05
6.572330000000000000e+05
6.592330000000000000e+05
6.612330000000000000e+05
6.632330000000000000e+05
6.652330000000000000e+05
6.672330000000000000e+05
6.692330000000000000e+05
6.712330000000000000e+05
6.732330000000000000e+05
6.752330000000000000e+05
6.772330000000000000e+05
6.792330000000000000e+05
6.812330000000000000e+05
6.832330000000000000e+05
6.852330000000000000e+05
6.872330000000000000e+05
6.892330000000000000e+05
6.912330000000000000e+05
6.942330000000000000e+05
6.962330000000000000e+05
6.981720000000000000e+05
7.001720000000000000e+05
7.019850000000000000e+05
7.039850000000000000e+05
7.059850000000000000e+05
7.080360000000000000e+05
7.100360000000000000e+05
7.120360000000000000e+05
7.145330000000000000e+05
7.165330000000000000e+05
7.185330000000000000e+05
7.205330000000000000e+05
7.225330000000000000e+05
7.245330000000000000e+05
7.265330000000000000e+05
7.285330000000000000e+05
7.305330000000000000e+05
7.325330000000000000e+05
7.345330000000000000e+05
7.365850000000000000e+05
7.390220000000000000e+05
7.410220000000000000e+05
7.430220000000000000e+05
7.450570000000000000e+05
7.470370000000000000e+05
7.490370000000000000e+05
7.510370000000000000e+05
7.530370000000000000e+05
7.550370000000000000e+05
7.570370000000000000e+05
7.590370000000000000e+05
7.610370000000000000e+05
7.630370000000000000e+05
7.655070000000000000e+05
7.675070000000000000e+05
7.695070000000000000e+05
7.715070000000000000e+05
7.735070000000000000e+05
7.755070000000000000e+05
7.775070000000000000e+05
7.795070000000000000e+05
7.815070000000000000e+05
7.835070000000000000e+05
7.855070000000000000e+05
7.875070000000000000e+05
7.905070000000000000e+05
7.925070000000000000e+05
7.945070000000000000e+05
7.965070000000000000e+05
7.985070000000000000e+05
8.005070000000000000e+05
8.025070000000000000e+05
8.045070000000000000e+05
8.065070000000000000e+05
8.085070000000000000e+05
8.105070000000000000e+05
8.125070000000000000e+05
8.145070000000000000e+05
8.165070000000000000e+05
8.185070000000000000e+05
8.205070000000000000e+05
8.225070000000000000e+05
8.245070000000000000e+05
8.265070000000000000e+05
8.285070000000000000e+05
8.305070000000000000e+05
8.335070000000000000e+05
8.355070000000000000e+05
8.375070000000000000e+05
8.395070000000000000e+05
8.415070000000000000e+05
8.435070000000000000e+05
8.455070000000000000e+05
8.475070000000000000e+05
8.495070000000000000e+05
8.515070000000000000e+05
8.535070000000000000e+05
8.555070000000000000e+05
8.575070000000000000e+05
8.595070000000000000e+05
8.615070000000000000e+05
8.635070000000000000e+05
8.655070000000000000e+05
8.675070000000000000e+05
8.695070000000000000e+05
8.715070000000000000e+05
8.735070000000000000e+05
8.765070000000000000e+05
8.785070000000000000e+05
8.805070000000000000e+05
8.825070000000000000e+05
8.845070000000000000e+05
8.865070000000000000e+05
8.885070000000000000e+05
8.905070000000000000e+05
8.925070000000000000e+05
8.945070000000000000e+05
8.965070000000000000e+05
8.983260000000000000e+05
9.003260000000000000e+05
9.030080000000000000e+05
9.050080000000000000e+05
9.070080000000000000e+05
9.090080000000000000e+05
9.110080000000000000e+05
9.130080000000000000e+05
9.150080000000000000e+05
9.170080000000000000e+05
9.190080000000000000e+05
9.210080000000000000e+05
9.230080000000000000e+05
9.250080000000000000e+05
9.270080000000000000e+05
9.290080000000000000e+05
9.310080000000000000e+05
9.330080000000000000e+05
9.350080000000000000e+05
9.376940000000000000e+05
9.399120000000000000e+05
9.419120000000000000e+05
9.439120000000000000e+05
9.459120000000000000e+05
9.479120000000000000e+05
9.499120000000000000e+05
9.519120000000000000e+05
9.539120000000000000e+05
9.559120000000000000e+05
9.579120000000000000e+05
9.599120000000000000e+05
9.619120000000000000e+05
9.639120000000000000e+05
9.659120000000000000e+05
9.679120000000000000e+05
9.699120000000000000e+05
9.721530000000000000e+05
9.741530000000000000e+05
9.761530000000000000e+05
9.781530000000000000e+05
9.801530000000000000e+05
9.821530000000000000e+05
9.841530000000000000e+05
9.866120000000000000e+05
9.889690000000000000e+05
9.905690000000000000e+05
9.923920000000000000e+05
9.943920000000000000e+05
9.963920000000000000e+05
9.993920000000000000e+05
1.001392000000000000e+06
1.003392000000000000e+06
1.005392000000000000e+06
1.007392000000000000e+06
1.009392000000000000e+06
1.011392000000000000e+06
1.013392000000000000e+06
1.015392000000000000e+06
1.017392000000000000e+06
1.019392000000000000e+06
1.021392000000000000e+06
1.023392000000000000e+06
1.025392000000000000e+06
1.027392000000000000e+06
1.029392000000000000e+06
1.031392000000000000e+06
1.033392000000000000e+06
1.035392000000000000e+06
1.037392000000000000e+06
1.039392000000000000e+06
1.042392000000000000e+06
1.044392000000000000e+06
1.046482000000000000e+06
1.048482000000000000e+06
1.050482000000000000e+06
1.052482000000000000e+06
1.054482000000000000e+06
1.056482000000000000e+06
1.058482000000000000e+06
1.060482000000000000e+06
1.062482000000000000e+06
1.064482000000000000e+06
1.066482000000000000e+06
1.068482000000000000e+06
1.070482000000000000e+06
1.072482000000000000e+06
1.074482000000000000e+06
1.076482000000000000e+06
1.078482000000000000e+06
1.080482000000000000e+06
1.082482000000000000e+06
1.084482000000000000e+06
1.087482000000000000e+06
1.089482000000000000e+06
1.091482000000000000e+06
1.093482000000000000e+06
1.095482000000000000e+06
1.097482000000000000e+06
1.099482000000000000e+06
1.101482000000000000e+06
1.103482000000000000e+06
1.105482000000000000e+06
1.107517000000000000e+06
1.109517000000000000e+06
1.111517000000000000e+06
1.113517000000000000e+06
1.115517000000000000e+06
1.117517000000000000e+06
1.119517000000000000e+06
1.121517000000000000e+06
1.123517000000000000e+06
1.125517000000000000e+06
1.127559000000000000e+06
1.129559000000000000e+06
1.131559000000000000e+06
1.134559000000000000e+06
1.136559000000000000e+06
1.138559000000000000e+06
1.140559000000000000e+06
1.142559000000000000e+06
1.144559000000000000e+06
1.146559000000000000e+06
1.148559000000000000e+06
1.150559000000000000e+06
1.152559000000000000e+06
1.154559000000000000e+06
1.156559000000000000e+06
1.158559000000000000e+06
1.160559000000000000e+06
1.162559000000000000e+06
1.164559000000000000e+06
1.166559000000000000e+06
1.168559000000000000e+06
1.170559000000000000e+06
1.172559000000000000e+06
1.174559000000000000e+06
1.177559000000000000e+06
1.179559000000000000e+06
1.181559000000000000e+06
1.183559000000000000e+06
1.185559000000000000e+06
1.187559000000000000e+06
1.189559000000000000e+06
1.191559000000000000e+06
1.193559000000000000e+06
1.195396000000000000e+06
1.197396000000000000e+06
1.199396000000000000e+06
1.201396000000000000e+06
1.203396000000000000e+06
1.205396000000000000e+06
1.207396000000000000e+06
1.209396000000000000e+06
1.212396000000000000e+06
1.214396000000000000e+06
1.216396000000000000e+06
1.218396000000000000e+06
1.220396000000000000e+06
1.222396000000000000e+06
1.224396000000000000e+06
1.226396000000000000e+06
1.228396000000000000e+06
1.230396000000000000e+06
1.232321000000000000e+06
1.234321000000000000e+06
1.236321000000000000e+06
1.238321000000000000e+06
1.240321000000000000e+06
1.242321000000000000e+06
1.244321000000000000e+06
1.246321000000000000e+06
1.248321000000000000e+06
1.251321000000000000e+06
1.252777000000000000e+06
1.255294000000000000e+06
1.257294000000000000e+06
1.259294000000000000e+06
1.261294000000000000e+06
1.263294000000000000e+06
1.265294000000000000e+06
1.267294000000000000e+06
1.269294000000000000e+06
1.271294000000000000e+06
1.273294000000000000e+06
1.274928000000000000e+06
1.277928000000000000e+06
1.279928000000000000e+06
1.281928000000000000e+06
1.283928000000000000e+06
1.285928000000000000e+06
1.287790000000000000e+06
1.289790000000000000e+06
1.291790000000000000e+06
1.293790000000000000e+06
1.295790000000000000e+06
1.297790000000000000e+06
1.299790000000000000e+06
1.301790000000000000e+06
1.303790000000000000e+06
1.305790000000000000e+06
1.307790000000000000e+06
1.309790000000000000e+06
1.311790000000000000e+06
1.313886000000000000e+06
1.315886000000000000e+06
1.318886000000000000e+06
1.320886000000000000e+06
1.322886000000000000e+06
1.324886000000000000e+06
1.326886000000000000e+06
1.328886000000000000e+06
1.330947000000000000e+06
1.332947000000000000e+06
1.334947000000000000e+06
1.336733000000000000e+06
1.338733000000000000e+06
1.340733000000000000e+06
1.343085000000000000e+06
1.345085000000000000e+06
1.347085000000000000e+06
1.349085000000000000e+06
1.351085000000000000e+06
1.353085000000000000e+06
1.355404000000000000e+06
1.357404000000000000e+06
1.359404000000000000e+06
1.361404000000000000e+06
1.362969000000000000e+06
1.365969000000000000e+06
1.367969000000000000e+06
1.369969000000000000e+06
1.371969000000000000e+06
1.373969000000000000e+06
1.375969000000000000e+06
1.377969000000000000e+06
1.379969000000000000e+06
1.382175000000000000e+06
1.383975000000000000e+06
1.385975000000000000e+06
1.387975000000000000e+06
1.389975000000000000e+06
1.391975000000000000e+06
1.393975000000000000e+06
1.395975000000000000e+06
1.397975000000000000e+06
1.399971000000000000e+06
1.401971000000000000e+06
1.403971000000000000e+06
1.406971000000000000e+06
1.408971000000000000e+06
1.410971000000000000e+06
1.412971000000000000e+06
1.415114000000000000e+06
1.417114000000000000e+06
1.419114000000000000e+06
1.421114000000000000e+06
1.422830000000000000e+06
1.424830000000000000e+06
1.426830000000000000e+06
1.428830000000000000e+06
1.430830000000000000e+06
1.432830000000000000e+06
1.435095000000000000e+06
1.437095000000000000e+06
1.439095000000000000e+06
1.441095000000000000e+06
1.443095000000000000e+06
1.445095000000000000e+06
1.447095000000000000e+06
1.449095000000000000e+06
1.451095000000000000e+06
1.453095000000000000e+06
1.455471000000000000e+06
1.457471000000000000e+06
1.459471000000000000e+06
1.461471000000000000e+06
1.463471000000000000e+06
1.465471000000000000e+06
1.467767000000000000e+06
1.469767000000000000e+06
1.471767000000000000e+06
1.473767000000000000e+06
1.475767000000000000e+06
1.477767000000000000e+06
1.480516000000000000e+06
1.482136000000000000e+06
1.484136000000000000e+06
1.486136000000000000e+06
1.488136000000000000e+06
1.490136000000000000e+06
1.492136000000000000e+06
1.494136000000000000e+06
1.496136000000000000e+06
1.499136000000000000e+06
1.501136000000000000e+06
1.503136000000000000e+06
1.505136000000000000e+06
1.507136000000000000e+06
1.509136000000000000e+06
1.511144000000000000e+06
1.513144000000000000e+06
1.515144000000000000e+06
1.517144000000000000e+06
1.519144000000000000e+06
1.521144000000000000e+06
1.523617000000000000e+06
1.524909000000000000e+06
1.526909000000000000e+06
1.529456000000000000e+06
1.531382000000000000e+06
1.533256000000000000e+06
1.535256000000000000e+06
1.537256000000000000e+06
1.539977000000000000e+06
1.541977000000000000e+06
1.543977000000000000e+06
1.545977000000000000e+06
1.547578000000000000e+06
1.549578000000000000e+06
1.551869000000000000e+06
1.553869000000000000e+06
1.556222000000000000e+06
1.558222000000000000e+06
1.560222000000000000e+06
1.562222000000000000e+06
1.564222000000000000e+06
1.566222000000000000e+06
1.568222000000000000e+06
1.570222000000000000e+06
1.572222000000000000e+06
1.574222000000000000e+06
1.576222000000000000e+06
1.578222000000000000e+06
1.580222000000000000e+06
1.582222000000000000e+06
1.584222000000000000e+06
1.586222000000000000e+06
1.589222000000000000e+06
1.591222000000000000e+06
1.593222000000000000e+06
1.595222000000000000e+06
1.597222000000000000e+06
1.599222000000000000e+06
1.601222000000000000e+06
1.603222000000000000e+06
1.605222000000000000e+06
1.607222000000000000e+06
1.609222000000000000e+06
1.611222000000000000e+06
1.613222000000000000e+06
1.615222000000000000e+06
1.617222000000000000e+06
1.619222000000000000e+06
1.621222000000000000e+06
1.623222000000000000e+06
1.625222000000000000e+06
1.627222000000000000e+06
1.629222000000000000e+06
1.632222000000000000e+06
1.634222000000000000e+06
1.636222000000000000e+06
1.638222000000000000e+06
1.640222000000000000e+06
1.642222000000000000e+06
1.644222000000000000e+06
1.646222000000000000e+06
1.648222000000000000e+06
1.650222000000000000e+06
1.652222000000000000e+06
1.654222000000000000e+06
1.656222000000000000e+06
1.658222000000000000e+06
1.660222000000000000e+06
1.662222000000000000e+06
1.664222000000000000e+06
1.666222000000000000e+06
1.668222000000000000e+06
1.671020000000000000e+06
1.673020000000000000e+06
1.675020000000000000e+06
1.677020000000000000e+06
1.679020000000000000e+06
1.681020000000000000e+06
1.683020000000000000e+06
1.685020000000000000e+06
1.687020000000000000e+06
1.689020000000000000e+06
1.691020000000000000e+06
1.693020000000000000e+06
1.695020000000000000e+06
1.697020000000000000e+06
1.699020000000000000e+06
1.701020000000000000e+06
1.703020000000000000e+06
1.705489000000000000e+06
1.707489000000000000e+06
1.709740000000000000e+06
1.711740000000000000e+06
1.713740000000000000e+06
1.716202000000000000e+06
1.718202000000000000e+06
1.720202000000000000e+06
1.722202000000000000e+06
1.724160000000000000e+06
1.726160000000000000e+06
1.728044000000000000e+06
1.730044000000000000e+06
1.732044000000000000e+06
1.734044000000000000e+06
1.736044000000000000e+06
1.738044000000000000e+06
1.739939000000000000e+06
1.741939000000000000e+06
1.743939000000000000e+06
1.746939000000000000e+06
1.748939000000000000e+06
1.750939000000000000e+06
1.752939000000000000e+06
1.754939000000000000e+06
1.757143000000000000e+06
1.759143000000000000e+06
1.761143000000000000e+06
1.763143000000000000e+06
1.764450000000000000e+06
1.767347000000000000e+06
1.769347000000000000e+06
1.771347000000000000e+06
1.773347000000000000e+06
1.775347000000000000e+06
1.777347000000000000e+06
1.779625000000000000e+06
1.781625000000000000e+06
1.783625000000000000e+06
1.785625000000000000e+06
1.787625000000000000e+06
1.789625000000000000e+06
1.791625000000000000e+06
1.793082000000000000e+06
1.795618000000000000e+06
1.797618000000000000e+06
1.799618000000000000e+06
1.801618000000000000e+06
1.803618000000000000e+06
1.805618000000000000e+06
1.807618000000000000e+06
1.809618000000000000e+06
1.812082000000000000e+06
1.814082000000000000e+06
1.816082000000000000e+06
1.818082000000000000e+06
1.820577000000000000e+06
1.822577000000000000e+06
1.824577000000000000e+06
1.826577000000000000e+06
1.828577000000000000e+06
1.830577000000000000e+06
1.832577000000000000e+06
1.834577000000000000e+06
1.836577000000000000e+06
1.838577000000000000e+06
1.840577000000000000e+06
1.842577000000000000e+06
1.844907000000000000e+06
1.846907000000000000e+06
1.848907000000000000e+06
1.850907000000000000e+06
1.852907000000000000e+06
1.854907000000000000e+06
1.856907000000000000e+06
1.858907000000000000e+06
1.860907000000000000e+06
1.862880000000000000e+06
1.864880000000000000e+06
1.866880000000000000e+06
1.868880000000000000e+06
1.870880000000000000e+06
1.873880000000000000e+06
1.875968000000000000e+06
1.877968000000000000e+06
1.879968000000000000e+06
1.881968000000000000e+06
1.883388000000000000e+06
1.885388000000000000e+06
1.887743000000000000e+06
1.889743000000000000e+06
1.891457000000000000e+06
1.893457000000000000e+06
1.895457000000000000e+06
1.897536000000000000e+06
1.900536000000000000e+06
1.901857000000000000e+06
1.903857000000000000e+06
1.905857000000000000e+06
1.907857000000000000e+06
1.909857000000000000e+06
1.911857000000000000e+06
1.914857000000000000e+06
1.916114000000000000e+06
1.918114000000000000e+06
1.921008000000000000e+06
1.923008000000000000e+06
1.925008000000000000e+06
1.927008000000000000e+06
1.928834000000000000e+06
1.930834000000000000e+06
1.932834000000000000e+06
1.934834000000000000e+06
1.936834000000000000e+06
1.938834000000000000e+06
1.940834000000000000e+06
1.942834000000000000e+06
1.944834000000000000e+06
1.946834000000000000e+06
1.948848000000000000e+06
1.950848000000000000e+06
1.952848000000000000e+06
1.954848000000000000e+06
1.957848000000000000e+06
1.959848000000000000e+06
1.961848000000000000e+06
1.963848000000000000e+06
1.965848000000000000e+06
1.967848000000000000e+06
1.969848000000000000e+06
1.971575000000000000e+06
1.973575000000000000e+06
1.975575000000000000e+06
1.977575000000000000e+06
1.979575000000000000e+06
1.981575000000000000e+06
1.983575000000000000e+06
1.985575000000000000e+06
1.988575000000000000e+06
1.990575000000000000e+06
1.991794000000000000e+06
1.994473000000000000e+06
1.996473000000000000e+06
1.998744000000000000e+06
2.000744000000000000e+06
