-6.956704672678554857e+00
7.606600113663743556e+00
1.051465109094878869e+01
1.214313490565076847e+01
1.412114521993289529e+01
1.609656322521338367e+01
1.681004767001426359e+01
1.810388934928897697e+01
1.892471056145086550e+01
1.974035341431220303e+01
2.038908502258376743e+01
2.102435945397204975e+01
2.187977297141729238e+01
2.283740943751596220e+01
2.373986817587130815e+01
2.439585774683542851e+01
2.498259002728998368e+01
2.554240958247362059e+01
2.580158670870624604e+01
2.616388097977250737e+01
2.689315446909672502e+01
2.713122997713447049e+01
2.719029877477698776e+01
2.762258911351347379e+01
2.803598292951557625e+01
2.836461783860054808e+01
2.869398758663378501e+01
2.890509548472115497e+01
2.900995275606359769e+01
2.926110454640646097e+01
2.949972197412562736e+01
2.970314308746291587e+01
2.997318088119076762e+01
3.009972268146227492e+01
3.033462310714778098e+01
3.054397026394274661e+01
3.076585959365817402e+01
3.089271838604337006e+01
3.110607008537844820e+01
3.128148385824086475e+01
3.133111986220677991e+01
3.157477614112531228e+01
3.170383669307654273e+01
3.186568244860178822e+01
3.198554006556389240e+01
3.214817546473373966e+01
3.225211433794772375e+01
3.240017911368614278e+01
3.253999642747620413e+01
3.346737312698039091e+01
3.380282937894879325e+01
3.424108840069414583e+01
3.467989098321060482e+01
3.501358514855158433e+01
3.530897397974118235e+01
3.568065852521636572e+01
3.595273612437895849e+01
3.622543390068638303e+01
3.650636427495268066e+01
3.672738924992970766e+01
3.693375405984296123e+01
3.708455093925675783e+01
3.721283280389643977e+01
3.738570331114883771e+01
3.748949630637047647e+01
3.763616344619982357e+01
3.780876901746090368e+01
3.800021954272289548e+01
3.811257742707756080e+01
3.823415845958775350e+01
3.840936729952552042e+01
3.868531127209095644e+01
3.876393340077795813e+01
3.886410935060754923e+01
3.894933112852320534e+01
3.906313455998514428e+01
3.924914184687000329e+01
3.947296908407582805e+01
3.959027261888331140e+01
3.967064978761609240e+01
3.982058041009437943e+01
3.992533711297565446e+01
4.011796219191180057e+01
4.026123641110322637e+01
4.036021252724926711e+01
4.048461136758097467e+01
4.056636370646212697e+01
4.070597035651766760e+01
4.096576782557156804e+01
4.111780143630652873e+01
4.123393936994638409e+01
4.140324860109268457e+01
4.149203804136706708e+01
4.162712614305177539e+01
4.175377390013419898e+01
4.195912141545466767e+01
4.207480009757575345e+01
4.220104237714809869e+01
4.228048602188203375e+01
4.237198812685467431e+01
4.246422330656658062e+01
4.259427523727965337e+01
4.271892268683969718e+01
4.284752029704181098e+01
4.293392050670261284e+01
4.305682575423248437e+01
4.317277136036920382e+01
4.330929965168768092e+01
4.345971752681500533e+01
4.359895481127420425e+01
4.371644484131063990e+01
4.380261765029869991e+01
4.386256477352471705e+01
4.395346657225280751e+01
4.402704360966045272e+01
4.411980082374756762e+01
4.421762067520526784e+01
4.433087014163746886e+01
4.441891808208573877e+01
4.451428708951554825e+01
4.460184779692500001e+01
4.472387522617771793e+01
4.481015414915395922e+01
4.499182256415247139e+01
4.509084862495464563e+01
4.514348105919368237e+01
4.522757789884839497e+01
4.524736976173974767e+01
4.537913326238236777e+01
4.540323411736134318e+01
4.533977391694022430e+01
4.529939989502808828e+01
4.540235149372769285e+01
4.551154887868737120e+01
4.554401030049842802e+01
4.567422573074980363e+01
4.569254026222308340e+01
4.567210283622226541e+01
4.581579970229790177e+01
4.585808107501342334e+01
4.591603419320306045e+01
4.600453501039552862e+01
4.608568084697621003e+01
4.612880504870746989e+01
4.617865419037560315e+01
4.612313936805281855e+01
4.623877974223633203e+01
4.648087452354212701e+01
4.653192762669298332e+01
4.664387535509258953e+01
4.670960807261406700e+01
4.683960238248056385e+01
4.695483656673010131e+01
4.722223389235228552e+01
4.726209837713878414e+01
4.730316980007344085e+01
4.729409218539520054e+01
4.744524043810204716e+01
4.738221082286427333e+01
4.759218194346632913e+01
4.780315423847699918e+01
4.803979595357089494e+01
4.830027382723720564e+01
4.834115823517252153e+01
4.856374200424700405e+01
4.876628615598516348e+01
4.900681263217835948e+01
4.927204456219885031e+01
4.939297210804338079e+01
4.954473155252838978e+01
4.961312974938598330e+01
4.967264880005375716e+01
4.976605871519866753e+01
5.001262517004447261e+01
4.995934088203384960e+01
5.007257228626010459e+01
5.025808319763701348e+01
5.038400233480745527e+01
5.062602461485471395e+01
5.099014715178523005e+01
5.118646159884220026e+01
5.143775054237688948e+01
5.151624146053394782e+01
5.175809107928748887e+01
5.191166070598471549e+01
5.222838944681783602e+01
5.258475428048622291e+01
5.286080356397003754e+01
5.310920273605771058e+01
5.323726507701781685e+01
5.351641899321248985e+01
5.381601445776477988e+01
5.401449772641138480e+01
5.437256121424927358e+01
5.469071727397544436e+01
5.497752645966888707e+01
5.507411710654905335e+01
5.521123686330199121e+01
5.548067377463393512e+01
5.581506195604214327e+01
5.594226041755239009e+01
5.602430522443679450e+01
5.605282136690279771e+01
5.630556168122802774e+01
5.643640214392043930e+01
5.674057953110673935e+01
5.689489317742805952e+01
5.722996381665237209e+01
5.742921081707986275e+01
5.746463336390782217e+01
5.751102728866345615e+01
5.735594636967689297e+01
5.760803272844317036e+01
5.773318898282797562e+01
5.788342640829679908e+01
5.804509913464202953e+01
5.815252140105152989e+01
5.840953087233386043e+01
5.864198704648847382e+01
5.894157503185017077e+01
5.913640175462193582e+01
5.932108789581548791e+01
5.948649272788208009e+01
5.994338153229350041e+01
6.012992232198352838e+01
6.051764605338069458e+01
6.063551585280659140e+01
6.090146888109617151e+01
6.096066065461700134e+01
6.131966437792365809e+01
6.144349960585503112e+01
6.170308060117872628e+01
6.195698704856938122e+01
6.208121246757397671e+01
6.219666392740995775e+01
6.239100370735863521e+01
6.256798448011361558e+01
6.274451696890359642e+01
6.284337296256261851e+01
6.301897555569225062e+01
6.314182569899399056e+01
6.340437757821639764e+01
6.353616377678358162e+01
6.365824517934899518e+01
6.371264880398659614e+01
6.392688177340337319e+01
6.418738261329257000e+01
6.428836293985811778e+01
6.432529252838213552e+01
6.478361111595367561e+01
6.505027231204716998e+01
6.525257786951110006e+01
6.555147540581585019e+01
6.560625325963647470e+01
6.580033919919777929e+01
6.607721963238093110e+01
6.621809993062610999e+01
6.638802522476430568e+01
6.665466168226063814e+01
6.691773023811141741e+01
6.743330108843291271e+01
6.747229879668668673e+01
6.781249633887620121e+01
6.788589367882721604e+01
6.785731410442241440e+01
6.811398209488946520e+01
6.807629489666015843e+01
6.827237356164192761e+01
6.854679592095749285e+01
6.897753024919087750e+01
6.912475655104594807e+01
6.932100590631003456e+01
6.948262136384077792e+01
6.974374309466180932e+01
7.001446554266948397e+01
7.022240816375764894e+01
7.033216381450178289e+01
7.059136628940419200e+01
7.073978644560999385e+01
7.068613837632230457e+01
7.088525460564117964e+01
7.088991705198770887e+01
7.098299885308944113e+01
7.087458428508494990e+01
7.100071145255337512e+01
7.093612707647451998e+01
7.103268189272083077e+01
7.105674486821880009e+01
7.118090333687653981e+01
7.126485560614528936e+01
7.149936849511642833e+01
7.151307752736059342e+01
7.147201966126154105e+01
7.166022109328338274e+01
7.190371871816559235e+01
7.220987057760623884e+01
7.258626933832155714e+01
7.255248119145056762e+01
7.280789626986393159e+01
7.309510326042445172e+01
7.340328756248669606e+01
7.334794344965158075e+01
7.372879157855558674e+01
7.405463489916131437e+01
7.357243149033006091e+01
7.394760747915235299e+01
7.424090572705291891e+01
7.456741003524726352e+01
7.484660115237430489e+01
7.502475521508006295e+01
7.510337478891975138e+01
7.523409240153210931e+01
7.573705970236419205e+01
7.605658313685512439e+01
7.652641251076732942e+01
7.658212911045909266e+01
7.669313382049465133e+01
7.634068378193049398e+01
7.614798090553722432e+01
7.658278506478575309e+01
7.674210899399231778e+01
7.653173702016941604e+01
7.637931933202438017e+01
7.653849784335220363e+01
7.670944243739819512e+01
7.688772433620742675e+01
7.711275886923486667e+01
7.747826665751129838e+01
7.802712806564470327e+01
7.831751126142481212e+01
7.836284200127467159e+01
7.872440766937670276e+01
7.926553980020439383e+01
7.952694180933289658e+01
7.942933601293870538e+01
7.971679619814150897e+01
8.024761982548525907e+01
7.978629890223498933e+01
8.009642704975198058e+01
8.025122300425204003e+01
8.077765892114423707e+01
8.132358732651233879e+01
8.164630503201357214e+01
8.188700380939675938e+01
8.212910582175717877e+01
8.231050530909837448e+01
8.238778330034843123e+01
8.274809368200372717e+01
8.299455786761893705e+01
8.305622586805742458e+01
8.361175388479506410e+01
8.379215973213121060e+01
8.398651301362446020e+01
8.499675615443244681e+01
8.486341710484401801e+01
8.451943667803598714e+01
8.475589058313411783e+01
8.496791124594851397e+01
8.469821892981100575e+01
8.520112941264105189e+01
8.546763776051740535e+01
8.521922817532926331e+01
8.561396719926624144e+01
8.575320970920644470e+01
8.564415030592901701e+01
8.549281181613631020e+01
8.619928763224721990e+01
8.675664855258381181e+01
8.642326351052783195e+01
8.658316916978137101e+01
8.675259042486257499e+01
8.729097572789994786e+01
8.753045236154257225e+01
8.777420995072354515e+01
8.766854990999028985e+01
8.739864755150706799e+01
8.760182580442121036e+01
8.767440995641864276e+01
8.778616341313272642e+01
8.787466152220696358e+01
8.801438649108057177e+01
8.816773145894185859e+01
8.871119211997991272e+01
8.918866360596894083e+01
8.928759832610859348e+01
8.902447477481739213e+01
9.004012014136516484e+01
8.971787280504878481e+01
8.999844332213635312e+01
9.022525005070457382e+01
9.043154596780252064e+01
9.066864956661137853e+01
9.082761145695165794e+01
9.002204969719105065e+01
9.017376332209003920e+01
9.084185434216531974e+01
9.095176149296814572e+01
9.107519185525937644e+01
9.126528933138526156e+01
9.142043416876991557e+01
9.119849702187300977e+01
9.091497538102727560e+01
9.098836816272036288e+01
9.159722000385163199e+01
9.228420308532427896e+01
9.240883335331156445e+01
9.260516030551042377e+01
9.329731720679137652e+01
9.349500803473962662e+01
9.372832830634277457e+01
9.448759146160482203e+01
9.464202288750060177e+01
9.485027502684565093e+01
9.544156601127016870e+01
9.608519059692835640e+01
9.625541056602051526e+01
9.654367854458979537e+01
9.626889952384894400e+01
9.687485518423656572e+01
9.720502087337965236e+01
9.694552332599964473e+01
9.713768742583877724e+01
9.735183349126184282e+01
9.810181834668344436e+01
9.882581318162436901e+01
9.906198727967698403e+01
9.931624402860785494e+01
9.965689426685048602e+01
1.004028353670464071e+02
1.007532131222408793e+02
1.009454759876407905e+02
1.012164072210705115e+02
1.015187506925623921e+02
1.017905499614892904e+02
1.024873457289992018e+02
1.026338693465144161e+02
1.033435604095611779e+02
1.036463258678032417e+02
1.037805662130636364e+02
1.039471299165798683e+02
1.040591319730605875e+02
1.041702434601426859e+02
1.047903600252062972e+02
1.048972107621763996e+02
1.049287236118307618e+02
1.045712665360904055e+02
1.041176617232186032e+02
1.042644763087660920e+02
1.043712417964017618e+02
1.044190933415224976e+02
1.049448269521481052e+02
1.050441013981320992e+02
1.040157570478585995e+02
1.034897609317782496e+02
1.034358691241031210e+02
1.033413347218200045e+02
1.032990638569232544e+02
1.033902809651498984e+02
1.023023463269523887e+02
1.022752872948542091e+02
1.022440136436850082e+02
1.022222709401497411e+02
1.022024078141289891e+02
1.021521146694274620e+02
1.022470043930806298e+02
1.027612779826519898e+02
1.034326711564823711e+02
1.035368563611740740e+02
1.034657179463547010e+02
1.039716488170666508e+02
1.039610016633828877e+02
1.034740569531256682e+02
1.029940959465703259e+02
1.030024024889702901e+02
1.029463176749941340e+02
1.029503742796680683e+02
1.028384120165046767e+02
1.028551015266451998e+02
1.027454509434552534e+02
1.027887658090652110e+02
1.027851529892051445e+02
1.028383992475412043e+02
1.027347139049376210e+02
1.027484455676492274e+02
1.027561865352901833e+02
1.027016816994486845e+02
1.026206794453100031e+02
1.025882309733668620e+02
1.025147949422041052e+02
1.025524431562182741e+02
1.030513212391176552e+02
1.030181252267027645e+02
1.031532056215501996e+02
1.031867642566894148e+02
1.030862745949501402e+02
1.036975036855596812e+02
1.036419875196955331e+02
1.036587809795782960e+02
1.042140376335677132e+02
1.042720914248591413e+02
1.042849115857332549e+02
1.049014501832311339e+02
1.054783722086873752e+02
1.056061595521904337e+02
1.052686137915034550e+02
1.053144353165772316e+02
1.058647683442484890e+02
1.064684727286418848e+02
1.065041629433131902e+02
1.060346308586193089e+02
1.061644174655141484e+02
1.056855394468023519e+02
1.057164576749799068e+02
1.057108939350678583e+02
1.057692369221192479e+02
1.051712881902080028e+02
1.052606473160697931e+02
1.053276024218798881e+02
1.048952891858957486e+02
1.049504385201477277e+02
1.049085078270395144e+02
1.054601168423276931e+02
1.053948027489693970e+02
1.054549221415911830e+02
1.048931728759129101e+02
1.049063074980342520e+02
1.050649210133242804e+02
1.050207983333565807e+02
1.051138760154603489e+02
1.052328435644136704e+02
1.054369598598783142e+02
1.056180456265225445e+02
1.056997001407041523e+02
1.057832197302616208e+02
1.059167370711642064e+02
1.054810469232552208e+02
1.056342193380489363e+02
1.051665651733652709e+02
1.046181544250587763e+02
1.041855223139784954e+02
1.043317540508484456e+02
1.038234026989578922e+02
1.044346200888385425e+02
1.046486852594811126e+02
1.042099376433783959e+02
1.043481123188473276e+02
1.039577180105118828e+02
1.040439391452544982e+02
1.041834823330107724e+02
1.048881291106483502e+02
1.048264361781099439e+02
1.047890963412011871e+02
1.048205286743573765e+02
1.048421865691876462e+02
1.048978427523695274e+02
1.049485995708631094e+02
1.043925098827307210e+02
1.039026899522491618e+02
1.039498406996581821e+02
1.039390544137426389e+02
1.046003994190949982e+02
1.041265152406243146e+02
1.041242838552460910e+02
1.041470418906074400e+02
1.040617140409186447e+02
1.041458079927196536e+02
1.041712672419373149e+02
1.047988526444808173e+02
1.042926833768421204e+02
1.049144615540497512e+02
1.048806677530560165e+02
1.049433144617199076e+02
1.049259191638475528e+02
1.054919424645114248e+02
1.055745362810460364e+02
1.049098175211210275e+02
1.048839222229169224e+02
1.049470699780078178e+02
1.049210044562786095e+02
1.047707193413022821e+02
1.047073091982143325e+02
1.047059439975482320e+02
1.047278414626189686e+02
1.052753679662579458e+02
1.051648242671222278e+02
1.044275080165208180e+02
1.044223445327760800e+02
1.050900124910802020e+02
1.048556296053633048e+02
1.048020211727615560e+02
1.048385114532311491e+02
1.049172920204428010e+02
1.047696748799885427e+02
1.052645549996225043e+02
1.051494470965371022e+02
1.056392770820534537e+02
1.055209535470632716e+02
1.054930228231668963e+02
1.054271587090629509e+02
1.054861094311674066e+02
1.055783288023341129e+02
1.050697152549634978e+02
1.056080537859928654e+02
1.056146062034899984e+02
1.057947550850540779e+02
1.063861802910722645e+02
1.075497573645334768e+02
1.070005074938167979e+02
1.065524172762650892e+02
1.070254290174872978e+02
1.070802093581996814e+02
1.065865292034909118e+02
1.071250415295445748e+02
1.071571963641532648e+02
1.071763672545096284e+02
1.071448420941529349e+02
1.071025164442924620e+02
1.076166128703610099e+02
1.075761215723984208e+02
1.076442919693753737e+02
1.075794170512301093e+02
1.076411871565295257e+02
1.076873639397220330e+02
1.076770323227630115e+02
1.079700566598904317e+02
1.079156564354457828e+02
1.078964508207255335e+02
1.078789367123170848e+02
1.078297731287113379e+02
1.078405309519308730e+02
1.077889968909831993e+02
1.077800360806177196e+02
1.076907569340638275e+02
1.076611614661945282e+02
1.090118891384469890e+02
1.084060487249656717e+02
1.083581515491564886e+02
1.086224504276645320e+02
1.086724881118847748e+02
1.093713026080781816e+02
1.094376211784857134e+02
1.089875370582810490e+02
1.091804426177629779e+02
1.092604816404691661e+02
1.093066105935061501e+02
1.088979224363518767e+02
1.089261027049176107e+02
1.080071329517331407e+02
1.079929451086953804e+02
1.080800078889575104e+02
1.086553740203147953e+02
1.087403057515990810e+02
1.088221232678109232e+02
1.087781644296549644e+02
1.080761309747107077e+02
1.081787819724471262e+02
1.088779421547672115e+02
1.094121526781822524e+02
1.094297085541046357e+02
1.095183916487590068e+02
1.101001893935837757e+02
1.100676204369479336e+02
1.101943766196178842e+02
1.101989709882583384e+02
1.094710492597615854e+02
1.095193862781027008e+02
1.088398855349306729e+02
1.090724063268664423e+02
1.091107975046638785e+02
1.092011358565290919e+02
1.092288808609391566e+02
1.093293916015605873e+02
1.098865029031077825e+02
1.097604381520760057e+02
1.092024630720872267e+02
1.091802550517936226e+02
1.092544357375061139e+02
1.093137479209589458e+02
1.092819191704179644e+02
1.093575984327845418e+02
1.087550639684504716e+02
1.087527843512602459e+02
1.088139678090540059e+02
1.088104777104651788e+02
1.094014103857812046e+02
1.094061628494746543e+02
1.100383437154729052e+02
1.099610273988184730e+02
1.098285955485772547e+02
1.103968282967746859e+02
1.098299346017543456e+02
1.097436956427660704e+02
1.097746375157114045e+02
1.096284789472940844e+02
1.102567473987280238e+02
1.102437505177937993e+02
1.112753767839836172e+02
1.112411948443068894e+02
1.113145271959078002e+02
1.113528583935879510e+02
1.114289257199969683e+02
1.113953242421953433e+02
1.114478839784813431e+02
1.121886818313711842e+02
1.115364023334786339e+02
1.115250768675151960e+02
1.115476044222738921e+02
1.106753487499031507e+02
1.106744579688570838e+02
1.106400010493895394e+02
1.107513567755838295e+02
1.106876741603901593e+02
1.108099952336540497e+02
1.117202154936412768e+02
1.111726354642989776e+02
1.119541245050902774e+02
1.118786966237074409e+02
1.119957483158554510e+02
1.119827787778712320e+02
1.119951543345957674e+02
1.114744149540124312e+02
1.114391618238976633e+02
1.115608778060664719e+02
1.122635022456410780e+02
1.123311963748865736e+02
1.124289295673580966e+02
1.125062515922944328e+02
1.126514987881690786e+02
1.127393811401128971e+02
1.133722938055818474e+02
1.136040957324646286e+02
1.136739632752248497e+02
1.137005455794765822e+02
1.137774488402954347e+02
1.138119234113970322e+02
1.138088175696415476e+02
1.138237897037762423e+02
1.139260918480060241e+02
1.139534497789066876e+02
1.144532183591401520e+02
1.139715726545281740e+02
1.133985182118826032e+02
1.135677151664371536e+02
1.135571473971157985e+02
1.135084569302935904e+02
1.135102760411696750e+02
1.136232746073104636e+02
1.136072442336789408e+02
1.136076972682369188e+02
1.135112555893312276e+02
1.134638393725810488e+02
1.134739045240747686e+02
1.140331816508383440e+02
1.140435141206584433e+02
1.140301761188465974e+02
1.140674039953355390e+02
1.150361694048477545e+02
1.149163753129440693e+02
1.149659458340946969e+02
1.149972569283646777e+02
1.150531593495287410e+02
1.150058805721908328e+02
1.149890984384571198e+02
1.155973825875017411e+02
1.154914125876831861e+02
1.155133690365004497e+02
1.154521485751836707e+02
1.155665779011963252e+02
1.155387711786144109e+02
1.160081501622914288e+02
1.159480309904352140e+02
1.158923751290470108e+02
1.158951542837139783e+02
1.157873940830157835e+02
1.157150065646636392e+02
1.156091181624176158e+02
1.156058664046816915e+02
1.155494143246673389e+02
1.155338765555084564e+02
1.153985205323913874e+02
1.152301657671277155e+02
1.151846411350640551e+02
1.151366164880970189e+02
1.150644895011316606e+02
1.149858365934633042e+02
1.149080226974029983e+02
1.148510283765401851e+02
1.147567240269322184e+02
1.147770088623877314e+02
1.153179781857615467e+02
1.158977532805422328e+02
1.158244573144226166e+02
1.154195896249303814e+02
1.153473732793330271e+02
1.153551089159958281e+02
1.152503952782112719e+02
1.141509510701822876e+02
1.141989802819739594e+02
1.141933274473329618e+02
1.141991960501878935e+02
1.141366893674625658e+02
1.140452382673095002e+02
1.141756844816006691e+02
1.142357624376586500e+02
1.142558173603335376e+02
1.142470512720124134e+02
1.144302579100131112e+02
1.143960081139930907e+02
1.143729414478579969e+02
1.142949371162218597e+02
1.142631156068503202e+02
1.142008311818085957e+02
1.140959331841128375e+02
1.141456004548952308e+02
1.141144630336937951e+02
1.141415173866790553e+02
1.142230867258568452e+02
1.142632685091057851e+02
1.142813538850277411e+02
1.143556353116228053e+02
1.144217690815077333e+02
1.143207259894843446e+02
1.143248369645163933e+02
1.143671812925217779e+02
1.144598410143333638e+02
1.143546144995371066e+02
1.144403874648666033e+02
1.144452740715543797e+02
1.145191117977123980e+02
1.146456559173763878e+02
1.146720485003414183e+02
1.147097507959486364e+02
1.147617111550759574e+02
1.150025364248707973e+02
1.150637809772531028e+02
1.150818025661998263e+02
1.150846084716161783e+02
1.151853706345333705e+02
1.151837050976334638e+02
1.151663393061634082e+02
1.152239251449164499e+02
1.156998766761733464e+02
1.157913895540177549e+02
1.157861237957258567e+02
1.158935217691335708e+02
1.169711230292361677e+02
1.171150869466593178e+02
1.171711752440565277e+02
1.172452328111855024e+02
1.172475110693904696e+02
1.173513761791503498e+02
1.172935809805464373e+02
1.172570686620248068e+02
1.172440267351861394e+02
1.172869217408439368e+02
1.172456528698162970e+02
1.173008241301976682e+02
1.172935593222732109e+02
1.173645997526506335e+02
1.174437473224519124e+02
1.175602205565262608e+02
1.170180963591662078e+02
1.169320492223325232e+02
1.170210525077842618e+02
1.170306934093848241e+02
1.169636687647817439e+02
1.170022672615987176e+02
1.170268687255951079e+02
1.169666497343445570e+02
1.168607188819030824e+02
1.169135942668508648e+02
1.169695994029083721e+02
1.170442108424608136e+02
1.170029695086750934e+02
1.161156911118563215e+02
1.161686764814182311e+02
1.161735595875465918e+02
1.162706189469431450e+02
1.163489562690976697e+02
1.158048921637127364e+02
1.158692497132657593e+02
1.159348078207583228e+02
1.158176607169102539e+02
1.159634835274889184e+02
1.160160860597297727e+02
1.160758717102102509e+02
1.160769598192161141e+02
1.161788134927444105e+02
1.161915934390827658e+02
1.162609061605892435e+02
1.162830536024621466e+02
1.162999273807730560e+02
1.163765815452137247e+02
1.163510672388377714e+02
1.164116965051489530e+02
1.163665936880240821e+02
1.162794477633953107e+02
1.163039696539310768e+02
1.163648056983767560e+02
1.163693921606445798e+02
1.164476552417131501e+02
1.164192892236746104e+02
1.165203106833821778e+02
1.165839899384431675e+02
1.167117399372330482e+02
1.167761593968285467e+02
1.168806107565681174e+02
1.168788134467181266e+02
1.169469668795202182e+02
1.169400465869068313e+02
1.176778777928433897e+02
1.177872712725567226e+02
1.177721026587097981e+02
1.177341544763930727e+02
1.178495385535287454e+02
1.179215806555153563e+02
1.180824006951557550e+02
1.183006144762618135e+02
1.182872410498518718e+02
1.182277193868582259e+02
1.183325469329785449e+02
1.183472061002408395e+02
1.192866292977889344e+02
1.192686009237397968e+02
1.193247547719712429e+02
1.192920033908604154e+02
1.192530986409488634e+02
1.192350089246675395e+02
1.197943325293297505e+02
1.197066079769342650e+02
1.196995106763677938e+02
1.197921195185701464e+02
1.198420974983576883e+02
1.198331613394788064e+02
1.198282580900241356e+02
1.198816592505975080e+02
1.197717282372339298e+02
1.197489172061793283e+02
1.196710542157368167e+02
1.197849028461118337e+02
1.197729780933119059e+02
1.198216699240840200e+02
1.198653499653460841e+02
1.198592188985598455e+02
1.198697597934239525e+02
1.200271714885180643e+02
1.200709993668271238e+02
1.201046567436865047e+02
1.201353336708515656e+02
1.200706969575044667e+02
1.199941921798916695e+02
1.198818145661332153e+02
1.198429080673303559e+02
1.198242433419010382e+02
1.197701427020938496e+02
1.197288704996061597e+02
1.197987441373975486e+02
1.198128290325327612e+02
1.197854312699844002e+02
1.196721921804173121e+02
1.197741840913225246e+02
1.196359954875625959e+02
1.196119011807467416e+02
1.196470680666536879e+02
1.196807394421997230e+02
1.195771980773408529e+02
1.195184673858350521e+02
1.194833570959217326e+02
1.195770776907028647e+02
1.195118296954678101e+02
1.195623854360378715e+02
1.195146126772083761e+02
1.195222008669260987e+02
1.194649041270059371e+02
1.195093232054133807e+02
1.195099734601744359e+02
1.194776956784304787e+02
