-2.362358971385297046e+00
-7.311632747611926941e-01
2.472956016823234515e-01
8.410081876214764440e-01
1.179421134549989647e+00
1.387602334227903134e+00
1.510573334325149064e+00
1.663418818359990947e+00
1.824978267050759939e+00
1.884907602055565068e+00
1.998769144195651215e+00
2.075508091744421524e+00
2.187877519496729928e+00
2.265246445345153070e+00
2.337041841248970186e+00
2.405866946035371878e+00
2.486667266519164254e+00
2.576345310105563335e+00
2.643366214752446819e+00
2.720218935526700577e+00
2.795972080935802406e+00
2.845836317515957781e+00
2.900677834907099850e+00
2.929438918156602512e+00
2.967468229763741583e+00
3.015362849687089675e+00
3.048036548673675572e+00
3.077818857461806168e+00
3.106728011780411691e+00
3.132873338029174892e+00
3.157330364325552807e+00
3.175947939960494182e+00
3.198322952457358426e+00
3.218063111782746955e+00
3.238806999941120868e+00
3.259665580150851838e+00
3.278184797584217769e+00
3.296778023051027073e+00
3.313633176827354809e+00
3.328684512885367930e+00
3.344415601471832034e+00
3.367303528430233062e+00
3.381758366746809852e+00
3.387696683574190626e+00
3.403499388479704901e+00
3.420736541937148711e+00
3.435289073960188233e+00
3.442411083509458791e+00
3.457538587466239210e+00
3.583135470074149787e+00
3.648815039269130533e+00
3.686375236234920916e+00
3.708151251800458237e+00
3.732814835191708092e+00
3.760698049122496389e+00
3.798795632621522422e+00
3.822108774014039145e+00
3.838904556078544417e+00
3.874963778520273738e+00
3.895062008982334234e+00
3.926002151131709361e+00
3.946318573221577530e+00
3.972163741530492231e+00
3.989478573553708607e+00
4.001571123097371618e+00
4.002711745299676771e+00
4.015276345739622776e+00
4.031364657284197683e+00
4.043498520414632758e+00
4.055224841968333216e+00
4.074969159042866274e+00
4.075832364768142035e+00
4.103981783077641943e+00
4.111404559525063007e+00
4.125798320021454302e+00
4.135419703883139952e+00
4.158416834564105713e+00
4.170770565990131296e+00
4.191275415192134979e+00
4.202862526129681697e+00
4.218039017241007826e+00
4.234529677929473657e+00
4.258969529670141974e+00
4.272028189635546980e+00
4.298593769630048911e+00
4.313209029040438125e+00
4.341432012365908477e+00
4.371018673677465216e+00
4.388095636345607176e+00
4.392907859184550290e+00
4.413107785954037965e+00
4.418250888313012048e+00
4.431915376772280091e+00
4.431601591350497138e+00
4.450641571384641892e+00
4.453644243236401401e+00
4.466291563086663530e+00
4.488329210343349196e+00
4.511132215910872212e+00
4.516296947893501113e+00
4.522244452366523504e+00
4.532636967770992342e+00
4.545338269527245068e+00
4.561565646159056797e+00
4.588979826234282910e+00
4.602743512887192523e+00
4.605679107857335808e+00
4.634355827909994119e+00
4.638057228193529724e+00
4.659887529379061810e+00
4.659759012619753449e+00
4.691066728084674509e+00
4.698501008156119596e+00
4.709665872576494827e+00
4.728303764234783380e+00
4.740766007626271872e+00
4.740494682788804148e+00
4.746530175342013713e+00
4.768497073577973921e+00
4.783948897771926667e+00
4.811421340556586657e+00
4.815797027420344989e+00
4.828425944247207724e+00
4.836837142418549007e+00
4.850278245452658510e+00
4.860150364703351045e+00
4.879238833134761144e+00
4.889139656829281755e+00
4.905363522303993307e+00
4.925408447815592616e+00
4.928712205781014433e+00
4.927350905825684357e+00
4.952425159503207830e+00
4.960553949252962447e+00
4.965896552531391173e+00
4.971729220280673545e+00
4.955958883799998382e+00
4.956051117924942240e+00
4.968704609308914222e+00
4.967191164085813071e+00
4.983301925927773546e+00
5.002096318054606527e+00
5.016145348313122199e+00
5.024945401396267108e+00
5.041758972504872816e+00
5.053903483295898447e+00
5.058355851569533712e+00
5.062600600327593625e+00
5.080043904434996982e+00
5.097239254442631484e+00
5.106555138946530903e+00
5.117590513895389215e+00
5.129151784986754947e+00
5.123228949344049710e+00
5.135620256449512588e+00
5.151770098385811458e+00
5.148602170595779626e+00
5.165548265272892792e+00
5.161471127875890019e+00
5.178352495845504500e+00
5.168860991917535230e+00
5.183810736160831212e+00
5.196386172862162312e+00
5.204717676850973085e+00
5.210349822942832887e+00
5.226294575985519941e+00
5.234440572819181625e+00
5.233199439995116720e+00
5.230602810831668670e+00
5.238544460975065320e+00
5.244870500826433357e+00
5.243947034101536175e+00
5.241288873038215890e+00
5.253012820985510700e+00
5.247818778087148139e+00
5.239415568585575222e+00
5.238096505397154878e+00
5.237099139369470358e+00
5.230918919802676648e+00
5.233931004625193673e+00
5.249885140352608559e+00
5.247259230845974010e+00
5.244921682742332614e+00
5.252162342043582122e+00
5.252173954559453684e+00
5.270573026351438983e+00
5.287732784129507202e+00
5.301096196558627405e+00
5.307688466588099452e+00
5.319480875501024997e+00
5.330056565951888814e+00
5.324357510144765548e+00
5.319639106964524800e+00
5.331114258946806572e+00
5.341334123810522527e+00
5.355190749059301147e+00
5.359294777333091453e+00
5.362209329570705840e+00
5.381936475747613358e+00
5.399987813448360541e+00
5.415851756136399686e+00
5.393414183637397663e+00
5.365708795162756672e+00
5.374862760589292243e+00
5.388094517671937922e+00
5.395068133447415093e+00
5.409545052363887052e+00
5.421240395488801767e+00
5.438633784252097314e+00
5.444461210167309773e+00
5.447748238118188091e+00
5.447410676488330772e+00
5.448376341636322451e+00
5.451983184799176207e+00
5.419122087430407575e+00
5.431138758845091452e+00
5.434343199661335611e+00
5.441385709976807483e+00
5.452635902896759035e+00
5.454315554082259432e+00
5.465065683732483137e+00
5.481782795563934663e+00
5.491356855454033514e+00
5.510684045386829766e+00
5.523654298139587304e+00
5.533847947938303591e+00
5.544750942429550022e+00
5.557148539749180216e+00
5.561650599414089235e+00
5.567955195263423640e+00
5.569364528935251357e+00
5.573080368147255825e+00
5.573296560196308036e+00
5.577340220205053711e+00
5.582895543011391126e+00
5.585450982160285349e+00
5.585408863126461121e+00
5.594331251952229245e+00
5.590959557050809714e+00
5.586640439062389163e+00
5.600875710027306553e+00
5.604741840668851616e+00
5.596950565648455722e+00
5.593863369345175585e+00
5.599803657819673042e+00
5.598936555157754569e+00
5.602391117757352212e+00
5.587970710466645841e+00
5.587872793654559800e+00
5.583241362580480427e+00
5.650111207763444554e+00
5.647963700084282834e+00
5.642249732330994583e+00
5.640618737716160958e+00
5.637993347443516434e+00
5.624068252864671713e+00
5.607939084755389381e+00
5.601493648356514754e+00
5.599646985015791500e+00
5.601428188589560264e+00
5.599974477280244223e+00
5.597983767746995021e+00
5.592459031581563877e+00
5.602100875039010219e+00
5.590887339415482771e+00
5.583861263624674720e+00
5.576233652694487120e+00
5.562673438596483777e+00
5.557775018484295337e+00
5.546770199529330370e+00
5.537655302048554162e+00
5.523871446738013447e+00
5.520037632171701958e+00
5.494552880601348832e+00
5.489622156881775794e+00
5.478867479455018064e+00
5.468714740929699225e+00
5.475993763989389862e+00
5.468128096405687089e+00
5.463185036513177550e+00
5.468503129378373906e+00
5.468125273723956958e+00
5.465045901347359347e+00
5.458000808758747269e+00
5.461730385280003652e+00
5.462914379076909022e+00
5.462690349438056536e+00
5.468259156498179507e+00
5.473590003718512342e+00
5.467443724212430745e+00
5.477663823106450280e+00
5.492680722970132656e+00
5.483685794489803200e+00
5.489931641761762293e+00
5.498289613204709880e+00
5.497346116296249363e+00
5.512108543406535333e+00
5.508751954839081755e+00
5.510241035794795295e+00
5.525876970603116334e+00
5.539838887657340116e+00
5.553966779861059244e+00
5.567794305148961342e+00
5.570316947069208879e+00
5.582452537850189245e+00
5.603113438385927125e+00
5.620461410783780920e+00
5.626871574652835051e+00
5.636465720162758153e+00
5.642881934770606733e+00
5.657804331933927067e+00
5.668413700181066162e+00
5.715170753701544371e+00
5.739718598085683965e+00
5.747556392652584556e+00
5.747570743455668207e+00
5.757431425626140076e+00
5.772238330884947644e+00
5.787747472659905412e+00
5.789215615263620052e+00
5.802090254492149768e+00
5.806128569882340607e+00
5.835869480007577437e+00
5.855249437511356625e+00
5.871087441127974316e+00
5.888982264785170173e+00
5.890619970767740909e+00
5.906170744136902684e+00
5.921673657400790880e+00
5.921896651218158780e+00
5.933533281055425768e+00
5.950411064078696910e+00
5.959452317278715050e+00
5.966188407281482142e+00
5.968365740829005617e+00
5.974486424559534825e+00
5.975172231740859097e+00
5.982089368008998598e+00
5.988461704976307587e+00
5.990279245661864316e+00
6.003499254486183823e+00
6.024838529332501302e+00
6.026475748689278156e+00
6.026856194216113849e+00
6.035844393538360109e+00
6.029790412994398885e+00
6.042082485696770533e+00
6.049920468422744335e+00
6.059843127758889558e+00
6.062461697278143546e+00
6.059068786897941372e+00
6.053956303213068324e+00
6.053021135438817701e+00
6.061071574529157679e+00
6.061100462560695235e+00
6.063278727639950461e+00
6.067828903344977931e+00
6.079048271789678992e+00
6.080913357666221764e+00
6.094741221318400903e+00
6.096685903581211541e+00
6.096399423469185841e+00
6.095450718346123509e+00
6.105748799796944404e+00
6.117831825285253267e+00
6.132021549479162559e+00
6.151775604439435163e+00
6.152501053663188557e+00
6.166948232541386687e+00
6.170590224849486383e+00
6.182790422502717931e+00
6.187142935726112292e+00
6.190945299852727679e+00
6.201838159982075105e+00
6.210752967147454839e+00
6.219117167747410413e+00
6.217307891367198636e+00
6.225489101223911526e+00
6.230444078241085926e+00
6.241948763425381408e+00
6.239561170514186017e+00
6.264752157803997079e+00
6.279161958734921001e+00
6.293362352563500295e+00
6.304119859736430520e+00
6.314464824516543118e+00
6.317662086435239743e+00
6.324071966748203266e+00
6.325552469841840164e+00
6.322581868526111037e+00
6.328589259818716783e+00
6.346704621090535348e+00
6.370003147022867296e+00
6.386703817136944572e+00
6.391614556613699705e+00
6.397941713504645911e+00
6.414151337973518885e+00
6.408916476335277501e+00
6.398725539859276168e+00
6.398784384987854068e+00
6.405000363387358675e+00
6.411643591161396039e+00
6.426092394716375722e+00
6.442460520164436488e+00
6.454530821021911891e+00
6.459981885345918329e+00
6.471497516586474319e+00
6.489831733528143687e+00
6.496255621656971790e+00
6.500212366294885413e+00
6.495300265459452049e+00
6.505825329605644747e+00
6.519728055885058104e+00
6.538660077376663438e+00
6.545991939899757917e+00
6.536875859560062452e+00
6.531291352541087392e+00
6.526709123714091731e+00
6.543082089426145664e+00
6.546918138248347674e+00
6.567638422614712645e+00
6.572925720936338756e+00
6.575707616478493556e+00
6.582472729948821488e+00
6.583914829671328128e+00
6.595552028158103042e+00
6.597751694446897908e+00
6.593681100956669816e+00
6.583858105944283778e+00
6.594694062080319163e+00
6.587067026850125906e+00
6.593225541028967740e+00
6.616088618818198874e+00
6.622786454594209005e+00
6.631893555265503615e+00
6.646052183870389207e+00
6.659142439312244477e+00
6.673161492314689802e+00
6.677168401620122928e+00
6.678751715991226412e+00
6.686032064607672076e+00
6.687765335124242760e+00
6.686513988395799579e+00
6.694536660110125048e+00
6.690091569704629038e+00
6.701615446109543406e+00
6.714057649549134865e+00
6.732847191495245909e+00
6.759798255904764019e+00
6.776106966146890898e+00
6.778876771125950107e+00
6.774646770300950749e+00
6.774053743485454859e+00
6.775948352277597841e+00
6.788218503835237172e+00
6.779134182582350121e+00
6.784718218552923119e+00
6.777255048553544547e+00
6.805327517592596465e+00
6.808324530870887514e+00
6.818639279573781131e+00
6.812932698093288053e+00
6.808143177221316122e+00
6.808614502038075500e+00
6.829428342456030698e+00
6.860139028172276277e+00
6.876979996116274307e+00
6.874023233045202019e+00
6.870322682088924715e+00
6.870902855358605343e+00
6.857288417978693040e+00
6.866992140051104698e+00
6.855021049646177644e+00
6.846664104672887774e+00
6.851503945649020544e+00
6.858071220292750070e+00
6.874546761294945796e+00
6.884719663945764623e+00
6.901817015772921948e+00
6.919708493618015765e+00
6.929984814494975609e+00
6.916372033860210600e+00
6.928412617575363974e+00
6.938435986140758516e+00
6.942539516507769903e+00
6.955619731612717516e+00
6.967827851382605964e+00
6.968041752157830615e+00
6.970747145334014405e+00
6.968003472155905875e+00
6.973432665815442633e+00
6.980752417565185830e+00
6.993914254222136861e+00
7.001860116727494976e+00
7.008283611005754032e+00
7.015706753137367357e+00
7.009660048314731995e+00
6.999019991142990449e+00
7.005231695144845006e+00
7.011895170041238856e+00
7.030081672151652583e+00
7.034198259316208457e+00
7.043248255738618901e+00
7.053000355894819329e+00
7.077344931993719612e+00
7.089043006913779088e+00
7.101064709856866664e+00
7.106586284404841081e+00
7.115911033414389131e+00
7.122341952033861112e+00
7.126666338358606190e+00
7.131621884283304347e+00
7.149654261864140103e+00
7.151818015119635774e+00
7.153031481481415099e+00
7.142632175808948602e+00
7.158296368313556535e+00
7.178629566205938950e+00
7.171681161633912005e+00
7.194397668741175700e+00
7.215379838356536624e+00
7.236352794628078122e+00
7.257171180401379651e+00
7.275368119286034663e+00
7.277591933821249803e+00
7.288819128521454083e+00
7.298648571360534021e+00
7.303237475086686636e+00
7.304242465378117721e+00
7.307436666169905948e+00
7.320299298579681313e+00
7.313142317464982334e+00
7.332840457614100416e+00
7.342068542782842933e+00
7.349774824803291473e+00
7.360675783099228653e+00
7.370565655289664342e+00
7.387111520321562708e+00
7.402749236908422681e+00
7.401003608916896681e+00
7.412631274494358102e+00
7.427892248622781857e+00
7.436570958367679118e+00
7.433062864356779542e+00
7.442405638720662964e+00
7.460242116160926251e+00
7.462135016460450743e+00
7.479709593544082935e+00
7.480555959682365419e+00
7.481602616114434667e+00
7.488568898052911038e+00
7.484731473380398015e+00
7.489160002636150892e+00
7.477805513141664306e+00
7.480027053758951716e+00
7.484385743940464408e+00
7.490631025370984908e+00
7.498800278172338629e+00
7.499577663731141541e+00
7.514930017995340883e+00
7.519727870091426070e+00
7.527155573192624516e+00
7.532750951465422951e+00
7.548469130359819701e+00
7.548425994284175822e+00
7.552228602738523477e+00
7.562012957829620241e+00
7.565225533837772964e+00
7.567769877772871467e+00
7.564113570593871572e+00
7.576321255824898238e+00
7.566364466714330383e+00
7.570981450271538016e+00
7.579597680540831384e+00
7.587158098990066435e+00
7.593817238867508479e+00
7.592116924882180484e+00
7.595354823763905472e+00
7.589319171385963791e+00
7.591600838166352005e+00
7.609127613148616298e+00
7.605153120994187610e+00
7.603709013067617484e+00
7.593663369011185438e+00
7.591099957376986396e+00
7.591122995617894276e+00
7.591678212630602829e+00
7.579695380186255882e+00
7.577387424329094401e+00
7.583065626063861586e+00
7.586555269868659579e+00
7.587571979894072172e+00
7.589485324662529564e+00
7.591597654167570930e+00
7.589783704812716358e+00
7.580155100353696440e+00
7.587089364427806792e+00
7.593747636527162115e+00
7.594835290124340332e+00
7.593831134792535131e+00
7.602392905283211100e+00
7.601633690141591515e+00
7.606657532604462979e+00
7.608907346264971672e+00
7.593923726539502539e+00
7.591197460919400619e+00
7.575252800110900964e+00
7.579685982079150897e+00
7.575913589053429043e+00
7.572158386526033347e+00
7.570722675870156237e+00
7.565491048634331861e+00
7.571351766294466934e+00
7.565637195116117653e+00
7.559536176471461921e+00
7.564755598183293905e+00
7.566508882215268628e+00
7.569338335398931861e+00
7.582621717178244403e+00
7.581141888076562196e+00
7.595845395255497401e+00
7.606098770408431520e+00
7.600905367929311041e+00
7.596439163709122866e+00
7.597567701156447306e+00
7.598876931534155332e+00
7.606150507665854654e+00
7.613994479575922902e+00
7.607246584934890699e+00
7.603793495764537447e+00
7.601937064423598400e+00
7.587532581581294622e+00
7.601775312729883716e+00
7.609769291973957905e+00
7.615612966171886100e+00
7.620811427220124834e+00
7.621146154604208078e+00
7.627066759468502433e+00
7.628783523554781176e+00
7.631407747039597567e+00
7.634184109975979737e+00
7.646653127563578956e+00
7.656794028834325694e+00
7.658147562426632859e+00
7.687255488001079939e+00
7.692634036143582321e+00
7.687314072482827498e+00
7.692261269889275610e+00
7.695660595845623675e+00
7.703703429060932528e+00
7.700002778895465916e+00
7.720737069032699296e+00
7.715028782032511856e+00
7.720422513473168991e+00
7.729282202779341304e+00
7.739151281173301200e+00
7.748053570719303451e+00
7.764806300586240440e+00
7.771206266654855810e+00
7.784874021582795400e+00
7.799390575525758429e+00
7.805530627316182191e+00
7.826456944484093903e+00
7.827914873536901297e+00
7.831785262037579187e+00
7.838829966112719205e+00
7.846253466047036440e+00
7.855849428152015257e+00
7.855029860795018415e+00
7.846941085550785289e+00
7.853572078553436420e+00
7.856080354399214372e+00
7.852332100637055667e+00
7.856979786572124702e+00
7.853582120283459034e+00
7.847518068590265905e+00
7.828899060929238374e+00
7.846964310598503189e+00
7.843820521279372571e+00
7.843070689420625463e+00
7.861220350613290719e+00
7.866725034573260444e+00
7.871165508204140515e+00
7.864255991721164740e+00
7.857288962945428779e+00
7.851498599900800457e+00
7.861171600807226767e+00
7.849627126111015762e+00
7.863851145129965303e+00
7.865363829229876202e+00
7.871051956811531802e+00
7.887452559107860139e+00
7.875738595819934851e+00
7.855160763927099943e+00
7.840816205034291109e+00
7.840954160610592361e+00
7.840704923140475735e+00
7.844143412114309655e+00
7.838263602513539929e+00
7.845464594022064198e+00
7.841712204110523388e+00
7.850259410119187820e+00
7.860924984927092574e+00
7.858913670895017134e+00
7.863902748968889966e+00
7.843219673630395405e+00
7.825011021739194383e+00
7.830810710298257149e+00
7.825972623471681544e+00
7.822349409021107647e+00
7.797246775732015855e+00
7.785394276486078624e+00
7.775909175702176768e+00
7.775185018580885732e+00
7.773741123770227190e+00
7.775733503929216361e+00
7.762855902442424849e+00
7.765509832069942497e+00
7.764377295081834163e+00
7.754322604543764541e+00
7.758000280340452193e+00
7.757540759873644554e+00
7.742450513407119317e+00
7.751965600749532115e+00
7.756951984793143851e+00
7.761110046631741533e+00
7.749284638232358802e+00
7.768855513199864227e+00
7.773669283139415853e+00
7.752675324796063805e+00
7.740266234887519303e+00
7.728635617814621384e+00
7.738539781910584558e+00
7.768743190525595033e+00
7.775531836417872711e+00
7.787726611662201037e+00
7.797002138564274709e+00
7.794865858197400854e+00
7.786505546996270510e+00
7.781281910555112091e+00
7.776764336699446112e+00
7.780501038711784112e+00
7.798948260233924401e+00
7.815237577795306478e+00
7.819584120726642773e+00
7.829317954262871915e+00
7.830432506674481097e+00
7.831520311668970891e+00
7.821599270223412503e+00
7.809452704920473387e+00
7.798002263453335026e+00
7.811303050500584710e+00
7.825571684347076840e+00
7.830216672079232332e+00
7.849589539694883378e+00
7.851391263689111888e+00
7.851343790331055672e+00
7.830426978221515455e+00
7.818580944610475925e+00
7.827465421029659254e+00
7.826421583178362340e+00
7.842311022397286280e+00
7.832070366010156270e+00
7.837273073503649989e+00
7.843755271892459469e+00
7.850940429718865410e+00
7.833720526995785249e+00
7.826841349854127827e+00
7.828210749746477681e+00
7.825179527915718580e+00
7.852489744924217696e+00
7.866385236007290338e+00
7.870740718255283319e+00
7.890537646770252600e+00
7.913554995910626388e+00
7.904655202285446158e+00
7.905292385421282653e+00
7.922498462516951889e+00
7.929037133518176184e+00
7.955746626821624368e+00
7.947949239727645221e+00
7.942434643734654465e+00
7.927023289103351189e+00
7.916063710618515437e+00
7.896267240594159631e+00
7.904628904817392332e+00
7.885425316117414596e+00
7.889971755018814648e+00
7.885589508933369629e+00
7.880307522696776701e+00
7.885300794317142703e+00
7.880041046883913047e+00
7.904854716659407643e+00
7.897198651353167342e+00
7.900694695857302108e+00
7.905331787780960795e+00
7.901046327057538399e+00
7.934913878525740039e+00
7.923058538645513238e+00
7.924165171059029511e+00
7.911920391757482740e+00
7.920083528164866493e+00
7.930217234079857569e+00
7.931078265310689268e+00
7.933076136935510725e+00
7.953535109872538200e+00
7.951594394788712883e+00
7.945768446925901785e+00
7.952517351799713197e+00
7.975473033365025444e+00
7.991506539642454499e+00
8.009131887206415001e+00
7.994888666744414785e+00
7.982318398090396450e+00
7.969174830457696146e+00
7.970927076717516435e+00
7.966652976939517572e+00
7.974987996568516202e+00
7.977369367449803406e+00
7.972439835215363146e+00
7.944683422039166665e+00
7.965090117414182380e+00
7.947309653349842407e+00
7.924449117487301741e+00
7.912173025965894446e+00
7.928153662938144386e+00
7.924052944157380374e+00
7.942788188454983356e+00
7.928802009666371831e+00
7.945514471745192431e+00
7.940641397661483580e+00
7.963617140837313535e+00
7.973067319347100224e+00
7.989042955764212195e+00
7.999051487130477867e+00
7.994646590012864706e+00
7.989898440582575034e+00
7.980910405058026846e+00
7.963710970372334330e+00
7.990742488348698380e+00
7.978098321032429219e+00
7.965612809720124865e+00
7.967834293682310332e+00
7.955216826054837931e+00
7.957046147427702998e+00
7.969411858865449005e+00
7.946363870495390280e+00
7.961924030718615874e+00
7.974592518508033301e+00
7.992917396523052886e+00
7.959807135450481574e+00
7.962049764252072670e+00
7.960934018970976744e+00
7.984878341678220082e+00
7.993173367650948435e+00
8.023287847421290309e+00
8.032064106490917510e+00
8.060095705133036859e+00
8.031841101539088257e+00
8.026107886247276113e+00
8.042878359879379602e+00
8.060106509579913592e+00
8.091499547708655982e+00
8.093926141382274508e+00
8.107707730280729663e+00
8.126262181402625018e+00
8.130111522984346806e+00
8.120432896158321867e+00
8.137471912130006757e+00
8.155583557519214821e+00
8.128026334040802325e+00
8.142381863078872684e+00
8.169090169848841398e+00
8.178511157517938557e+00
8.161822283333437511e+00
8.156603546281623096e+00
8.144928292350654075e+00
8.168817329270684269e+00
8.143719563699225006e+00
8.165029314864392873e+00
8.157435911229542924e+00
8.160670386734512505e+00
8.142408603968030789e+00
8.150659672992471627e+00
8.161181757929762526e+00
8.154814304707826977e+00
8.161816778250692295e+00
8.179324106052614951e+00
8.164162716106337925e+00
8.167545437009859910e+00
8.168099137983718450e+00
8.154076266486629976e+00
8.177919876540045152e+00
8.185428834349572469e+00
8.188461746499170246e+00
8.198841491251901203e+00
8.205895818831235644e+00
8.185343426733471262e+00
8.192551569860169636e+00
8.201961419401975206e+00
8.206537408563999492e+00
8.205250526479350270e+00
8.184533342490107444e+00
8.185015488496595992e+00
8.184880452714971000e+00
8.190955247809442952e+00
8.190326887560120284e+00
8.203601985381752115e+00
8.208237945916476264e+00
8.196830526357727464e+00
8.190448553142124055e+00
8.181047103984470326e+00
8.207371294517974647e+00
8.208694851302455575e+00
8.213603768872109967e+00
8.232202465345473286e+00
8.222520898807868406e+00
8.205449171774654715e+00
8.223816195857212463e+00
8.246324289886755921e+00
8.222286819810602054e+00
8.228452854132592975e+00
8.212469090313859965e+00
8.219508066847787120e+00
8.237544378568339098e+00
8.236973348616006163e+00
8.228366238544406741e+00
8.246311017523865416e+00
8.224965513272682216e+00
8.220750539183491412e+00
8.199198778140095456e+00
8.223813734910178752e+00
8.227428042512105577e+00
8.217196331355456351e+00
8.249136880883995104e+00
8.269908086609397913e+00
8.276558682600589023e+00
8.303220886396182721e+00
8.306417807691021338e+00
8.317849557196190347e+00
8.317946299840215829e+00
8.331924186863229664e+00
8.307903191501857521e+00
8.311245984184163049e+00
8.299148429868029808e+00
8.301271258256820218e+00
8.298189471405763129e+00
8.297233815909882182e+00
8.294683965972696527e+00
8.268123534714460376e+00
8.278811351829540754e+00
8.274312027658830004e+00
8.275350811046727983e+00
8.262341250810344206e+00
8.267421119584440703e+00
8.273943993100051131e+00
8.290964610406472701e+00
8.294097460800044175e+00
8.302569906828338731e+00
8.318984411556675340e+00
8.314850268724709892e+00
8.330965099278079933e+00
8.325386633325067010e+00
8.313447339927378721e+00
8.332628069004046623e+00
8.340474162413132220e+00
8.358459714087803860e+00
8.334334640522905957e+00
8.317166734218847779e+00
8.331416777988630784e+00
8.342200576909851506e+00
8.373729627386698127e+00
8.372202211257494753e+00
8.354819995389444642e+00
8.362291222741177421e+00
8.357853198237371828e+00
8.361435504214716374e+00
