2.047000000000000000e+03
4.088000000000000000e+03
6.134000000000000000e+03
8.167000000000000000e+03
1.022800000000000000e+04
1.228200000000000000e+04
1.425000000000000000e+04
1.631800000000000000e+04
1.838800000000000000e+04
2.047400000000000000e+04
2.248900000000000000e+04
2.447400000000000000e+04
2.629300000000000000e+04
2.847200000000000000e+04
3.061200000000000000e+04
3.273800000000000000e+04
3.480100000000000000e+04
3.682100000000000000e+04
3.872500000000000000e+04
4.070100000000000000e+04
4.297600000000000000e+04
4.491100000000000000e+04
4.690900000000000000e+04
4.905500000000000000e+04
5.113300000000000000e+04
5.306600000000000000e+04
5.500600000000000000e+04
5.715800000000000000e+04
5.932500000000000000e+04
6.117200000000000000e+04
6.346200000000000000e+04
6.547900000000000000e+04
6.740900000000000000e+04
6.955900000000000000e+04
7.167300000000000000e+04
7.370100000000000000e+04
7.562600000000000000e+04
7.759200000000000000e+04
7.976700000000000000e+04
8.190800000000000000e+04
8.373700000000000000e+04
8.581900000000000000e+04
8.798100000000000000e+04
8.994400000000000000e+04
9.201400000000000000e+04
9.417200000000000000e+04
9.622900000000000000e+04
9.814100000000000000e+04
1.002270000000000000e+05
1.022790000000000000e+05
1.043220000000000000e+05
1.063840000000000000e+05
1.083930000000000000e+05
1.103820000000000000e+05
1.124220000000000000e+05
1.146870000000000000e+05
1.167050000000000000e+05
1.186600000000000000e+05
1.207470000000000000e+05
1.226810000000000000e+05
1.247260000000000000e+05
1.268580000000000000e+05
1.287640000000000000e+05
1.310360000000000000e+05
1.330010000000000000e+05
1.350510000000000000e+05
1.371450000000000000e+05
1.390970000000000000e+05
1.412680000000000000e+05
1.432390000000000000e+05
1.453310000000000000e+05
1.474130000000000000e+05
1.493720000000000000e+05
1.513880000000000000e+05
1.534600000000000000e+05
1.553810000000000000e+05
1.576740000000000000e+05
1.596210000000000000e+05
1.617690000000000000e+05
1.636720000000000000e+05
1.657090000000000000e+05
1.678450000000000000e+05
1.698720000000000000e+05
1.719270000000000000e+05
1.739350000000000000e+05
1.759020000000000000e+05
1.781220000000000000e+05
1.800290000000000000e+05
1.820470000000000000e+05
1.843030000000000000e+05
1.863190000000000000e+05
1.884140000000000000e+05
1.902640000000000000e+05
1.924460000000000000e+05
1.943890000000000000e+05
1.964470000000000000e+05
1.984630000000000000e+05
2.006340000000000000e+05
2.025460000000000000e+05
2.047580000000000000e+05
2.067090000000000000e+05
2.088310000000000000e+05
2.107410000000000000e+05
2.129650000000000000e+05
2.148510000000000000e+05
2.169810000000000000e+05
2.189790000000000000e+05
2.209690000000000000e+05
2.232240000000000000e+05
2.250700000000000000e+05
2.273180000000000000e+05
2.293760000000000000e+05
2.314110000000000000e+05
2.333770000000000000e+05
2.353630000000000000e+05
2.374650000000000000e+05
2.394100000000000000e+05
2.415270000000000000e+05
2.435970000000000000e+05
2.456100000000000000e+05
2.477860000000000000e+05
2.497640000000000000e+05
2.518440000000000000e+05
2.538140000000000000e+05
2.559170000000000000e+05
2.580240000000000000e+05
2.599830000000000000e+05
2.620970000000000000e+05
2.639270000000000000e+05
2.662190000000000000e+05
2.680480000000000000e+05
2.699760000000000000e+05
2.721690000000000000e+05
2.744010000000000000e+05
2.762090000000000000e+05
2.785190000000000000e+05
2.803990000000000000e+05
2.826210000000000000e+05
2.844340000000000000e+05
2.866700000000000000e+05
2.886570000000000000e+05
2.907550000000000000e+05
2.927340000000000000e+05
2.947730000000000000e+05
2.968600000000000000e+05
2.988620000000000000e+05
3.009190000000000000e+05
3.030620000000000000e+05
3.050690000000000000e+05
3.070300000000000000e+05
3.091880000000000000e+05
3.110940000000000000e+05
3.131750000000000000e+05
3.153550000000000000e+05
3.172850000000000000e+05
3.194580000000000000e+05
3.213400000000000000e+05
3.235320000000000000e+05
3.253840000000000000e+05
3.275280000000000000e+05
3.296560000000000000e+05
3.316360000000000000e+05
3.336610000000000000e+05
3.357740000000000000e+05
3.379130000000000000e+05
3.399070000000000000e+05
3.418650000000000000e+05
3.437700000000000000e+05
3.459290000000000000e+05
3.481340000000000000e+05
3.501270000000000000e+05
3.519790000000000000e+05
3.542240000000000000e+05
3.561980000000000000e+05
3.583820000000000000e+05
3.603380000000000000e+05
3.624320000000000000e+05
3.644660000000000000e+05
3.665360000000000000e+05
3.684730000000000000e+05
3.705830000000000000e+05
3.726500000000000000e+05
3.746050000000000000e+05
3.767340000000000000e+05
3.787330000000000000e+05
3.807290000000000000e+05
3.828480000000000000e+05
3.849400000000000000e+05
3.869230000000000000e+05
3.887570000000000000e+05
3.909940000000000000e+05
3.930260000000000000e+05
3.952510000000000000e+05
3.971840000000000000e+05
3.992170000000000000e+05
4.013020000000000000e+05
4.033920000000000000e+05
4.055020000000000000e+05
4.074520000000000000e+05
4.093580000000000000e+05
4.115950000000000000e+05
4.136550000000000000e+05
4.156640000000000000e+05
4.177100000000000000e+05
4.198210000000000000e+05
4.217140000000000000e+05
4.239280000000000000e+05
4.257910000000000000e+05
4.280150000000000000e+05
4.300450000000000000e+05
4.320870000000000000e+05
4.341750000000000000e+05
4.361950000000000000e+05
4.380790000000000000e+05
4.402890000000000000e+05
4.422250000000000000e+05
4.442890000000000000e+05
4.463730000000000000e+05
4.483290000000000000e+05
4.503860000000000000e+05
4.524520000000000000e+05
4.546200000000000000e+05
4.565280000000000000e+05
4.586640000000000000e+05
4.606470000000000000e+05
4.626790000000000000e+05
4.648160000000000000e+05
4.669030000000000000e+05
4.687530000000000000e+05
4.708370000000000000e+05
4.730010000000000000e+05
4.750360000000000000e+05
4.770650000000000000e+05
4.791680000000000000e+05
4.811470000000000000e+05
4.831250000000000000e+05
4.853410000000000000e+05
4.873020000000000000e+05
4.893270000000000000e+05
4.914010000000000000e+05
4.934240000000000000e+05
4.954610000000000000e+05
4.976280000000000000e+05
4.996210000000000000e+05
5.017390000000000000e+05
5.035790000000000000e+05
5.057270000000000000e+05
5.078070000000000000e+05
5.098850000000000000e+05
5.118820000000000000e+05
5.139360000000000000e+05
5.159570000000000000e+05
5.180320000000000000e+05
5.201070000000000000e+05
5.221820000000000000e+05
5.241830000000000000e+05
5.262500000000000000e+05
5.282440000000000000e+05
5.304050000000000000e+05
5.322780000000000000e+05
5.344790000000000000e+05
5.363670000000000000e+05
5.385640000000000000e+05
5.406140000000000000e+05
5.427080000000000000e+05
5.446510000000000000e+05
5.465710000000000000e+05
5.488260000000000000e+05
5.508200000000000000e+05
5.527150000000000000e+05
5.549940000000000000e+05
5.569720000000000000e+05
5.590260000000000000e+05
5.611070000000000000e+05
5.628930000000000000e+05
5.652280000000000000e+05
5.671490000000000000e+05
5.692330000000000000e+05
5.712610000000000000e+05
5.732450000000000000e+05
5.754270000000000000e+05
5.771990000000000000e+05
5.794890000000000000e+05
5.815510000000000000e+05
5.834680000000000000e+05
5.856780000000000000e+05
5.877760000000000000e+05
5.897230000000000000e+05
5.918280000000000000e+05
5.936950000000000000e+05
5.958630000000000000e+05
5.978080000000000000e+05
6.000020000000000000e+05
6.020320000000000000e+05
6.041500000000000000e+05
6.061840000000000000e+05
6.082210000000000000e+05
6.102950000000000000e+05
6.121370000000000000e+05
6.143810000000000000e+05
6.162780000000000000e+05
6.183510000000000000e+05
6.204300000000000000e+05
6.222870000000000000e+05
6.245050000000000000e+05
6.265530000000000000e+05
6.284830000000000000e+05
6.305710000000000000e+05
6.326450000000000000e+05
6.347860000000000000e+05
6.368970000000000000e+05
6.388630000000000000e+05
6.408910000000000000e+05
6.429250000000000000e+05
6.449620000000000000e+05
6.470820000000000000e+05
6.491890000000000000e+05
6.511290000000000000e+05
6.530240000000000000e+05
6.552970000000000000e+05
6.572080000000000000e+05
6.593140000000000000e+05
6.614510000000000000e+05
6.634510000000000000e+05
6.653660000000000000e+05
6.675700000000000000e+05
6.696370000000000000e+05
6.715160000000000000e+05
6.735500000000000000e+05
6.757920000000000000e+05
6.777700000000000000e+05
6.798140000000000000e+05
6.818440000000000000e+05
6.840140000000000000e+05
6.859530000000000000e+05
6.880950000000000000e+05
6.901620000000000000e+05
6.921440000000000000e+05
6.942250000000000000e+05
6.962650000000000000e+05
6.983000000000000000e+05
7.003670000000000000e+05
7.023120000000000000e+05
7.044340000000000000e+05
7.063660000000000000e+05
7.084320000000000000e+05
7.106360000000000000e+05
7.126070000000000000e+05
7.146090000000000000e+05
7.165910000000000000e+05
7.187780000000000000e+05
7.205800000000000000e+05
7.228850000000000000e+05
7.249000000000000000e+05
7.269320000000000000e+05
7.288590000000000000e+05
7.311270000000000000e+05
7.330570000000000000e+05
7.350070000000000000e+05
7.372500000000000000e+05
7.391720000000000000e+05
7.412740000000000000e+05
7.431110000000000000e+05
7.452610000000000000e+05
7.473540000000000000e+05
7.493340000000000000e+05
7.515110000000000000e+05
7.536190000000000000e+05
7.555380000000000000e+05
7.577510000000000000e+05
7.598000000000000000e+05
7.617950000000000000e+05
7.636490000000000000e+05
7.659000000000000000e+05
7.678710000000000000e+05
7.699790000000000000e+05
7.719200000000000000e+05
7.740730000000000000e+05
7.761650000000000000e+05
7.781720000000000000e+05
7.800750000000000000e+05
7.822020000000000000e+05
7.843440000000000000e+05
7.863910000000000000e+05
7.884190000000000000e+05
7.904020000000000000e+05
7.924060000000000000e+05
7.945470000000000000e+05
7.965750000000000000e+05
7.986500000000000000e+05
8.007300000000000000e+05
8.026200000000000000e+05
8.047660000000000000e+05
8.067270000000000000e+05
8.089270000000000000e+05
8.108930000000000000e+05
8.130020000000000000e+05
8.148200000000000000e+05
8.170910000000000000e+05
8.190640000000000000e+05
8.210150000000000000e+05
8.231880000000000000e+05
8.252890000000000000e+05
8.272810000000000000e+05
8.294190000000000000e+05
8.313410000000000000e+05
8.334400000000000000e+05
8.355150000000000000e+05
8.373920000000000000e+05
8.394910000000000000e+05
8.416200000000000000e+05
8.437260000000000000e+05
8.457900000000000000e+05
8.476940000000000000e+05
8.498770000000000000e+05
8.518260000000000000e+05
8.538600000000000000e+05
8.560080000000000000e+05
8.580450000000000000e+05
8.600770000000000000e+05
8.621360000000000000e+05
8.640660000000000000e+05
8.661200000000000000e+05
8.682080000000000000e+05
8.702850000000000000e+05
8.723520000000000000e+05
8.744700000000000000e+05
8.764890000000000000e+05
8.784350000000000000e+05
8.805640000000000000e+05
8.825290000000000000e+05
8.846330000000000000e+05
8.867570000000000000e+05
8.888030000000000000e+05
8.908100000000000000e+05
8.928080000000000000e+05
8.948430000000000000e+05
8.968530000000000000e+05
8.988260000000000000e+05
9.010810000000000000e+05
9.031320000000000000e+05
9.051370000000000000e+05
9.071800000000000000e+05
9.092120000000000000e+05
9.112860000000000000e+05
9.132140000000000000e+05
9.152580000000000000e+05
9.173300000000000000e+05
9.194840000000000000e+05
9.213940000000000000e+05
9.235370000000000000e+05
9.254820000000000000e+05
9.275920000000000000e+05
9.296860000000000000e+05
9.317310000000000000e+05
9.337570000000000000e+05
9.357340000000000000e+05
9.378850000000000000e+05
9.398470000000000000e+05
9.419530000000000000e+05
9.440720000000000000e+05
9.460780000000000000e+05
9.480410000000000000e+05
9.502560000000000000e+05
9.521590000000000000e+05
9.542900000000000000e+05
9.562140000000000000e+05
9.584290000000000000e+05
9.603060000000000000e+05
9.624770000000000000e+05
9.643530000000000000e+05
9.666100000000000000e+05
9.686440000000000000e+05
9.706040000000000000e+05
9.727610000000000000e+05
9.747080000000000000e+05
9.767240000000000000e+05
9.788760000000000000e+05
9.809710000000000000e+05
9.829340000000000000e+05
9.848670000000000000e+05
9.869190000000000000e+05
9.891340000000000000e+05
9.911860000000000000e+05
9.932400000000000000e+05
9.952960000000000000e+05
9.973120000000000000e+05
9.993610000000000000e+05
1.001202000000000000e+06
1.003417000000000000e+06
1.005488000000000000e+06
1.007458000000000000e+06
1.009382000000000000e+06
1.011575000000000000e+06
1.013624000000000000e+06
1.015677000000000000e+06
1.017683000000000000e+06
1.019802000000000000e+06
1.021896000000000000e+06
1.023941000000000000e+06
1.025778000000000000e+06
1.028082000000000000e+06
1.030010000000000000e+06
1.032079000000000000e+06
1.034114000000000000e+06
1.036154000000000000e+06
1.038243000000000000e+06
1.040372000000000000e+06
1.042413000000000000e+06
1.044195000000000000e+06
1.046189000000000000e+06
1.048431000000000000e+06
1.050398000000000000e+06
1.052662000000000000e+06
1.054675000000000000e+06
1.056711000000000000e+06
1.058773000000000000e+06
1.060699000000000000e+06
1.062852000000000000e+06
1.064763000000000000e+06
1.066861000000000000e+06
1.068839000000000000e+06
1.071070000000000000e+06
1.073008000000000000e+06
1.075199000000000000e+06
1.077231000000000000e+06
1.079185000000000000e+06
1.081154000000000000e+06
1.083333000000000000e+06
1.085371000000000000e+06
1.087388000000000000e+06
1.089412000000000000e+06
1.091550000000000000e+06
1.093436000000000000e+06
1.095520000000000000e+06
1.097671000000000000e+06
1.099679000000000000e+06
1.101793000000000000e+06
1.103754000000000000e+06
1.105686000000000000e+06
1.107901000000000000e+06
1.109574000000000000e+06
1.111778000000000000e+06
1.114058000000000000e+06
1.116157000000000000e+06
1.118174000000000000e+06
1.120167000000000000e+06
1.122287000000000000e+06
1.124114000000000000e+06
1.126235000000000000e+06
1.128381000000000000e+06
1.130413000000000000e+06
1.132362000000000000e+06
1.134541000000000000e+06
1.136456000000000000e+06
1.138586000000000000e+06
1.140682000000000000e+06
1.142671000000000000e+06
1.144695000000000000e+06
1.146772000000000000e+06
1.148784000000000000e+06
1.150757000000000000e+06
1.152813000000000000e+06
1.154876000000000000e+06
1.156930000000000000e+06
1.159146000000000000e+06
1.161088000000000000e+06
1.163091000000000000e+06
1.165256000000000000e+06
1.167302000000000000e+06
1.169394000000000000e+06
1.171365000000000000e+06
1.173432000000000000e+06
1.175474000000000000e+06
1.177597000000000000e+06
1.179574000000000000e+06
1.181576000000000000e+06
1.183388000000000000e+06
1.185740000000000000e+06
1.187656000000000000e+06
1.189875000000000000e+06
1.191911000000000000e+06
1.193845000000000000e+06
1.195965000000000000e+06
1.197881000000000000e+06
1.199823000000000000e+06
1.201895000000000000e+06
1.204199000000000000e+06
1.205966000000000000e+06
1.208246000000000000e+06
1.210277000000000000e+06
1.212206000000000000e+06
1.214441000000000000e+06
1.216352000000000000e+06
1.218483000000000000e+06
1.220409000000000000e+06
1.222456000000000000e+06
1.224644000000000000e+06
1.226735000000000000e+06
1.228717000000000000e+06
1.230733000000000000e+06
1.232855000000000000e+06
1.234929000000000000e+06
1.236836000000000000e+06
1.239003000000000000e+06
1.241008000000000000e+06
1.243024000000000000e+06
1.244956000000000000e+06
1.246967000000000000e+06
1.249154000000000000e+06
1.251227000000000000e+06
1.253297000000000000e+06
1.255333000000000000e+06
1.257349000000000000e+06
1.259457000000000000e+06
1.261480000000000000e+06
1.263503000000000000e+06
1.265598000000000000e+06
1.267558000000000000e+06
1.269673000000000000e+06
1.271414000000000000e+06
1.273547000000000000e+06
1.275789000000000000e+06
1.277873000000000000e+06
1.279849000000000000e+06
1.281929000000000000e+06
1.284023000000000000e+06
1.285830000000000000e+06
1.288009000000000000e+06
1.289910000000000000e+06
1.292209000000000000e+06
1.294259000000000000e+06
1.296265000000000000e+06
1.298141000000000000e+06
1.300223000000000000e+06
1.302428000000000000e+06
1.304517000000000000e+06
1.306593000000000000e+06
1.308546000000000000e+06
1.310571000000000000e+06
1.312764000000000000e+06
1.314654000000000000e+06
1.316790000000000000e+06
1.318792000000000000e+06
1.320867000000000000e+06
1.322927000000000000e+06
1.324947000000000000e+06
1.326866000000000000e+06
1.329085000000000000e+06
1.331188000000000000e+06
1.333056000000000000e+06
1.335264000000000000e+06
1.337101000000000000e+06
1.339263000000000000e+06
1.341396000000000000e+06
1.343423000000000000e+06
1.345466000000000000e+06
1.347437000000000000e+06
1.349294000000000000e+06
1.351530000000000000e+06
1.353613000000000000e+06
1.355711000000000000e+06
1.357734000000000000e+06
1.359666000000000000e+06
1.361820000000000000e+06
1.363838000000000000e+06
1.365854000000000000e+06
1.368059000000000000e+06
1.370097000000000000e+06
1.372090000000000000e+06
1.374151000000000000e+06
1.376212000000000000e+06
1.378080000000000000e+06
1.380277000000000000e+06
1.382378000000000000e+06
1.384412000000000000e+06
1.386273000000000000e+06
1.388421000000000000e+06
1.390516000000000000e+06
1.392560000000000000e+06
1.394380000000000000e+06
1.396607000000000000e+06
1.398671000000000000e+06
1.400819000000000000e+06
1.402731000000000000e+06
1.404794000000000000e+06
1.406875000000000000e+06
1.408747000000000000e+06
1.410994000000000000e+06
1.412975000000000000e+06
1.415010000000000000e+06
1.417044000000000000e+06
1.419144000000000000e+06
1.421093000000000000e+06
1.423352000000000000e+06
1.425125000000000000e+06
1.427449000000000000e+06
1.429492000000000000e+06
1.431314000000000000e+06
1.433424000000000000e+06
1.435576000000000000e+06
1.437650000000000000e+06
1.439656000000000000e+06
1.441732000000000000e+06
1.443795000000000000e+06
1.445821000000000000e+06
1.447815000000000000e+06
1.449957000000000000e+06
1.451894000000000000e+06
1.453977000000000000e+06
1.456039000000000000e+06
1.458005000000000000e+06
1.459997000000000000e+06
1.462223000000000000e+06
1.464296000000000000e+06
1.466174000000000000e+06
1.468310000000000000e+06
1.470386000000000000e+06
1.472505000000000000e+06
1.474363000000000000e+06
1.476556000000000000e+06
1.478590000000000000e+06
1.480657000000000000e+06
1.482548000000000000e+06
1.484763000000000000e+06
1.486623000000000000e+06
1.488820000000000000e+06
1.490914000000000000e+06
1.492646000000000000e+06
1.494964000000000000e+06
1.496901000000000000e+06
1.498958000000000000e+06
1.501053000000000000e+06
1.503221000000000000e+06
1.505259000000000000e+06
1.507125000000000000e+06
1.509222000000000000e+06
1.511328000000000000e+06
1.513467000000000000e+06
1.515511000000000000e+06
1.517562000000000000e+06
1.519578000000000000e+06
1.521119000000000000e+06
1.523672000000000000e+06
1.525594000000000000e+06
1.527747000000000000e+06
1.529832000000000000e+06
1.531870000000000000e+06
1.533860000000000000e+06
1.535825000000000000e+06
1.537949000000000000e+06
1.539940000000000000e+06
1.541958000000000000e+06
1.544085000000000000e+06
1.546171000000000000e+06
1.548114000000000000e+06
1.550197000000000000e+06
1.552207000000000000e+06
1.554350000000000000e+06
1.556298000000000000e+06
1.558343000000000000e+06
1.560543000000000000e+06
1.562452000000000000e+06
1.564572000000000000e+06
1.566524000000000000e+06
1.568573000000000000e+06
1.570552000000000000e+06
1.572836000000000000e+06
1.574817000000000000e+06
1.576790000000000000e+06
1.578790000000000000e+06
1.580925000000000000e+06
1.583011000000000000e+06
1.584978000000000000e+06
1.587197000000000000e+06
1.589233000000000000e+06
1.591223000000000000e+06
1.593157000000000000e+06
1.595043000000000000e+06
1.597249000000000000e+06
1.599398000000000000e+06
1.601490000000000000e+06
1.603559000000000000e+06
1.605569000000000000e+06
1.607502000000000000e+06
1.609712000000000000e+06
1.611702000000000000e+06
1.613787000000000000e+06
1.615807000000000000e+06
1.617742000000000000e+06
1.619925000000000000e+06
1.621997000000000000e+06
1.623806000000000000e+06
1.626097000000000000e+06
1.628064000000000000e+06
1.630140000000000000e+06
1.631946000000000000e+06
1.633972000000000000e+06
1.636067000000000000e+06
1.638076000000000000e+06
1.640277000000000000e+06
1.642271000000000000e+06
1.644337000000000000e+06
1.646463000000000000e+06
1.648598000000000000e+06
1.650637000000000000e+06
1.652718000000000000e+06
1.654358000000000000e+06
1.656686000000000000e+06
1.658691000000000000e+06
1.660888000000000000e+06
1.662941000000000000e+06
1.664816000000000000e+06
1.666752000000000000e+06
1.668941000000000000e+06
1.671000000000000000e+06
1.673057000000000000e+06
1.675223000000000000e+06
1.677220000000000000e+06
1.679218000000000000e+06
1.681196000000000000e+06
1.683446000000000000e+06
1.685374000000000000e+06
1.687289000000000000e+06
1.689496000000000000e+06
1.691491000000000000e+06
1.693646000000000000e+06
1.695688000000000000e+06
1.697688000000000000e+06
1.699582000000000000e+06
1.701619000000000000e+06
1.703921000000000000e+06
1.705799000000000000e+06
1.707770000000000000e+06
1.709915000000000000e+06
1.711920000000000000e+06
1.714126000000000000e+06
1.716092000000000000e+06
1.718154000000000000e+06
1.720292000000000000e+06
1.721987000000000000e+06
1.724315000000000000e+06
1.726361000000000000e+06
1.728354000000000000e+06
1.730539000000000000e+06
1.732531000000000000e+06
1.734567000000000000e+06
1.736543000000000000e+06
1.738716000000000000e+06
1.740757000000000000e+06
1.742712000000000000e+06
1.744694000000000000e+06
1.746873000000000000e+06
1.748946000000000000e+06
1.750904000000000000e+06
1.753070000000000000e+06
1.755009000000000000e+06
1.757012000000000000e+06
1.759116000000000000e+06
1.761214000000000000e+06
1.763143000000000000e+06
1.765298000000000000e+06
1.767408000000000000e+06
1.769274000000000000e+06
1.771481000000000000e+06
1.773373000000000000e+06
1.775592000000000000e+06
1.777630000000000000e+06
1.779519000000000000e+06
1.781695000000000000e+06
1.783804000000000000e+06
1.785816000000000000e+06
1.787680000000000000e+06
1.789944000000000000e+06
1.791862000000000000e+06
1.793861000000000000e+06
1.796027000000000000e+06
1.798142000000000000e+06
1.800080000000000000e+06
1.802224000000000000e+06
1.804129000000000000e+06
1.806279000000000000e+06
1.808242000000000000e+06
1.810158000000000000e+06
1.812366000000000000e+06
1.814376000000000000e+06
1.816434000000000000e+06
1.818568000000000000e+06
1.820672000000000000e+06
1.822577000000000000e+06
1.824622000000000000e+06
1.826620000000000000e+06
1.828731000000000000e+06
1.830885000000000000e+06
1.832851000000000000e+06
1.834825000000000000e+06
1.837017000000000000e+06
1.838748000000000000e+06
1.840975000000000000e+06
1.843180000000000000e+06
1.845219000000000000e+06
1.847287000000000000e+06
1.849135000000000000e+06
1.851306000000000000e+06
1.853415000000000000e+06
1.855365000000000000e+06
1.857357000000000000e+06
1.859299000000000000e+06
1.861500000000000000e+06
1.863574000000000000e+06
1.865542000000000000e+06
1.867773000000000000e+06
1.869739000000000000e+06
1.871822000000000000e+06
1.873696000000000000e+06
1.875843000000000000e+06
1.878011000000000000e+06
1.880059000000000000e+06
1.882100000000000000e+06
1.884061000000000000e+06
1.886141000000000000e+06
1.888159000000000000e+06
1.890196000000000000e+06
1.892250000000000000e+06
1.894107000000000000e+06
1.896405000000000000e+06
1.898332000000000000e+06
1.900491000000000000e+06
1.902553000000000000e+06
1.904437000000000000e+06
1.906594000000000000e+06
1.908727000000000000e+06
1.910691000000000000e+06
1.912559000000000000e+06
1.914769000000000000e+06
1.916871000000000000e+06
1.918607000000000000e+06
1.920960000000000000e+06
1.923032000000000000e+06
1.924706000000000000e+06
1.927051000000000000e+06
1.929173000000000000e+06
1.931208000000000000e+06
1.933161000000000000e+06
1.935102000000000000e+06
1.937262000000000000e+06
1.939345000000000000e+06
1.941308000000000000e+06
1.943295000000000000e+06
1.945384000000000000e+06
1.947484000000000000e+06
1.949505000000000000e+06
1.951642000000000000e+06
1.953507000000000000e+06
1.955708000000000000e+06
1.957866000000000000e+06
1.959912000000000000e+06
1.961784000000000000e+06
1.964022000000000000e+06
1.965993000000000000e+06
1.968033000000000000e+06
1.969893000000000000e+06
1.972067000000000000e+06
1.974078000000000000e+06
1.976311000000000000e+06
1.978162000000000000e+06
1.980338000000000000e+06
1.982384000000000000e+06
1.984295000000000000e+06
1.986260000000000000e+06
1.988597000000000000e+06
1.990546000000000000e+06
1.992419000000000000e+06
1.994652000000000000e+06
1.996621000000000000e+06
1.998574000000000000e+06
2.000856000000000000e+06
