1.601699149940971845e+00
1.911426564173236198e+00
2.457593586170005562e+00
3.839225873605384365e+00
5.698334289132435337e+00
6.912112467170841157e+00
8.689704992285822271e+00
1.060887801577917600e+01
1.299247457803824979e+01
1.519950440974487904e+01
1.698513693423982218e+01
1.842097317599753481e+01
1.914071833374683251e+01
1.961009267268577005e+01
1.977799324777162226e+01
2.012604317693828548e+01
2.041948502706397406e+01
2.110846478984798580e+01
2.156036532458462318e+01
2.242582419684680772e+01
2.321443368108428018e+01
2.428384622312390562e+01
2.557427456127967957e+01
2.663313256188201095e+01
2.783781182699253520e+01
2.907919023640510758e+01
3.003818205776451933e+01
3.069421902587771811e+01
3.113796730575799643e+01
3.131412500024406498e+01
3.172310764008434347e+01
3.190618425520824175e+01
3.224574851667266273e+01
3.274519261182724961e+01
3.335235955315911127e+01
3.357720079366641386e+01
3.394156750132417244e+01
3.411049648937154188e+01
3.428788598042802249e+01
3.443131845040468875e+01
3.459026730543482842e+01
3.510503522393094755e+01
3.554736253460747974e+01
3.585285638693323307e+01
3.623033238189545102e+01
3.679748013130891593e+01
3.735127315825261718e+01
3.781885097150488662e+01
3.817803435740027140e+01
3.858739148446703382e+01
3.895732200180617610e+01
3.923520015125845362e+01
3.936865029603748667e+01
3.962520325723342296e+01
3.967673484493531078e+01
3.983619408753629898e+01
3.996745010307806467e+01
4.024958185182951809e+01
4.063843731295429507e+01
4.107250566689217663e+01
4.153712938693038126e+01
4.204074917764280173e+01
4.257325070139373224e+01
4.378528993523316615e+01
4.465670857668678195e+01
4.513448308659088326e+01
4.690863214803096781e+01
4.877275004733480301e+01
5.040104327678264440e+01
5.262939321708745410e+01
5.494961618516731505e+01
5.670951212326436064e+01
5.858470178199621614e+01
6.036578580497943136e+01
6.236151160614622313e+01
6.480701470757026073e+01
6.709786719522122667e+01
6.877176159790909082e+01
7.039214236342233733e+01
7.212987348872751170e+01
7.396869384855607166e+01
7.557856626256769061e+01
7.746293637693575818e+01
7.860619661637193190e+01
8.031662269446651692e+01
8.172915766848784358e+01
8.328810026240154230e+01
8.499569258340356726e+01
8.691550782706630685e+01
8.818431596484296620e+01
9.031197913721223358e+01
9.227814679009168231e+01
9.337688131302286365e+01
9.461035588456974210e+01
9.562438663341005451e+01
9.652177413963059394e+01
9.766653506861206324e+01
9.802861816807615014e+01
9.805622188760138158e+01
9.928386284840354392e+01
9.903773556098208530e+01
9.982642940737076742e+01
1.006335393260875577e+02
1.001573560287085343e+02
9.953488211299182353e+01
9.985951522249368395e+01
9.933750930264039880e+01
9.882318600454074442e+01
9.995351675813326153e+01
1.003224080945824852e+02
1.011040392062701585e+02
1.009176137282907035e+02
1.015003741771760843e+02
1.017433361848304116e+02
1.022079224621462856e+02
1.023092892288434967e+02
1.033819830579295171e+02
1.039145876538356674e+02
1.046814530147845232e+02
1.062856038266419461e+02
1.059671223281865622e+02
1.079200586333149516e+02
1.075579665626980557e+02
1.085411152106525634e+02
1.080250473200738810e+02
1.081514628009438326e+02
1.070090081492601399e+02
1.072735271155567602e+02
1.072159469303627333e+02
1.067292101962750195e+02
1.057139078174717497e+02
1.062644681477688380e+02
1.047736820454869360e+02
1.036946194795903153e+02
1.038404628510945855e+02
1.028983586701730246e+02
1.035066298748306082e+02
1.021591239013107071e+02
1.022849083422106702e+02
1.020403047455905892e+02
1.014832916590162171e+02
1.014158467053032950e+02
1.023275051373914124e+02
1.019666634551288666e+02
1.020610166766669664e+02
1.047155773872109279e+02
1.056467640560056793e+02
1.062567359591245406e+02
1.076514936486104688e+02
1.088929689626098281e+02
1.089118415438940133e+02
1.106952871764851807e+02
1.103919533696863482e+02
1.108799810994774475e+02
1.116944005654174248e+02
1.121714190514499165e+02
1.142277576838895072e+02
1.160987813590710402e+02
1.169417376456228652e+02
1.181225582437997730e+02
1.183123602434919661e+02
1.191099518368200734e+02
1.193553543436321860e+02
1.196978392958935302e+02
1.204598769979231321e+02
1.233186587401784919e+02
1.235637500477771624e+02
1.243420818046024436e+02
1.252114957460910460e+02
1.236724271201068746e+02
1.237998338784334607e+02
1.239633074934543941e+02
1.249645084960415602e+02
1.231436961894189892e+02
1.229548774296490166e+02
1.213525702277468383e+02
1.230287573938269929e+02
1.228256203455838715e+02
1.227440458216549217e+02
1.226720940760507972e+02
1.240487247804466620e+02
1.236421982641756756e+02
1.206766992770133413e+02
1.195971290168360497e+02
1.197298896723696089e+02
1.186405595508038289e+02
1.183168065322553559e+02
1.187737541556246867e+02
1.173694987305007515e+02
1.163399695161725873e+02
1.166506494295543206e+02
1.163579789362999009e+02
1.173294887101012165e+02
1.177442790119992964e+02
1.183953547141224760e+02
1.183956352184154071e+02
1.163620139042879629e+02
1.135053152298953876e+02
1.145836893793652536e+02
1.156760579113294938e+02
1.151795249896633493e+02
1.149823074075207643e+02
1.171300078721456828e+02
1.180405269259718750e+02
1.189135049496104557e+02
1.210058346584822289e+02
1.223024897024254329e+02
1.232183116691730760e+02
1.242402198832024851e+02
1.238135929651536600e+02
1.241326578747605112e+02
1.226810037488603484e+02
1.214721970161385940e+02
1.214105047467874954e+02
1.239189905408738497e+02
1.253167946987342418e+02
1.238265270798326725e+02
1.232915134648120130e+02
1.214734683539867888e+02
1.214320159510864841e+02
1.199513031857186434e+02
1.189176461007940446e+02
1.154921776072775685e+02
1.167240088731670795e+02
1.170666077295534393e+02
1.180774047561388187e+02
1.187270348083277725e+02
1.176433487720788662e+02
1.165223927020128230e+02
1.170720997830361938e+02
1.176492414720211173e+02
1.185313174370155878e+02
1.190158223734926111e+02
1.195559682964968999e+02
1.201302765822646137e+02
1.204637986004891133e+02
1.218658952711255381e+02
1.212921900423349086e+02
1.191900101391561151e+02
1.185527827116791570e+02
1.196432667896923334e+02
1.193041917096088724e+02
1.189769761669131327e+02
1.183928165055563824e+02
1.184181074911556948e+02
1.181192987322488079e+02
1.189199430623345393e+02
1.191803035264301371e+02
1.193725857594501178e+02
1.194684276086757393e+02
1.198830501908670385e+02
1.198543363508506872e+02
1.211715141245147578e+02
1.205484435724467573e+02
1.206614679741078220e+02
1.225571920278338496e+02
1.233715906726209255e+02
1.240408384319478330e+02
1.246049077456840450e+02
1.242125431247898462e+02
1.252909132559943970e+02
1.259554381164556247e+02
1.258846919907943800e+02
1.269093301113701813e+02
1.267458227602672736e+02
1.262072870718071300e+02
1.247824930509807047e+02
1.256977524499381218e+02
1.263900387004959356e+02
1.267970179605391223e+02
1.269409873845952887e+02
1.266323796944904529e+02
1.270267284836539545e+02
1.269620555261164867e+02
1.269118442045144661e+02
1.266358845790898329e+02
1.266421079996708841e+02
1.276224920722530243e+02
1.276561568413531518e+02
1.299101558900647717e+02
1.303270203210539933e+02
1.321994810754343632e+02
1.323786951868793551e+02
1.329187009909275332e+02
1.335731589668388608e+02
1.340882160844035980e+02
1.345739230654922096e+02
1.338952305438052974e+02
1.355867644318693692e+02
1.364847602372489632e+02
1.382993353369691931e+02
1.377311267145444731e+02
1.383623878192538257e+02
1.396467260883868846e+02
1.412140035935692026e+02
1.423744608868180990e+02
1.438878125578687843e+02
1.443766882466731545e+02
1.451697948783185836e+02
1.444230967205779166e+02
1.454007993074961291e+02
1.445291479412388185e+02
1.446781870917453716e+02
1.452813354211278920e+02
1.454102799563142980e+02
1.461022048789914436e+02
1.444597079957755739e+02
1.457019339987873536e+02
1.436586455689545687e+02
1.439353119684784588e+02
1.440688719637670374e+02
1.457991476016569834e+02
1.455200377333237043e+02
1.462614447766933665e+02
1.438102334446224688e+02
1.447702385368770877e+02
1.452498909816259243e+02
1.443594940298030735e+02
1.457709913008309854e+02
1.457657111847943554e+02
1.469474680203409775e+02
1.464907557856123219e+02
1.473365680479705304e+02
1.468636554782841301e+02
1.473046257280398947e+02
1.474046687621713545e+02
1.484083418711617242e+02
1.485507590055443075e+02
1.506943874799158323e+02
1.526048846788531534e+02
1.532296884651263156e+02
1.538709273795774379e+02
1.531255048974699662e+02
1.559425890017168683e+02
1.563187441229894716e+02
1.567324244409987557e+02
1.570439627338517994e+02
1.563434544474825145e+02
1.569653973986973767e+02
1.585518411147048141e+02
1.581927083987491471e+02
1.592318860750028477e+02
1.607205577613542573e+02
1.657200182002808049e+02
1.661926024647353302e+02
1.667195032595554665e+02
1.691373273766959642e+02
1.700256428231663506e+02
1.700075026612718716e+02
1.728056015199190369e+02
1.752144685265967610e+02
1.741511334343830129e+02
1.735727338024423432e+02
1.721764770947791021e+02
1.681599917602475500e+02
1.646419849153779182e+02
1.631551776355200047e+02
1.630566308908827864e+02
1.632393150213947308e+02
1.620248520067017353e+02
1.610903307438005356e+02
1.636216860617370230e+02
1.637894250724376661e+02
1.641010308174233501e+02
1.659922379948841922e+02
1.612327635697845949e+02
1.618222592119690546e+02
1.630395199652681981e+02
1.624061393138031519e+02
1.612385485535982923e+02
1.631350091292289051e+02
1.573827040390011405e+02
1.590246084464688465e+02
1.591344986483744890e+02
1.603421325505601089e+02
1.630305795885620626e+02
1.657051408093912812e+02
1.676851350425430098e+02
1.718271145565545055e+02
1.748315759334136317e+02
1.775825525432998973e+02
1.781804791200106877e+02
1.794079967642374811e+02
1.788653939158274682e+02
1.823591844957000205e+02
1.820580686297838042e+02
1.818715223872966931e+02
1.807134467482282787e+02
1.802994219347029912e+02
1.831085131285325645e+02
1.836508746499464166e+02
1.834173828536715121e+02
1.835146993777181592e+02
1.851621424698895169e+02
1.851444838922741951e+02
1.858946847854919042e+02
1.891233137794675656e+02
1.903669082794342557e+02
1.910545881755934943e+02
1.917574416843651477e+02
1.911364352057183282e+02
1.902415499651677919e+02
1.917227099570878295e+02
1.961820292344906136e+02
1.969519679142939594e+02
1.970796952441909866e+02
1.984401989613969590e+02
1.995632942067029205e+02
1.999177056145211111e+02
2.009358696273469889e+02
2.033049700005987575e+02
2.049772130338765805e+02
2.027144842985761670e+02
2.026639745385254230e+02
2.018073868504254733e+02
2.011643048041661359e+02
2.005242881476129924e+02
1.991397303496982829e+02
1.965580469648120641e+02
1.970026578371437722e+02
1.997843583771187639e+02
2.005332812956110047e+02
1.993951753063490457e+02
1.987282247574648011e+02
2.006336654080226083e+02
1.991864932386437772e+02
2.041167400433301680e+02
2.064499461908664273e+02
2.083939323597010969e+02
2.111331509326349192e+02
2.117792275353470188e+02
2.114881062197765971e+02
2.101762480066291801e+02
2.112218216127901087e+02
2.115310794373344834e+02
2.132504406582811782e+02
2.146188069913299046e+02
2.153891164173510049e+02
2.184675839005343789e+02
2.192705570278667437e+02
2.208443505581504382e+02
2.239421365392493328e+02
2.267874449639403736e+02
2.275032777896608991e+02
2.291041234710930041e+02
2.319761957719241821e+02
2.361616521360522256e+02
2.362069601253654412e+02
2.385736490620266466e+02
2.390451784654337928e+02
2.427144718951672360e+02
2.423411179644513993e+02
2.453630772833000719e+02
2.454001168050602075e+02
2.463774777459586289e+02
2.486591982942301513e+02
2.513788150248568058e+02
2.538658690087971763e+02
2.563450054556166720e+02
2.576350104803124736e+02
2.572523079392461227e+02
2.567927768301247511e+02
2.528909346433425469e+02
2.512150087925119806e+02
2.504300572801069507e+02
2.483951526450278777e+02
2.465321238237491741e+02
2.429518057024703808e+02
2.400416000218659747e+02
2.383716780885258402e+02
2.377188212598799453e+02
2.359322591132701632e+02
2.373731888791695042e+02
2.356462802566127266e+02
2.358987426213551828e+02
2.352269876726651319e+02
2.306042311023024354e+02
2.310140897040324148e+02
2.304353641040183334e+02
2.294567046592208044e+02
2.293704993168577175e+02
2.291587598610410623e+02
2.251227699435016518e+02
2.229923700753238904e+02
2.221892296429190594e+02
2.219764395638525798e+02
2.209140910006454988e+02
2.144147075154572235e+02
2.120335812692793240e+02
2.093729290226139028e+02
2.097319849543190173e+02
2.058011928795566234e+02
2.087911779210014060e+02
2.075023501863634294e+02
2.099132255692726119e+02
2.138154354058889055e+02
2.139309027168143302e+02
2.150522378161068389e+02
2.079347558216182108e+02
2.059249076214700835e+02
2.045190743262194246e+02
2.027354323012939972e+02
2.021402912592515406e+02
2.050875419132806883e+02
2.047424264369502964e+02
2.019902317484619800e+02
2.025595235535470522e+02
1.993289571522842323e+02
1.981552612500842656e+02
1.990466144290078887e+02
2.011574620403617644e+02
1.994198793412892599e+02
1.938706312418460129e+02
1.972009671511445390e+02
1.954393693968108323e+02
1.971712270306402672e+02
1.990464203784583503e+02
1.976644386842571350e+02
2.029572777027999564e+02
2.045156316171224660e+02
2.058290159417012433e+02
2.051391784431792757e+02
2.018523159869117478e+02
2.052866214828997613e+02
2.055764337870472502e+02
2.071344981761938016e+02
2.115800357057711381e+02
2.137002715415118530e+02
2.134457171135940996e+02
2.154541747049111393e+02
2.154021311776673144e+02
2.151374083971981577e+02
2.159373765944546619e+02
2.146098154883472660e+02
2.144361828498288389e+02
2.139004091003850476e+02
2.146965901356165602e+02
2.171842319354856556e+02
2.179970584032846546e+02
2.140707766133582766e+02
2.140145840700049291e+02
2.149149670775623235e+02
2.161605975070737315e+02
2.185312319382370276e+02
2.220831780213651712e+02
2.235516034047283824e+02
2.227428808524583701e+02
2.212244535445913414e+02
2.204720604726551016e+02
2.205721782471750032e+02
2.220647638220614226e+02
2.221620566254911182e+02
2.260796439354671747e+02
2.234928456062379212e+02
2.235235631249623793e+02
2.224573135023265706e+02
2.217095654235334621e+02
2.200721021709749152e+02
2.208700163172945281e+02
2.210155797660486598e+02
2.215421565060922546e+02
2.234983871581576693e+02
2.222151312046931935e+02
2.242435467367849924e+02
2.240267684680709976e+02
2.230996815452963062e+02
2.251094445971827724e+02
2.209162209727020922e+02
2.207625832159618255e+02
2.171602172977529790e+02
2.181023761234590950e+02
2.177079364511149038e+02
2.142906265581980847e+02
2.135302534477118854e+02
2.118891527275822284e+02
2.111813239640495965e+02
2.067547705103195881e+02
1.997375128259355961e+02
1.949354229231439604e+02
1.955550247876643937e+02
1.956603465154852586e+02
1.907248968266983411e+02
1.877261262121143943e+02
1.876012530301670154e+02
1.874734398676963565e+02
1.850859787687481628e+02
1.840262370107361107e+02
1.800512607799925604e+02
1.806053434453939985e+02
1.747119360653574063e+02
1.758141685019041063e+02
1.776251500803508065e+02
1.777478725894176250e+02
1.787530263887069282e+02
1.792894891595915396e+02
1.752117847010896980e+02
1.743636802175911669e+02
1.753163277580712816e+02
1.780746988248110938e+02
1.788782558646742018e+02
1.777201046890172904e+02
1.803227631869802678e+02
1.817010526667072554e+02
1.788964551429373273e+02
1.785325305052870704e+02
1.817473195531589170e+02
1.829319946339836633e+02
1.812840089599816338e+02
1.799743176218071028e+02
1.806694442708198665e+02
1.791414277250617317e+02
1.794334156139881884e+02
1.818917023405111024e+02
1.841181407389759954e+02
1.873253325076415479e+02
1.872444225706717020e+02
1.900449087466500089e+02
1.893049995808930532e+02
1.862936248591649928e+02
1.852620204169453757e+02
1.856426502443637219e+02
1.850251669474380947e+02
1.794168833913237506e+02
1.807971923270448542e+02
1.769758126997195689e+02
1.806781297926052900e+02
1.782062877732345783e+02
1.791384888807705238e+02
1.744866793341610958e+02
1.759560520227765892e+02
1.740289676862422823e+02
1.768934769525868376e+02
1.729626821894673299e+02
1.724900034946521146e+02
1.748346309057405961e+02
1.731932343052359613e+02
1.716056866865461643e+02
1.701429782973311831e+02
1.689643006142697175e+02
1.720324434693325486e+02
1.739750318151742192e+02
1.763867830416821505e+02
1.796665246641137230e+02
1.815985230098157217e+02
1.791261335501516214e+02
1.805228405284048563e+02
1.846832418073763620e+02
1.862348376336150011e+02
1.879671952800262318e+02
1.917606629780269145e+02
1.932421129933517534e+02
1.966051326902349388e+02
1.958891044643528119e+02
1.978230072844137339e+02
2.001290593608786423e+02
2.045298123636999890e+02
2.038310558760942115e+02
2.084513357634621968e+02
2.079111686021807657e+02
2.081852638677403320e+02
2.107018331338985035e+02
2.141578341011151565e+02
2.155179746981097537e+02
2.200573753840104416e+02
2.221084105244526654e+02
2.240454472602439751e+02
2.235130277872341367e+02
2.251801685512331233e+02
2.279414511418900702e+02
2.264124021566736076e+02
2.258806731680627138e+02
2.277031258881978033e+02
2.286031290527700151e+02
2.290192660824959319e+02
2.323258214170426470e+02
2.336511363705897679e+02
2.341030197620989952e+02
2.342785985376243616e+02
2.337513416158606105e+02
2.339655634644759346e+02
2.314605068876312259e+02
2.335023267762245212e+02
2.315454517360090847e+02
2.346349441570605734e+02
2.320455449179991660e+02
2.337136920191032061e+02
2.330454845104341075e+02
2.332904165613801126e+02
2.334344713140170029e+02
2.344367194695314538e+02
2.339474763602716791e+02
2.344076024374760152e+02
2.341258265228114794e+02
2.328606793010314959e+02
2.310128219133746086e+02
2.308005785066242197e+02
2.282360318201757536e+02
2.325282964880170482e+02
2.347754803660599521e+02
2.322052354156601837e+02
2.315217730123568742e+02
2.322771425030036596e+02
2.303241150805195900e+02
2.288668298143842605e+02
2.290974008507319297e+02
2.273692009142237396e+02
2.313024999514959177e+02
2.315906011140989733e+02
2.288053590348391708e+02
2.252434152388416635e+02
2.256513934880651107e+02
2.264367118161993062e+02
2.246085813107019078e+02
2.231666031256003180e+02
2.244086767039605093e+02
2.257897535291903068e+02
2.270839042048145018e+02
2.267516573997450280e+02
2.215105110282938767e+02
2.220770685538580835e+02
2.234840765178526567e+02
2.251139669997820363e+02
2.228187030890581468e+02
2.242584097850818523e+02
2.251457127009969952e+02
2.254067214713939507e+02
2.261858604185216279e+02
2.250163744691441252e+02
2.248874675788031823e+02
2.243623799867920070e+02
2.263891377351951917e+02
2.270848272411739970e+02
2.284217429378894622e+02
2.318942836838978394e+02
2.330043801374348789e+02
2.305724329399324404e+02
2.335468048711829852e+02
2.323538333672756266e+02
2.315552853868977081e+02
2.342315314272574369e+02
2.358362692677147834e+02
2.392610514080392079e+02
2.436897472057764844e+02
2.460948509538964686e+02
2.460243618173368532e+02
2.460886988318269459e+02
2.488713747297643124e+02
2.500119348317909385e+02
2.514191457723694896e+02
2.510119352563268365e+02
2.518883809705014585e+02
2.532599703184920372e+02
2.555434409644859670e+02
2.602025222423152968e+02
2.623594541075742086e+02
2.614681091349876283e+02
2.624706581613849039e+02
2.625563957976994516e+02
2.654651813152366344e+02
2.633482859488881900e+02
2.599274949188560413e+02
2.618968289206515578e+02
2.651770150075914216e+02
2.665928037692172552e+02
2.648272457101153350e+02
2.665127552294077304e+02
2.703174632130065902e+02
2.700597364376125711e+02
2.713557758382152088e+02
2.708039883907918579e+02
2.728830011094725592e+02
2.732522696456155700e+02
2.738600978311558833e+02
2.697345255675404019e+02
2.720600466599586866e+02
2.740346324508220164e+02
2.733279326206368296e+02
2.773393747764956174e+02
2.794137284771964005e+02
2.819229840614218574e+02
2.794464371825719695e+02
2.817606119749955269e+02
2.822329344788751655e+02
2.828529020017270454e+02
2.805954553009062238e+02
2.793591310568981498e+02
2.801613212738706693e+02
2.827221071220808994e+02
2.824116329128196412e+02
2.797709124203180977e+02
2.764056963988837197e+02
2.751286935190316854e+02
2.749593439715557679e+02
2.765383317879935134e+02
2.789987256464485199e+02
2.788809415525276449e+02
2.769042729790314752e+02
2.806297066135052773e+02
2.815994953660848523e+02
2.773006895075573652e+02
2.750440702487011322e+02
2.754109862758240865e+02
2.754126965738680042e+02
2.745556042338796487e+02
2.748837450773310138e+02
2.728972093627292566e+02
2.712782192529215308e+02
2.694535047004047215e+02
2.699884463928269156e+02
2.687456285897795283e+02
2.672349015497655955e+02
2.624852057393664495e+02
2.633048221461402818e+02
2.608380391916531948e+02
2.591746894876660576e+02
2.548027416365683280e+02
2.506778605903457731e+02
2.525786295060549378e+02
2.498295545687433048e+02
2.504854878044058637e+02
2.449420889597793973e+02
2.460406848712301553e+02
2.482091453448427956e+02
2.526003982299885422e+02
2.506968800948262981e+02
2.491803224280764084e+02
2.485774213806915895e+02
2.469658662882890781e+02
2.466588248248914397e+02
2.483507378183438448e+02
2.460852500681334902e+02
2.489636059434734534e+02
2.491462896748613502e+02
2.491773465935742706e+02
2.523916038114990386e+02
2.507693042905781908e+02
2.434989256055159785e+02
2.425966784747277813e+02
2.441396707971793489e+02
2.453773487984085762e+02
2.471349302869159885e+02
2.441785181827389124e+02
2.473207521844208543e+02
2.497974539316619484e+02
2.537931427059990597e+02
2.523848773541604089e+02
2.540741736288886159e+02
2.529411661939628573e+02
2.507984761942579155e+02
2.545898613966151345e+02
2.561957366127205091e+02
2.566678030549264236e+02
2.583013409881775146e+02
2.593345706005925422e+02
2.627188265568910879e+02
2.648538103582844769e+02
2.624837335176429178e+02
2.630129296937761865e+02
2.634090623161114308e+02
2.639945840552935010e+02
2.663401803312999050e+02
2.644086626033843572e+02
2.642200557700633112e+02
2.668784191076138654e+02
2.682542574383698479e+02
2.623522265619101290e+02
2.630657768712861753e+02
2.599847396627816352e+02
2.595622718350609830e+02
2.628630804791936839e+02
2.611281793555472746e+02
2.638433202434322311e+02
2.664475971678938890e+02
2.713957404727349285e+02
2.690356888921515974e+02
2.679803051495496788e+02
2.620703044264120081e+02
2.636603830189799851e+02
2.618263872958606839e+02
2.627998489108228455e+02
2.613222799177807474e+02
2.608865786828222326e+02
2.586547025811407821e+02
2.597919506522678148e+02
2.592263945021202858e+02
2.579497565342838925e+02
2.573435789750288336e+02
2.547706286054676355e+02
2.527890162471076962e+02
2.539011994025251227e+02
2.540150041217990520e+02
2.540546797232930771e+02
2.535728021597659279e+02
2.511871225288981577e+02
2.527209633026814402e+02
2.541868339675831123e+02
2.547777734266230709e+02
2.508472488186720568e+02
2.488044734783938736e+02
2.494424900379639496e+02
2.508196534301040117e+02
2.546498672310708287e+02
2.536299280873413977e+02
2.503118203846677829e+02
2.500286192490453345e+02
2.468983089030599842e+02
2.462486429225372149e+02
2.447443393720937195e+02
2.449497964542873945e+02
2.488415406731512007e+02
2.529791895448126979e+02
2.541092508123396669e+02
2.522155242682568428e+02
2.509076762372338294e+02
2.483438490572087289e+02
2.516675353079857018e+02
2.545770046830811850e+02
2.542408061878455499e+02
2.583765181158340170e+02
2.591619376841924804e+02
2.556339259038354328e+02
2.545057792740720970e+02
2.528054086061729038e+02
2.525606673496554890e+02
2.549225853242737969e+02
2.529396045578465078e+02
2.513127399730533966e+02
2.537643961394226437e+02
2.501824054998417637e+02
2.496761511729981464e+02
2.518844581473759945e+02
2.540281298832411210e+02
2.548989417230264678e+02
2.552343356250961790e+02
2.581470894903297335e+02
2.517409773009426601e+02
2.515552205319864925e+02
2.530689432569876942e+02
2.567189303830913332e+02
2.571825778860292075e+02
2.564397966251665935e+02
2.583178579565986297e+02
2.570422760280448529e+02
2.574616830437395265e+02
2.559207464314043818e+02
2.524193697505302509e+02
2.543743239827035438e+02
2.582284220432462689e+02
2.590996508498655544e+02
2.555826729287513501e+02
2.532714087494135242e+02
2.533752090262592560e+02
2.558623814924970361e+02
2.550323044163920372e+02
2.554281717671043168e+02
2.584357031327363075e+02
2.602194906720718564e+02
2.650503264852156917e+02
2.665216726492453176e+02
2.655938337383636281e+02
2.649625390256368291e+02
2.665639738076307594e+02
2.702456369357200288e+02
2.676366945389099783e+02
2.703061510185490874e+02
2.722812127008582479e+02
2.724808055073601167e+02
2.725379724488415150e+02
2.749986084227100491e+02
2.720536333836713538e+02
2.735605132437380007e+02
2.725529860990973248e+02
2.775901170806650953e+02
2.795758566832491283e+02
2.795795550988037235e+02
2.775161713444003340e+02
2.784334611509842716e+02
