2.034000000000000000e+03
4.064000000000000000e+03
6.137000000000000000e+03
8.135000000000000000e+03
1.018000000000000000e+04
1.225800000000000000e+04
1.428800000000000000e+04
1.627700000000000000e+04
1.839900000000000000e+04
2.044100000000000000e+04
2.247100000000000000e+04
2.455000000000000000e+04
2.661000000000000000e+04
2.865800000000000000e+04
3.066400000000000000e+04
3.270200000000000000e+04
3.479100000000000000e+04
3.678700000000000000e+04
3.884200000000000000e+04
4.094700000000000000e+04
4.291700000000000000e+04
4.499900000000000000e+04
4.708700000000000000e+04
4.907600000000000000e+04
5.107600000000000000e+04
5.314700000000000000e+04
5.519100000000000000e+04
5.721200000000000000e+04
5.933800000000000000e+04
6.128300000000000000e+04
6.332300000000000000e+04
6.548100000000000000e+04
6.752100000000000000e+04
6.953700000000000000e+04
7.166900000000000000e+04
7.361500000000000000e+04
7.572500000000000000e+04
7.757400000000000000e+04
7.975900000000000000e+04
8.185300000000000000e+04
8.381100000000000000e+04
8.598100000000000000e+04
8.804700000000000000e+04
9.002800000000000000e+04
9.203900000000000000e+04
9.407100000000000000e+04
9.619800000000000000e+04
9.821400000000000000e+04
1.001630000000000000e+05
1.023790000000000000e+05
1.043060000000000000e+05
1.063230000000000000e+05
1.084140000000000000e+05
1.104290000000000000e+05
1.124660000000000000e+05
1.145780000000000000e+05
1.164820000000000000e+05
1.187640000000000000e+05
1.205990000000000000e+05
1.228320000000000000e+05
1.246510000000000000e+05
1.268950000000000000e+05
1.287190000000000000e+05
1.309030000000000000e+05
1.330370000000000000e+05
1.351020000000000000e+05
1.368340000000000000e+05
1.392330000000000000e+05
1.410790000000000000e+05
1.431660000000000000e+05
1.452800000000000000e+05
1.474310000000000000e+05
1.494270000000000000e+05
1.512840000000000000e+05
1.532870000000000000e+05
1.554380000000000000e+05
1.574130000000000000e+05
1.596390000000000000e+05
1.616990000000000000e+05
1.637820000000000000e+05
1.656770000000000000e+05
1.677450000000000000e+05
1.698080000000000000e+05
1.718450000000000000e+05
1.739390000000000000e+05
1.760020000000000000e+05
1.780860000000000000e+05
1.796840000000000000e+05
1.822460000000000000e+05
1.841450000000000000e+05
1.861820000000000000e+05
1.879300000000000000e+05
1.903570000000000000e+05
1.922680000000000000e+05
1.943840000000000000e+05
1.964880000000000000e+05
1.985570000000000000e+05
2.005180000000000000e+05
2.026920000000000000e+05
2.047340000000000000e+05
2.067830000000000000e+05
2.087370000000000000e+05
2.108160000000000000e+05
2.128750000000000000e+05
2.148530000000000000e+05
2.170850000000000000e+05
2.190460000000000000e+05
2.211240000000000000e+05
2.229210000000000000e+05
2.249800000000000000e+05
2.272300000000000000e+05
2.290490000000000000e+05
2.312160000000000000e+05
2.334220000000000000e+05
2.352780000000000000e+05
2.374380000000000000e+05
2.394730000000000000e+05
2.412200000000000000e+05
2.436280000000000000e+05
2.453710000000000000e+05
2.475970000000000000e+05
2.497840000000000000e+05
2.517680000000000000e+05
2.536980000000000000e+05
2.554710000000000000e+05
2.578210000000000000e+05
2.597610000000000000e+05
2.620990000000000000e+05
2.640750000000000000e+05
2.660690000000000000e+05
2.682690000000000000e+05
2.702600000000000000e+05
2.719520000000000000e+05
2.741290000000000000e+05
2.764690000000000000e+05
2.784760000000000000e+05
2.803430000000000000e+05
2.823480000000000000e+05
2.845490000000000000e+05
2.865170000000000000e+05
2.887190000000000000e+05
2.908060000000000000e+05
2.927270000000000000e+05
2.946020000000000000e+05
2.969140000000000000e+05
2.987910000000000000e+05
3.006310000000000000e+05
3.029650000000000000e+05
3.049640000000000000e+05
3.066040000000000000e+05
3.091640000000000000e+05
3.110990000000000000e+05
3.131530000000000000e+05
3.150850000000000000e+05
3.170180000000000000e+05
3.194250000000000000e+05
3.215060000000000000e+05
3.230500000000000000e+05
3.254930000000000000e+05
3.275520000000000000e+05
3.296260000000000000e+05
3.316030000000000000e+05
3.333480000000000000e+05
3.354880000000000000e+05
3.372080000000000000e+05
3.394770000000000000e+05
3.419840000000000000e+05
3.439760000000000000e+05
3.460150000000000000e+05
3.480610000000000000e+05
3.501350000000000000e+05
3.522460000000000000e+05
3.542030000000000000e+05
3.560780000000000000e+05
3.583530000000000000e+05
3.604330000000000000e+05
3.622460000000000000e+05
3.644080000000000000e+05
3.665270000000000000e+05
3.685310000000000000e+05
3.705610000000000000e+05
3.725610000000000000e+05
3.747630000000000000e+05
3.766640000000000000e+05
3.788590000000000000e+05
3.804700000000000000e+05
3.826140000000000000e+05
3.847920000000000000e+05
3.870130000000000000e+05
3.889920000000000000e+05
3.910150000000000000e+05
3.931550000000000000e+05
3.951570000000000000e+05
3.971420000000000000e+05
3.992950000000000000e+05
4.012580000000000000e+05
4.031340000000000000e+05
4.053270000000000000e+05
4.075110000000000000e+05
4.094280000000000000e+05
4.113940000000000000e+05
4.135700000000000000e+05
4.154750000000000000e+05
4.177820000000000000e+05
4.195430000000000000e+05
4.215650000000000000e+05
4.236790000000000000e+05
4.257940000000000000e+05
4.278820000000000000e+05
4.297850000000000000e+05
4.319250000000000000e+05
4.339800000000000000e+05
4.362040000000000000e+05
4.382490000000000000e+05
4.402010000000000000e+05
4.423660000000000000e+05
4.443370000000000000e+05
4.464380000000000000e+05
4.482850000000000000e+05
4.502910000000000000e+05
4.524600000000000000e+05
4.544330000000000000e+05
4.566880000000000000e+05
4.585330000000000000e+05
4.606910000000000000e+05
4.624390000000000000e+05
4.648480000000000000e+05
4.669400000000000000e+05
4.688490000000000000e+05
4.709340000000000000e+05
4.730660000000000000e+05
4.749160000000000000e+05
4.769360000000000000e+05
4.791610000000000000e+05
4.812030000000000000e+05
4.833060000000000000e+05
4.852380000000000000e+05
4.871440000000000000e+05
4.894550000000000000e+05
4.915150000000000000e+05
4.928930000000000000e+05
4.955640000000000000e+05
4.975910000000000000e+05
4.993280000000000000e+05
5.016210000000000000e+05
5.035260000000000000e+05
5.058330000000000000e+05
5.077610000000000000e+05
5.096800000000000000e+05
5.118640000000000000e+05
5.135950000000000000e+05
5.157500000000000000e+05
5.178550000000000000e+05
5.200000000000000000e+05
5.221060000000000000e+05
5.241520000000000000e+05
5.262200000000000000e+05
5.283000000000000000e+05
5.301920000000000000e+05
5.324240000000000000e+05
5.341260000000000000e+05
5.363880000000000000e+05
5.383750000000000000e+05
5.405520000000000000e+05
5.426640000000000000e+05
5.447540000000000000e+05
5.466470000000000000e+05
5.486370000000000000e+05
5.506780000000000000e+05
5.527120000000000000e+05
5.545410000000000000e+05
5.569450000000000000e+05
5.587270000000000000e+05
5.609140000000000000e+05
5.626640000000000000e+05
5.649560000000000000e+05
5.669100000000000000e+05
5.691470000000000000e+05
5.710740000000000000e+05
5.731830000000000000e+05
5.752970000000000000e+05
5.772320000000000000e+05
5.794100000000000000e+05
5.814640000000000000e+05
5.833460000000000000e+05
5.851910000000000000e+05
5.876760000000000000e+05
5.896490000000000000e+05
5.918100000000000000e+05
5.936000000000000000e+05
5.959580000000000000e+05
5.979400000000000000e+05
5.998570000000000000e+05
6.016790000000000000e+05
6.040620000000000000e+05
6.058470000000000000e+05
6.076920000000000000e+05
6.095830000000000000e+05
6.121450000000000000e+05
6.142780000000000000e+05
6.163070000000000000e+05
6.183500000000000000e+05
6.203100000000000000e+05
6.223940000000000000e+05
6.244000000000000000e+05
6.266620000000000000e+05
6.285650000000000000e+05
6.307250000000000000e+05
6.327700000000000000e+05
6.346500000000000000e+05
6.368430000000000000e+05
6.387320000000000000e+05
6.406770000000000000e+05
6.429040000000000000e+05
6.448860000000000000e+05
6.469760000000000000e+05
6.490120000000000000e+05
6.510780000000000000e+05
6.531680000000000000e+05
6.550690000000000000e+05
6.567360000000000000e+05
6.592410000000000000e+05
6.612220000000000000e+05
6.633030000000000000e+05
6.650660000000000000e+05
6.674840000000000000e+05
6.695390000000000000e+05
6.714080000000000000e+05
6.735980000000000000e+05
6.750660000000000000e+05
6.778250000000000000e+05
6.796880000000000000e+05
6.819600000000000000e+05
6.838280000000000000e+05
6.856060000000000000e+05
6.873600000000000000e+05
6.898710000000000000e+05
6.920310000000000000e+05
6.939400000000000000e+05
6.956720000000000000e+05
6.982350000000000000e+05
6.999690000000000000e+05
7.018270000000000000e+05
7.043700000000000000e+05
7.060570000000000000e+05
7.085290000000000000e+05
7.105520000000000000e+05
7.124090000000000000e+05
7.146510000000000000e+05
7.165310000000000000e+05
7.188230000000000000e+05
7.203440000000000000e+05
7.228190000000000000e+05
7.245660000000000000e+05
7.269630000000000000e+05
7.288310000000000000e+05
7.311110000000000000e+05
7.330850000000000000e+05
7.352170000000000000e+05
7.371500000000000000e+05
7.391020000000000000e+05
7.412000000000000000e+05
7.431060000000000000e+05
7.452480000000000000e+05
7.473020000000000000e+05
7.494840000000000000e+05
7.512210000000000000e+05
7.536090000000000000e+05
7.555730000000000000e+05
7.576010000000000000e+05
7.595700000000000000e+05
7.615670000000000000e+05
7.638130000000000000e+05
7.657380000000000000e+05
7.679100000000000000e+05
7.694840000000000000e+05
7.720530000000000000e+05
7.738600000000000000e+05
7.758870000000000000e+05
7.780220000000000000e+05
7.801290000000000000e+05
7.822960000000000000e+05
7.841370000000000000e+05
7.862060000000000000e+05
7.883070000000000000e+05
7.904200000000000000e+05
7.924990000000000000e+05
7.942730000000000000e+05
7.966660000000000000e+05
7.981430000000000000e+05
8.003870000000000000e+05
8.022250000000000000e+05
8.044420000000000000e+05
8.067580000000000000e+05
8.083810000000000000e+05
8.103520000000000000e+05
8.129150000000000000e+05
8.145800000000000000e+05
8.168030000000000000e+05
8.190970000000000000e+05
8.210820000000000000e+05
8.232010000000000000e+05
8.250520000000000000e+05
8.266730000000000000e+05
8.291280000000000000e+05
8.313490000000000000e+05
8.333640000000000000e+05
8.354860000000000000e+05
8.375400000000000000e+05
8.395590000000000000e+05
8.416620000000000000e+05
8.433840000000000000e+05
8.456340000000000000e+05
8.476360000000000000e+05
8.497120000000000000e+05
8.518120000000000000e+05
8.536230000000000000e+05
8.557290000000000000e+05
8.580930000000000000e+05
8.601470000000000000e+05
8.620820000000000000e+05
8.642540000000000000e+05
8.662810000000000000e+05
8.681350000000000000e+05
8.701950000000000000e+05
8.721330000000000000e+05
8.742040000000000000e+05
8.764510000000000000e+05
8.785310000000000000e+05
8.804510000000000000e+05
8.825150000000000000e+05
8.845660000000000000e+05
8.866320000000000000e+05
8.884650000000000000e+05
8.906650000000000000e+05
8.925310000000000000e+05
8.948100000000000000e+05
8.969140000000000000e+05
8.990030000000000000e+05
9.006010000000000000e+05
9.030510000000000000e+05
9.051710000000000000e+05
9.070580000000000000e+05
9.091590000000000000e+05
9.113230000000000000e+05
9.130300000000000000e+05
9.151400000000000000e+05
9.173650000000000000e+05
9.194350000000000000e+05
9.213770000000000000e+05
9.235100000000000000e+05
9.256370000000000000e+05
9.275000000000000000e+05
9.296860000000000000e+05
9.317150000000000000e+05
9.337420000000000000e+05
9.353630000000000000e+05
9.373440000000000000e+05
9.398690000000000000e+05
9.419430000000000000e+05
9.438110000000000000e+05
9.458900000000000000e+05
9.478060000000000000e+05
9.501560000000000000e+05
9.520920000000000000e+05
9.542260000000000000e+05
9.563970000000000000e+05
9.581320000000000000e+05
9.602290000000000000e+05
9.624990000000000000e+05
9.641970000000000000e+05
9.664270000000000000e+05
9.683620000000000000e+05
9.706640000000000000e+05
9.726130000000000000e+05
9.742420000000000000e+05
9.767370000000000000e+05
9.786100000000000000e+05
9.806100000000000000e+05
9.825660000000000000e+05
9.848140000000000000e+05
9.870180000000000000e+05
9.890010000000000000e+05
9.911980000000000000e+05
9.929540000000000000e+05
9.952550000000000000e+05
9.972520000000000000e+05
9.989270000000000000e+05
1.000553000000000000e+06
1.003243000000000000e+06
1.005449000000000000e+06
1.007580000000000000e+06
1.009661000000000000e+06
1.011614000000000000e+06
1.013667000000000000e+06
1.015440000000000000e+06
1.017507000000000000e+06
1.019856000000000000e+06
1.021893000000000000e+06
1.023919000000000000e+06
1.025716000000000000e+06
1.027777000000000000e+06
1.029936000000000000e+06
1.032114000000000000e+06
1.034239000000000000e+06
1.035893000000000000e+06
1.038336000000000000e+06
1.039877000000000000e+06
1.041964000000000000e+06
1.044150000000000000e+06
1.046338000000000000e+06
1.048384000000000000e+06
1.050469000000000000e+06
1.052643000000000000e+06
1.054610000000000000e+06
1.056572000000000000e+06
1.058719000000000000e+06
1.060722000000000000e+06
1.062670000000000000e+06
1.064656000000000000e+06
1.066734000000000000e+06
1.068945000000000000e+06
1.070678000000000000e+06
1.072825000000000000e+06
1.074899000000000000e+06
1.076660000000000000e+06
1.078927000000000000e+06
1.080782000000000000e+06
1.083316000000000000e+06
1.085316000000000000e+06
1.087339000000000000e+06
1.089383000000000000e+06
1.091371000000000000e+06
1.093236000000000000e+06
1.095417000000000000e+06
1.097566000000000000e+06
1.099424000000000000e+06
1.101665000000000000e+06
1.103612000000000000e+06
1.105677000000000000e+06
1.107844000000000000e+06
1.109038000000000000e+06
1.111893000000000000e+06
1.113619000000000000e+06
1.115820000000000000e+06
1.117702000000000000e+06
1.120050000000000000e+06
1.122172000000000000e+06
1.124280000000000000e+06
1.126172000000000000e+06
1.128232000000000000e+06
1.130222000000000000e+06
1.132189000000000000e+06
1.134575000000000000e+06
1.136196000000000000e+06
1.138622000000000000e+06
1.140292000000000000e+06
1.142239000000000000e+06
1.144571000000000000e+06
1.146571000000000000e+06
1.148837000000000000e+06
1.150313000000000000e+06
1.152845000000000000e+06
1.155047000000000000e+06
1.156564000000000000e+06
1.158998000000000000e+06
1.161018000000000000e+06
1.162722000000000000e+06
1.165083000000000000e+06
1.167166000000000000e+06
1.168968000000000000e+06
1.170653000000000000e+06
1.173445000000000000e+06
1.175377000000000000e+06
1.177572000000000000e+06
1.179494000000000000e+06
1.181465000000000000e+06
1.183524000000000000e+06
1.185723000000000000e+06
1.187737000000000000e+06
1.189363000000000000e+06
1.191343000000000000e+06
1.193824000000000000e+06
1.195719000000000000e+06
1.197816000000000000e+06
1.200009000000000000e+06
1.202120000000000000e+06
1.203361000000000000e+06
1.205762000000000000e+06
1.207742000000000000e+06
1.209970000000000000e+06
1.211751000000000000e+06
1.213854000000000000e+06
1.216443000000000000e+06
1.218296000000000000e+06
1.220410000000000000e+06
1.222581000000000000e+06
1.224418000000000000e+06
1.226657000000000000e+06
1.228755000000000000e+06
1.230838000000000000e+06
1.232851000000000000e+06
1.234791000000000000e+06
1.236848000000000000e+06
1.238827000000000000e+06
1.240309000000000000e+06
1.242962000000000000e+06
1.245086000000000000e+06
1.246721000000000000e+06
1.249199000000000000e+06
1.251278000000000000e+06
1.252924000000000000e+06
1.255067000000000000e+06
1.257393000000000000e+06
1.259398000000000000e+06
1.261558000000000000e+06
1.263151000000000000e+06
1.265625000000000000e+06
1.267630000000000000e+06
1.268920000000000000e+06
1.271710000000000000e+06
1.273547000000000000e+06
1.275036000000000000e+06
1.277921000000000000e+06
1.279928000000000000e+06
1.281932000000000000e+06
1.283990000000000000e+06
1.286101000000000000e+06
1.288053000000000000e+06
1.289793000000000000e+06
1.291872000000000000e+06
1.294049000000000000e+06
1.296267000000000000e+06
1.298280000000000000e+06
1.300426000000000000e+06
1.302269000000000000e+06
1.304438000000000000e+06
1.306028000000000000e+06
1.308530000000000000e+06
1.310403000000000000e+06
1.312744000000000000e+06
1.314759000000000000e+06
1.316483000000000000e+06
1.318870000000000000e+06
1.320621000000000000e+06
1.322953000000000000e+06
1.324608000000000000e+06
1.326878000000000000e+06
1.328640000000000000e+06
1.331196000000000000e+06
1.333076000000000000e+06
1.334920000000000000e+06
1.337171000000000000e+06
1.339270000000000000e+06
1.341230000000000000e+06
1.343403000000000000e+06
1.345487000000000000e+06
1.346997000000000000e+06
1.349515000000000000e+06
1.351401000000000000e+06
1.352771000000000000e+06
1.355325000000000000e+06
1.357815000000000000e+06
1.359754000000000000e+06
1.361683000000000000e+06
1.363540000000000000e+06
1.365897000000000000e+06
1.367661000000000000e+06
1.369942000000000000e+06
1.372141000000000000e+06
1.373809000000000000e+06
1.376127000000000000e+06
1.377967000000000000e+06
1.379936000000000000e+06
1.382137000000000000e+06
1.383779000000000000e+06
1.386128000000000000e+06
1.388493000000000000e+06
1.390574000000000000e+06
1.392474000000000000e+06
1.394241000000000000e+06
1.395847000000000000e+06
1.398282000000000000e+06
1.400048000000000000e+06
1.402826000000000000e+06
1.404570000000000000e+06
1.406381000000000000e+06
1.408509000000000000e+06
1.410756000000000000e+06
1.412886000000000000e+06
1.414389000000000000e+06
1.416970000000000000e+06
1.418728000000000000e+06
1.421154000000000000e+06
1.423208000000000000e+06
1.425169000000000000e+06
1.426955000000000000e+06
1.429392000000000000e+06
1.431368000000000000e+06
1.433538000000000000e+06
1.435576000000000000e+06
1.437611000000000000e+06
1.439598000000000000e+06
1.441676000000000000e+06
1.442889000000000000e+06
1.445776000000000000e+06
1.447656000000000000e+06
1.449663000000000000e+06
1.451739000000000000e+06
1.453608000000000000e+06
1.455878000000000000e+06
1.458134000000000000e+06
1.460187000000000000e+06
1.461781000000000000e+06
1.463734000000000000e+06
1.465773000000000000e+06
1.468411000000000000e+06
1.470224000000000000e+06
1.472402000000000000e+06
1.474542000000000000e+06
1.476374000000000000e+06
1.478561000000000000e+06
1.480328000000000000e+06
1.482467000000000000e+06
1.484588000000000000e+06
1.486442000000000000e+06
1.488127000000000000e+06
1.490276000000000000e+06
1.492882000000000000e+06
1.494792000000000000e+06
1.496860000000000000e+06
1.498656000000000000e+06
1.501165000000000000e+06
1.503110000000000000e+06
1.505053000000000000e+06
1.507169000000000000e+06
1.509303000000000000e+06
1.510938000000000000e+06
1.513414000000000000e+06
1.514930000000000000e+06
1.517538000000000000e+06
1.519212000000000000e+06
1.521642000000000000e+06
1.523463000000000000e+06
1.525486000000000000e+06
1.526920000000000000e+06
1.529061000000000000e+06
1.531710000000000000e+06
1.533813000000000000e+06
1.535860000000000000e+06
1.537935000000000000e+06
1.539945000000000000e+06
1.541821000000000000e+06
1.544182000000000000e+06
1.546210000000000000e+06
1.548086000000000000e+06
1.550243000000000000e+06
1.552329000000000000e+06
1.554294000000000000e+06
1.555837000000000000e+06
1.558102000000000000e+06
1.560255000000000000e+06
1.562378000000000000e+06
1.564648000000000000e+06
1.566488000000000000e+06
1.568470000000000000e+06
1.570494000000000000e+06
1.572800000000000000e+06
1.574573000000000000e+06
1.576659000000000000e+06
1.578913000000000000e+06
1.580872000000000000e+06
1.583094000000000000e+06
1.585013000000000000e+06
1.586980000000000000e+06
1.589196000000000000e+06
1.591195000000000000e+06
1.593262000000000000e+06
1.594881000000000000e+06
1.597303000000000000e+06
1.599473000000000000e+06
1.600963000000000000e+06
1.603309000000000000e+06
1.605610000000000000e+06
1.607336000000000000e+06
1.609554000000000000e+06
1.611360000000000000e+06
1.613667000000000000e+06
1.615853000000000000e+06
1.617834000000000000e+06
1.619885000000000000e+06
1.621953000000000000e+06
1.623844000000000000e+06
1.625929000000000000e+06
1.628134000000000000e+06
1.630099000000000000e+06
1.632084000000000000e+06
1.633864000000000000e+06
1.635715000000000000e+06
1.638280000000000000e+06
1.640366000000000000e+06
1.642076000000000000e+06
1.644446000000000000e+06
1.646533000000000000e+06
1.648627000000000000e+06
1.650605000000000000e+06
1.652680000000000000e+06
1.654243000000000000e+06
1.656017000000000000e+06
1.658762000000000000e+06
1.660846000000000000e+06
1.662691000000000000e+06
1.664925000000000000e+06
1.666900000000000000e+06
1.668986000000000000e+06
1.671098000000000000e+06
1.673191000000000000e+06
1.674880000000000000e+06
1.677270000000000000e+06
1.679298000000000000e+06
1.681315000000000000e+06
1.683384000000000000e+06
1.685266000000000000e+06
1.687143000000000000e+06
1.689298000000000000e+06
1.690937000000000000e+06
1.693581000000000000e+06
1.695532000000000000e+06
1.697151000000000000e+06
1.699218000000000000e+06
1.701746000000000000e+06
1.703894000000000000e+06
1.705134000000000000e+06
1.707396000000000000e+06
1.709375000000000000e+06
1.711971000000000000e+06
1.713687000000000000e+06
1.716092000000000000e+06
1.718251000000000000e+06
1.719485000000000000e+06
1.721895000000000000e+06
1.724221000000000000e+06
1.726220000000000000e+06
1.728370000000000000e+06
1.730491000000000000e+06
1.732465000000000000e+06
1.734328000000000000e+06
1.736514000000000000e+06
1.738751000000000000e+06
1.740511000000000000e+06
1.741859000000000000e+06
1.744552000000000000e+06
1.746585000000000000e+06
1.748901000000000000e+06
1.751037000000000000e+06
1.752616000000000000e+06
1.755020000000000000e+06
1.756558000000000000e+06
1.758985000000000000e+06
1.761046000000000000e+06
1.763046000000000000e+06
1.765352000000000000e+06
1.767423000000000000e+06
1.768979000000000000e+06
1.771217000000000000e+06
1.773350000000000000e+06
1.775015000000000000e+06
1.777288000000000000e+06
1.779696000000000000e+06
1.780924000000000000e+06
1.783608000000000000e+06
1.785543000000000000e+06
1.787712000000000000e+06
1.789904000000000000e+06
1.791747000000000000e+06
1.793564000000000000e+06
1.795813000000000000e+06
1.798047000000000000e+06
1.799431000000000000e+06
1.801355000000000000e+06
1.804109000000000000e+06
1.806199000000000000e+06
1.808371000000000000e+06
1.809925000000000000e+06
1.812212000000000000e+06
1.813805000000000000e+06
1.816355000000000000e+06
1.818506000000000000e+06
1.820506000000000000e+06
1.822700000000000000e+06
1.824578000000000000e+06
1.826777000000000000e+06
1.828813000000000000e+06
1.830283000000000000e+06
1.832788000000000000e+06
1.834807000000000000e+06
1.836928000000000000e+06
1.839099000000000000e+06
1.841069000000000000e+06
1.842726000000000000e+06
1.845126000000000000e+06
1.847247000000000000e+06
1.849083000000000000e+06
1.850610000000000000e+06
1.853210000000000000e+06
1.855405000000000000e+06
1.856875000000000000e+06
1.858986000000000000e+06
1.861411000000000000e+06
1.863610000000000000e+06
1.865582000000000000e+06
1.867672000000000000e+06
1.869483000000000000e+06
1.871285000000000000e+06
1.873866000000000000e+06
1.875565000000000000e+06
1.877749000000000000e+06
1.879867000000000000e+06
1.881783000000000000e+06
1.883764000000000000e+06
1.886052000000000000e+06
1.888130000000000000e+06
1.890194000000000000e+06
1.891988000000000000e+06
1.894030000000000000e+06
1.896263000000000000e+06
1.898259000000000000e+06
1.900219000000000000e+06
1.902560000000000000e+06
1.904290000000000000e+06
1.906458000000000000e+06
1.908556000000000000e+06
1.910776000000000000e+06
1.912225000000000000e+06
1.914366000000000000e+06
1.916006000000000000e+06
1.918897000000000000e+06
1.920517000000000000e+06
1.922641000000000000e+06
1.924722000000000000e+06
1.926696000000000000e+06
1.928696000000000000e+06
1.930528000000000000e+06
1.933137000000000000e+06
1.935131000000000000e+06
1.936667000000000000e+06
1.939313000000000000e+06
1.941366000000000000e+06
1.943428000000000000e+06
1.945054000000000000e+06
1.947278000000000000e+06
1.948841000000000000e+06
1.951618000000000000e+06
1.952885000000000000e+06
1.955623000000000000e+06
1.957651000000000000e+06
1.959886000000000000e+06
1.961761000000000000e+06
1.963437000000000000e+06
1.965432000000000000e+06
1.967735000000000000e+06
1.969946000000000000e+06
1.972132000000000000e+06
1.973959000000000000e+06
1.976004000000000000e+06
1.978314000000000000e+06
1.980015000000000000e+06
1.982223000000000000e+06
1.984467000000000000e+06
1.986373000000000000e+06
1.988406000000000000e+06
1.990406000000000000e+06
1.992469000000000000e+06
1.994497000000000000e+06
1.996250000000000000e+06
1.998258000000000000e+06
2.000646000000000000e+06
