1.036254775688366720e+02
1.049604909389353793e+02
1.083576227752594434e+02
1.094905664542599766e+02
1.152824903761583073e+02
1.192185155694086092e+02
1.206118233001941746e+02
1.310917414841121627e+02
1.397307225148793748e+02
1.396922897389210334e+02
1.432049549318231811e+02
1.497830349087268473e+02
1.676595927139198920e+02
1.874929305269315307e+02
2.086170377968968523e+02
2.167294115758342627e+02
2.034999806656732915e+02
2.184449355756701436e+02
2.344040467889085733e+02
2.513830805351589959e+02
2.488879223555998124e+02
2.447089570127305649e+02
2.566080000924666251e+02
2.769106425702976821e+02
2.839826531408701840e+02
2.923952487668583444e+02
2.963315995681965092e+02
3.062896114475324794e+02
2.967641872031520052e+02
3.039938300496191346e+02
2.990338845425166596e+02
3.274556451386588947e+02
3.250803235468544585e+02
3.285427611692413734e+02
3.294320189207421095e+02
3.342496369445590290e+02
3.414665569545592234e+02
3.365844104310384637e+02
3.422349346575907134e+02
3.355079209432772132e+02
3.430455976952541164e+02
3.454320561756659345e+02
3.458247895786745971e+02
3.526893197331835381e+02
3.712213791194221812e+02
3.794344512518220540e+02
3.687387597066815488e+02
3.860189419178084904e+02
3.722272743730908360e+02
3.732222052504413909e+02
3.943456436226240953e+02
3.986948328009539750e+02
4.023079298251001319e+02
4.101156282546764373e+02
4.160431892203902180e+02
4.011458623903041030e+02
3.877588612063388496e+02
3.709392547835516325e+02
3.694745851115792448e+02
3.690108253502292541e+02
3.881862250393144222e+02
3.990736366658056227e+02
4.045034643487894073e+02
4.086290798439207492e+02
4.167032324830022390e+02
4.326859568078211282e+02
4.235219862377878712e+02
4.297251527287327235e+02
4.405481198025895537e+02
4.249674283209675991e+02
4.250118252184799417e+02
4.164742491837434386e+02
4.176472380349903801e+02
4.180864246331813661e+02
4.226754050703003145e+02
4.319065000592113392e+02
4.340586348638704521e+02
4.392024509140017017e+02
4.363916779014161875e+02
4.465155655733791491e+02
4.420306980102989201e+02
4.430828208991321162e+02
4.421111505020165282e+02
4.406040239886226573e+02
4.411590861883425418e+02
4.466213085465712993e+02
4.475839774352412519e+02
4.470322267814564157e+02
4.468807706332754037e+02
4.471210328398909724e+02
4.284506952695207929e+02
4.199815843429839219e+02
4.181709734057679384e+02
4.177515317025401487e+02
4.254855852301541290e+02
4.227432094443413462e+02
4.281507940615187522e+02
4.391198462802371978e+02
4.362219631783667069e+02
4.437255701807202399e+02
4.613380756962511668e+02
4.409433240078236622e+02
4.388668260239421102e+02
4.302476020174884752e+02
4.342449968289789126e+02
4.230277499424714733e+02
4.376193863425076529e+02
4.341895361804360505e+02
4.456287004492536425e+02
4.497775440752555483e+02
4.486918467268221775e+02
4.401588395822338953e+02
4.437143857870204329e+02
4.382035921825228684e+02
4.351620415373023434e+02
4.343236462244559561e+02
4.278146297061845189e+02
4.305216381572582236e+02
4.273126433427048596e+02
4.287011147063041676e+02
4.289199844997048672e+02
4.428879329549470185e+02
4.484958106061970398e+02
4.544271049960251503e+02
4.601096380729784414e+02
4.660719273302161128e+02
4.500084634074065093e+02
4.557263596242522681e+02
4.454897064574683441e+02
4.495720656285385530e+02
4.482939915387503902e+02
4.484601853127572895e+02
4.607190658768334970e+02
4.627519806360893426e+02
4.674788758135536000e+02
4.745473796789211178e+02
4.717871385172679766e+02
4.679652004134474055e+02
4.714220262697776889e+02
4.678892458826566099e+02
4.607667139330140458e+02
4.513828156930869113e+02
4.434510069780221215e+02
4.311871778947466396e+02
4.312982888730533091e+02
4.388905689212650714e+02
4.512212309605022256e+02
4.662668039133707225e+02
4.744317101871896512e+02
4.747882166868088234e+02
4.606479138635717163e+02
4.485235383473300885e+02
4.481939400596103269e+02
4.408896484277337890e+02
4.311760869457152126e+02
4.288882645006897860e+02
4.406203265801099747e+02
4.379087151428714151e+02
4.540244355926172943e+02
4.662306084439326241e+02
4.651753842780468631e+02
4.649592283078379182e+02
4.550856865282264607e+02
4.464694608581945090e+02
4.681330164837127654e+02
4.714567461368458225e+02
4.812592304236411564e+02
4.866376815702521981e+02
4.842058225361110999e+02
4.568089835324284422e+02
4.747363375960130156e+02
4.648306276807292079e+02
4.679878122991607938e+02
4.809387059899166275e+02
4.799840270531560122e+02
4.692406619726713757e+02
4.884555073017371001e+02
4.801721838081542728e+02
4.818025858402922950e+02
4.808487867013049026e+02
4.840536846080792657e+02
4.744506356521671364e+02
4.758918151397433576e+02
4.670775203571224665e+02
4.764174447308988078e+02
4.796851397908483250e+02
4.740438388057058319e+02
4.753247390464829323e+02
4.530878408169434124e+02
4.614283692993792556e+02
4.610973007171167524e+02
4.611672609376375931e+02
4.740934112701060599e+02
4.708219315806899203e+02
4.601800629682745694e+02
4.663925639472328726e+02
4.602696606180676326e+02
4.589236873655047475e+02
4.569604279313430766e+02
4.576845467765478475e+02
4.615987859846076162e+02
4.528307967862308487e+02
4.606413517926818031e+02
4.584521986042457229e+02
4.684243006176308768e+02
4.564293236266559575e+02
4.633747097565657214e+02
4.615649633387298536e+02
4.563145001774948923e+02
4.573143919066401395e+02
4.662357482295361706e+02
4.880073893376408023e+02
4.858536214441706420e+02
4.832123033749110164e+02
4.820545580330401663e+02
4.806712228990315907e+02
4.666296942553680083e+02
4.648896080405876319e+02
4.646913518771644362e+02
4.704883956758915247e+02
4.688608512136078730e+02
4.742584491107076587e+02
4.808226029010232878e+02
4.826451519562524481e+02
4.793988842069261409e+02
4.726522566634322970e+02
4.712551941059449518e+02
4.747475642622280247e+02
4.803906561031369620e+02
4.896543803937193502e+02
4.952865773787164585e+02
4.926566290837968154e+02
4.901275560423708271e+02
4.912601977272679505e+02
4.889149589201178401e+02
4.890747152591811187e+02
4.879220716008816794e+02
5.033510843297621591e+02
4.963061427584519834e+02
4.976438966256256435e+02
4.973603115380589657e+02
5.034711498668910394e+02
4.863398826150810805e+02
4.922104816506487168e+02
4.921114870233251963e+02
4.869444293595556701e+02
4.916040429205244209e+02
4.958134880022000175e+02
4.975906500667004480e+02
5.127327729815222028e+02
5.164728733130574483e+02
5.169180490569054882e+02
5.094932877637457409e+02
5.128117390067453698e+02
4.999724214460860594e+02
5.030861761067597513e+02
5.058110792036915768e+02
5.096991131762612213e+02
5.059313862048546184e+02
5.198244323084452390e+02
5.233692545488515862e+02
5.218652770404781904e+02
5.274738734892957837e+02
5.154077058445100192e+02
5.127021954575027394e+02
5.111299193956048157e+02
5.191337819058331888e+02
5.119773394371752602e+02
5.163100445336408484e+02
5.146888929354943230e+02
5.127616189169875724e+02
4.976767204790477876e+02
4.922870805643591439e+02
4.986215404673224612e+02
4.991730419587066763e+02
4.968243981929697384e+02
5.086758171712005492e+02
5.009551661906746176e+02
4.927318619445697436e+02
4.942180476965575622e+02
4.921083976213579945e+02
4.932801546580679997e+02
4.943173384885209316e+02
5.020110148244639845e+02
5.070780329868262015e+02
5.259088975241593289e+02
5.240953094747923160e+02
5.300557410545233097e+02
5.343554921991002402e+02
5.314143837202225313e+02
5.335778782246605942e+02
5.356007861145959623e+02
5.263070172276629819e+02
5.272038822443661275e+02
5.316506410823553779e+02
5.321300936626058729e+02
5.279566855726538961e+02
5.245424232664063311e+02
5.285202422795624670e+02
5.106380067124340485e+02
5.019316929052860132e+02
4.911071608633099572e+02
4.927610380647389547e+02
4.893051111264857695e+02
5.071915332101263516e+02
5.069980991474276379e+02
5.065139242362116079e+02
5.101991328271718658e+02
5.192963971863437109e+02
5.171411236923570414e+02
5.259232548716634028e+02
5.178412207492351627e+02
5.187095028388827131e+02
5.121376766916058614e+02
5.064975112885731505e+02
5.114852438871155869e+02
5.039372664394889512e+02
4.957553645984319246e+02
4.921332342487110623e+02
4.944238325073671945e+02
4.959149343651239406e+02
5.127704847813843116e+02
5.238409821036708536e+02
5.226346080146646500e+02
5.400797690026043938e+02
5.417855891763384761e+02
5.404391663498219032e+02
5.493860622087306638e+02
5.396227200562707367e+02
5.497487553437063070e+02
5.482531520630747082e+02
5.496938969705003046e+02
5.574588397460443048e+02
5.638731960200477715e+02
5.530842238334284957e+02
5.536851867825157569e+02
5.319157213533735558e+02
5.199723588545203938e+02
5.144306339310141993e+02
5.101456203363858890e+02
5.185067045514763322e+02
5.268363823405480844e+02
5.214179236125138459e+02
5.357075662315280624e+02
5.408730376476898982e+02
5.447202134350695815e+02
5.519044201579117725e+02
5.530469090149093745e+02
5.547762523525302640e+02
5.393765814894384221e+02
5.490616109273981920e+02
5.522134470599542055e+02
5.445364225104293610e+02
5.493138027671373038e+02
5.461267382014799523e+02
5.326891288446644239e+02
5.176390086161650288e+02
5.177590080146842411e+02
5.092997388968587416e+02
5.198211422926299292e+02
5.215276261814400414e+02
5.311348441798094200e+02
5.338649586999146095e+02
5.430997026228537834e+02
5.361086935330657752e+02
5.387786207651280392e+02
5.450203263912285365e+02
5.397753435459941329e+02
5.295189448569446995e+02
5.500884454173196900e+02
5.480441732681302938e+02
5.494735072854455211e+02
5.527189712251436049e+02
5.646594374701504648e+02
5.498319241147893308e+02
5.435982015111945884e+02
5.450773019190665991e+02
5.512739099066310473e+02
5.542527616690935020e+02
5.526885884154003179e+02
5.614202245369137927e+02
5.527742670163709136e+02
5.457673271500268584e+02
5.305729458088841284e+02
5.462082032145237918e+02
5.455361008626074408e+02
5.635766017660588432e+02
5.760570650336487688e+02
5.720078412065071234e+02
5.698890154649891429e+02
5.732164578181335628e+02
5.607171648014077618e+02
5.304535977453703026e+02
5.305227702154387543e+02
5.428814181660375198e+02
5.399319289021156010e+02
5.530566589544602039e+02
5.608541663791007750e+02
5.646221284311878890e+02
5.848119966038495932e+02
5.694500436855799990e+02
5.785026707170649161e+02
5.810754463831862040e+02
5.760500168118502415e+02
5.602018430263965456e+02
5.588279613111485560e+02
5.653143899477927334e+02
5.649501484334198267e+02
5.563977346060916034e+02
5.649527106231612379e+02
5.612356623237503754e+02
5.611684600997494954e+02
5.603474430638249260e+02
5.658308685250475492e+02
5.683898788369181148e+02
5.754395923159505628e+02
5.916184755364783996e+02
5.839824741027990740e+02
5.885147381038466392e+02
5.981966676996140677e+02
6.003884334282513464e+02
5.962268072029554560e+02
5.984508844229173974e+02
6.032497598511619117e+02
5.998213614772904521e+02
5.871192288958270638e+02
5.927635712752429527e+02
5.942410504701144873e+02
5.823399230486755869e+02
5.880738235545114776e+02
6.013485265672262585e+02
6.003375465778207172e+02
6.146238762130054738e+02
6.320825536969418863e+02
6.430832184423207991e+02
6.449666887537838420e+02
6.346675571172340824e+02
6.283003897893817111e+02
6.250208911834828314e+02
6.146593254830706883e+02
6.078302160781327075e+02
6.042615076746028535e+02
6.052378025566636097e+02
6.073216525189111508e+02
6.015574674277895610e+02
5.989780692534891386e+02
6.085656953929297970e+02
6.082304028268769116e+02
5.913850261576843650e+02
5.949101405358829879e+02
5.875979776211586341e+02
5.744594397736786959e+02
5.770526560799548861e+02
5.872311241832177302e+02
5.931731727041391196e+02
5.880543506005631116e+02
5.802924077048203344e+02
5.814007352092271503e+02
5.614269545004714246e+02
5.596164586121020648e+02
5.489173286183599885e+02
5.518259075973721792e+02
5.594360347045607114e+02
5.641706070685060013e+02
5.660929918538262200e+02
5.631386680560765399e+02
5.719726724336006782e+02
5.751880576497728725e+02
5.775827853987109393e+02
5.838339698565005165e+02
5.914078491529252233e+02
6.037829319932734506e+02
6.018817136308693989e+02
6.069665257631305622e+02
6.021973054129092588e+02
5.963429852099362733e+02
5.877937550223855396e+02
5.877281528955451222e+02
5.827136562327125375e+02
5.821741493546478523e+02
6.041365424276948488e+02
6.041997252301656545e+02
6.172303569402927224e+02
6.250549633984716138e+02
6.286566788761931548e+02
6.232125190504818875e+02
6.069264895827523105e+02
6.105106211825982427e+02
5.915387717542532755e+02
5.857014418132873743e+02
5.894576700637117028e+02
6.074653632569925321e+02
5.979006577372670108e+02
6.013652488531436120e+02
6.105149205586166090e+02
6.065422061409284424e+02
6.004336022786017111e+02
5.937325371735754516e+02
6.096930499435771935e+02
5.950428933599562242e+02
5.744484531365083058e+02
5.824263866940218577e+02
5.803720970537192443e+02
5.751457839481604424e+02
5.662035327519395196e+02
5.793170775953365137e+02
5.862920750763840942e+02
5.973590133632266088e+02
6.019492395007698633e+02
6.016523388169374584e+02
6.280383134657032542e+02
6.276730098978574688e+02
6.303652141093548380e+02
6.136415792255143060e+02
6.240842892988971471e+02
6.237837845416000846e+02
6.192480202292293825e+02
6.298297146321577884e+02
6.285738134378215136e+02
6.476067118544868890e+02
6.221971765158883727e+02
6.036270453534211811e+02
5.998425960043871328e+02
5.935190351533269677e+02
6.003428437461411704e+02
5.882066577091569570e+02
6.106337058011872614e+02
6.319270495747668974e+02
6.355367744660552489e+02
6.184362068140561632e+02
6.083222690550597918e+02
6.250860313309374305e+02
6.400919482229874120e+02
6.282171814226610422e+02
6.222724523983767995e+02
6.210378888508014370e+02
6.337258256625282229e+02
6.205252398897574722e+02
6.075039628843292121e+02
6.062200054981724406e+02
6.234812217219879358e+02
6.228275264867777423e+02
6.092503240782074272e+02
6.105201904086735567e+02
6.073311620167363571e+02
6.056805063574673795e+02
6.116036164834596320e+02
6.104564085612062172e+02
6.190049981040538114e+02
6.107992349105462608e+02
6.174845345468640971e+02
6.225594091753237080e+02
6.124585490116467099e+02
6.208683257663267341e+02
6.044923917744362143e+02
6.240256159419458299e+02
6.211126036401900592e+02
6.150259946528396995e+02
6.268436768135305783e+02
6.292286314990952860e+02
6.411940588602219577e+02
6.494308029096855535e+02
6.464174930396147829e+02
6.404850344800378252e+02
6.356040614406329041e+02
6.278753269294161328e+02
6.411944196149357822e+02
6.382054473863172461e+02
6.503519165372865700e+02
6.486056240633668040e+02
6.630102645275474060e+02
6.796118209251160351e+02
6.904812455578382924e+02
6.742547926679206967e+02
6.761077315181391896e+02
6.651638611702189792e+02
6.653663275540409359e+02
6.487581080288582598e+02
6.531196269743168159e+02
6.430576478576623458e+02
6.396705036526866479e+02
6.554106038394234020e+02
6.576572451141254305e+02
6.469650655184231027e+02
6.364133203976073219e+02
6.231080187885887653e+02
6.273228649899597258e+02
6.249393861644794015e+02
6.242607292523590559e+02
6.273376864213998942e+02
6.350333591803715763e+02
6.361046042153292319e+02
6.481260999594582017e+02
6.653161232614662595e+02
6.672107800518376735e+02
6.657404119894629275e+02
6.637037222245044177e+02
6.681822863449866645e+02
6.529110231656508176e+02
6.282538977183348834e+02
6.353879870839718933e+02
6.372095675330035647e+02
6.411259552279966556e+02
6.491316953570022861e+02
6.603043034699006739e+02
6.689528193421144806e+02
6.960784865136145072e+02
6.925586606988197218e+02
7.020486570719752990e+02
6.808083689144025357e+02
6.785873579413313337e+02
6.782780783118641921e+02
6.576603599402062628e+02
6.446048489397759340e+02
6.485391363929462614e+02
6.555878535070609132e+02
6.684892681954156615e+02
6.614379177003376071e+02
6.618640736041544415e+02
6.502331423011621609e+02
6.548838951130277337e+02
6.542010543614063636e+02
6.629609048175094586e+02
6.639669540975332893e+02
6.731248138417154223e+02
6.888924540898437954e+02
7.001151362357637709e+02
6.930161306660264700e+02
6.927042135787081634e+02
6.944255545338525053e+02
6.738934607348688814e+02
6.642966351025294216e+02
6.504028250621620373e+02
6.614920147609991545e+02
6.654127038486363972e+02
6.742138058728161241e+02
6.970835536054810291e+02
7.115056984512863210e+02
7.077028397041902963e+02
7.107966384827346928e+02
7.055128375124451168e+02
6.925382336463073898e+02
6.728468221677979955e+02
6.761325314100878359e+02
6.687839218886115304e+02
6.544559514491935488e+02
6.476771692853139939e+02
6.465349017176858979e+02
6.570571760355213655e+02
6.428828094022130699e+02
6.440258390783474169e+02
6.421804943784674151e+02
6.623970879163121026e+02
6.763684822153466030e+02
6.807254502683732653e+02
6.852035389874530438e+02
6.961116740862260031e+02
6.963189508848419109e+02
7.154520643287968369e+02
7.006390387190317597e+02
7.056617650211310320e+02
7.008988608305843400e+02
7.068005689285902235e+02
6.963877518958703376e+02
6.868951996236972946e+02
6.953945728129140207e+02
6.873403425427894717e+02
7.035781206883934829e+02
7.019334206382166030e+02
6.963206247363824559e+02
6.906525727814539550e+02
6.903757640529604487e+02
6.885450591336225443e+02
6.762077557675537491e+02
6.770746031238721798e+02
6.905437848548027659e+02
7.033136020262511465e+02
7.160098015739663424e+02
7.054828185058655663e+02
7.125720541779363657e+02
7.385523126425501914e+02
7.216107613935005247e+02
7.059607877058458598e+02
6.921768475094363566e+02
7.059601627441866185e+02
6.939618360919834004e+02
6.907249852448866250e+02
6.971836152073375388e+02
7.186312668479309878e+02
7.281898958056808624e+02
7.290377672280494608e+02
7.249855222759634898e+02
7.216476396793949561e+02
7.246835895405304200e+02
7.220998689617288164e+02
7.147084736347699163e+02
7.138990486530709632e+02
7.254856274178468993e+02
7.352580663670498780e+02
7.389807471487089288e+02
7.415517401713384515e+02
7.239962857352114725e+02
7.151743197753188497e+02
7.084649549055014859e+02
7.023516166938690048e+02
7.022607157136668548e+02
7.212375821871138442e+02
7.153216868036251981e+02
7.193819237066185224e+02
7.201152369289158059e+02
7.396440923749561307e+02
7.368561417396756497e+02
7.336908586036354336e+02
7.188369025819639546e+02
7.104859892779720667e+02
7.203978089917244461e+02
7.183868873556029939e+02
7.111218154365474220e+02
6.908219443497516750e+02
6.853193708870958289e+02
7.081112682387138193e+02
6.954738081296642349e+02
6.873837126013027046e+02
7.021827327107550900e+02
7.110047933716200532e+02
7.381137908352482100e+02
7.446145034593281480e+02
7.270636605342208441e+02
7.506390336659865170e+02
7.533525318938003466e+02
7.489786693338470513e+02
7.376779675607954232e+02
7.327166196722507721e+02
7.353329144996741888e+02
7.251614161109770293e+02
7.206994480268592724e+02
7.169753608908577007e+02
7.255326903547631900e+02
7.247952832565438257e+02
7.256586504686453054e+02
7.370968136297371984e+02
7.465065257867053106e+02
7.599986107384986553e+02
7.562156924167002217e+02
7.555839039483867055e+02
7.611669244780172221e+02
7.531323584489010727e+02
7.331293118064120335e+02
7.314506248281963963e+02
7.127340546980595946e+02
7.129283096875443562e+02
7.180878583441101455e+02
7.081677499079166864e+02
7.237735672250476000e+02
7.343062258995031470e+02
7.264384564635975039e+02
7.373501672153404343e+02
7.289908667836851919e+02
7.287384503753135050e+02
7.244980914493843329e+02
7.201002409025171573e+02
7.062051226394760306e+02
7.257019139281505886e+02
7.486009068427274542e+02
7.550214871345120855e+02
7.739793401405647728e+02
7.871793339587208038e+02
7.973672065966223954e+02
8.131839379292540571e+02
8.067268402316445872e+02
7.873534236588304793e+02
7.737096373305358838e+02
7.742264605471837058e+02
7.726964403961121661e+02
7.891886400103218193e+02
7.858995070640387439e+02
7.862633298315238335e+02
7.795598980338580759e+02
7.828708080331640531e+02
7.756796683678212503e+02
7.569563267815856307e+02
7.234678353005748477e+02
7.245678436506110529e+02
7.288870378611893557e+02
7.386378885098752107e+02
7.427587462862843495e+02
7.439507584345234363e+02
7.464055436484968595e+02
7.534803721090132740e+02
7.638216955234680654e+02
7.736609461005198227e+02
7.617546607426068022e+02
7.586653475314592470e+02
7.660457301973245876e+02
7.800979320384259381e+02
7.776679212717572227e+02
7.776380684941234449e+02
7.763633367959556608e+02
7.843168383366045191e+02
7.915748493633243470e+02
8.127050591803292718e+02
7.713492959442232859e+02
7.785036233396967873e+02
7.768894784303204233e+02
7.686006403213734757e+02
7.867134324096035698e+02
7.691168086122495424e+02
7.817088799520147404e+02
7.967381435396470124e+02
7.965911885446004135e+02
7.948943322749662457e+02
8.131109094299254139e+02
8.125041439547795790e+02
8.075732633256317285e+02
7.987528343735439194e+02
7.682315301651739219e+02
7.732287831704458085e+02
7.879750899355069578e+02
7.950324174517658093e+02
7.742210306910882309e+02
7.613410684095631495e+02
7.746235274336123666e+02
7.739970113795185398e+02
7.901636504542422017e+02
7.877330162401495954e+02
7.720195167945422554e+02
7.555865617358917916e+02
7.740460611623055911e+02
7.525812883905737181e+02
7.688223690148157630e+02
7.658191832986568670e+02
7.487157477057422739e+02
7.655658691338870767e+02
7.728755309054798772e+02
7.586244624163606431e+02
7.547143511820233925e+02
7.427443295461358730e+02
7.642021873470346236e+02
7.835968838524299827e+02
7.879333554079910300e+02
7.948608299795155290e+02
8.050780453527023610e+02
7.904360113908140875e+02
8.031973382659670051e+02
7.936441918614476663e+02
7.780902550615987820e+02
7.595866425870999592e+02
7.699745655582935342e+02
7.480741800143478031e+02
7.681232139043457892e+02
7.891989942848547344e+02
7.706121555517372599e+02
7.781471430759515897e+02
7.913671672681543896e+02
8.086570858422558103e+02
7.993356177691970288e+02
8.272263278020312782e+02
8.378640616211550878e+02
8.359779990344081853e+02
8.460768351983658704e+02
8.400582645498901684e+02
8.258281476070405915e+02
7.915753930296689305e+02
8.010112908670869274e+02
7.773826132584861170e+02
7.714992156886173689e+02
7.538842131140257834e+02
7.519865739959773236e+02
7.642547038157144925e+02
7.697828952381308909e+02
7.810898345981026978e+02
7.906679122783372122e+02
7.848487408468494095e+02
7.994818307911059492e+02
8.076022897016530351e+02
8.095089349433837924e+02
8.146579431410322059e+02
8.159583223364211335e+02
8.059866253139242644e+02
8.291807992876165372e+02
8.294361958688339200e+02
8.216300212649360901e+02
8.102343830877028950e+02
7.899392501696513591e+02
7.809680806073472468e+02
7.728227899359970934e+02
7.688259232527577751e+02
7.751827432301282670e+02
7.851793609362441657e+02
7.871969859624665560e+02
8.072525667225474990e+02
8.169133653488896698e+02
8.128617956746546724e+02
8.051071194815606304e+02
7.947756352524628483e+02
7.961855538126478677e+02
7.929512380036883314e+02
8.003643785112654996e+02
7.968097311163131735e+02
7.868865976936899642e+02
7.900076870917395127e+02
7.997711055664714195e+02
8.118151438616022233e+02
7.821856271657123898e+02
7.954948906859349336e+02
7.795961554228099430e+02
7.821062408425989361e+02
7.862360251122031514e+02
7.874698758989090948e+02
7.856018170220886532e+02
7.839987047105876172e+02
7.899123762200749752e+02
8.003533906692642859e+02
8.047184983611567759e+02
7.947105340666614666e+02
7.954474434772399718e+02
8.181526204452986804e+02
7.988016134696320023e+02
8.041476762542852157e+02
8.191758411077469191e+02
8.255510123408054142e+02
8.198975397268206962e+02
8.195592328559267798e+02
8.297678847524794037e+02
8.136646755380400009e+02
8.185897725422543090e+02
8.413970195358139108e+02
8.317473065618278270e+02
8.163544714441596852e+02
8.184922433710981977e+02
8.267669771391963423e+02
8.364478664682297904e+02
8.505768167413305036e+02
8.409257387262271095e+02
8.177015342202190595e+02
8.268342281089556991e+02
8.341084121892024541e+02
8.340635142917351459e+02
8.340152471811347823e+02
8.291346634238437900e+02
8.200736706381228487e+02
8.293769241163940933e+02
8.272049755409011595e+02
7.971811871592908574e+02
8.087712022279239363e+02
7.919035997630868451e+02
7.860371271279952907e+02
7.707575084314703417e+02
7.698642733339956976e+02
7.871764663502802932e+02
7.975051604605245075e+02
8.031297090830485104e+02
8.002465062927550434e+02
8.051015930237035718e+02
8.065162757615911460e+02
8.145595319560349026e+02
8.012540326659450329e+02
8.050268198394435331e+02
7.822779097581769747e+02
7.767563355060406138e+02
7.748668977499472703e+02
7.662092881614797761e+02
7.644538108232883360e+02
7.659820678584895859e+02
7.548620854151631647e+02
7.806831604636158772e+02
7.932901235691678039e+02
7.965032339446808010e+02
8.193426493161121016e+02
8.269215342500375527e+02
8.378446918481051853e+02
8.326317415426658499e+02
8.586364707482811127e+02
8.316341549669059532e+02
8.434006877040357040e+02
8.403369913865477656e+02
8.253712497052543995e+02
