2.039000000000000000e+03
4.087000000000000000e+03
6.127000000000000000e+03
8.165000000000000000e+03
1.023200000000000000e+04
1.228300000000000000e+04
1.426800000000000000e+04
1.626900000000000000e+04
1.838100000000000000e+04
2.037900000000000000e+04
2.251900000000000000e+04
2.447600000000000000e+04
2.639200000000000000e+04
2.855800000000000000e+04
3.071800000000000000e+04
3.271100000000000000e+04
3.470100000000000000e+04
3.671300000000000000e+04
3.881000000000000000e+04
4.080800000000000000e+04
4.295500000000000000e+04
4.501700000000000000e+04
4.699200000000000000e+04
4.908200000000000000e+04
5.114200000000000000e+04
5.314500000000000000e+04
5.513400000000000000e+04
5.725500000000000000e+04
5.935800000000000000e+04
6.118100000000000000e+04
6.334300000000000000e+04
6.551000000000000000e+04
6.757500000000000000e+04
6.952200000000000000e+04
7.153600000000000000e+04
7.354200000000000000e+04
7.565300000000000000e+04
7.767700000000000000e+04
7.975300000000000000e+04
8.190200000000000000e+04
8.392100000000000000e+04
8.578600000000000000e+04
8.799000000000000000e+04
8.980100000000000000e+04
9.193600000000000000e+04
9.415600000000000000e+04
9.620100000000000000e+04
9.820900000000000000e+04
1.001950000000000000e+05
1.022250000000000000e+05
1.044070000000000000e+05
1.062970000000000000e+05
1.084290000000000000e+05
1.103980000000000000e+05
1.125610000000000000e+05
1.145080000000000000e+05
1.165980000000000000e+05
1.184560000000000000e+05
1.207170000000000000e+05
1.227210000000000000e+05
1.249010000000000000e+05
1.269360000000000000e+05
1.287820000000000000e+05
1.310110000000000000e+05
1.329960000000000000e+05
1.351540000000000000e+05
1.371810000000000000e+05
1.391570000000000000e+05
1.412870000000000000e+05
1.432340000000000000e+05
1.453540000000000000e+05
1.474140000000000000e+05
1.493250000000000000e+05
1.514670000000000000e+05
1.534740000000000000e+05
1.555190000000000000e+05
1.576070000000000000e+05
1.594580000000000000e+05
1.616880000000000000e+05
1.638190000000000000e+05
1.658640000000000000e+05
1.677320000000000000e+05
1.698300000000000000e+05
1.719820000000000000e+05
1.739520000000000000e+05
1.760160000000000000e+05
1.780210000000000000e+05
1.802060000000000000e+05
1.821370000000000000e+05
1.843010000000000000e+05
1.863600000000000000e+05
1.883950000000000000e+05
1.903820000000000000e+05
1.924300000000000000e+05
1.944650000000000000e+05
1.965170000000000000e+05
1.986440000000000000e+05
2.005210000000000000e+05
2.026100000000000000e+05
2.046820000000000000e+05
2.066310000000000000e+05
2.087310000000000000e+05
2.107740000000000000e+05
2.128750000000000000e+05
2.149500000000000000e+05
2.169520000000000000e+05
2.190000000000000000e+05
2.210370000000000000e+05
2.232070000000000000e+05
2.251260000000000000e+05
2.272210000000000000e+05
2.292220000000000000e+05
2.313490000000000000e+05
2.333300000000000000e+05
2.354920000000000000e+05
2.375510000000000000e+05
2.395760000000000000e+05
2.415020000000000000e+05
2.437030000000000000e+05
2.456580000000000000e+05
2.476880000000000000e+05
2.497960000000000000e+05
2.518860000000000000e+05
2.537300000000000000e+05
2.558670000000000000e+05
2.579530000000000000e+05
2.599380000000000000e+05
2.620790000000000000e+05
2.641610000000000000e+05
2.661930000000000000e+05
2.681470000000000000e+05
2.702860000000000000e+05
2.723530000000000000e+05
2.742050000000000000e+05
2.764120000000000000e+05
2.784810000000000000e+05
2.804260000000000000e+05
2.825660000000000000e+05
2.845890000000000000e+05
2.865010000000000000e+05
2.887440000000000000e+05
2.905530000000000000e+05
2.925420000000000000e+05
2.947140000000000000e+05
2.969270000000000000e+05
2.988230000000000000e+05
3.008240000000000000e+05
3.030270000000000000e+05
3.051500000000000000e+05
3.070860000000000000e+05
3.088990000000000000e+05
3.110720000000000000e+05
3.132780000000000000e+05
3.151470000000000000e+05
3.173070000000000000e+05
3.193440000000000000e+05
3.212100000000000000e+05
3.233700000000000000e+05
3.253660000000000000e+05
3.274520000000000000e+05
3.296360000000000000e+05
3.316070000000000000e+05
3.334350000000000000e+05
3.351030000000000000e+05
3.378070000000000000e+05
3.395950000000000000e+05
3.417440000000000000e+05
3.437450000000000000e+05
3.459290000000000000e+05
3.478850000000000000e+05
3.500500000000000000e+05
3.521350000000000000e+05
3.539780000000000000e+05
3.562560000000000000e+05
3.582190000000000000e+05
3.603740000000000000e+05
3.624860000000000000e+05
3.643430000000000000e+05
3.659760000000000000e+05
3.681780000000000000e+05
3.701410000000000000e+05
3.726660000000000000e+05
3.746890000000000000e+05
3.767020000000000000e+05
3.786150000000000000e+05
3.808820000000000000e+05
3.828680000000000000e+05
3.849800000000000000e+05
3.870610000000000000e+05
3.891000000000000000e+05
3.911390000000000000e+05
3.931240000000000000e+05
3.949100000000000000e+05
3.971190000000000000e+05
3.992550000000000000e+05
4.013830000000000000e+05
4.034150000000000000e+05
4.052230000000000000e+05
4.075190000000000000e+05
4.094100000000000000e+05
4.114730000000000000e+05
4.133740000000000000e+05
4.155850000000000000e+05
4.177120000000000000e+05
4.197060000000000000e+05
4.211570000000000000e+05
4.234900000000000000e+05
4.259600000000000000e+05
4.278790000000000000e+05
4.299410000000000000e+05
4.315410000000000000e+05
4.332530000000000000e+05
4.352530000000000000e+05
4.380640000000000000e+05
4.396800000000000000e+05
4.418480000000000000e+05
4.440320000000000000e+05
4.463170000000000000e+05
4.479880000000000000e+05
4.504480000000000000e+05
4.525000000000000000e+05
4.545420000000000000e+05
4.557720000000000000e+05
4.586950000000000000e+05
4.607580000000000000e+05
4.624090000000000000e+05
4.647640000000000000e+05
4.667710000000000000e+05
4.688640000000000000e+05
4.709240000000000000e+05
4.728120000000000000e+05
4.750040000000000000e+05
4.769620000000000000e+05
4.790020000000000000e+05
4.811150000000000000e+05
4.830010000000000000e+05
4.850040000000000000e+05
4.870940000000000000e+05
4.891630000000000000e+05
4.914820000000000000e+05
4.934540000000000000e+05
4.955950000000000000e+05
4.974310000000000000e+05
4.996190000000000000e+05
5.014590000000000000e+05
5.036390000000000000e+05
5.057930000000000000e+05
5.078580000000000000e+05
5.099480000000000000e+05
5.118830000000000000e+05
5.140280000000000000e+05
5.160800000000000000e+05
5.179090000000000000e+05
5.200870000000000000e+05
5.220180000000000000e+05
5.242870000000000000e+05
5.259460000000000000e+05
5.282530000000000000e+05
5.300440000000000000e+05
5.320430000000000000e+05
5.345020000000000000e+05
5.357410000000000000e+05
5.383210000000000000e+05
5.402580000000000000e+05
5.423760000000000000e+05
5.445360000000000000e+05
5.458350000000000000e+05
5.484160000000000000e+05
5.507140000000000000e+05
5.528180000000000000e+05
5.544680000000000000e+05
5.561360000000000000e+05
5.583580000000000000e+05
5.605630000000000000e+05
5.629140000000000000e+05
5.648540000000000000e+05
5.664720000000000000e+05
5.691630000000000000e+05
5.710650000000000000e+05
5.730800000000000000e+05
5.747290000000000000e+05
5.767060000000000000e+05
5.787170000000000000e+05
5.811470000000000000e+05
5.831470000000000000e+05
5.855520000000000000e+05
5.875520000000000000e+05
5.896060000000000000e+05
5.918020000000000000e+05
5.932650000000000000e+05
5.953770000000000000e+05
5.977180000000000000e+05
5.990810000000000000e+05
6.019240000000000000e+05
6.037460000000000000e+05
6.056740000000000000e+05
6.081540000000000000e+05
6.099700000000000000e+05
6.117290000000000000e+05
6.141960000000000000e+05
6.157510000000000000e+05
6.183780000000000000e+05
6.204610000000000000e+05
6.224740000000000000e+05
6.244970000000000000e+05
6.265970000000000000e+05
6.283630000000000000e+05
6.300970000000000000e+05
6.325290000000000000e+05
6.343620000000000000e+05
6.362560000000000000e+05
6.388630000000000000e+05
6.406950000000000000e+05
6.427460000000000000e+05
6.443590000000000000e+05
6.470700000000000000e+05
6.491130000000000000e+05
6.510430000000000000e+05
6.533070000000000000e+05
6.551940000000000000e+05
6.564730000000000000e+05
6.593360000000000000e+05
6.608730000000000000e+05
6.634680000000000000e+05
6.653860000000000000e+05
6.672660000000000000e+05
6.696890000000000000e+05
6.716220000000000000e+05
6.734820000000000000e+05
6.754460000000000000e+05
6.774460000000000000e+05
6.798930000000000000e+05
6.816830000000000000e+05
6.836830000000000000e+05
6.854520000000000000e+05
6.872430000000000000e+05
6.899840000000000000e+05
6.914230000000000000e+05
6.940480000000000000e+05
6.960480000000000000e+05
6.977030000000000000e+05
6.998940000000000000e+05
7.016720000000000000e+05
7.040220000000000000e+05
7.062440000000000000e+05
7.081270000000000000e+05
7.104060000000000000e+05
7.120900000000000000e+05
7.145150000000000000e+05
7.166260000000000000e+05
7.185130000000000000e+05
7.203100000000000000e+05
7.224130000000000000e+05
7.244190000000000000e+05
7.261250000000000000e+05
7.282690000000000000e+05
7.311110000000000000e+05
7.328580000000000000e+05
7.351910000000000000e+05
7.368590000000000000e+05
7.385890000000000000e+05
7.413640000000000000e+05
7.429600000000000000e+05
7.452060000000000000e+05
7.475160000000000000e+05
7.495160000000000000e+05
7.507460000000000000e+05
7.535500000000000000e+05
7.549910000000000000e+05
7.573620000000000000e+05
7.597120000000000000e+05
7.612940000000000000e+05
7.635090000000000000e+05
7.657000000000000000e+05
7.675040000000000000e+05
7.698900000000000000e+05
7.718340000000000000e+05
7.733600000000000000e+05
7.755590000000000000e+05
7.773000000000000000e+05
7.799740000000000000e+05
7.817780000000000000e+05
7.838870000000000000e+05
7.861880000000000000e+05
7.883950000000000000e+05
7.904910000000000000e+05
7.923220000000000000e+05
7.937700000000000000e+05
7.963360000000000000e+05
7.982230000000000000e+05
8.006400000000000000e+05
8.021390000000000000e+05
8.040590000000000000e+05
8.063570000000000000e+05
8.087840000000000000e+05
8.108520000000000000e+05
8.124890000000000000e+05
8.142850000000000000e+05
8.162830000000000000e+05
8.189920000000000000e+05
8.209170000000000000e+05
8.229070000000000000e+05
8.252530000000000000e+05
8.273710000000000000e+05
8.291030000000000000e+05
8.313570000000000000e+05
8.333070000000000000e+05
8.348660000000000000e+05
8.368660000000000000e+05
8.393930000000000000e+05
8.411530000000000000e+05
8.431530000000000000e+05
8.453760000000000000e+05
8.472370000000000000e+05
8.495120000000000000e+05
8.514760000000000000e+05
8.532420000000000000e+05
8.557450000000000000e+05
8.578020000000000000e+05
8.598020000000000000e+05
8.619040000000000000e+05
8.636230000000000000e+05
8.656230000000000000e+05
8.679210000000000000e+05
8.703400000000000000e+05
8.719460000000000000e+05
8.741020000000000000e+05
8.760180000000000000e+05
8.782960000000000000e+05
8.802400000000000000e+05
8.824010000000000000e+05
8.839790000000000000e+05
8.859790000000000000e+05
8.882380000000000000e+05
8.907570000000000000e+05
8.926260000000000000e+05
8.945450000000000000e+05
8.968480000000000000e+05
8.985290000000000000e+05
9.005610000000000000e+05
9.030810000000000000e+05
9.048500000000000000e+05
9.066550000000000000e+05
9.092320000000000000e+05
9.110200000000000000e+05
9.130200000000000000e+05
9.147120000000000000e+05
9.170230000000000000e+05
9.190310000000000000e+05
9.213560000000000000e+05
9.234380000000000000e+05
9.256120000000000000e+05
9.270510000000000000e+05
9.295230000000000000e+05
9.316870000000000000e+05
9.335770000000000000e+05
9.355240000000000000e+05
9.378350000000000000e+05
9.394020000000000000e+05
9.419810000000000000e+05
9.433210000000000000e+05
9.460570000000000000e+05
9.479650000000000000e+05
9.502210000000000000e+05
9.514490000000000000e+05
9.535980000000000000e+05
9.555980000000000000e+05
9.583100000000000000e+05
9.599640000000000000e+05
9.625180000000000000e+05
9.642200000000000000e+05
9.664770000000000000e+05
9.683720000000000000e+05
9.702250000000000000e+05
9.723790000000000000e+05
9.743790000000000000e+05
9.762530000000000000e+05
9.783420000000000000e+05
9.802370000000000000e+05
9.821140000000000000e+05
9.849950000000000000e+05
9.866930000000000000e+05
9.891390000000000000e+05
9.905930000000000000e+05
9.932770000000000000e+05
9.952770000000000000e+05
9.971910000000000000e+05
9.992770000000000000e+05
1.000706000000000000e+06
1.003087000000000000e+06
1.005133000000000000e+06
1.007133000000000000e+06
1.009631000000000000e+06
1.011631000000000000e+06
1.013696000000000000e+06
1.015153000000000000e+06
1.017803000000000000e+06
1.019394000000000000e+06
1.021264000000000000e+06
1.023779000000000000e+06
1.025730000000000000e+06
1.027946000000000000e+06
1.029213000000000000e+06
1.031734000000000000e+06
1.033734000000000000e+06
1.035865000000000000e+06
1.038265000000000000e+06
1.039547000000000000e+06
1.042309000000000000e+06
1.043979000000000000e+06
1.046261000000000000e+06
1.048390000000000000e+06
1.050536000000000000e+06
1.052073000000000000e+06
1.054073000000000000e+06
1.056209000000000000e+06
1.058209000000000000e+06
1.060245000000000000e+06
1.062536000000000000e+06
1.064209000000000000e+06
1.066743000000000000e+06
1.068819000000000000e+06
1.070497000000000000e+06
1.073004000000000000e+06
1.074481000000000000e+06
1.076671000000000000e+06
1.078416000000000000e+06
1.080416000000000000e+06
1.082944000000000000e+06
1.084656000000000000e+06
1.087136000000000000e+06
1.088618000000000000e+06
1.090834000000000000e+06
1.092834000000000000e+06
1.095497000000000000e+06
1.097438000000000000e+06
1.099051000000000000e+06
1.101656000000000000e+06
1.103589000000000000e+06
1.105436000000000000e+06
1.107441000000000000e+06
1.109372000000000000e+06
1.111576000000000000e+06
1.113819000000000000e+06
1.115506000000000000e+06
1.117506000000000000e+06
1.119506000000000000e+06
1.121506000000000000e+06
1.123926000000000000e+06
1.125926000000000000e+06
1.127887000000000000e+06
1.129594000000000000e+06
1.131594000000000000e+06
1.134224000000000000e+06
1.136224000000000000e+06
1.138495000000000000e+06
1.139753000000000000e+06
1.142517000000000000e+06
1.144795000000000000e+06
1.146363000000000000e+06
1.148045000000000000e+06
1.150045000000000000e+06
1.152332000000000000e+06
1.154332000000000000e+06
1.156722000000000000e+06
1.158994000000000000e+06
1.160578000000000000e+06
1.162545000000000000e+06
1.164919000000000000e+06
1.167261000000000000e+06
1.168945000000000000e+06
1.171421000000000000e+06
1.173066000000000000e+06
1.175238000000000000e+06
1.177548000000000000e+06
1.179605000000000000e+06
1.181382000000000000e+06
1.183306000000000000e+06
1.185112000000000000e+06
1.187539000000000000e+06
1.189317000000000000e+06
1.191667000000000000e+06
1.193828000000000000e+06
1.195840000000000000e+06
1.197834000000000000e+06
1.199469000000000000e+06
1.201604000000000000e+06
1.203521000000000000e+06
1.205760000000000000e+06
1.207866000000000000e+06
1.209928000000000000e+06
1.211997000000000000e+06
1.214433000000000000e+06
1.215987000000000000e+06
1.218245000000000000e+06
1.219984000000000000e+06
1.222211000000000000e+06
1.223870000000000000e+06
1.226130000000000000e+06
1.228333000000000000e+06
1.230544000000000000e+06
1.232866000000000000e+06
1.234752000000000000e+06
1.236273000000000000e+06
1.238982000000000000e+06
1.240767000000000000e+06
1.242935000000000000e+06
1.244584000000000000e+06
1.246991000000000000e+06
1.248991000000000000e+06
1.251109000000000000e+06
1.253048000000000000e+06
1.255192000000000000e+06
1.256839000000000000e+06
1.259073000000000000e+06
1.260780000000000000e+06
1.263451000000000000e+06
1.265319000000000000e+06
1.267367000000000000e+06
1.269584000000000000e+06
1.271706000000000000e+06
1.273210000000000000e+06
1.275271000000000000e+06
1.277220000000000000e+06
1.279130000000000000e+06
1.281601000000000000e+06
1.283805000000000000e+06
1.285411000000000000e+06
1.287781000000000000e+06
1.289901000000000000e+06
1.292239000000000000e+06
1.293917000000000000e+06
1.296092000000000000e+06
1.297465000000000000e+06
1.300126000000000000e+06
1.302427000000000000e+06
1.304467000000000000e+06
1.306071000000000000e+06
1.307713000000000000e+06
1.310263000000000000e+06
1.312758000000000000e+06
1.314651000000000000e+06
1.316283000000000000e+06
1.318008000000000000e+06
1.320918000000000000e+06
1.322535000000000000e+06
1.324466000000000000e+06
1.326734000000000000e+06
1.328734000000000000e+06
1.330595000000000000e+06
1.332474000000000000e+06
1.334903000000000000e+06
1.337298000000000000e+06
1.338741000000000000e+06
1.341179000000000000e+06
1.342938000000000000e+06
1.345494000000000000e+06
1.347387000000000000e+06
1.348781000000000000e+06
1.350781000000000000e+06
1.353315000000000000e+06
1.355539000000000000e+06
1.357484000000000000e+06
1.359384000000000000e+06
1.361707000000000000e+06
1.363707000000000000e+06
1.365093000000000000e+06
1.367582000000000000e+06
1.369794000000000000e+06
1.372129000000000000e+06
1.373630000000000000e+06
1.375630000000000000e+06
1.377904000000000000e+06
1.380076000000000000e+06
1.382330000000000000e+06
1.384164000000000000e+06
1.386030000000000000e+06
1.388387000000000000e+06
1.390387000000000000e+06
1.391781000000000000e+06
1.394505000000000000e+06
1.396071000000000000e+06
1.398420000000000000e+06
1.399976000000000000e+06
1.402575000000000000e+06
1.404838000000000000e+06
1.406973000000000000e+06
1.408973000000000000e+06
1.410667000000000000e+06
1.412667000000000000e+06
1.414224000000000000e+06
1.416903000000000000e+06
1.418822000000000000e+06
1.421105000000000000e+06
1.423229000000000000e+06
1.425002000000000000e+06
1.426479000000000000e+06
1.428883000000000000e+06
1.430883000000000000e+06
1.432659000000000000e+06
1.435205000000000000e+06
1.437509000000000000e+06
1.439439000000000000e+06
1.441737000000000000e+06
1.442983000000000000e+06
1.445335000000000000e+06
1.447335000000000000e+06
1.449260000000000000e+06
1.451105000000000000e+06
1.453867000000000000e+06
1.456122000000000000e+06
1.457220000000000000e+06
1.459815000000000000e+06
1.461558000000000000e+06
1.463709000000000000e+06
1.465733000000000000e+06
1.467434000000000000e+06
1.470434000000000000e+06
1.471830000000000000e+06
1.473830000000000000e+06
1.476144000000000000e+06
1.478610000000000000e+06
1.480641000000000000e+06
1.482591000000000000e+06
1.484440000000000000e+06
1.486528000000000000e+06
1.488867000000000000e+06
1.490446000000000000e+06
1.492446000000000000e+06
1.494833000000000000e+06
1.496800000000000000e+06
1.498406000000000000e+06
1.500899000000000000e+06
1.502313000000000000e+06
1.504909000000000000e+06
1.507195000000000000e+06
1.509361000000000000e+06
1.510761000000000000e+06
1.512475000000000000e+06
1.515417000000000000e+06
1.516965000000000000e+06
1.518965000000000000e+06
1.520965000000000000e+06
1.523685000000000000e+06
1.525388000000000000e+06
1.527703000000000000e+06
1.529486000000000000e+06
1.531274000000000000e+06
1.533479000000000000e+06
1.535090000000000000e+06
1.538040000000000000e+06
1.540040000000000000e+06
1.541595000000000000e+06
1.543719000000000000e+06
1.546215000000000000e+06
1.548129000000000000e+06
1.550074000000000000e+06
1.551475000000000000e+06
1.554056000000000000e+06
1.556056000000000000e+06
1.558056000000000000e+06
1.560086000000000000e+06
1.562518000000000000e+06
1.564518000000000000e+06
1.565982000000000000e+06
1.568476000000000000e+06
1.570573000000000000e+06
1.572308000000000000e+06
1.574861000000000000e+06
1.576468000000000000e+06
1.578649000000000000e+06
1.580668000000000000e+06
1.582668000000000000e+06
1.584497000000000000e+06
1.587150000000000000e+06
1.589072000000000000e+06
1.590516000000000000e+06
1.593071000000000000e+06
1.594831000000000000e+06
1.597100000000000000e+06
1.599100000000000000e+06
1.601100000000000000e+06
1.603395000000000000e+06
1.605395000000000000e+06
1.607395000000000000e+06
1.609395000000000000e+06
1.610891000000000000e+06
1.613059000000000000e+06
1.615727000000000000e+06
1.617758000000000000e+06
1.619083000000000000e+06
1.621661000000000000e+06
1.623769000000000000e+06
1.626098000000000000e+06
1.628098000000000000e+06
1.630098000000000000e+06
1.631276000000000000e+06
1.633694000000000000e+06
1.635694000000000000e+06
1.638137000000000000e+06
1.640137000000000000e+06
1.642137000000000000e+06
1.644120000000000000e+06
1.646578000000000000e+06
1.648147000000000000e+06
1.650450000000000000e+06
1.652450000000000000e+06
1.654706000000000000e+06
1.655879000000000000e+06
1.658569000000000000e+06
1.660569000000000000e+06
1.662496000000000000e+06
1.664711000000000000e+06
1.666391000000000000e+06
1.669031000000000000e+06
1.671031000000000000e+06
1.672785000000000000e+06
1.674759000000000000e+06
1.676759000000000000e+06
1.678759000000000000e+06
1.681090000000000000e+06
1.682787000000000000e+06
1.685142000000000000e+06
1.686672000000000000e+06
1.688672000000000000e+06
1.691506000000000000e+06
1.693159000000000000e+06
1.694782000000000000e+06
1.697154000000000000e+06
1.699154000000000000e+06
1.701019000000000000e+06
1.703814000000000000e+06
1.705733000000000000e+06
1.707385000000000000e+06
1.709385000000000000e+06
1.712013000000000000e+06
1.713951000000000000e+06
1.715937000000000000e+06
1.717766000000000000e+06
1.720156000000000000e+06
1.722214000000000000e+06
1.724026000000000000e+06
1.726420000000000000e+06
1.728419000000000000e+06
1.730419000000000000e+06
1.732415000000000000e+06
1.734415000000000000e+06
1.736531000000000000e+06
1.738531000000000000e+06
1.740064000000000000e+06
1.742355000000000000e+06
1.744325000000000000e+06
1.746442000000000000e+06
1.748149000000000000e+06
1.750149000000000000e+06
1.752956000000000000e+06
1.754420000000000000e+06
1.756615000000000000e+06
1.759042000000000000e+06
1.760810000000000000e+06
1.762756000000000000e+06
1.764588000000000000e+06
1.766795000000000000e+06
1.768994000000000000e+06
1.771149000000000000e+06
1.773149000000000000e+06
1.775057000000000000e+06
1.777057000000000000e+06
1.779624000000000000e+06
1.781624000000000000e+06
1.783288000000000000e+06
1.785288000000000000e+06
1.787665000000000000e+06
1.789001000000000000e+06
1.791001000000000000e+06
1.793993000000000000e+06
1.795993000000000000e+06
1.797645000000000000e+06
1.799482000000000000e+06
1.801262000000000000e+06
1.803812000000000000e+06
1.806136000000000000e+06
1.807531000000000000e+06
1.810310000000000000e+06
1.812201000000000000e+06
1.814201000000000000e+06
1.816530000000000000e+06
1.818056000000000000e+06
1.819769000000000000e+06
1.822540000000000000e+06
1.824643000000000000e+06
1.826577000000000000e+06
1.828656000000000000e+06
1.830656000000000000e+06
1.832289000000000000e+06
1.834634000000000000e+06
1.836944000000000000e+06
1.838441000000000000e+06
1.841013000000000000e+06
1.842625000000000000e+06
1.845100000000000000e+06
1.846511000000000000e+06
1.849195000000000000e+06
1.850747000000000000e+06
1.852721000000000000e+06
1.854920000000000000e+06
1.857490000000000000e+06
1.858785000000000000e+06
1.860719000000000000e+06
1.863459000000000000e+06
1.865459000000000000e+06
1.867459000000000000e+06
1.869459000000000000e+06
1.871427000000000000e+06
1.873427000000000000e+06
1.875577000000000000e+06
1.877987000000000000e+06
1.879987000000000000e+06
1.881955000000000000e+06
1.883678000000000000e+06
1.886046000000000000e+06
1.888098000000000000e+06
1.890030000000000000e+06
1.892160000000000000e+06
1.893649000000000000e+06
1.895649000000000000e+06
1.897819000000000000e+06
1.899769000000000000e+06
1.902472000000000000e+06
1.904320000000000000e+06
1.906097000000000000e+06
1.908274000000000000e+06
1.910278000000000000e+06
1.912119000000000000e+06
1.914792000000000000e+06
1.916184000000000000e+06
1.918949000000000000e+06
1.920439000000000000e+06
1.922772000000000000e+06
1.924839000000000000e+06
1.926590000000000000e+06
1.928250000000000000e+06
1.930792000000000000e+06
1.932940000000000000e+06
1.934772000000000000e+06
1.936550000000000000e+06
1.939454000000000000e+06
1.941000000000000000e+06
1.942796000000000000e+06
1.945243000000000000e+06
1.946784000000000000e+06
1.949486000000000000e+06
1.950913000000000000e+06
1.953175000000000000e+06
1.955024000000000000e+06
1.957833000000000000e+06
1.959586000000000000e+06
1.961884000000000000e+06
1.963632000000000000e+06
1.965749000000000000e+06
1.968092000000000000e+06
1.970092000000000000e+06
1.971802000000000000e+06
1.974177000000000000e+06
1.975952000000000000e+06
1.978071000000000000e+06
1.980265000000000000e+06
1.982265000000000000e+06
1.983833000000000000e+06
1.986479000000000000e+06
1.988479000000000000e+06
1.990514000000000000e+06
1.992580000000000000e+06
1.994675000000000000e+06
1.995950000000000000e+06
1.998633000000000000e+06
2.000718000000000000e+06
