-3.803968170831290106e-03
1.204508756581691431e-01
4.341433918104526946e-01
8.901956353136573075e-01
1.647879746882946916e+00
2.772749895320009372e+00
3.219964452871017624e+00
5.212862324370496125e+00
7.078527107475921731e+00
8.540932568114129708e+00
9.568970511759852471e+00
1.153364119139005695e+01
1.372728899143775827e+01
1.590077769760562454e+01
1.745021209556587394e+01
1.865613850974859744e+01
2.003696633981929409e+01
2.165945591788184643e+01
2.329911568490045681e+01
2.423686957992548230e+01
2.571125894837888737e+01
2.658347394454398582e+01
2.759166022008422559e+01
2.811287119714360472e+01
2.908615479764965528e+01
2.964931370406175049e+01
2.943510501162538873e+01
2.975347683033184865e+01
3.034099126259885892e+01
3.132102039115003222e+01
3.154047022702766867e+01
3.128364093431595450e+01
3.166945264467686982e+01
3.177993445154293894e+01
3.185764047006083288e+01
3.251151368322464208e+01
3.318926913561500669e+01
3.355472896508518943e+01
3.342411128437508694e+01
3.398183388974116781e+01
3.441365519510875259e+01
3.518612485595918571e+01
3.538667346554785098e+01
3.575537506327886916e+01
3.600873174384169317e+01
3.594126079698859400e+01
3.578311230185357772e+01
3.604434934424001824e+01
3.569744529288528412e+01
3.582087554060908019e+01
3.569339186665679620e+01
3.580999679566213700e+01
3.545105103683567194e+01
3.487632176425452002e+01
3.469419465566158323e+01
3.487830442154474753e+01
3.470354891445264656e+01
3.511990145741314961e+01
3.531185126622583681e+01
3.531396170385484368e+01
3.577113824553510568e+01
3.630072813683039357e+01
3.693804281771938491e+01
3.735762863558402813e+01
3.773520376192790593e+01
3.786259184254788579e+01
3.768996182047871457e+01
3.815093346506017014e+01
3.850566836371253743e+01
3.904180250961986332e+01
3.831699261248780886e+01
3.782678127040016136e+01
3.814998207128813590e+01
3.894063720920846805e+01
3.960337912007179284e+01
3.952609659252846086e+01
3.999096915668397401e+01
3.897434874976935504e+01
3.890626756398950903e+01
3.928455008214312727e+01
4.072113236766080746e+01
4.180747787454023978e+01
4.261389799877629514e+01
4.361972819628420694e+01
4.394915189217547180e+01
4.498881142516699327e+01
4.641941206690697896e+01
4.820350532456982506e+01
4.979766658610066798e+01
5.163211476873010497e+01
5.342307006876687581e+01
5.376152432290050598e+01
5.374892689961930614e+01
5.463501586234585261e+01
5.692275395221464152e+01
5.872890250064731532e+01
5.914617418674420435e+01
5.986861667642164520e+01
6.093663955381188657e+01
6.240806326763683387e+01
6.264466789073534869e+01
6.375792910931760815e+01
6.504960629482415868e+01
6.604316868739392987e+01
6.643081903605211380e+01
6.851725245816989229e+01
6.982361252921128880e+01
7.139541457094622956e+01
7.337449658495573601e+01
7.291389233980312667e+01
7.127690399006574751e+01
7.206435266150948848e+01
7.282845667267628187e+01
7.346566963039349218e+01
7.342056616112716938e+01
7.420750674346697906e+01
7.314530012949394688e+01
7.352914280235202682e+01
7.436499550272679926e+01
7.552129978451176839e+01
7.410543082422361749e+01
7.396737325254328255e+01
7.328643749856081513e+01
7.414221123125368251e+01
7.342897077796168048e+01
7.368144646363340655e+01
7.398560809519725012e+01
7.517156600241568754e+01
7.436936191417099451e+01
7.464696620159196527e+01
7.585197274221252428e+01
7.662895164991167007e+01
7.793770481784244453e+01
7.948320239162423206e+01
7.951460868911631508e+01
8.153818118264841530e+01
8.172040025435258315e+01
8.268758367506352158e+01
8.140224371732452369e+01
8.364316678855765019e+01
8.487376597615354967e+01
8.719504668053359353e+01
8.636366351362580929e+01
8.560794393393403823e+01
8.595859344042247585e+01
8.792482269361170211e+01
8.728482219422825494e+01
8.660513558838893289e+01
8.577090030717683078e+01
8.355776323141373041e+01
8.381759382305432382e+01
8.236149837209190139e+01
8.192482728411199844e+01
8.199251264007078532e+01
8.266246542219062121e+01
8.207828635175181375e+01
8.230485241325493462e+01
8.332663816531599821e+01
8.464644353668039400e+01
8.334481160332377669e+01
8.407128932579792036e+01
8.293365005984456673e+01
8.493328223964955725e+01
8.345305924471405490e+01
8.532229590570248945e+01
8.468608157756411003e+01
8.476833567800569824e+01
8.413074170096483329e+01
8.439575048572862670e+01
8.629564011308231386e+01
8.803408748418442542e+01
8.909720764261174963e+01
8.839562422778361395e+01
8.894589303782294110e+01
9.119822132668174675e+01
9.370718016652905646e+01
9.596592223525151155e+01
9.690334658578059646e+01
9.713347620341994570e+01
9.918337010184166047e+01
1.021471226773632708e+02
1.033684812709811069e+02
1.039249130175419822e+02
1.070531288871223978e+02
1.102603248526763338e+02
1.134097597926813989e+02
1.147117110049665882e+02
1.168936803861939069e+02
1.182739107338653213e+02
1.182070456635829032e+02
1.179781501340552126e+02
1.191408812719639911e+02
1.214420783143859808e+02
1.220445185086067283e+02
1.219341256168786600e+02
1.234557153903853788e+02
1.240630262210002144e+02
1.232578473303147746e+02
1.227838579032037387e+02
1.214562368499225755e+02
1.198329823629133557e+02
1.184151324381600148e+02
1.164691554724892626e+02
1.169088035928951825e+02
1.158652162664439658e+02
1.139601239418913678e+02
1.124999208609638970e+02
1.147342815268070382e+02
1.132015775955310914e+02
1.101137093337605961e+02
1.121810225037483661e+02
1.131115885455192966e+02
1.120531170803110967e+02
1.096273372552681025e+02
1.094944664907695966e+02
1.116052915818347770e+02
1.134267496098308072e+02
1.151710858527812462e+02
1.176257179284533976e+02
1.190460671607227425e+02
1.184507424666465880e+02
1.222998796200933072e+02
1.222250903198395235e+02
1.200571965190432593e+02
1.188690602466965203e+02
1.202282147529005272e+02
1.199649811799253030e+02
1.197668349593041199e+02
1.231766086590683216e+02
1.254116892616955710e+02
1.218887656183705559e+02
1.234467021045865778e+02
1.246937504075670091e+02
1.260845746512807040e+02
1.274445347151903860e+02
1.249443096792795416e+02
1.251967055862525342e+02
1.278015296808196979e+02
1.291397818804925635e+02
1.271263702380715443e+02
1.273358353511412275e+02
1.271590383235299129e+02
1.278710426655119363e+02
1.268838222269953064e+02
1.301156993637926007e+02
1.342220675989761673e+02
1.380938639314855720e+02
1.375020995621419502e+02
1.390902137727047716e+02
1.403205413987280963e+02
1.404348465415275484e+02
1.403119368445008206e+02
1.414551111539519752e+02
1.390244980869139511e+02
1.400505139557900520e+02
1.437446365000043613e+02
1.475087659591312956e+02
1.469548281680844184e+02
1.478272793570305339e+02
1.472365259878444590e+02
1.473100694610330379e+02
1.491902303357305186e+02
1.493272379698495342e+02
1.505714599485197880e+02
1.523156983653584007e+02
1.540281671628251274e+02
1.564510118539462269e+02
1.591172237866996397e+02
1.547762185169619045e+02
1.500703357862531675e+02
1.475469931454993002e+02
1.493050624299218043e+02
1.493734499604489372e+02
1.478941084824102461e+02
1.469554846131771626e+02
1.462005021200473607e+02
1.473963158819149157e+02
1.408061251760748291e+02
1.392966616705115825e+02
1.417908161011075663e+02
1.397561675620765982e+02
1.392324660006968884e+02
1.348375946305608011e+02
1.347468192099191526e+02
1.368547277047687203e+02
1.363250979265187652e+02
1.367319614398539898e+02
1.343193814280898266e+02
1.386683151865471189e+02
1.415738895437600604e+02
1.412610330784493442e+02
1.428126387975998171e+02
1.415620720252611591e+02
1.418357361599370563e+02
1.449620386502726603e+02
1.481593744845561389e+02
1.529768431632590762e+02
1.519811464377612822e+02
1.489307466800240149e+02
1.471549746066974080e+02
1.476634999629524998e+02
1.475536858208492674e+02
1.449332345826070139e+02
1.473564580421256096e+02
1.432107782717733357e+02
1.439368659434251754e+02
1.455860035490694600e+02
1.427344675540159074e+02
1.433567673837638097e+02
1.391559388465066434e+02
1.380474280092531387e+02
1.370632451143183346e+02
1.390688271574409782e+02
1.427997051496958818e+02
1.444597280610902033e+02
1.437556717957827175e+02
1.434367702348565103e+02
1.436868128704676053e+02
1.429733533106406753e+02
1.454953765866940785e+02
1.489845259169306928e+02
1.509831464743282083e+02
1.541997466011408449e+02
1.547674695377276635e+02
1.560841102272061676e+02
1.581813341364503458e+02
1.607835608417561559e+02
1.635179512640651183e+02
1.655672378319239897e+02
1.693503233589414094e+02
1.734721227928047256e+02
1.730435746194136186e+02
1.707357577571516174e+02
1.686203942434227372e+02
1.705368500168114281e+02
1.737339167404775822e+02
1.751307346942230367e+02
1.764125528740412108e+02
1.820852723721803841e+02
1.775135244059663933e+02
1.792186156531695360e+02
1.760995456254156295e+02
1.760771371421108711e+02
1.767032861479754615e+02
1.740398269260584527e+02
1.742815776715873710e+02
1.779530461284841181e+02
1.773922354165279387e+02
1.763786148377311065e+02
1.759041089543192413e+02
1.775649662579367885e+02
1.797462901298727331e+02
1.821772918744944150e+02
1.833311466316776261e+02
1.851049941273634261e+02
1.873413608519146578e+02
1.831166250878995072e+02
1.814779223667415238e+02
1.858301174248241523e+02
1.884414318599581009e+02
1.941201863356159834e+02
1.987797625762254086e+02
1.995761299310964887e+02
2.025350318222030239e+02
2.037094124601871101e+02
2.037929952298929379e+02
2.057975237768333727e+02
2.044697164844637030e+02
2.056461924793273397e+02
2.095764234974728595e+02
2.104236545267013128e+02
2.129622934907407341e+02
2.149484318407542105e+02
2.157086353795596665e+02
2.167426830660475332e+02
2.207550281730736685e+02
2.213264080736501001e+02
2.239927383649915669e+02
2.195133496152361090e+02
2.246296765002177835e+02
2.265065646937390511e+02
2.266047005809611505e+02
2.282001968522681636e+02
2.306441609150339787e+02
2.302434865422024757e+02
2.301061974851455432e+02
2.279609080628172535e+02
2.281916579228009994e+02
2.298578500356368863e+02
2.285213968725352629e+02
2.290157233964905856e+02
2.305390210052108841e+02
2.227210700061202715e+02
2.227989225604852948e+02
2.259032813535667401e+02
2.259808988668111454e+02
2.261425017730640263e+02
2.292237329669604264e+02
2.278292328255583072e+02
2.295337598732968161e+02
2.331943902024881368e+02
2.342528992409696116e+02
2.343977933734641681e+02
2.317148830659731118e+02
2.344407422245979262e+02
2.368028067631947522e+02
2.310554253098302127e+02
2.293224773952258033e+02
2.314596835536302422e+02
2.243812125002561970e+02
2.185669720032309442e+02
2.160213411612745347e+02
2.110200423219157813e+02
2.082299349666548665e+02
2.103168247775103055e+02
2.126314342364972845e+02
2.136532659380096106e+02
2.159881502053663667e+02
2.136443358079423831e+02
2.169626009416423642e+02
2.190533524294826293e+02
2.150191436438592802e+02
2.195182279796624414e+02
2.180495665303946566e+02
2.175824693869273005e+02
2.161414667567294146e+02
2.175398319266631120e+02
2.176397197051424257e+02
2.167681215456097448e+02
2.199787615291441512e+02
2.175731794122436611e+02
2.129568612343045118e+02
2.123877596881951888e+02
2.176317070144240233e+02
2.207092195453633110e+02
2.171994446541019101e+02
2.139539719362762469e+02
2.179856707788605945e+02
2.217466183029439435e+02
2.212353540404239993e+02
2.252136262285188195e+02
2.288464080215794070e+02
2.339405534998164740e+02
2.319794014236527175e+02
2.346067215894590845e+02
2.343574113220547304e+02
2.361821528230562706e+02
2.321900421336464433e+02
2.304822859992483473e+02
2.259174375687113638e+02
2.298250922624045529e+02
2.267891886541188171e+02
2.273634804289429781e+02
2.258576775010351412e+02
2.246778600271491086e+02
2.207597996356443844e+02
2.227776585192051186e+02
2.161430055064781754e+02
2.146454850479487106e+02
2.143372453914116704e+02
2.171315552281731414e+02
2.192341333050148080e+02
2.199843201024604298e+02
2.207000877879488030e+02
2.187204733247753268e+02
2.151656982037784189e+02
2.197593034562864034e+02
2.220392802310017260e+02
2.211430830944744343e+02
2.119269302817322398e+02
2.087893240267325439e+02
2.048216055630845176e+02
2.065035127700677435e+02
2.099230956294058217e+02
2.127485031593924134e+02
2.160901396749756600e+02
2.160347966669412187e+02
2.203559709883231221e+02
2.219773921687430231e+02
2.224415664472104197e+02
2.222510562680617738e+02
2.238639589638637233e+02
2.247243491711253682e+02
2.245931638509863433e+02
2.255554137665221504e+02
2.299889484597483147e+02
2.336806214787702913e+02
2.349716475316517972e+02
2.355960352940554969e+02
2.383694292611591266e+02
2.394205443736095162e+02
2.450020243042067136e+02
2.482604969429383743e+02
2.493454037400127277e+02
2.480564590048204536e+02
2.477495425456142470e+02
2.500565122153406605e+02
2.459614669504632900e+02
2.463906648689817587e+02
2.488951436351633788e+02
2.493900043972039668e+02
2.517911077897352925e+02
2.507518061883468476e+02
2.513826152821562800e+02
2.511128366503234020e+02
2.580825047620115811e+02
2.607283323235408830e+02
2.640097470231340822e+02
2.652483697818390738e+02
2.660302316481058824e+02
2.651894491417572794e+02
2.636450980710565659e+02
2.622625032510551364e+02
2.614155407306652137e+02
2.606254128321390908e+02
2.629667003272799093e+02
2.645409201012492417e+02
2.652508568177939878e+02
2.646192307815422282e+02
2.646002415103364456e+02
2.668660710336627062e+02
2.608468432527069467e+02
2.639546562064981003e+02
2.628541916387184187e+02
2.627514409445735737e+02
2.664220234072500375e+02
2.668016640941596620e+02
2.667318280888719073e+02
2.650996273372416567e+02
2.638332895911736387e+02
2.641366336805799619e+02
2.666242365686551921e+02
2.708657901741403293e+02
2.712412107513956130e+02
2.703494130308569083e+02
2.739521979244125873e+02
2.708036369765117684e+02
2.708673750021496289e+02
2.746863892355753478e+02
2.756093550400983077e+02
2.791126487169240136e+02
2.791895951579274424e+02
2.770485477357590298e+02
2.796802281315927985e+02
2.792841380293468205e+02
2.775221595712039289e+02
2.776900753251287597e+02
2.755396060126042244e+02
2.785745571447976658e+02
2.809731650668507541e+02
2.828962955800084274e+02
2.845104381371662043e+02
2.834720340803438603e+02
2.833772190324701796e+02
2.827155562309491756e+02
2.837921433907351343e+02
2.854828640298278515e+02
2.855241695090510916e+02
2.872324800515153811e+02
2.867069098858121379e+02
2.908851500596155688e+02
2.853565092119021642e+02
2.867721549267004093e+02
2.835647686684005748e+02
2.828089402243154495e+02
2.818798608151553822e+02
2.784009519098561327e+02
2.759620936924077341e+02
2.651297433776953199e+02
2.631912403418588724e+02
2.658450736614274774e+02
2.657336629433535222e+02
2.669029261962423902e+02
2.620570379303427444e+02
2.592781015633539141e+02
2.575004214928633246e+02
2.570642092523413567e+02
2.564853811431975714e+02
2.541644830494815324e+02
2.581451530017373557e+02
2.590148363569664980e+02
2.561986803036040214e+02
2.563342558093173125e+02
2.545800733551918142e+02
2.534187870521101615e+02
2.529524093809677652e+02
2.529267286994776214e+02
2.510655863007951041e+02
2.486932175107158116e+02
2.466070373590685278e+02
2.449486826787762084e+02
2.466538990152647557e+02
2.463968715894565378e+02
2.466061132174282875e+02
2.456962077630027181e+02
2.475379107824146843e+02
2.483339425058271104e+02
2.485343992133717848e+02
2.480545941856515810e+02
2.478070776264410995e+02
2.494703349443709612e+02
2.504370825540175076e+02
2.526641523845039501e+02
2.537153822925586439e+02
2.521483392666678753e+02
2.552413151790463246e+02
2.541675246772527998e+02
2.520022207405555434e+02
2.553315257123980473e+02
2.538753844768634451e+02
2.542367080571791575e+02
2.564928499611793313e+02
2.586722407399070107e+02
2.572754034066297208e+02
2.551960443498645077e+02
2.556862960618811371e+02
2.563543537475354128e+02
2.592594734730988648e+02
2.545350270276647393e+02
2.496984114195232962e+02
2.501929277624792292e+02
2.521960581158571131e+02
2.544439830308846240e+02
2.559251761654197708e+02
2.600132512166592846e+02
2.576072947841486780e+02
2.602373648778828397e+02
2.564469716191067050e+02
2.583393492862894618e+02
2.543247463143015068e+02
2.534304433312305207e+02
2.571026537171229620e+02
2.550579447336415342e+02
2.565179702100569443e+02
2.582449238345790832e+02
2.614232952089257651e+02
2.612931924866597342e+02
2.623914994424922611e+02
2.596456127563390055e+02
2.573627244189645467e+02
2.527086974830764063e+02
2.499386432790338972e+02
2.509884164028567568e+02
2.497495066718423118e+02
2.477627339142936478e+02
2.461569029911858877e+02
2.428199619852122737e+02
2.453110421455464802e+02
2.433210741173070630e+02
2.432217102149573975e+02
2.417866386980650759e+02
2.419090010976200631e+02
2.448394500053524325e+02
2.395858798609708060e+02
2.402980224322297431e+02
2.373458632366960899e+02
2.379840640068292714e+02
2.332464410012592282e+02
2.362556476968176185e+02
2.346606459670673814e+02
2.380391432409364540e+02
2.347173888557525174e+02
2.315202998125506326e+02
2.326516658880715056e+02
2.340079810802693032e+02
2.366839638391237770e+02
2.342586375578420927e+02
2.365095482354132628e+02
2.339886758663516559e+02
2.390212037437936772e+02
2.365614736708214991e+02
2.376162324015029697e+02
2.426980447121820816e+02
2.417924545411833321e+02
2.407579859017182287e+02
2.396548981344031972e+02
2.411726683015328661e+02
2.423826550619999693e+02
2.460775524289415159e+02
2.482537675782630799e+02
2.467310115720101464e+02
2.502641962850206880e+02
2.520670118681853182e+02
2.532929294450513851e+02
2.557759965014407157e+02
2.613581394489829677e+02
2.656484677387782654e+02
2.616999036812878785e+02
2.656035854918932841e+02
2.624364565089661028e+02
2.678381098829561324e+02
2.718303737733079402e+02
2.721365161682967937e+02
2.717740947153728257e+02
2.712514642677283518e+02
2.722253532013663744e+02
2.722514023859433792e+02
2.748731835750097616e+02
2.727463684230788203e+02
2.744715447049343311e+02
2.760505019035606438e+02
2.748327621545628290e+02
2.773517016611416466e+02
2.745169828743678977e+02
2.756763118633947443e+02
2.740413676504549016e+02
2.738300645298043037e+02
2.708656871579889298e+02
2.734915078224172476e+02
2.788426236546040400e+02
2.800870123055618137e+02
2.837951692384442026e+02
2.869527447617050484e+02
2.881363866153682807e+02
2.865995647870840344e+02
2.860715389225359218e+02
2.861261613620483217e+02
2.880050171583862380e+02
2.849822951558251702e+02
2.910346041522486757e+02
2.936463882288970240e+02
2.916320154401521449e+02
2.891402109527118114e+02
2.911164264905480081e+02
2.911820045409946260e+02
2.945232141494776101e+02
2.925556818911264259e+02
2.961600769221778933e+02
2.991519793304051973e+02
2.960416693597487097e+02
2.946418655884261284e+02
2.980497464524941051e+02
3.015594014937983616e+02
3.014879739198910897e+02
3.021942815776913562e+02
3.059230529934179685e+02
3.050984305748166321e+02
3.004881409119739146e+02
2.984173084063626220e+02
2.950742420687751064e+02
2.905817094624271135e+02
2.888632245636317748e+02
2.856730419182335936e+02
2.833741634150008508e+02
2.833899413207676616e+02
2.858314956680836190e+02
2.859453095336527895e+02
2.828204982294120100e+02
2.786622404819942176e+02
2.784617071838774223e+02
2.797940458758195064e+02
2.793127921213654759e+02
2.837175435664182714e+02
2.824773675258519461e+02
2.794897624848791793e+02
2.794022192494782075e+02
2.654623633170365906e+02
2.668776777044194546e+02
2.654618313243994976e+02
2.628290710902840033e+02
2.580302434591994256e+02
2.594216482741111349e+02
2.598576804201938444e+02
2.613094973140035222e+02
2.633428669869610985e+02
2.586763924010767823e+02
2.557019269078092805e+02
2.583727318535869131e+02
2.546120522559546657e+02
2.529361464074127923e+02
2.550021023289765481e+02
2.618870116624518687e+02
2.605247778052394096e+02
2.636766532181425760e+02
2.620718851901003745e+02
2.620454743173353336e+02
2.638546416517945090e+02
2.678285117550786367e+02
2.701485670655167155e+02
2.725726761995312586e+02
2.755143337176302225e+02
2.746298549482792737e+02
2.755452547877481493e+02
2.743920573223576298e+02
2.693673736902361497e+02
2.644183241288361046e+02
2.585768468266814466e+02
2.597096151678500746e+02
2.610512606079734041e+02
2.617938854841272018e+02
2.626878369502395003e+02
2.679206489850957382e+02
2.603393145055060245e+02
2.636196867197791107e+02
2.619515514769690867e+02
2.619902240350903639e+02
2.551087855956527051e+02
2.503770161604325892e+02
2.511687686169968856e+02
2.563977773080907809e+02
2.560593311605542226e+02
2.578617667705412373e+02
2.573498767163562775e+02
2.473192187219544849e+02
2.389832948506028458e+02
2.378359015364591187e+02
2.409722990121345845e+02
2.407373076482681711e+02
2.406132120647039869e+02
2.390965295579566998e+02
2.351759247744214463e+02
2.356094365817882590e+02
2.365442454024108088e+02
2.393356674465610467e+02
2.437055957112615943e+02
2.449618395754897335e+02
2.482518259002223999e+02
2.526137208951926709e+02
2.552618429533909818e+02
2.604204091476198073e+02
2.640141128193026816e+02
2.691333351684667150e+02
2.688178765568501944e+02
2.657134243812638488e+02
2.683282680632093502e+02
2.678059464059409152e+02
2.699436677083821792e+02
2.718720512434970260e+02
2.780276460985475069e+02
2.832927109888424297e+02
2.845476838813123095e+02
2.856892360466794116e+02
2.886037571057970581e+02
2.909776505405392300e+02
2.887851727945578659e+02
2.932544762636947553e+02
2.906197452122739264e+02
2.916293777918642718e+02
2.881708423262389829e+02
2.861042614605219114e+02
2.859641339360719030e+02
2.918617692110374264e+02
2.946176410594825370e+02
2.988073174820999611e+02
3.064842352796893579e+02
3.063706950164631735e+02
3.065610017838606609e+02
3.029678351061756416e+02
3.046338348365633806e+02
3.042903498200615786e+02
3.069465057823738334e+02
2.985699282598119453e+02
2.956411313229361895e+02
2.950442094152497248e+02
2.941246294779870141e+02
2.945378826594084103e+02
2.927935740947824002e+02
2.932003778242191174e+02
2.909368462436457321e+02
2.910459907211811696e+02
2.888735039340174353e+02
2.922863936805743492e+02
2.908193070350366725e+02
2.902021210486009863e+02
2.923406362431645107e+02
2.915168337885364735e+02
2.901505857064643124e+02
2.901005056938009261e+02
2.866442843458274865e+02
2.811489316735859916e+02
2.796961984092990861e+02
2.848145324203917426e+02
2.852836716866588631e+02
2.874361243488642117e+02
2.870969683567556103e+02
2.881187150897482638e+02
2.902585091045103241e+02
2.934258631559144987e+02
2.950904907571859894e+02
2.941118712329923710e+02
2.937695834714198782e+02
2.916576287905021445e+02
2.926562457525990908e+02
2.955244678292244771e+02
2.928047241258279314e+02
2.925659244574771378e+02
2.966289501864452518e+02
2.954261775677643413e+02
2.955346084895638228e+02
2.954333644848192648e+02
2.995816079382059343e+02
3.030830496902622713e+02
3.064803422816839316e+02
3.055305848744065429e+02
3.074090447607018177e+02
3.074418995536262855e+02
3.071725515471291601e+02
3.041228186445647452e+02
3.007788751368763656e+02
2.993705062126334724e+02
2.948202880360429390e+02
2.901047139019722181e+02
2.896450086966098638e+02
2.936346548344661755e+02
2.949067186992487564e+02
2.940161859585307411e+02
2.941969646361001196e+02
2.978222516570176026e+02
3.007081516994181243e+02
2.977396622357489377e+02
2.984145446579684631e+02
3.002297947816759347e+02
2.994805776151117129e+02
2.985855617243919369e+02
2.991161806559263709e+02
3.005175670166069608e+02
3.004777806310728465e+02
3.009665524821811573e+02
3.013760954968573742e+02
3.001837560731621579e+02
3.027482617626800447e+02
3.031386022205841186e+02
2.988916051105817360e+02
3.032893735582217687e+02
3.032861249208305026e+02
2.965455004163457033e+02
2.961962846593904146e+02
2.966026724584023668e+02
2.963608374656959086e+02
2.967473030440237949e+02
2.891419501188538561e+02
2.872728037238496199e+02
2.908340159087467782e+02
2.897372423911947976e+02
2.919483525833704789e+02
2.931927772220300312e+02
2.932428897261266911e+02
2.960143647906364777e+02
2.953090206055580325e+02
3.021967624312082421e+02
3.041618755520225932e+02
3.049865752725980315e+02
3.025036595866520202e+02
3.011475502010747505e+02
3.020840906069032030e+02
3.019155542652570716e+02
3.006324826182996048e+02
2.994854271039041578e+02
3.015507044242277175e+02
3.046184012417804183e+02
3.019615065461846939e+02
3.042230693282996299e+02
3.016465564366157537e+02
2.997866222825580280e+02
2.991434265834033681e+02
2.981334812418629667e+02
2.999755761262504734e+02
3.007985088868674097e+02
2.977166707879545697e+02
2.969376215985967633e+02
2.987488124534029907e+02
2.987774026321778820e+02
2.988747870023260589e+02
3.025461317074540943e+02
3.086955998928517602e+02
3.070466999681765969e+02
3.094261862051283174e+02
3.074605095544568485e+02
3.034447668987218094e+02
3.040613038523082992e+02
3.072403422494096503e+02
3.077844610057589421e+02
3.083598749998170661e+02
3.053307226759998798e+02
3.078857573717903620e+02
3.056335640135235963e+02
3.091046818280233310e+02
