1.477668987441434378e+00
2.251519680757152031e+00
3.060618392591766046e+00
4.061574859112829117e+00
5.733169908960788597e+00
8.335614331714253922e+00
1.073310793183774692e+01
1.329818371809553668e+01
1.640803500998426756e+01
1.811490649036750966e+01
2.022429508104217888e+01
2.220505172635790458e+01
2.345896333781801246e+01
2.374501131092734951e+01
2.479829773136975746e+01
2.582241472411982741e+01
2.708053786574224375e+01
2.846778474995230823e+01
2.946795963042999489e+01
3.059788253479861453e+01
3.177934539066765041e+01
3.254783650827668140e+01
3.346617034035394056e+01
3.479403938541044283e+01
3.572412002233829043e+01
3.664183976719728975e+01
3.784107975059559692e+01
3.891708631615748004e+01
4.093524874144657844e+01
4.265348944194452230e+01
4.371701293238340469e+01
4.588766705920878763e+01
4.782009816831203608e+01
4.964889275798802970e+01
5.127381825768053147e+01
5.298996089886613703e+01
5.445627197979245437e+01
5.525971383239748036e+01
5.647796771364033930e+01
5.805261585749234854e+01
5.820428793252277444e+01
5.863551864692259130e+01
5.944271779557809765e+01
5.989529672590872167e+01
6.101337677481888733e+01
6.200425860041741544e+01
6.300283690686210036e+01
6.360907986406137837e+01
6.431205522973058919e+01
6.524970944105888293e+01
6.616226171109073562e+01
6.734386858788468544e+01
6.826187932932892011e+01
6.875364625468957058e+01
6.863706692797572373e+01
7.007291709022079829e+01
6.936672273604580141e+01
6.998947821141027248e+01
7.054561237119528982e+01
7.053675312381368201e+01
7.071470746852723721e+01
7.115168442260365111e+01
7.195676162372268436e+01
7.190130529068642318e+01
7.274863722984517267e+01
7.249130511432697688e+01
7.351921890762801581e+01
7.383080084889930106e+01
7.540434794631859461e+01
7.636232386588467591e+01
7.572112871874657003e+01
7.638364135565377921e+01
7.721257876489336525e+01
7.692808509793555061e+01
7.699090118411662331e+01
7.764131256591980446e+01
7.759865148576380989e+01
7.901274267140188101e+01
7.816518022191593218e+01
7.885668026647446993e+01
7.875622603628053753e+01
7.853722491276268158e+01
7.985822791357506389e+01
8.033070507425665596e+01
7.996119187409195206e+01
8.047101095540055837e+01
8.058916411027944093e+01
8.044404762800056119e+01
8.083783202592616135e+01
8.046056038919292064e+01
8.006215909525271002e+01
8.029718755926279528e+01
8.120202394862981521e+01
8.173203206283365319e+01
8.197188117754797076e+01
8.223975002063882300e+01
8.295554068276791781e+01
8.383197460026207182e+01
8.454481556276132892e+01
8.586730079714230612e+01
8.779020029264927416e+01
8.741153423944132328e+01
8.841767232102444041e+01
8.889649841983374756e+01
8.774977494021354119e+01
8.771572415193401184e+01
8.645591764277668290e+01
8.564597216715334582e+01
8.560657102755864400e+01
8.504755240683694240e+01
8.620012837487841750e+01
8.627498812572082443e+01
8.487968553541540473e+01
8.209499564511121150e+01
8.353189382539147800e+01
8.258640551918716710e+01
8.392738495405507138e+01
8.474737638148573637e+01
8.551447479968264531e+01
8.462789150886391099e+01
8.382026404874365255e+01
8.478669558392881811e+01
8.416602585405840387e+01
8.401415516636598113e+01
8.373513065403285793e+01
8.287122810892047653e+01
8.378119257943743037e+01
8.320165194604147985e+01
8.513767264992580408e+01
8.522045608943294326e+01
8.508468732247098387e+01
8.614295633158904764e+01
8.737025939074726466e+01
8.870769956401611012e+01
8.927618122749467489e+01
8.886863299453202103e+01
9.088319098986966083e+01
9.294135746268970877e+01
9.349035881470899767e+01
9.630648016125066135e+01
9.823280789584622141e+01
9.769551304417052506e+01
9.632696359849040846e+01
9.539765539218460333e+01
9.421306971252073481e+01
9.319547102659439020e+01
9.258894430406782305e+01
9.258002913126144051e+01
9.205132904607131650e+01
9.374967399951906089e+01
9.462598005025478187e+01
9.262840240986784579e+01
9.250240763686427670e+01
9.099101998077483699e+01
9.147364399869775298e+01
9.259502012837108964e+01
9.573673229457993727e+01
9.530239997751056080e+01
9.721428324804213617e+01
9.726016883468361129e+01
9.817988774595733048e+01
9.897517498997017071e+01
9.936424356338416430e+01
9.918458052800133373e+01
9.843425495416397553e+01
9.826177199966181774e+01
9.840717183272266766e+01
9.865635235666799474e+01
1.003695794433441790e+02
1.014140737453080732e+02
1.027156369504632920e+02
1.019468125858248158e+02
1.004948677611357368e+02
1.006962386384319359e+02
1.008029870006712372e+02
9.972782125622281058e+01
9.936847399618774546e+01
9.953314237553482258e+01
9.987729518458677092e+01
9.985958289384001318e+01
9.832738308715052256e+01
9.916706600896596058e+01
9.809896322784774725e+01
9.618168735107443013e+01
9.449019506657786849e+01
9.374616382273592308e+01
9.469578312339842796e+01
9.628581368526425877e+01
9.746807936883760703e+01
9.799800981568918701e+01
9.828956016184001498e+01
1.002564549975999029e+02
1.003590325615601273e+02
1.010848512459568838e+02
1.005221098961943653e+02
1.014730788745643935e+02
1.021006119922015927e+02
1.008328874404854787e+02
1.018193090559172163e+02
1.026947595817426730e+02
1.030493064764812488e+02
1.036866600229108855e+02
1.035219708284254807e+02
1.045652513919710032e+02
1.038170599469926429e+02
1.051409722723781357e+02
1.061626728655166545e+02
1.058051188290783813e+02
1.053140545338314098e+02
1.044169248744554750e+02
1.051176311798796092e+02
1.031601443822678306e+02
1.039456611581536691e+02
1.032302842045596520e+02
1.041785996649661286e+02
1.042575865935378943e+02
1.030520040694100459e+02
1.031572618565203641e+02
1.018211290703355019e+02
1.007617616159774343e+02
1.008284025694638757e+02
9.995889382562174319e+01
1.000994652594141598e+02
9.801361526926568501e+01
9.776919408922985610e+01
9.708475672950373792e+01
9.603289404008086194e+01
9.439031067730462610e+01
9.462787069618902080e+01
9.504104338867213642e+01
9.506077577250823651e+01
9.752882935403208364e+01
9.726122135209853070e+01
9.865278103418754085e+01
1.001517452738500964e+02
9.926774499928771434e+01
1.014324728747958062e+02
1.017826565930659655e+02
1.018454324461795863e+02
1.022031897618955441e+02
1.036144959002262596e+02
1.056273121759018778e+02
1.065756795481605081e+02
1.073354958917699946e+02
1.071659779769724423e+02
1.072061042022811534e+02
1.072432042006351907e+02
1.061399827337026522e+02
1.073608925754634384e+02
1.090082051560411003e+02
1.100684427378459560e+02
1.115316697976937093e+02
1.099866308935054207e+02
1.111034323772464489e+02
1.111835472832650851e+02
1.114031556723217591e+02
1.120580789546997522e+02
1.113600939806545966e+02
1.117279790876021082e+02
1.116523686647331175e+02
1.121159809798233198e+02
1.112381056641307993e+02
1.116888173270026385e+02
1.132399241312872107e+02
1.141989060256222928e+02
1.128187626918863486e+02
1.102059226421661151e+02
1.104630050149947209e+02
1.106394570685431944e+02
1.085462260018264828e+02
1.100208700665485537e+02
1.133513455716719847e+02
1.122355432332192464e+02
1.120767453722728675e+02
1.123089902734289751e+02
1.117892037826899951e+02
1.134433855804758053e+02
1.133401451931029555e+02
1.172864346774728830e+02
1.157841129148593211e+02
1.147682897835733229e+02
1.160721010153136348e+02
1.174100924345180772e+02
1.166633350304366274e+02
1.178659268898006616e+02
1.210138097957823220e+02
1.227570770082422342e+02
1.248189037966532879e+02
1.210736914989552986e+02
1.200296130400381855e+02
1.192783814862998071e+02
1.208711084156377780e+02
1.212862777558851093e+02
1.224234371974813200e+02
1.224598988560809829e+02
1.256390296578515944e+02
1.231821436430929850e+02
1.245432640598159537e+02
1.227701141954286470e+02
1.206870668538441294e+02
1.221434974098419417e+02
1.236564720209574659e+02
1.202741440103427522e+02
1.220417434679115871e+02
1.213405610871793954e+02
1.228879201603580213e+02
1.242564444011251510e+02
1.241745558904383984e+02
1.256207154331599298e+02
1.231544661701335315e+02
1.237512874270618113e+02
1.228729308082883165e+02
1.181054503721373408e+02
1.175657632922251707e+02
1.163078464047681564e+02
1.170262694502195302e+02
1.189677959381044587e+02
1.170450214868383227e+02
1.175968658150445663e+02
1.155566485257167955e+02
1.170160072667307816e+02
1.184880573872915903e+02
1.203985875248092157e+02
1.193485445679643249e+02
1.179712819654278491e+02
1.181049533128271634e+02
1.175871011690844341e+02
1.184085847935332509e+02
1.208272482040417231e+02
1.236686741420145381e+02
1.259692507643396340e+02
1.274272713772635655e+02
1.261032698661642399e+02
1.264151796122055345e+02
1.242103457745416506e+02
1.244503388959433181e+02
1.239697191923266502e+02
1.216420028723826050e+02
1.177271467930885365e+02
1.157900122654611010e+02
1.184864283271096781e+02
1.171437251853985799e+02
1.197912824327783170e+02
1.203911015464093310e+02
1.197029037788351360e+02
1.193253279461328162e+02
1.182761141655343522e+02
1.156588912049157472e+02
1.165369855648412738e+02
1.184514126571416455e+02
1.196339968315866287e+02
1.203925041619315266e+02
1.210773230367852165e+02
1.200228320078514344e+02
1.215298690088542060e+02
1.228358202987012788e+02
1.239006384022925857e+02
1.240842560438093756e+02
1.256905476757013389e+02
1.268154675023185121e+02
1.262824141987164381e+02
1.280601122257693305e+02
1.283451773100217963e+02
1.297352178589834466e+02
1.290980720815502423e+02
1.327571022353197634e+02
1.330203300451203745e+02
1.321629456350854355e+02
1.348918607691009584e+02
1.331779282674065712e+02
1.344668901523128000e+02
1.362797484273691282e+02
1.386603281220961890e+02
1.374999452876750183e+02
1.373531974918014669e+02
1.376759787607637691e+02
1.385848322364518879e+02
1.398723603795417034e+02
1.390126386126825651e+02
1.419504992195714124e+02
1.421902436710924462e+02
1.443218218960801096e+02
1.431978926982636438e+02
1.394733942643233888e+02
1.407254583168381146e+02
1.386229402938202213e+02
1.390361135002833066e+02
1.419442439479232121e+02
1.413537122515509736e+02
1.436595515881177789e+02
1.461631705105942274e+02
1.434822904563042982e+02
1.436497333576034237e+02
1.442033407480047913e+02
1.439651059504337240e+02
1.444031475464137202e+02
1.447480818141178531e+02
1.464454065921908068e+02
1.497239231210287187e+02
1.507231722678935455e+02
1.530221761286708215e+02
1.524422181265527456e+02
1.501585650462678529e+02
1.530205813558232819e+02
1.533739922599636145e+02
1.544015876468591557e+02
1.567402518135831144e+02
1.544796070207322316e+02
1.496150912853032651e+02
1.523384780172145838e+02
1.528344415823679014e+02
1.505531437994160626e+02
1.524414560443497919e+02
1.519079400898743302e+02
1.536390393712651985e+02
1.547786124552484921e+02
1.565538453107666896e+02
1.564232559079726741e+02
1.550984664724012418e+02
1.493416147899018256e+02
1.495555426056241686e+02
1.429641735500435686e+02
1.447692220243800421e+02
1.434557423307431350e+02
1.416293372665724632e+02
1.397052110781766032e+02
1.411798239860842727e+02
1.439524299999262098e+02
1.451878092639892657e+02
1.406624637623551735e+02
1.410951629243875232e+02
1.405153620893449329e+02
1.408506647972020005e+02
1.402839667139574829e+02
1.397954269018896696e+02
1.392983346513037475e+02
1.399920367302790964e+02
1.420276681954841251e+02
1.411471176137995940e+02
1.422392926401678608e+02
1.431128250435527036e+02
1.442703125428048452e+02
1.469072984857780000e+02
1.448280205971324506e+02
1.447024974950909950e+02
1.445456213567228190e+02
1.444849415808143647e+02
1.430715268448511495e+02
1.419527402885188394e+02
1.424545773952086449e+02
1.426939195607341446e+02
1.424115638927455336e+02
1.416845079744002192e+02
1.418422898605770115e+02
1.428275712677932177e+02
1.427439490082658153e+02
1.383456398407666370e+02
1.381138154543302790e+02
1.390958794259097147e+02
1.413057305896018647e+02
1.407804146167373744e+02
1.390514743331039256e+02
1.405382632691352853e+02
1.412791790510689793e+02
1.427906767271518902e+02
1.453631883804621907e+02
1.445402489785546720e+02
1.481818082012062234e+02
1.482820811617725667e+02
1.532969829647034601e+02
1.525492540163106128e+02
1.547718624283957354e+02
1.565277316754873311e+02
1.564688267293403499e+02
1.591932225281132105e+02
1.584712452793933153e+02
1.589273253118500975e+02
1.581974508812338343e+02
1.564846131643619174e+02
1.594589828915546832e+02
1.628353938864274539e+02
1.604737253812551216e+02
1.542258696157841484e+02
1.528756193844972131e+02
1.546438481397559599e+02
1.553859232257200347e+02
1.501626988841335333e+02
1.511693898920837285e+02
1.503267623369384296e+02
1.449591393359692972e+02
1.447812278772242394e+02
1.451300508235219695e+02
1.460739973688271789e+02
1.455811628853245452e+02
1.445397447952202299e+02
1.462763818954459509e+02
1.462892060147745781e+02
1.477853339499772858e+02
1.489742351699732978e+02
1.495591643751064055e+02
1.475508711242674167e+02
1.465556563444104938e+02
1.484371331365417745e+02
1.505863929324081028e+02
1.517278429977016572e+02
1.515512157201511059e+02
1.505973146574072246e+02
1.539250546906757791e+02
1.507579706709488221e+02
1.495917856954531544e+02
1.496545904468708841e+02
1.476702525671144315e+02
1.476964165717448054e+02
1.456566638817083685e+02
1.402556166341794892e+02
1.394096963326831542e+02
1.389137877516947697e+02
1.359238719982562600e+02
1.360603714399790647e+02
1.319648995301007517e+02
1.317107975134706521e+02
1.318496812667845575e+02
1.319993887710936633e+02
1.354382794456760450e+02
1.341995170732306804e+02
1.325287479902162602e+02
1.345478356328184191e+02
1.362138214219390306e+02
1.344522959017239998e+02
1.352077735074540215e+02
1.347949850440012369e+02
1.353462613238509960e+02
1.366303031244170825e+02
1.383524294508547143e+02
1.360945159439258987e+02
1.355469953383821178e+02
1.366941204962441816e+02
1.375668658295986120e+02
1.397708300622484217e+02
1.395491185799821210e+02
1.415340526044439002e+02
1.426967650062282758e+02
1.378027667491831210e+02
1.407899474467730840e+02
1.387782232262283912e+02
1.384946728800969140e+02
1.392329478762615054e+02
1.396302294047846146e+02
1.401968426903677027e+02
1.425037160900156152e+02
1.428076643315921217e+02
1.437443235820750544e+02
1.445899136487231544e+02
1.436041871743931040e+02
1.451699794243796475e+02
1.474675654351002549e+02
1.490378371750936992e+02
1.488090033788124629e+02
1.498676105495735555e+02
1.497675960570546749e+02
1.516304027049152126e+02
1.534231437467111334e+02
1.547847172790213790e+02
1.579081365358878202e+02
1.571069319043325834e+02
1.588066312561211362e+02
1.584964735651655872e+02
1.609022520144530120e+02
1.609465585656987514e+02
1.636360513187461549e+02
1.656043403210070437e+02
1.667447255841240974e+02
1.658466166934467481e+02
1.640559613236628991e+02
1.672019272102348850e+02
1.646974707452123425e+02
1.633887717327411053e+02
1.606822353747641046e+02
1.615357023764107964e+02
1.606036758493021352e+02
1.603864398371244420e+02
1.571016977189838997e+02
1.559967015934078631e+02
1.534704732095187296e+02
1.504483747620599559e+02
1.527220041044296863e+02
1.517501437842993539e+02
1.521585527559835498e+02
1.522849636405769047e+02
1.537164325496553658e+02
1.532311109764960690e+02
1.512398621377908512e+02
1.505188989097560750e+02
1.527345616155990342e+02
1.541694989415055943e+02
1.555808854614830921e+02
1.568653506390337782e+02
1.606895392007760961e+02
1.617257950236963779e+02
1.640000560170115591e+02
1.658003211101036527e+02
1.688362388331592001e+02
1.699810333077535063e+02
1.724821042497343910e+02
1.767426032638510094e+02
1.769593082636564532e+02
1.793613914926285702e+02
1.795578418035704544e+02
1.814652816894174236e+02
1.859758986162378562e+02
1.872400617217887770e+02
1.882303361234456816e+02
1.911144486855263551e+02
1.931683781035335699e+02
1.949888499389592482e+02
1.953103634954722168e+02
1.953437049328356920e+02
1.965301735536179706e+02
1.976214946365159619e+02
2.006978124232221603e+02
1.979165892455006883e+02
1.929152239929981931e+02
1.948087189502035699e+02
1.952048874881649283e+02
1.959403407148486451e+02
1.900863329086741942e+02
1.937286726121897402e+02
1.918942946035673174e+02
1.940777119565401563e+02
1.919503342795301535e+02
1.926733194405412348e+02
1.948272727734310195e+02
1.934793264976447915e+02
1.942051722445712585e+02
1.970698668568141159e+02
1.923022328781020462e+02
1.924474812517344731e+02
1.879698560913701613e+02
1.857191871797401461e+02
1.811285360723956614e+02
1.817688243451277970e+02
1.753438981867647897e+02
1.753233528259089553e+02
1.738067177210803607e+02
1.757321694757033868e+02
1.757064650807051294e+02
1.756455953119267690e+02
1.738599881021084741e+02
1.759298035912032958e+02
1.799595100064266546e+02
1.810092231373249660e+02
1.810532835985982558e+02
1.791471284800450974e+02
1.761570997558375780e+02
1.752474308608599074e+02
1.787583875249118535e+02
1.753050873066057136e+02
1.717584416872414010e+02
1.733406165463797208e+02
1.737029808774301500e+02
1.721114463208827203e+02
1.751875774749648542e+02
1.774051829896764616e+02
1.775269789950284007e+02
1.783392947275141296e+02
1.802387262443089355e+02
1.839383949037056425e+02
1.869987525563402357e+02
1.889920148651216323e+02
1.894029401438519926e+02
1.910077471691047606e+02
1.907733230720295126e+02
1.887100296264835322e+02
1.891756759553356346e+02
1.917221595124416069e+02
1.914827072580048934e+02
1.916955190012538424e+02
1.885164530364555731e+02
1.905239359600128353e+02
1.933238170972739738e+02
1.928149294760243038e+02
1.924769478413779780e+02
1.953889119589041456e+02
1.945833631757639921e+02
1.985413231899946425e+02
1.980111510686907081e+02
1.998971083094798189e+02
2.022655575105584944e+02
2.013778059019641944e+02
2.014576376618730080e+02
2.016533081176720543e+02
2.017426803516520408e+02
2.032364711043937859e+02
2.018009805511064485e+02
2.015717044608361164e+02
1.974344743955725789e+02
1.940538674707549944e+02
1.911183286031533726e+02
1.870202219713077056e+02
1.832617403184255807e+02
1.807727604057491533e+02
1.804046930214747420e+02
1.795356258135447831e+02
1.789128365050494551e+02
1.773181730266022385e+02
1.752330662192905208e+02
1.751092133927136558e+02
1.703970811683141164e+02
1.720931585754634341e+02
1.688219284726591241e+02
1.677712016991152666e+02
1.675988262563314777e+02
1.655402782485996056e+02
1.656648498981506066e+02
1.669544170380025037e+02
1.675474315243310457e+02
1.649223673368067864e+02
1.645623982819150513e+02
1.662345363721769615e+02
1.666519322567315271e+02
1.687459459467272609e+02
1.723133561466210324e+02
1.697837674998889383e+02
1.709479141281859711e+02
1.751476162021457696e+02
1.761721062083569223e+02
1.796601695134874035e+02
1.770671151489695774e+02
1.796997735630116608e+02
1.816590663268314927e+02
1.828896068610100940e+02
1.835842747360361784e+02
1.827051511988357788e+02
1.817261197024459420e+02
1.845315639973987345e+02
1.846140771916737151e+02
1.887323574357467919e+02
1.868407408681111406e+02
1.878310787628296623e+02
1.907998816997964013e+02
1.893682121971331185e+02
1.906341594771095060e+02
1.929821843733897140e+02
1.938778637050102702e+02
1.977042348984373916e+02
1.969642683647610397e+02
2.000041410363676562e+02
2.006005159932921345e+02
1.992433981939006173e+02
2.017281876858601493e+02
2.008308710466776859e+02
2.003745955309483975e+02
2.030276753994584169e+02
2.032222099009760825e+02
2.054895334548077415e+02
2.089449071668304896e+02
2.069737806057560761e+02
2.068725508484804720e+02
2.057474737220483121e+02
2.027090340046032395e+02
2.033037540515568651e+02
2.029517541283261437e+02
2.047210475858133236e+02
2.006374669324669924e+02
1.997115619558193202e+02
1.987990568813480081e+02
1.991007076928110848e+02
1.986343545664907424e+02
1.960889548344493960e+02
1.946692005565184047e+02
1.938197713111555629e+02
1.949978301129241061e+02
1.915383076508857130e+02
1.902888100887270468e+02
1.924661067923021847e+02
1.923415180115694341e+02
1.892047826794906769e+02
1.812179139142795350e+02
1.786655387573617588e+02
1.786812997011207926e+02
1.751329159032662801e+02
1.744907132496776399e+02
1.776361794120244326e+02
1.763474308252849596e+02
1.744870637793499952e+02
1.742760589263217810e+02
1.749076176731303747e+02
1.749260006418243165e+02
1.708097165680848377e+02
1.723987943977394082e+02
1.709860745336941648e+02
1.720159403289335103e+02
1.718760279443400805e+02
1.746192531275437716e+02
1.776811392909449978e+02
1.757540036138926496e+02
1.749877173003632436e+02
1.783244079392945878e+02
1.768528103956999189e+02
1.767673801452174303e+02
1.760176955435497916e+02
1.790543582478451583e+02
1.781506372189074341e+02
1.782724453465114607e+02
1.787351136633983231e+02
1.784037403379832654e+02
1.778945229474524012e+02
1.787665818724352960e+02
1.784632530962550732e+02
1.753999886983705210e+02
1.768907831125507073e+02
1.790315855615183693e+02
1.753027420413912978e+02
1.758961770732714172e+02
1.733998348547030162e+02
1.687677653842984000e+02
1.680953158129440510e+02
1.701112889209837249e+02
1.708775204658533653e+02
1.743423134747991128e+02
1.715836997301348674e+02
1.713550420738077094e+02
1.727870671786022001e+02
1.759806018207716534e+02
1.752267272181975670e+02
1.741991635339572895e+02
1.767849658741118049e+02
1.782866314065323650e+02
1.770923967372156369e+02
1.799684432540346108e+02
1.808370209628358509e+02
1.836295932517878953e+02
1.847793692199726934e+02
1.854126164936268708e+02
1.875922851298581975e+02
1.867678095786423853e+02
1.910352914740037420e+02
1.914559329001166361e+02
1.938133155282004338e+02
1.959348226264747552e+02
1.984078692150627035e+02
2.021964752228520297e+02
2.056206067649143847e+02
2.060755924769519822e+02
2.041235769803286075e+02
2.059590965025415414e+02
2.021355965951176756e+02
2.046867321493147358e+02
2.078638888877192699e+02
2.062918564702093249e+02
2.079317558329378812e+02
2.085509261736480653e+02
2.097885589676231746e+02
2.110691744455884020e+02
2.080067561306053960e+02
2.099119143036804189e+02
2.119127062654227132e+02
2.106550668424811477e+02
2.080289920211472179e+02
2.066352841636402786e+02
2.055257803765994424e+02
2.103778461465621490e+02
2.098173238162417249e+02
2.134827327767820009e+02
2.128901662500624923e+02
2.120239800030712161e+02
2.133881397912623754e+02
2.175755244500148251e+02
2.169089770722945048e+02
2.149774386929258583e+02
2.153216230357440111e+02
2.146542866895830173e+02
2.176280674752960067e+02
2.158001933963466286e+02
2.116674063415811133e+02
2.130109035463201224e+02
2.155948116291683903e+02
2.125728492515090977e+02
2.145417652137944344e+02
2.130531129510726203e+02
2.123166030422357551e+02
2.116135363505872817e+02
2.102007095025072942e+02
2.117488025936524707e+02
2.127950717581430808e+02
2.144977083505217195e+02
2.161183622939371958e+02
2.176627638180566748e+02
2.186756818593404716e+02
2.196376002085484629e+02
2.170416842372246435e+02
2.180721830043604541e+02
2.122689275954800792e+02
2.097409604614184389e+02
2.031646311696662508e+02
2.029254386217575359e+02
1.983283205226964867e+02
1.978209516193062996e+02
1.926990308449796316e+02
1.961360225064167366e+02
1.977890813155741796e+02
1.975457431928930134e+02
1.925276519431507438e+02
1.928111706360757012e+02
1.882194138111141228e+02
1.866141127002542248e+02
1.858837845406705185e+02
1.857629245412145167e+02
1.779808022961633185e+02
1.794518634766386924e+02
1.779799216570195597e+02
1.794305771526090041e+02
1.751299676062664616e+02
1.750115171939233676e+02
1.769916914311681921e+02
1.772001314370058651e+02
1.795235687124284709e+02
1.778627057567233294e+02
1.795178895317554577e+02
1.767829892681781985e+02
1.795442186723178395e+02
1.792262500403150227e+02
1.831720057287250825e+02
1.861076925112623144e+02
1.871538371565636680e+02
1.900191460565997090e+02
1.923002784877577369e+02
1.922933402872822342e+02
1.938805005125016692e+02
1.948160066526494347e+02
1.973662095728688257e+02
1.975365572288132512e+02
1.992515944021759537e+02
1.980013182919416010e+02
1.973159734245599850e+02
2.032805188206329774e+02
2.017282029530120155e+02
1.997691274867929678e+02
2.016280701565886488e+02
2.028067792541821461e+02
2.037487499921722076e+02
2.030754864576414604e+02
2.039974370458766941e+02
2.069363227510770002e+02
2.083599814016903338e+02
2.073191359653302470e+02
2.093771057037304786e+02
2.114381422931815564e+02
2.116396829672283388e+02
2.120566892701045560e+02
2.098607692171249539e+02
2.094433866745074511e+02
2.038599812514230791e+02
1.998301477805547677e+02
1.994930057079890275e+02
1.996664280856140863e+02
2.001932333471549157e+02
2.030860764480808598e+02
2.048718961164072709e+02
2.077708020701840610e+02
2.059885910916055991e+02
2.085709999591427675e+02
2.095741146094626970e+02
2.076692482846065957e+02
2.092969663180695079e+02
2.138570865001713059e+02
2.142546906627058263e+02
2.132358747429086350e+02
2.103600439214862092e+02
2.091059830299965085e+02
2.064599406255501890e+02
2.064768001160865936e+02
2.088054535924429729e+02
2.022375483503111866e+02
2.027586412821046622e+02
2.058654681753596378e+02
2.077956776648616994e+02
