2.037000000000000000e+03
4.080000000000000000e+03
6.133000000000000000e+03
8.176000000000000000e+03
1.022900000000000000e+04
1.227500000000000000e+04
1.432500000000000000e+04
1.637700000000000000e+04
1.840300000000000000e+04
2.044700000000000000e+04
2.250500000000000000e+04
2.456800000000000000e+04
2.659100000000000000e+04
2.862200000000000000e+04
3.063400000000000000e+04
3.275600000000000000e+04
3.480100000000000000e+04
3.681300000000000000e+04
3.889200000000000000e+04
4.091700000000000000e+04
4.298200000000000000e+04
4.499900000000000000e+04
4.709100000000000000e+04
4.914600000000000000e+04
5.116500000000000000e+04
5.321300000000000000e+04
5.526200000000000000e+04
5.728900000000000000e+04
5.933900000000000000e+04
6.142600000000000000e+04
6.346200000000000000e+04
6.550200000000000000e+04
6.752700000000000000e+04
6.955800000000000000e+04
7.167900000000000000e+04
7.361700000000000000e+04
7.576600000000000000e+04
7.772500000000000000e+04
7.985700000000000000e+04
8.184500000000000000e+04
8.393200000000000000e+04
8.599200000000000000e+04
8.803000000000000000e+04
9.005600000000000000e+04
9.214500000000000000e+04
9.419500000000000000e+04
9.625100000000000000e+04
9.828500000000000000e+04
1.003350000000000000e+05
1.023780000000000000e+05
1.044180000000000000e+05
1.064820000000000000e+05
1.085220000000000000e+05
1.105350000000000000e+05
1.125860000000000000e+05
1.146270000000000000e+05
1.167310000000000000e+05
1.187200000000000000e+05
1.207950000000000000e+05
1.228160000000000000e+05
1.248600000000000000e+05
1.269590000000000000e+05
1.289780000000000000e+05
1.310310000000000000e+05
1.330780000000000000e+05
1.351140000000000000e+05
1.371390000000000000e+05
1.392610000000000000e+05
1.412870000000000000e+05
1.433150000000000000e+05
1.453560000000000000e+05
1.474300000000000000e+05
1.494870000000000000e+05
1.515070000000000000e+05
1.535920000000000000e+05
1.555890000000000000e+05
1.576640000000000000e+05
1.596440000000000000e+05
1.617330000000000000e+05
1.638130000000000000e+05
1.658720000000000000e+05
1.678940000000000000e+05
1.699650000000000000e+05
1.719560000000000000e+05
1.740140000000000000e+05
1.760620000000000000e+05
1.780690000000000000e+05
1.801840000000000000e+05
1.822270000000000000e+05
1.843020000000000000e+05
1.862960000000000000e+05
1.884160000000000000e+05
1.904220000000000000e+05
1.924610000000000000e+05
1.945510000000000000e+05
1.965790000000000000e+05
1.986330000000000000e+05
2.006330000000000000e+05
2.027030000000000000e+05
2.047450000000000000e+05
2.067880000000000000e+05
2.088170000000000000e+05
2.108460000000000000e+05
2.129350000000000000e+05
2.150340000000000000e+05
2.170610000000000000e+05
2.190570000000000000e+05
2.211190000000000000e+05
2.232260000000000000e+05
2.252030000000000000e+05
2.272590000000000000e+05
2.292840000000000000e+05
2.313430000000000000e+05
2.333750000000000000e+05
2.354830000000000000e+05
2.374920000000000000e+05
2.395780000000000000e+05
2.416100000000000000e+05
2.437020000000000000e+05
2.457580000000000000e+05
2.478060000000000000e+05
2.498010000000000000e+05
2.518630000000000000e+05
2.539070000000000000e+05
2.559470000000000000e+05
2.579950000000000000e+05
2.600080000000000000e+05
2.620740000000000000e+05
2.641080000000000000e+05
2.662100000000000000e+05
2.682470000000000000e+05
2.702560000000000000e+05
2.723820000000000000e+05
2.744140000000000000e+05
2.764280000000000000e+05
2.785060000000000000e+05
2.804970000000000000e+05
2.825870000000000000e+05
2.846070000000000000e+05
2.867050000000000000e+05
2.886860000000000000e+05
2.908000000000000000e+05
2.927940000000000000e+05
2.948930000000000000e+05
2.968790000000000000e+05
2.989930000000000000e+05
3.010550000000000000e+05
3.030630000000000000e+05
3.051290000000000000e+05
3.071830000000000000e+05
3.092350000000000000e+05
3.112660000000000000e+05
3.132990000000000000e+05
3.153210000000000000e+05
3.173760000000000000e+05
3.194630000000000000e+05
3.215340000000000000e+05
3.235420000000000000e+05
3.255320000000000000e+05
3.275920000000000000e+05
3.296610000000000000e+05
3.317760000000000000e+05
3.337520000000000000e+05
3.358310000000000000e+05
3.378920000000000000e+05
3.399040000000000000e+05
3.419790000000000000e+05
3.440560000000000000e+05
3.461090000000000000e+05
3.480910000000000000e+05
3.502070000000000000e+05
3.521450000000000000e+05
3.542920000000000000e+05
3.563390000000000000e+05
3.583250000000000000e+05
3.604470000000000000e+05
3.624850000000000000e+05
3.645040000000000000e+05
3.665000000000000000e+05
3.685700000000000000e+05
3.706060000000000000e+05
3.726730000000000000e+05
3.747510000000000000e+05
3.767560000000000000e+05
3.787650000000000000e+05
3.809030000000000000e+05
3.829650000000000000e+05
3.849680000000000000e+05
3.870510000000000000e+05
3.891020000000000000e+05
3.911220000000000000e+05
3.931600000000000000e+05
3.952560000000000000e+05
3.972180000000000000e+05
3.992840000000000000e+05
4.013150000000000000e+05
4.034160000000000000e+05
4.054320000000000000e+05
4.075240000000000000e+05
4.095470000000000000e+05
4.116040000000000000e+05
4.136610000000000000e+05
4.157350000000000000e+05
4.177450000000000000e+05
4.196490000000000000e+05
4.218730000000000000e+05
4.238760000000000000e+05
4.259510000000000000e+05
4.280290000000000000e+05
4.300030000000000000e+05
4.320540000000000000e+05
4.341180000000000000e+05
4.361720000000000000e+05
4.381920000000000000e+05
4.402690000000000000e+05
4.423080000000000000e+05
4.443880000000000000e+05
4.464010000000000000e+05
4.484570000000000000e+05
4.505510000000000000e+05
4.526060000000000000e+05
4.545840000000000000e+05
4.566310000000000000e+05
4.585870000000000000e+05
4.607400000000000000e+05
4.628460000000000000e+05
4.648570000000000000e+05
4.668730000000000000e+05
4.689840000000000000e+05
4.709930000000000000e+05
4.730690000000000000e+05
4.750980000000000000e+05
4.771120000000000000e+05
4.792180000000000000e+05
4.811810000000000000e+05
4.833180000000000000e+05
4.853490000000000000e+05
4.874070000000000000e+05
4.893500000000000000e+05
4.914760000000000000e+05
4.935340000000000000e+05
4.956020000000000000e+05
4.975860000000000000e+05
4.996760000000000000e+05
5.017300000000000000e+05
5.037260000000000000e+05
5.058120000000000000e+05
5.078780000000000000e+05
5.098640000000000000e+05
5.119630000000000000e+05
5.140390000000000000e+05
5.160370000000000000e+05
5.180660000000000000e+05
5.201380000000000000e+05
5.222080000000000000e+05
5.242490000000000000e+05
5.263060000000000000e+05
5.283290000000000000e+05
5.304050000000000000e+05
5.324270000000000000e+05
5.344890000000000000e+05
5.365150000000000000e+05
5.385800000000000000e+05
5.406090000000000000e+05
5.426170000000000000e+05
5.446920000000000000e+05
5.467420000000000000e+05
5.488400000000000000e+05
5.508780000000000000e+05
5.529510000000000000e+05
5.549680000000000000e+05
5.570320000000000000e+05
5.589940000000000000e+05
5.611030000000000000e+05
5.631830000000000000e+05
5.651480000000000000e+05
5.672130000000000000e+05
5.692920000000000000e+05
5.713520000000000000e+05
5.734100000000000000e+05
5.754830000000000000e+05
5.774810000000000000e+05
5.795630000000000000e+05
5.815700000000000000e+05
5.836030000000000000e+05
5.856450000000000000e+05
5.877000000000000000e+05
5.897520000000000000e+05
5.918690000000000000e+05
5.938870000000000000e+05
5.958630000000000000e+05
5.979850000000000000e+05
6.000270000000000000e+05
6.020710000000000000e+05
6.040930000000000000e+05
6.061350000000000000e+05
6.082200000000000000e+05
6.102560000000000000e+05
6.123180000000000000e+05
6.143920000000000000e+05
6.164040000000000000e+05
6.184170000000000000e+05
6.205040000000000000e+05
6.225380000000000000e+05
6.246020000000000000e+05
6.265930000000000000e+05
6.286920000000000000e+05
6.307700000000000000e+05
6.328160000000000000e+05
6.348670000000000000e+05
6.368870000000000000e+05
6.389580000000000000e+05
6.409790000000000000e+05
6.430590000000000000e+05
6.450440000000000000e+05
6.470870000000000000e+05
6.491670000000000000e+05
6.512190000000000000e+05
6.532770000000000000e+05
6.552970000000000000e+05
6.573500000000000000e+05
6.594070000000000000e+05
6.615040000000000000e+05
6.634510000000000000e+05
6.655970000000000000e+05
6.675440000000000000e+05
6.696420000000000000e+05
6.717230000000000000e+05
6.737400000000000000e+05
6.757590000000000000e+05
6.778810000000000000e+05
6.798590000000000000e+05
6.819060000000000000e+05
6.839520000000000000e+05
6.860340000000000000e+05
6.880550000000000000e+05
6.901420000000000000e+05
6.921790000000000000e+05
6.942170000000000000e+05
6.962560000000000000e+05
6.983280000000000000e+05
7.003750000000000000e+05
7.024020000000000000e+05
7.044700000000000000e+05
7.064620000000000000e+05
7.085760000000000000e+05
7.105840000000000000e+05
7.126440000000000000e+05
7.147250000000000000e+05
7.167800000000000000e+05
7.188370000000000000e+05
7.208720000000000000e+05
7.229330000000000000e+05
7.249160000000000000e+05
7.270370000000000000e+05
7.290510000000000000e+05
7.311240000000000000e+05
7.331700000000000000e+05
7.352190000000000000e+05
7.372060000000000000e+05
7.392930000000000000e+05
7.413400000000000000e+05
7.433290000000000000e+05
7.454320000000000000e+05
7.474810000000000000e+05
7.495440000000000000e+05
7.515520000000000000e+05
7.536280000000000000e+05
7.556340000000000000e+05
7.577010000000000000e+05
7.597620000000000000e+05
7.617590000000000000e+05
7.638920000000000000e+05
7.659420000000000000e+05
7.679680000000000000e+05
7.699750000000000000e+05
7.720910000000000000e+05
7.740700000000000000e+05
7.761010000000000000e+05
7.782310000000000000e+05
7.802220000000000000e+05
7.823330000000000000e+05
7.843550000000000000e+05
7.863890000000000000e+05
7.884760000000000000e+05
7.904730000000000000e+05
7.925570000000000000e+05
7.945870000000000000e+05
7.965700000000000000e+05
7.986070000000000000e+05
8.006990000000000000e+05
8.027090000000000000e+05
8.047650000000000000e+05
8.068210000000000000e+05
8.088980000000000000e+05
8.110020000000000000e+05
8.129750000000000000e+05
8.151030000000000000e+05
8.171290000000000000e+05
8.191970000000000000e+05
8.212130000000000000e+05
8.232680000000000000e+05
8.253130000000000000e+05
8.273090000000000000e+05
8.294120000000000000e+05
8.314060000000000000e+05
8.335190000000000000e+05
8.355320000000000000e+05
8.376290000000000000e+05
8.396320000000000000e+05
8.416100000000000000e+05
8.437740000000000000e+05
8.457810000000000000e+05
8.477970000000000000e+05
8.498910000000000000e+05
8.519080000000000000e+05
8.539440000000000000e+05
8.559610000000000000e+05
8.580190000000000000e+05
8.600950000000000000e+05
8.621560000000000000e+05
8.641810000000000000e+05
8.662460000000000000e+05
8.683240000000000000e+05
8.703470000000000000e+05
8.724420000000000000e+05
8.744330000000000000e+05
8.765040000000000000e+05
8.785850000000000000e+05
8.806230000000000000e+05
8.826810000000000000e+05
8.846960000000000000e+05
8.867070000000000000e+05
8.888240000000000000e+05
8.907950000000000000e+05
8.929030000000000000e+05
8.949150000000000000e+05
8.969620000000000000e+05
8.990090000000000000e+05
9.010580000000000000e+05
9.031540000000000000e+05
9.051680000000000000e+05
9.071940000000000000e+05
9.092110000000000000e+05
9.112840000000000000e+05
9.133300000000000000e+05
9.153950000000000000e+05
9.174300000000000000e+05
9.194700000000000000e+05
9.215120000000000000e+05
9.235370000000000000e+05
9.256540000000000000e+05
9.277360000000000000e+05
9.297790000000000000e+05
9.317540000000000000e+05
9.338600000000000000e+05
9.358280000000000000e+05
9.378870000000000000e+05
9.399900000000000000e+05
9.419780000000000000e+05
9.440370000000000000e+05
9.461020000000000000e+05
9.482100000000000000e+05
9.502700000000000000e+05
9.522610000000000000e+05
9.543310000000000000e+05
9.564130000000000000e+05
9.584260000000000000e+05
9.604930000000000000e+05
9.625300000000000000e+05
9.646060000000000000e+05
9.666530000000000000e+05
9.686860000000000000e+05
9.705760000000000000e+05
9.727150000000000000e+05
9.748420000000000000e+05
9.768890000000000000e+05
9.788620000000000000e+05
9.808330000000000000e+05
9.829910000000000000e+05
9.850630000000000000e+05
9.870610000000000000e+05
9.890930000000000000e+05
9.911570000000000000e+05
9.932190000000000000e+05
9.952480000000000000e+05
9.973740000000000000e+05
9.993290000000000000e+05
1.001382000000000000e+06
1.003496000000000000e+06
1.005493000000000000e+06
1.007525000000000000e+06
1.009630000000000000e+06
1.011687000000000000e+06
1.013760000000000000e+06
1.015747000000000000e+06
1.017753000000000000e+06
1.019893000000000000e+06
1.021941000000000000e+06
1.023936000000000000e+06
1.025908000000000000e+06
1.027993000000000000e+06
1.030067000000000000e+06
1.032119000000000000e+06
1.034192000000000000e+06
1.036199000000000000e+06
1.038287000000000000e+06
1.040300000000000000e+06
1.042357000000000000e+06
1.044424000000000000e+06
1.046494000000000000e+06
1.048519000000000000e+06
1.050571000000000000e+06
1.052620000000000000e+06
1.054699000000000000e+06
1.056763000000000000e+06
1.058748000000000000e+06
1.060837000000000000e+06
1.062864000000000000e+06
1.064939000000000000e+06
1.066991000000000000e+06
1.068976000000000000e+06
1.071056000000000000e+06
1.073149000000000000e+06
1.075132000000000000e+06
1.077205000000000000e+06
1.079202000000000000e+06
1.081298000000000000e+06
1.083342000000000000e+06
1.085369000000000000e+06
1.087384000000000000e+06
1.089526000000000000e+06
1.091513000000000000e+06
1.093601000000000000e+06
1.095608000000000000e+06
1.097693000000000000e+06
1.099745000000000000e+06
1.101731000000000000e+06
1.103872000000000000e+06
1.105884000000000000e+06
1.107892000000000000e+06
1.110009000000000000e+06
1.112057000000000000e+06
1.114059000000000000e+06
1.116155000000000000e+06
1.118113000000000000e+06
1.120253000000000000e+06
1.122204000000000000e+06
1.124261000000000000e+06
1.126340000000000000e+06
1.128418000000000000e+06
1.130481000000000000e+06
1.132453000000000000e+06
1.134515000000000000e+06
1.136602000000000000e+06
1.138646000000000000e+06
1.140696000000000000e+06
1.142698000000000000e+06
1.144815000000000000e+06
1.146808000000000000e+06
1.148924000000000000e+06
1.150916000000000000e+06
1.152932000000000000e+06
1.154975000000000000e+06
1.157094000000000000e+06
1.159015000000000000e+06
1.161173000000000000e+06
1.163199000000000000e+06
1.165273000000000000e+06
1.167334000000000000e+06
1.169376000000000000e+06
1.171428000000000000e+06
1.173441000000000000e+06
1.175520000000000000e+06
1.177534000000000000e+06
1.179581000000000000e+06
1.181677000000000000e+06
1.183599000000000000e+06
1.185751000000000000e+06
1.187786000000000000e+06
1.189861000000000000e+06
1.191850000000000000e+06
1.193926000000000000e+06
1.195964000000000000e+06
1.198013000000000000e+06
1.200084000000000000e+06
1.202174000000000000e+06
1.204223000000000000e+06
1.206198000000000000e+06
1.208271000000000000e+06
1.210322000000000000e+06
1.212402000000000000e+06
1.214397000000000000e+06
1.216424000000000000e+06
1.218460000000000000e+06
1.220524000000000000e+06
1.222654000000000000e+06
1.224694000000000000e+06
1.226657000000000000e+06
1.228736000000000000e+06
1.230742000000000000e+06
1.232770000000000000e+06
1.234895000000000000e+06
1.236885000000000000e+06
1.239013000000000000e+06
1.241014000000000000e+06
1.243059000000000000e+06
1.245097000000000000e+06
1.247228000000000000e+06
1.249221000000000000e+06
1.251299000000000000e+06
1.253238000000000000e+06
1.255373000000000000e+06
1.257401000000000000e+06
1.259428000000000000e+06
1.261510000000000000e+06
1.263506000000000000e+06
1.265653000000000000e+06
1.267609000000000000e+06
1.269755000000000000e+06
1.271801000000000000e+06
1.273785000000000000e+06
1.275892000000000000e+06
1.277904000000000000e+06
1.279920000000000000e+06
1.281941000000000000e+06
1.284003000000000000e+06
1.286142000000000000e+06
1.288172000000000000e+06
1.290181000000000000e+06
1.292251000000000000e+06
1.294326000000000000e+06
1.296326000000000000e+06
1.298332000000000000e+06
1.300479000000000000e+06
1.302527000000000000e+06
1.304559000000000000e+06
1.306543000000000000e+06
1.308556000000000000e+06
1.310565000000000000e+06
1.312737000000000000e+06
1.314784000000000000e+06
1.316840000000000000e+06
1.318814000000000000e+06
1.320951000000000000e+06
1.322917000000000000e+06
1.324937000000000000e+06
1.327004000000000000e+06
1.329135000000000000e+06
1.331086000000000000e+06
1.333245000000000000e+06
1.335248000000000000e+06
1.337341000000000000e+06
1.339286000000000000e+06
1.341328000000000000e+06
1.343417000000000000e+06
1.345438000000000000e+06
1.347584000000000000e+06
1.349589000000000000e+06
1.351573000000000000e+06
1.353650000000000000e+06
1.355721000000000000e+06
1.357686000000000000e+06
1.359851000000000000e+06
1.361790000000000000e+06
1.363914000000000000e+06
1.365981000000000000e+06
1.368030000000000000e+06
1.370032000000000000e+06
1.372125000000000000e+06
1.374167000000000000e+06
1.376198000000000000e+06
1.378283000000000000e+06
1.380314000000000000e+06
1.382394000000000000e+06
1.384416000000000000e+06
1.386445000000000000e+06
1.388455000000000000e+06
1.390512000000000000e+06
1.392571000000000000e+06
1.394658000000000000e+06
1.396638000000000000e+06
1.398753000000000000e+06
1.400742000000000000e+06
1.402822000000000000e+06
1.404881000000000000e+06
1.406974000000000000e+06
1.408939000000000000e+06
1.411047000000000000e+06
1.413111000000000000e+06
1.415022000000000000e+06
1.417151000000000000e+06
1.419251000000000000e+06
1.421303000000000000e+06
1.423357000000000000e+06
1.425333000000000000e+06
1.427309000000000000e+06
1.429467000000000000e+06
1.431530000000000000e+06
1.433477000000000000e+06
1.435632000000000000e+06
1.437687000000000000e+06
1.439694000000000000e+06
1.441694000000000000e+06
1.443815000000000000e+06
1.445841000000000000e+06
1.447922000000000000e+06
1.449878000000000000e+06
1.451954000000000000e+06
1.454061000000000000e+06
1.456090000000000000e+06
1.458095000000000000e+06
1.460143000000000000e+06
1.462181000000000000e+06
1.464257000000000000e+06
1.466321000000000000e+06
1.468289000000000000e+06
1.470371000000000000e+06
1.472399000000000000e+06
1.474511000000000000e+06
1.476494000000000000e+06
1.478533000000000000e+06
1.480652000000000000e+06
1.482694000000000000e+06
1.484770000000000000e+06
1.486813000000000000e+06
1.488857000000000000e+06
1.490823000000000000e+06
1.492961000000000000e+06
1.495020000000000000e+06
1.497020000000000000e+06
1.499057000000000000e+06
1.501102000000000000e+06
1.503138000000000000e+06
1.505201000000000000e+06
1.507242000000000000e+06
1.509359000000000000e+06
1.511354000000000000e+06
1.513444000000000000e+06
1.515506000000000000e+06
1.517506000000000000e+06
1.519589000000000000e+06
1.521653000000000000e+06
1.523689000000000000e+06
1.525722000000000000e+06
1.527803000000000000e+06
1.529817000000000000e+06
1.531862000000000000e+06
1.533854000000000000e+06
1.535925000000000000e+06
1.537915000000000000e+06
1.539969000000000000e+06
1.542065000000000000e+06
1.544107000000000000e+06
1.546175000000000000e+06
1.548241000000000000e+06
1.550242000000000000e+06
1.552314000000000000e+06
1.554362000000000000e+06
1.556467000000000000e+06
1.558463000000000000e+06
1.560572000000000000e+06
1.562615000000000000e+06
1.564550000000000000e+06
1.566720000000000000e+06
1.568709000000000000e+06
1.570786000000000000e+06
1.572813000000000000e+06
1.574900000000000000e+06
1.576880000000000000e+06
1.578914000000000000e+06
1.581012000000000000e+06
1.583066000000000000e+06
1.585126000000000000e+06
1.587076000000000000e+06
1.589187000000000000e+06
1.591228000000000000e+06
1.593273000000000000e+06
1.595318000000000000e+06
1.597437000000000000e+06
1.599424000000000000e+06
1.601526000000000000e+06
1.603581000000000000e+06
1.605602000000000000e+06
1.607639000000000000e+06
1.609690000000000000e+06
1.611754000000000000e+06
1.613713000000000000e+06
1.615827000000000000e+06
1.617843000000000000e+06
1.619906000000000000e+06
1.621926000000000000e+06
1.624062000000000000e+06
1.626050000000000000e+06
1.628071000000000000e+06
1.630130000000000000e+06
1.632243000000000000e+06
1.634282000000000000e+06
1.636304000000000000e+06
1.638331000000000000e+06
1.640355000000000000e+06
1.642429000000000000e+06
1.644422000000000000e+06
1.646513000000000000e+06
1.648561000000000000e+06
1.650668000000000000e+06
1.652684000000000000e+06
1.654742000000000000e+06
1.656733000000000000e+06
1.658816000000000000e+06
1.660915000000000000e+06
1.662943000000000000e+06
1.664999000000000000e+06
1.666987000000000000e+06
1.669048000000000000e+06
1.671054000000000000e+06
1.673113000000000000e+06
1.675259000000000000e+06
1.677264000000000000e+06
1.679310000000000000e+06
1.681377000000000000e+06
1.683398000000000000e+06
1.685458000000000000e+06
1.687514000000000000e+06
1.689479000000000000e+06
1.691642000000000000e+06
1.693671000000000000e+06
1.695613000000000000e+06
1.697778000000000000e+06
1.699740000000000000e+06
1.701810000000000000e+06
1.703904000000000000e+06
1.705895000000000000e+06
1.707977000000000000e+06
1.710012000000000000e+06
1.712081000000000000e+06
1.714164000000000000e+06
1.716190000000000000e+06
1.718172000000000000e+06
1.720217000000000000e+06
1.722310000000000000e+06
1.724390000000000000e+06
1.726388000000000000e+06
1.728492000000000000e+06
1.730477000000000000e+06
1.732604000000000000e+06
1.734629000000000000e+06
1.736673000000000000e+06
1.738727000000000000e+06
1.740714000000000000e+06
1.742773000000000000e+06
1.744853000000000000e+06
1.746864000000000000e+06
1.748923000000000000e+06
1.751016000000000000e+06
1.753046000000000000e+06
1.755103000000000000e+06
1.757101000000000000e+06
1.759101000000000000e+06
1.761234000000000000e+06
1.763234000000000000e+06
1.765246000000000000e+06
1.767355000000000000e+06
1.769451000000000000e+06
1.771465000000000000e+06
1.773527000000000000e+06
1.775546000000000000e+06
1.777615000000000000e+06
1.779609000000000000e+06
1.781689000000000000e+06
1.783719000000000000e+06
1.785844000000000000e+06
1.787902000000000000e+06
1.789851000000000000e+06
1.791918000000000000e+06
1.794039000000000000e+06
1.796059000000000000e+06
1.798057000000000000e+06
1.800085000000000000e+06
1.802166000000000000e+06
1.804188000000000000e+06
1.806272000000000000e+06
1.808373000000000000e+06
1.810401000000000000e+06
1.812435000000000000e+06
1.814516000000000000e+06
1.816563000000000000e+06
1.818546000000000000e+06
1.820566000000000000e+06
1.822654000000000000e+06
1.824706000000000000e+06
1.826773000000000000e+06
1.828653000000000000e+06
1.830833000000000000e+06
1.832940000000000000e+06
1.834995000000000000e+06
1.836977000000000000e+06
1.838990000000000000e+06
1.840978000000000000e+06
1.843175000000000000e+06
1.845182000000000000e+06
1.847185000000000000e+06
1.849277000000000000e+06
1.851303000000000000e+06
1.853430000000000000e+06
1.855478000000000000e+06
1.857378000000000000e+06
1.859531000000000000e+06
1.861554000000000000e+06
1.863639000000000000e+06
1.865721000000000000e+06
1.867769000000000000e+06
1.869711000000000000e+06
1.871787000000000000e+06
1.873918000000000000e+06
1.875930000000000000e+06
1.877969000000000000e+06
1.880027000000000000e+06
1.881984000000000000e+06
1.884140000000000000e+06
1.886079000000000000e+06
1.888150000000000000e+06
1.890168000000000000e+06
1.892274000000000000e+06
1.894308000000000000e+06
1.896402000000000000e+06
1.898365000000000000e+06
1.900495000000000000e+06
1.902559000000000000e+06
1.904574000000000000e+06
1.906643000000000000e+06
1.908712000000000000e+06
1.910640000000000000e+06
1.912785000000000000e+06
1.914859000000000000e+06
1.916893000000000000e+06
1.918967000000000000e+06
1.920975000000000000e+06
1.923031000000000000e+06
1.924982000000000000e+06
1.927162000000000000e+06
1.929148000000000000e+06
1.931176000000000000e+06
1.933225000000000000e+06
1.935273000000000000e+06
1.937300000000000000e+06
1.939454000000000000e+06
1.941431000000000000e+06
1.943498000000000000e+06
1.945552000000000000e+06
1.947527000000000000e+06
1.949691000000000000e+06
1.951698000000000000e+06
1.953667000000000000e+06
1.955802000000000000e+06
1.957855000000000000e+06
1.959927000000000000e+06
1.961978000000000000e+06
1.964011000000000000e+06
1.966009000000000000e+06
1.968122000000000000e+06
1.970164000000000000e+06
1.972109000000000000e+06
1.974213000000000000e+06
1.976306000000000000e+06
1.978332000000000000e+06
1.980383000000000000e+06
1.982437000000000000e+06
1.984403000000000000e+06
1.986454000000000000e+06
1.988567000000000000e+06
1.990548000000000000e+06
1.992641000000000000e+06
1.994731000000000000e+06
1.996725000000000000e+06
1.998778000000000000e+06
2.000876000000000000e+06
