1.010721835280240732e+01
1.035207685209058504e+01
1.084520918623453589e+01
1.132780699778845168e+01
1.243326377692307538e+01
1.316135363208939602e+01
1.530697059343079758e+01
1.618128484888320529e+01
1.655114387941315357e+01
1.715170272751796787e+01
1.954973587687380387e+01
2.217116621248890951e+01
2.405248290195662264e+01
2.549632416780012534e+01
2.719788137125197025e+01
2.768835869854810383e+01
2.934858534043577549e+01
3.019383821969480408e+01
3.020817639658258358e+01
2.974818623350374835e+01
2.917134664134324495e+01
2.880347115222105359e+01
2.915374158798665505e+01
2.969654440874852241e+01
3.049228216717417439e+01
3.119059609177288550e+01
3.144544149505766484e+01
3.145490527740904341e+01
3.113595739703432486e+01
3.075572193083791817e+01
3.099493971598854714e+01
3.190467246539318680e+01
3.233906047571530706e+01
3.349225270398444110e+01
3.263212523041588753e+01
3.371272108864914685e+01
3.391511479124445572e+01
3.501388547952833363e+01
3.432195826800829508e+01
3.332593020199155376e+01
3.406271358584641007e+01
3.312217783813375149e+01
3.345856325207142135e+01
3.285441273435116472e+01
3.382797909140769121e+01
3.441875502430955436e+01
3.465688156125980868e+01
3.577004213863867221e+01
3.573128427956965680e+01
3.655006066974027590e+01
3.659381120914617469e+01
3.606976156709263392e+01
3.518162167834716314e+01
3.496339244054369999e+01
3.562635772336106044e+01
3.635560935222081014e+01
3.709407375973287913e+01
3.737527140821256921e+01
3.551787288198009662e+01
3.583439808620867240e+01
3.603045659316747873e+01
3.681175076969756077e+01
3.737163213468349454e+01
3.646449040127680519e+01
3.560795112346254143e+01
3.641736960503630627e+01
3.736113118387955723e+01
3.775399484983365994e+01
3.850743285124476500e+01
3.620540383003852014e+01
3.565828794585279837e+01
3.576198575908053101e+01
3.585186247736339737e+01
3.702017836543013374e+01
3.598399192035861915e+01
3.581163994529165251e+01
3.706191980917449769e+01
3.711976501093261049e+01
3.680111878228677824e+01
3.716822108351426834e+01
3.632026182329482111e+01
3.683143794940314564e+01
3.738744752112138769e+01
3.818352061106374862e+01
3.819778478617092077e+01
3.680441155239685713e+01
3.676204055489487388e+01
3.738680482507347591e+01
3.738941177310118746e+01
3.842496009396465695e+01
3.811573075954896694e+01
3.812837140367191324e+01
3.886294925677427159e+01
3.848073096130094939e+01
3.733530074266911214e+01
3.687180442892011456e+01
3.642610054827113686e+01
3.682001414343042711e+01
3.757692572397868958e+01
3.835174219634905057e+01
3.813753757288854018e+01
3.711290205978249901e+01
3.780277470934075268e+01
3.810768433067002547e+01
3.858470867680676264e+01
3.910019440991246853e+01
3.730156521804440928e+01
3.749027946335651507e+01
3.667137251624426142e+01
3.641466447068860646e+01
3.622954634328328183e+01
3.664054082276920354e+01
3.664606836771566378e+01
3.812648345594271149e+01
3.762774102853384761e+01
3.816209278678935135e+01
3.764572984771942288e+01
3.731474688012687579e+01
3.744311596672570630e+01
3.853917073747294353e+01
3.927532810006736952e+01
3.971865639524900615e+01
3.897881628798162978e+01
3.940679213584080287e+01
3.960545499459310292e+01
3.943453283925541086e+01
4.063692698500429401e+01
3.981703019560080037e+01
3.891128181035357869e+01
4.003659682806377162e+01
4.025341086687738112e+01
4.140233915237737250e+01
4.233902906133692312e+01
4.119350291164403899e+01
4.112838288084470406e+01
4.025576546672583333e+01
4.017472804190361302e+01
4.026701028992988540e+01
3.918747048338792638e+01
3.893690600034224047e+01
3.853597901005490911e+01
3.778687899387351479e+01
3.953935712898230292e+01
4.024611140534881315e+01
4.079715089851055865e+01
4.263522613729506361e+01
4.133218500484320401e+01
4.108094226995048359e+01
4.040933184946536727e+01
3.919684825785724769e+01
3.997662680921290246e+01
4.064746712890541147e+01
4.064903659662036972e+01
4.175815179019045331e+01
4.168136870405786709e+01
4.120948822116497468e+01
4.193471647184238549e+01
4.245348473598736661e+01
4.068622081330037332e+01
4.144288007173614119e+01
4.212707238988814140e+01
4.207469886789238700e+01
4.305573970912008264e+01
4.288831831459242494e+01
4.241384420506760478e+01
4.292389524427795777e+01
4.143553148725875701e+01
4.141618093562821912e+01
4.211389350425923794e+01
4.102776025024962081e+01
4.161870870298464098e+01
4.145238978690069587e+01
4.063421034570075108e+01
4.116553884085180215e+01
4.135484013969237083e+01
4.109851705849345649e+01
4.129145082021660329e+01
4.246232864699170761e+01
4.113091305768784878e+01
4.101412232602297792e+01
4.036143240704974033e+01
3.966625508992964910e+01
4.052863065469613701e+01
4.131064299091914194e+01
4.173454216247199611e+01
4.048149513898196261e+01
4.072783504831409118e+01
4.005293129135985453e+01
4.089294877099103331e+01
4.204934775364029775e+01
4.212041551690617069e+01
4.265618451298230696e+01
4.369192276769707206e+01
4.514037896925394477e+01
4.462997571265408681e+01
4.539603530998754621e+01
4.440093982363521974e+01
4.172023578971441538e+01
4.167526499161188269e+01
4.142452837180847069e+01
4.140629017344641483e+01
4.235553602967923581e+01
4.270552002273012704e+01
4.178112255696348143e+01
4.222674106887799184e+01
4.331529477417305429e+01
4.345533638516766928e+01
4.371795164383592436e+01
4.303837133584897856e+01
4.281705005942561826e+01
4.223742014030774072e+01
4.239515338926592136e+01
4.183781517352618096e+01
4.191578366501656205e+01
4.292561717796488097e+01
4.190051647024128556e+01
4.241834765022964149e+01
4.265841751677970706e+01
4.166562855721494429e+01
4.212800151710796115e+01
4.182413399643973406e+01
4.236014146050851537e+01
4.240679370601496601e+01
4.312950976870445885e+01
4.390710029422903204e+01
4.466029902749421154e+01
4.311255355882872209e+01
4.241391927215094881e+01
4.173938265655631596e+01
4.222972965244012755e+01
4.316654354705778474e+01
4.365013680997270740e+01
4.457420218357275843e+01
4.498848288207406654e+01
4.484731543387498931e+01
4.514655040035245293e+01
4.475659092428027463e+01
4.469701796630407387e+01
4.417130242529443507e+01
4.439829810198503424e+01
4.425059422928836028e+01
4.285118620812263401e+01
4.411179480619321680e+01
4.251950314409179299e+01
4.216014013822053386e+01
4.349819743845339559e+01
4.299957675346292518e+01
4.435265213373516247e+01
4.374510847081598541e+01
4.205388951115788387e+01
4.163887676546813310e+01
4.207651547673064840e+01
4.214853869954615107e+01
4.213327198700822152e+01
4.319216049932118295e+01
4.280601091118760593e+01
4.261570051986888785e+01
4.210335411251984539e+01
4.144344698915466552e+01
4.075969461028523000e+01
4.115078509150689001e+01
4.182461429672024877e+01
4.215865208506335193e+01
4.258522364276456074e+01
4.268807909966390213e+01
4.304845297491333156e+01
4.384877708987972511e+01
4.406768691798810522e+01
4.413555428454355223e+01
4.507373953927208987e+01
4.352767297609798192e+01
4.360803845048931038e+01
4.264526477777707214e+01
4.283563137506534702e+01
4.222603087211391681e+01
4.225569507219747578e+01
4.223924285143986879e+01
4.215930473612803553e+01
4.346528003519969729e+01
4.249724946045650853e+01
4.361513538443324478e+01
4.360993378274443444e+01
4.281431591973261419e+01
4.299814269197968031e+01
4.301510616378854479e+01
4.268921943783291084e+01
4.340156105638808270e+01
4.317828927755024182e+01
4.339052566535384159e+01
4.305886915481036681e+01
4.333980953989782137e+01
4.378212784528874835e+01
4.326799026529614167e+01
4.328363879685037574e+01
4.352462297723020868e+01
4.299092775646223430e+01
4.421084995979098409e+01
4.381009214637353466e+01
4.420502967656143767e+01
4.567994098166734318e+01
4.580039919790059599e+01
4.575783381899074698e+01
4.581868777300061879e+01
4.484522933687077284e+01
4.468994377703064913e+01
4.441771676134199254e+01
4.418312572823709417e+01
4.359247687931749482e+01
4.487084836989836134e+01
4.571704870339218019e+01
4.553763457994338637e+01
4.637732263076670591e+01
4.734308837918142387e+01
4.652590389902077561e+01
4.721455307450000305e+01
4.839568469919686322e+01
4.881929844915173078e+01
4.768133004098820749e+01
4.659216341750737911e+01
4.570056512268680393e+01
4.377435576662598748e+01
4.348838678816573378e+01
4.350461409318528894e+01
4.402369884988105042e+01
4.484547008625511211e+01
4.516992648723194037e+01
4.562596996682652417e+01
4.557711255924154869e+01
4.817671979575165153e+01
4.776416249607807174e+01
4.854260627122346961e+01
4.942985722552283789e+01
4.878826815069024292e+01
4.807101319466004696e+01
4.810235424506829816e+01
4.808795929939887515e+01
4.744797614186411039e+01
4.716832755732870908e+01
4.565061038057245923e+01
4.542444321858304335e+01
4.518101805237207458e+01
4.477590132147916790e+01
4.573643960576650613e+01
4.596271104772498006e+01
4.780210709206773600e+01
4.823800353677741271e+01
4.805342715869032588e+01
4.819125773658939238e+01
4.808923626966501530e+01
4.759646703634144416e+01
4.601479518080459741e+01
4.610542609876548426e+01
4.575993207888173941e+01
4.634448637497274603e+01
4.684085394530140434e+01
4.699857944963838463e+01
4.687174302924378821e+01
4.691270316890683745e+01
4.692469371514700782e+01
4.691319718983163511e+01
4.572713128367107061e+01
4.494509041894617241e+01
4.492181275121119910e+01
4.562377273824522206e+01
4.584611973511823635e+01
4.734956173791626810e+01
4.813999711086231059e+01
4.843644736336973722e+01
4.860586786375580459e+01
4.809386349436434216e+01
4.755988706202873573e+01
4.690486655274341388e+01
4.743181507840823485e+01
4.695751139509058447e+01
4.708657694754398904e+01
4.608265343027979810e+01
4.560242626471403327e+01
4.432716614827914015e+01
4.453704402456855149e+01
4.600797902314916143e+01
4.653130280510170280e+01
4.665790284654740105e+01
4.751376534223238224e+01
4.673232695308636409e+01
4.473775435110594856e+01
4.460471614904839299e+01
4.495538897608022211e+01
4.451266140200562660e+01
4.563904281299769394e+01
4.611639963614621252e+01
4.624261930196532688e+01
4.661262059365903809e+01
4.774174203333123501e+01
4.839116650908172801e+01
4.834073985781331118e+01
4.830967019949808616e+01
4.832292484522830023e+01
4.683726300882586457e+01
4.810247983219229440e+01
4.881871023757792472e+01
4.781322455427478246e+01
4.785655193089460369e+01
4.694962624604057311e+01
4.670927586275065835e+01
4.768478314869461343e+01
4.798453917690436299e+01
4.742965956677146266e+01
4.709892284939583362e+01
4.663287791702320817e+01
4.508168072734374476e+01
4.634200786928529681e+01
4.621287824189234072e+01
4.722088452573275674e+01
4.774037704718243447e+01
4.856181751152737291e+01
4.852697728419816769e+01
5.017724315439172500e+01
4.961085264029684083e+01
5.029146391977564434e+01
5.027630133709954663e+01
5.050836262290084733e+01
4.979889693537191420e+01
5.004706567109413129e+01
4.960214327657029543e+01
4.839885977180385623e+01
4.857120515191566312e+01
4.929213825922900583e+01
4.898740312177499590e+01
4.966560368737280129e+01
4.983241418566188941e+01
5.120177657529968940e+01
5.034404300122319853e+01
5.088367788200581998e+01
5.065354125602048185e+01
4.976937899437916712e+01
4.825710250939447832e+01
4.766144464968553507e+01
4.763072908960380403e+01
4.754416411023449029e+01
4.775506948384290951e+01
4.807340047406447070e+01
4.854333712806327839e+01
4.753688569973291322e+01
4.805396279408192584e+01
4.758858346118859117e+01
4.793807098303150127e+01
4.870524158347092225e+01
4.992355085448384955e+01
4.907502165786877413e+01
4.949634707624686314e+01
4.935669061107056166e+01
5.007859230971951803e+01
4.876737460999451912e+01
5.018020299976413412e+01
5.041999882831337487e+01
5.023057196914821532e+01
5.111057503974468119e+01
5.197626278593196503e+01
5.087511011734877542e+01
4.996781004956209671e+01
5.033985343897698783e+01
4.829988382557526450e+01
4.725165472405355871e+01
4.820115699490477823e+01
4.799990070072774273e+01
4.827971836955608609e+01
4.752545066401490459e+01
4.757792854908947788e+01
4.653781690583888775e+01
4.676084638197279730e+01
4.585389252610782762e+01
4.721710140249626164e+01
4.809916878052354861e+01
4.714573160177065603e+01
4.799975549167650257e+01
4.801570744936121571e+01
4.739388663211067865e+01
4.771122136680497761e+01
4.848487366380313546e+01
4.858027636012644734e+01
4.808624128543372223e+01
4.779263958735684525e+01
4.745400449799549847e+01
4.667704234250411588e+01
4.569699483636110671e+01
4.595570455463844439e+01
4.625987826738268893e+01
4.701128412134750079e+01
4.714469096074729038e+01
4.839758285176743158e+01
4.927852059855285916e+01
4.998751800713865379e+01
5.010807551540092675e+01
5.150789621007081820e+01
5.196172135336036035e+01
5.209694640384626751e+01
5.176623960599943786e+01
5.232561207297075612e+01
5.040527514593018310e+01
4.959975637384098945e+01
4.874849030872169209e+01
4.874688078757478138e+01
5.008366260544897131e+01
5.092617950449646003e+01
5.163512122945562766e+01
5.062457942023235802e+01
4.937888886606005912e+01
4.883953805506452284e+01
4.950680981515730394e+01
4.854209280957496730e+01
4.826381529764040579e+01
4.856773674691416431e+01
4.815792308174643210e+01
4.826270709376345280e+01
4.837059617573113712e+01
4.924799281326483680e+01
5.007024005681564915e+01
5.027295360998667206e+01
5.046504838360132794e+01
5.052135723621677954e+01
5.090125176478668578e+01
5.105290396700043942e+01
5.035697669595533910e+01
5.051257131810566392e+01
5.143852820434386786e+01
5.053598129289172647e+01
5.043734632845399801e+01
4.974801185371953238e+01
4.886422790634353674e+01
4.936252156665851487e+01
4.927686741017233629e+01
4.923567976780236677e+01
5.104442978047006108e+01
4.972469883172919225e+01
4.992872118280089921e+01
4.939902611249675601e+01
4.952939532019591695e+01
4.973664260399576875e+01
5.113024461243909968e+01
5.102338338159583486e+01
5.242408245026522451e+01
5.199059459025365015e+01
5.154966840193394262e+01
5.061783803761642986e+01
4.977720081798179308e+01
4.848624554388177899e+01
4.925504473172984632e+01
4.971612192519742734e+01
5.094677706795064154e+01
5.079471555440549224e+01
5.107897908818302568e+01
4.951848875569480413e+01
4.881570357948723426e+01
4.915928643025580413e+01
5.032647213445480361e+01
5.112435777009838489e+01
5.219576770859450932e+01
5.212612511431828466e+01
5.157640853346632070e+01
5.084553453327339412e+01
5.079136570933999906e+01
5.066135444931956755e+01
5.110367520648203055e+01
4.947190082376928899e+01
4.966936958984334183e+01
4.926326000208703704e+01
4.899557105078234542e+01
4.887185457509013986e+01
4.948935121641704171e+01
5.034450966306371811e+01
5.075291905694074757e+01
5.092737769531748881e+01
5.230437910127150758e+01
5.147637632914723582e+01
5.160357965133434988e+01
5.197238240683125809e+01
5.099050175888029912e+01
5.148706628070461022e+01
5.093722807875156633e+01
5.102741505997720139e+01
5.067002466618074408e+01
5.031057998764320160e+01
5.047194134901906182e+01
5.177299332176942670e+01
5.153168388804884614e+01
5.239429960771715855e+01
5.274283132310594624e+01
5.262599495579946307e+01
5.240838888572748999e+01
5.230171330537727670e+01
5.130707592529494576e+01
5.239163246866485935e+01
5.200366622369813996e+01
5.105291891492963430e+01
5.149216211458090697e+01
5.298709360435269389e+01
5.121266425203739914e+01
5.133519496219427225e+01
5.163430601095476646e+01
5.135515338015049736e+01
5.209964954731057674e+01
5.312643046014346737e+01
5.524647257517985111e+01
5.565617342277001001e+01
5.560608866729782562e+01
5.715267622176533990e+01
5.585371877399003182e+01
5.516469510357349293e+01
5.346746065959632688e+01
5.374284646119983933e+01
5.214414463155915058e+01
5.230334963898631884e+01
5.280977543218736514e+01
5.289545059886647493e+01
5.287731386653447174e+01
5.250051302605022130e+01
5.149204096864449554e+01
5.223792281262211645e+01
5.277250746315539942e+01
5.229106019288056473e+01
5.260924461999212554e+01
5.253473867160212052e+01
5.130776538662812669e+01
5.067639174756001808e+01
5.189020149736327170e+01
5.331899599156428593e+01
5.254776882041556973e+01
5.287113080607172577e+01
5.268022988735096845e+01
5.157559577056365896e+01
4.965885432013413237e+01
4.892832155895423796e+01
4.978245365100366371e+01
5.128297912456559970e+01
5.251326435813753335e+01
5.278084452927955539e+01
5.433299529392814975e+01
5.348860833834643813e+01
5.358912193134733570e+01
5.263245541929320837e+01
5.332825896440331093e+01
5.292148593731559458e+01
5.326447183927464124e+01
5.025990246396217032e+01
5.066032490781036302e+01
4.995437105844165870e+01
5.020566918391241984e+01
5.024356673725099398e+01
5.204622312174579690e+01
5.240098019374713090e+01
5.219718475544262049e+01
5.091410626668283612e+01
5.192056558564314628e+01
5.106586193373232163e+01
5.028182027707712365e+01
5.071512889759421228e+01
5.103736249040818507e+01
5.170219564083505048e+01
5.170521913022817984e+01
5.204104661685934730e+01
5.174377021579675073e+01
5.207855492082882876e+01
5.152224624806370201e+01
5.129124981862349131e+01
5.052475629771468135e+01
5.182138006400577268e+01
5.281807423275051150e+01
5.320806819669909515e+01
5.409514774995934516e+01
5.580125118739442058e+01
5.645134643193707547e+01
5.671833699781628013e+01
5.577821446771814351e+01
5.512630068635427705e+01
5.446902597180707062e+01
5.301951666747007863e+01
5.138363399152458300e+01
5.211982029474738454e+01
5.155098157107125445e+01
5.123926050457153281e+01
5.103912492129764189e+01
5.137565284019426315e+01
5.027499055730910982e+01
4.973026517225031284e+01
5.001613317763530375e+01
5.178995726014541390e+01
5.195359351308213292e+01
5.247102113482079488e+01
5.273780965519797093e+01
5.204842232654523571e+01
5.131182592883555316e+01
5.065874102657390665e+01
5.111000580289780970e+01
5.178915064163565773e+01
5.240927648863939936e+01
5.211183171753172161e+01
5.176622867992322341e+01
5.095639410578271367e+01
5.228688375052981741e+01
5.200936340077503672e+01
5.192435866981373493e+01
5.417388493689054485e+01
5.443487997248198695e+01
5.359693750208018059e+01
5.353358540427925760e+01
5.306643739145668093e+01
5.112234605084125860e+01
5.320202011645058349e+01
5.277628550604825364e+01
5.285044198768687096e+01
5.406625081008662903e+01
5.381555667041068602e+01
5.155415904981160224e+01
5.249400622966091134e+01
5.259751835475196202e+01
5.124746124061279318e+01
5.221463059563392761e+01
5.349468365013697024e+01
5.238051603168394621e+01
5.210594676383418999e+01
5.227500453113870549e+01
5.224864868641189020e+01
5.137427550922851793e+01
5.152411648614392448e+01
5.135510631005064397e+01
5.166976403291443631e+01
5.117911935894689890e+01
5.135055025866095235e+01
5.281048285298370359e+01
5.236247359209035324e+01
5.255479830509115402e+01
5.248289088493603316e+01
5.285598656082467528e+01
5.254359730979681586e+01
5.266335240247384064e+01
5.358054153960885913e+01
5.367805924566005160e+01
5.455826414507444611e+01
5.475269493111305508e+01
5.587102504226297839e+01
5.537732546029894110e+01
5.426350921233272118e+01
5.344737507895673900e+01
5.267484097162303414e+01
5.103875109538657284e+01
5.135686621161475784e+01
5.145056392146716462e+01
5.162449291548600883e+01
5.136155424949797776e+01
5.169053942938483459e+01
5.214353743677186515e+01
5.323755708659882657e+01
5.301743270339460423e+01
5.344612552529854099e+01
5.333074920966427612e+01
5.324560431028756113e+01
5.213497144940197359e+01
5.263457221988794288e+01
5.278168974775833533e+01
5.339050465959098091e+01
5.245947697438741386e+01
5.363438395546790360e+01
5.193742675404532605e+01
5.198329954317955526e+01
5.091453728057737038e+01
5.226197941298865146e+01
5.184402453903284425e+01
5.252456369484672649e+01
5.186481062507916562e+01
5.218092849517258713e+01
5.100212069614192245e+01
5.079886119107797526e+01
5.199299981097693291e+01
5.336216817257832190e+01
5.401691564994813177e+01
5.486461894164367692e+01
5.558204781140787532e+01
5.596942145722288586e+01
5.628305017817375955e+01
5.582014217125585986e+01
5.501256355057832792e+01
5.407705706217139863e+01
5.346661361841113802e+01
5.356082946702186121e+01
5.369452519008201108e+01
5.365242206853472595e+01
5.271824702990736711e+01
5.213399281248494077e+01
5.270553546855752103e+01
5.345464720968639227e+01
5.268464804193544637e+01
5.363110861193000289e+01
5.491781399644784045e+01
5.420339964032110203e+01
5.418558832339671483e+01
5.602537187096497462e+01
5.611937637756549435e+01
5.715839114640685636e+01
5.735840049369650728e+01
5.497028640043724579e+01
5.461464516785593304e+01
5.432335197553031492e+01
5.350797653455799008e+01
5.421953923889948612e+01
5.568922040536816098e+01
5.687362428847414719e+01
5.648621386470099992e+01
5.820364386542427582e+01
5.649448312931462368e+01
5.741915296930850587e+01
5.700848585784774514e+01
5.578908305080125274e+01
5.372635071243402649e+01
5.499011425335000069e+01
5.438009217997415590e+01
5.366266787856777398e+01
5.416088934855972781e+01
5.472280581059830951e+01
5.418226536311323116e+01
5.438920909251132940e+01
5.455744342143110970e+01
5.555447134391649655e+01
5.418713336150536009e+01
5.437210268020744763e+01
5.595436823519168001e+01
5.666899529096301080e+01
5.686905423104169444e+01
5.740832126396215074e+01
5.659883790737158904e+01
5.610130782692074547e+01
5.490978108910510969e+01
5.484323220251771858e+01
5.566895573939392960e+01
5.553811757149955497e+01
5.538426628347483671e+01
5.618511111678066072e+01
5.656457549284803576e+01
5.544757400649142909e+01
5.504910413972791616e+01
5.569437848637260657e+01
5.628962387291416292e+01
5.464594165229692635e+01
5.436922635701935747e+01
5.360123000781219815e+01
5.201392385148226083e+01
5.146260984853269349e+01
5.236467722293958360e+01
5.236434232032362246e+01
5.288645681756842976e+01
5.306449334691588859e+01
5.414447595204702424e+01
5.423177907541824538e+01
5.614407194442816262e+01
5.713817727271246127e+01
5.729322524913673931e+01
5.798346512909454020e+01
5.767396192882360850e+01
5.741071840942463211e+01
5.609873030919216319e+01
5.632561475437563558e+01
5.780743780144816668e+01
5.858497195817479053e+01
5.823441824969437874e+01
5.822917288130095415e+01
5.734892146195804941e+01
5.682444304263096768e+01
5.386827029459814042e+01
5.403463002561677087e+01
5.456732415507735112e+01
5.481575554027475761e+01
5.444892297620922506e+01
5.462592807645683735e+01
5.466731698435898323e+01
5.451499627071726195e+01
5.343995036362096585e+01
5.329422509225482685e+01
5.457979987826902146e+01
5.491056774353373982e+01
5.491989823956315320e+01
5.476236566802358396e+01
5.498068776113397860e+01
5.576231147408939393e+01
5.512358644160298127e+01
5.598169474289721848e+01
5.730990898144094814e+01
5.671573595990501104e+01
5.614078696995876072e+01
5.617240440888299702e+01
5.516292939301580844e+01
5.529432654278219417e+01
5.533309904134195989e+01
5.523212805439270312e+01
5.411844640518955174e+01
5.391245816121954704e+01
5.366909584853897996e+01
5.350580365467241961e+01
5.315667312025335178e+01
5.544342178145519995e+01
5.653598404638832875e+01
5.709554646884112827e+01
5.733259407881953251e+01
5.788106716183776257e+01
5.721305939793842299e+01
5.642815276610015474e+01
5.511186500002982314e+01
5.516255804587968470e+01
5.546007530842349098e+01
5.443759931793612594e+01
5.362059463748551025e+01
5.450792741847578071e+01
5.548935588489170811e+01
5.475631673177233694e+01
5.534408210806613226e+01
5.645191442241602431e+01
5.703447097368620433e+01
5.675364588150875278e+01
5.667469614701382596e+01
5.688889419819864912e+01
5.800303992828511923e+01
5.734771077693968522e+01
5.690507499040086969e+01
5.656183926551106822e+01
5.664868312093401670e+01
5.519661091712054457e+01
5.522355109185157573e+01
5.428826172583841014e+01
5.402384327112126527e+01
5.422895834648803515e+01
5.414978001645548744e+01
5.377528966113932540e+01
5.444143280034714394e+01
5.526898277366071710e+01
5.464789995088465702e+01
5.532040826747830664e+01
5.603692783849569281e+01
5.604457169228329860e+01
5.689861704229405603e+01
5.681444392398453402e+01
5.564131538608386052e+01
5.513306734389100683e+01
5.465104538550838953e+01
5.422887878374541515e+01
5.521793820857795509e+01
5.592714466135070950e+01
5.675346720861964656e+01
5.750798566665244493e+01
5.837345861464126529e+01
5.857429658850506371e+01
5.915578056349171732e+01
5.825524790209347969e+01
5.749076369473405634e+01
5.663744012213444989e+01
5.686117092528219530e+01
5.610132771050231071e+01
5.737159136036549967e+01
5.689860238746130250e+01
5.673490944103154021e+01
5.609719601810741807e+01
5.665750071209092908e+01
5.433671429743545644e+01
5.416254762639348286e+01
5.419875760301074763e+01
5.418768003716169090e+01
5.424410931066105945e+01
5.575902316614415355e+01
5.688431197229522951e+01
5.757206501046799474e+01
5.735459958339109932e+01
5.765426263949106556e+01
5.495935112686083102e+01
5.510776450432389595e+01
5.492207808640835509e+01
5.490827685668905644e+01
5.457766557186216971e+01
5.565533552968096842e+01
5.649725252733637149e+01
5.560517840704396519e+01
