1.061878864358958907e+01
1.011635134490648369e+01
1.102218846009639286e+01
1.122885616369214645e+01
1.171526764229463424e+01
1.318062434712676101e+01
1.526628446625814917e+01
1.530870403056964513e+01
1.581400998520065038e+01
1.840563025825548138e+01
1.896643609734433866e+01
2.007825573319892243e+01
2.226638714181116541e+01
2.345051547273884651e+01
2.368896894606218240e+01
2.593090671212657128e+01
2.645903958757764940e+01
2.808268785232611719e+01
2.848846990591635020e+01
2.946262849056515165e+01
3.087392355543126143e+01
3.009038037033402802e+01
3.061600097580740609e+01
2.907840954807678457e+01
2.912988705514361243e+01
2.918371928011101701e+01
2.992106851631528031e+01
2.998471534783745085e+01
3.062730138284142356e+01
3.067058379444972260e+01
3.115438952232111092e+01
3.089266805152612960e+01
3.151503752548046222e+01
3.239400003876733791e+01
3.325173495469414320e+01
3.269669002099810484e+01
3.249724458281936990e+01
3.155234297737466065e+01
3.181373455057094901e+01
3.233509925253659389e+01
3.313498162959663773e+01
3.370241773587549261e+01
3.433877751912599052e+01
3.461792030663961128e+01
3.420779192310408945e+01
3.395051598342819688e+01
3.535670774927528015e+01
3.468680869383845078e+01
3.579827773075657404e+01
3.655977103061913169e+01
3.701777587799398361e+01
3.700405577031635573e+01
3.549645040055994372e+01
3.549849135275940171e+01
3.424243146987009112e+01
3.536011531362081683e+01
3.611014410886331660e+01
3.533574007460099864e+01
3.351163228045433584e+01
3.272247518883396111e+01
3.352329063948782562e+01
3.473692927289307875e+01
3.446858747820216706e+01
3.492289324816145069e+01
3.438164130124921058e+01
3.387574272641165152e+01
3.400588078695935224e+01
3.484416698387102684e+01
3.640835013012300436e+01
3.639626743156335920e+01
3.679893387112327474e+01
3.622648166042554863e+01
3.714491554957137964e+01
3.688168484557544247e+01
3.653152662600279399e+01
3.544290381542116819e+01
3.510466474900651690e+01
3.502911146068467474e+01
3.529336452380699996e+01
3.604401468714156920e+01
3.692102960293439651e+01
3.784710293137036530e+01
3.680079143876093184e+01
3.660943088069488738e+01
3.642910385583638089e+01
3.694126056337286457e+01
3.763367086545891027e+01
3.869020214860127282e+01
3.892361288767417449e+01
3.841690516164911884e+01
3.689749296681041102e+01
3.736259669662777583e+01
3.683381737220999241e+01
3.771338165110211804e+01
3.685384725472146528e+01
3.727817790333413939e+01
3.753531288424113654e+01
3.718258550304643251e+01
3.850776044240063811e+01
3.819122483864497752e+01
3.859378533372550635e+01
3.882190925387094893e+01
3.862879938378231515e+01
3.868528833825806856e+01
3.765288319684037788e+01
3.772042209150035319e+01
3.798148947422379251e+01
3.725334916268663932e+01
3.714332661475900466e+01
3.875626104242751069e+01
3.911557653750394792e+01
4.084900685329323267e+01
4.065399384645238001e+01
3.900564238355893565e+01
3.873656456063638132e+01
3.770978331634916714e+01
3.842927039467421224e+01
3.803145725642224306e+01
3.748438667980598638e+01
3.828322653072669368e+01
3.924757565771725609e+01
4.000210270968425164e+01
4.115096865254884761e+01
4.016572455614348058e+01
3.904931553918604692e+01
3.988390426722076398e+01
3.959413933398294461e+01
4.074084458837820222e+01
4.113650327020664577e+01
3.982207002694208597e+01
3.999116505964510537e+01
3.873732284933595338e+01
3.844221385816079106e+01
3.895249917117148186e+01
3.840694973474342078e+01
3.845277871792249869e+01
3.796436804351185401e+01
3.742905958976321301e+01
3.884848534880178761e+01
3.981495824353908120e+01
4.059654011801244877e+01
4.056399102457908157e+01
3.929209887392886458e+01
3.910442326145584246e+01
3.857514207427626474e+01
3.859111854844691436e+01
3.898215813299412957e+01
3.951702398338752431e+01
4.052867290119709764e+01
3.976151197673376458e+01
3.854546599178353716e+01
3.929688047391105243e+01
3.959959607158492645e+01
4.109402891106161348e+01
4.209132089330331894e+01
4.190354577155837745e+01
4.189226311130330060e+01
4.147047039202987406e+01
4.163959067252053359e+01
4.119528440016497939e+01
4.091578066837391248e+01
4.012041654742287022e+01
4.057073056772875930e+01
4.050056705288804437e+01
4.006134206737338843e+01
4.131875526243526764e+01
4.044605381829367019e+01
4.054620294245116696e+01
4.100172090523625457e+01
4.078000445828543974e+01
4.109544717851473905e+01
4.178247744455928370e+01
4.044859593681220389e+01
3.998948222178162126e+01
3.963983331648461217e+01
3.931840954597102922e+01
4.028032033929636668e+01
4.072118717400637422e+01
4.011708853503885308e+01
4.011056135356734842e+01
3.963099262188188732e+01
4.016931039001642034e+01
3.975662105925594147e+01
4.059620117821656748e+01
4.121743053493083409e+01
4.061862481850887718e+01
4.173494217567122178e+01
4.073705317247681279e+01
3.975443613292520695e+01
4.068939664183962179e+01
4.045655899729834459e+01
4.108223205132163258e+01
4.215703049460314134e+01
4.212511143478445774e+01
4.229594914250794346e+01
4.246531762789621212e+01
4.173410550349062476e+01
4.218664751139106528e+01
4.230101046719528313e+01
4.232896200558192845e+01
4.247363107175529251e+01
4.303828321650838262e+01
4.337643400663959881e+01
4.398894878670252240e+01
4.457149922466184933e+01
4.594048200104986535e+01
4.336352506057794187e+01
4.262191600219297527e+01
4.245905480843295976e+01
4.048195914640605508e+01
4.173507398960333603e+01
4.108511113901610656e+01
4.067699927224958856e+01
4.122704900945613815e+01
4.069309530823601762e+01
4.160422246798264467e+01
4.130985334167170464e+01
4.158193158289230240e+01
4.119467203317202575e+01
4.104350454394053571e+01
4.185940618820004744e+01
4.183862672446883835e+01
4.182401593189761968e+01
4.140688003410024720e+01
4.063828398439778766e+01
4.212293959490911277e+01
4.268640059526151731e+01
4.326498041726086541e+01
4.367461312274647156e+01
4.334533612808620262e+01
4.331480900450606697e+01
4.291665746787257518e+01
4.328764443169995246e+01
4.379221959369303363e+01
4.323420502622934691e+01
4.339895332167444053e+01
4.361460902471405632e+01
4.369042949269213949e+01
4.449946235772316072e+01
4.414225476930609915e+01
4.456538327709482417e+01
4.384888329993086131e+01
4.374780288798478978e+01
4.442921270158219471e+01
4.417534617492531623e+01
4.377164819169798449e+01
4.477637992678997136e+01
4.386912376355564191e+01
4.436071671494830326e+01
4.486164113776872142e+01
4.558834678292736697e+01
4.652026264398691779e+01
4.682597428447554933e+01
4.629207200151304136e+01
4.500103746888143519e+01
4.463407627541853628e+01
4.529018770283670392e+01
4.505054212326039220e+01
4.532088837564164407e+01
4.621106218326962534e+01
4.662638836425776390e+01
4.682788805476638316e+01
4.752409018390436302e+01
4.695409508606359594e+01
4.635842666347523533e+01
4.671394912184482706e+01
4.520501807155042684e+01
4.507154974203547937e+01
4.533274183427189996e+01
4.619375689453406864e+01
4.661897948360613242e+01
4.647647822600730194e+01
4.741375452775783117e+01
4.566898098675693518e+01
4.601887918426618995e+01
4.560849498683987235e+01
4.564896266643707179e+01
4.613149283162810832e+01
4.565912789899096680e+01
4.592560874097818413e+01
4.534189062468517761e+01
4.562586251691099193e+01
4.560166153044587389e+01
4.538374484939825493e+01
4.480203484055945751e+01
4.432698878859591929e+01
4.490606992058759062e+01
4.443928317037888576e+01
4.426348261767787307e+01
4.435342080123421482e+01
4.389162488654238814e+01
4.435983649022897879e+01
4.446934763442345684e+01
4.390488515864834795e+01
4.452784857736862278e+01
4.448506346969731595e+01
4.575774595987920890e+01
4.571063912870462786e+01
4.554686438149249028e+01
4.523422021889398081e+01
4.453231284086305664e+01
4.374120518811732694e+01
4.437528065051031945e+01
4.484976056520523002e+01
4.481977004396590303e+01
4.448330423716951998e+01
4.448824701235391643e+01
4.439979392939054037e+01
4.411030752834176383e+01
4.323881992302591470e+01
4.280843853106987495e+01
4.278659859583647318e+01
4.326686396700096537e+01
4.404423753618694803e+01
4.444924381878484354e+01
4.488214046513034816e+01
4.398064142796003750e+01
4.390856318637791134e+01
4.313828550969806486e+01
4.275090344509585805e+01
4.209247252595895361e+01
4.265273163448760130e+01
4.368994741907881973e+01
4.463915076438147622e+01
4.431848809259153654e+01
4.419043417285404018e+01
4.373884036520540519e+01
4.450943061216960217e+01
4.477407312333396305e+01
4.500176152247510686e+01
4.464835388265834126e+01
4.471666098225747987e+01
4.492774247033542423e+01
4.497096051188027843e+01
4.433133283255600787e+01
4.450882681676896624e+01
4.399847714515724562e+01
4.391369935815845338e+01
4.471099801888858849e+01
4.421756070573639619e+01
4.478526206094197448e+01
4.529723390854172038e+01
4.467747195261527082e+01
4.499845894375672373e+01
4.591590612783764414e+01
4.530937210459224929e+01
4.614422957437000861e+01
4.610003091416842125e+01
4.491565253408518288e+01
4.452343484004595808e+01
4.210784255453268798e+01
4.327236457829468463e+01
4.380015617612710344e+01
4.569137195538977636e+01
4.504691948464049034e+01
4.476500969720917311e+01
4.531994178349675906e+01
4.386216047023342668e+01
4.325584124591944857e+01
4.343229031340283797e+01
4.457978469542347710e+01
4.412784475719422517e+01
4.577865518096641750e+01
4.699436899265686662e+01
4.641847728124876227e+01
4.601455326489215025e+01
4.693505141581129436e+01
4.573630765069557214e+01
4.570339103909945777e+01
4.425810680924551832e+01
4.440571890688761414e+01
4.537449763375632017e+01
4.612511976711144257e+01
4.672812299641781664e+01
4.835136696038828319e+01
4.748034460815697599e+01
4.785196103659472300e+01
4.734983194231263326e+01
4.685719201957019209e+01
4.752000890052610771e+01
4.703554189805829111e+01
4.809376900697097312e+01
4.745122714623526150e+01
4.692280595450611713e+01
4.626831033822560357e+01
4.715219338463745657e+01
4.600505619645625188e+01
4.632664008472164596e+01
4.660192005201636078e+01
4.594736827758686815e+01
4.705071421896641226e+01
4.761336056515843040e+01
4.722965877972193738e+01
4.751733200967336757e+01
4.730001717842426245e+01
4.644292542643361088e+01
4.635521363379413629e+01
4.648182248496726032e+01
4.538616402276726802e+01
4.537574512694217788e+01
4.554419335255649770e+01
4.571110160270811917e+01
4.591385788810967483e+01
4.695919120048649376e+01
4.670102856724501805e+01
4.797755282483097261e+01
4.824682835193191721e+01
4.827287764575625317e+01
4.930197874965993066e+01
4.837517788220868198e+01
4.752537546215068431e+01
4.686457842331940071e+01
4.600025369466026604e+01
4.721589676870385688e+01
4.721729868326033852e+01
4.774392233225995597e+01
4.837463443124764950e+01
4.763107325010557958e+01
4.721236315943738049e+01
4.591054569911172933e+01
4.576242807160249981e+01
4.588157616395398009e+01
4.709589085175009870e+01
4.765628855599797475e+01
4.877588222760553549e+01
4.955918000850908101e+01
4.922718514762009079e+01
4.907778308877430362e+01
4.814492047085823856e+01
4.789354134973118704e+01
4.631231328726690322e+01
4.647804473652734458e+01
4.616459709538103340e+01
4.672500131409137225e+01
4.633089485451449718e+01
4.582454547944752221e+01
4.677756102440755370e+01
4.687275557047151864e+01
4.697380827957871929e+01
4.679418556138291763e+01
4.690463585892474896e+01
4.634108919112432545e+01
4.669840519244910126e+01
4.838703421208126088e+01
4.916066996099755926e+01
4.905676547155213285e+01
4.948657521770937961e+01
5.028801960518390501e+01
4.944542196422575842e+01
4.795163333135757000e+01
4.793303167821577659e+01
4.813759471117594302e+01
4.713025030169929153e+01
4.770830493782789006e+01
4.783592898061456822e+01
4.810346210264322764e+01
4.776221759944656498e+01
4.724793524804958622e+01
4.703323895144318101e+01
4.763977356815991726e+01
4.700822657825985829e+01
4.793028071889310127e+01
4.763389067214347961e+01
4.833157057217036368e+01
4.809973628123375988e+01
4.861626778263370596e+01
4.747837906429487020e+01
4.575435531718055415e+01
4.580541475067961699e+01
4.518127350744450155e+01
4.483343855700891112e+01
4.615604539825475428e+01
4.656855271315109945e+01
4.623160055618232178e+01
4.723103554737713949e+01
4.732385241314659652e+01
4.629799012748782872e+01
4.620580251391162818e+01
4.661144213262868163e+01
4.621895610878316063e+01
4.598226624021517495e+01
4.650670719494493710e+01
4.559413124082681890e+01
4.551891061428447927e+01
4.501728974335005518e+01
4.487752878981834215e+01
4.535565145711792923e+01
4.551820823091274093e+01
4.579176852975913903e+01
4.566196445267495818e+01
4.612387930789718382e+01
4.581916929251143955e+01
4.586281637300842107e+01
4.565239145217528716e+01
4.654053560619787078e+01
4.548882213321448376e+01
4.504729037551383186e+01
4.581114155809071065e+01
4.540316616506000003e+01
4.595675464563748136e+01
4.629036778188037005e+01
4.676362357053423580e+01
4.751535296788377138e+01
4.731221484842132696e+01
4.705259632843689133e+01
4.746735492220759056e+01
4.822795241900449525e+01
4.746475993629643853e+01
4.783191228899882930e+01
4.871407806382635641e+01
4.909116193153892027e+01
4.894778448230200496e+01
4.963037015848007627e+01
4.866213631415864427e+01
4.881565470688928343e+01
4.767570142213673279e+01
4.616862581936127441e+01
4.658114977376375521e+01
4.700057545523593916e+01
4.703760123821626848e+01
4.866611710584744088e+01
4.904630824726824301e+01
4.877426659568241973e+01
4.963729481521718867e+01
4.859207188784473175e+01
4.859941416853273211e+01
4.851266315395179163e+01
4.826236724177780957e+01
4.774178912651515105e+01
4.689850591775013555e+01
4.669897371179445145e+01
4.642444740681933268e+01
4.718519732913055265e+01
4.809520202968338509e+01
4.839349466888498341e+01
4.853441805639634055e+01
4.920712731865753398e+01
4.887243549766513695e+01
4.917341879417635653e+01
4.844586475758072197e+01
4.890481223040676895e+01
4.920944497555420583e+01
5.016860713614882883e+01
5.064927181685278867e+01
5.102425438858984563e+01
5.058464001593701909e+01
5.040042256159809142e+01
4.945208878552817566e+01
4.835887016321159848e+01
4.921107305144775523e+01
4.989475999115623495e+01
5.004856171270990473e+01
5.000874484986058377e+01
5.082057348201886526e+01
5.087343209436113511e+01
4.969898594830068816e+01
4.882890318173893007e+01
5.012229393379341502e+01
4.997053634629625662e+01
4.945938661425425664e+01
4.903750213235984035e+01
4.855968784964937157e+01
4.867284601834066393e+01
4.823819824824843039e+01
4.842669862630802413e+01
4.859466689635313941e+01
4.836446798136646663e+01
4.812837681445957827e+01
4.791744106226893507e+01
4.853545034198669583e+01
4.828506540787744683e+01
4.779602235366795071e+01
4.748281705317548784e+01
4.772368383136642223e+01
4.767425059256611064e+01
4.916046366000530554e+01
5.044335460996578036e+01
5.144914068273585173e+01
5.160400533850474147e+01
5.213906043985782190e+01
5.195763451578388725e+01
5.090364901967625144e+01
5.062160219402002781e+01
5.061102153962951888e+01
5.064457051399862308e+01
5.043686274952271731e+01
4.936212852063230372e+01
4.915186679798579661e+01
4.828891370939037131e+01
4.808985152413334418e+01
4.925225546704950119e+01
5.030190920060745441e+01
5.007949446160454698e+01
5.108967136082505789e+01
5.124282054546353038e+01
5.055260416723687911e+01
4.965317884967217310e+01
4.946991993304067137e+01
4.990143917469733736e+01
4.912092782530813651e+01
4.954484184007938552e+01
4.986792542422089269e+01
5.039711310290181956e+01
4.922350656614494824e+01
5.028355854732576802e+01
5.086516596269748192e+01
5.105879577101983102e+01
5.132802002439996869e+01
5.196043018511782208e+01
5.196803431534144835e+01
5.163430535972648272e+01
5.171140086251235601e+01
5.183236974949322473e+01
5.173629643614331286e+01
5.076262293963656447e+01
5.067013684248146888e+01
5.039821483732539775e+01
5.029326873123009989e+01
5.058950447479730173e+01
5.014784072526514791e+01
4.981003986980563525e+01
4.930599040968575508e+01
4.962218398714909284e+01
4.966920161486184782e+01
4.991928160079189780e+01
5.084785995959239813e+01
5.112866592992413928e+01
4.972053923528252284e+01
4.989200299653619197e+01
4.922066176329506249e+01
4.927699312052391889e+01
4.997351266751395116e+01
5.137254032650593416e+01
5.046078183227922409e+01
5.121465062036333649e+01
5.146214176437872823e+01
5.078834666786064389e+01
5.017328837346255455e+01
5.091339183992732842e+01
5.113624959725650143e+01
5.160062033866638842e+01
5.220897870173686783e+01
5.167879571326299981e+01
5.295955910394677346e+01
5.188672527741241680e+01
5.118594498179187013e+01
5.090801633237216350e+01
5.165836302623674214e+01
5.023928475513198322e+01
5.045400870283361883e+01
4.916427858537998929e+01
4.915249760030474135e+01
4.987075308622804215e+01
5.028352425027733830e+01
5.120965316027275804e+01
5.208361924924301434e+01
5.209813157749935897e+01
5.126966819721819490e+01
5.030914368404861392e+01
4.983027723195493053e+01
4.934076232407310414e+01
5.106202194195481070e+01
5.203371099297215352e+01
5.264276257037388973e+01
5.332940925705201352e+01
5.354078062527164406e+01
5.338228115838807497e+01
5.291879446299410006e+01
5.312923689271416805e+01
5.297275975984006635e+01
5.305805461229294195e+01
5.308674084063931531e+01
5.202932600859447376e+01
5.186133858112756911e+01
5.293016724782394533e+01
5.234968329086020589e+01
5.313332217053620354e+01
5.325538765812773789e+01
5.398013156246808819e+01
5.413321980022153213e+01
5.409886696395550842e+01
5.396808165921726186e+01
5.512246000738178964e+01
5.514073000048164630e+01
5.556737705667748628e+01
5.426864575593711493e+01
5.432946997036407311e+01
5.413168398462094189e+01
5.413109383045518541e+01
5.301871850614541160e+01
5.416166586248288439e+01
5.453476831539335024e+01
5.586100526288735324e+01
5.542083884389651871e+01
5.578819541419825612e+01
5.536586844563674248e+01
5.606506637216372724e+01
5.538364100402066725e+01
5.537417712427446759e+01
5.503977449611473105e+01
5.445330303880644607e+01
5.418519789416787802e+01
5.279937836169399645e+01
5.274554847029075688e+01
5.274683980106860304e+01
5.257108577442308217e+01
5.266673868467631081e+01
5.246396235633266514e+01
5.175807258665827959e+01
5.163145166535459651e+01
5.210926378311424401e+01
5.215305845377358196e+01
5.279601273118882432e+01
5.367373234481061672e+01
5.326734666042111854e+01
5.300859238853090716e+01
5.262614432100670570e+01
5.329552369996541472e+01
5.344308888066074559e+01
5.519347462756141454e+01
5.539351753060218186e+01
5.584017619235734742e+01
5.533918274108083324e+01
5.527462682906072899e+01
5.402918266094228983e+01
5.434381208192422719e+01
5.361685053571110160e+01
5.382070978363007185e+01
5.258140250866284049e+01
5.370846036669101409e+01
5.363841136266972143e+01
5.408154936916400146e+01
5.451796883357544488e+01
5.562779364414446803e+01
5.590075803902588802e+01
5.392515605201242579e+01
5.328877167566255935e+01
5.214806078541554513e+01
5.215323520348143660e+01
5.209124249396060691e+01
5.312529355656614172e+01
5.340343777044674312e+01
5.374639897809187516e+01
5.297514035560241297e+01
5.187253458915542126e+01
5.219627992582626774e+01
5.266477687516088935e+01
5.403049758003385961e+01
5.481381887702156064e+01
5.580982535780177045e+01
5.652784348654709845e+01
5.684661395302650533e+01
5.568761844721458232e+01
5.414035264931457192e+01
5.425745481632725387e+01
5.400143375061595208e+01
5.288843628162236143e+01
5.296937983496371771e+01
5.252646236710192795e+01
5.334744200440727724e+01
5.229803605188259752e+01
5.320893665316948784e+01
5.308701955983371334e+01
5.350157419624776622e+01
5.309528610655846848e+01
5.291369934802979458e+01
5.300729326944225051e+01
5.412641227018465884e+01
5.395633439467071923e+01
5.330244837731261498e+01
5.393220501630138841e+01
5.530392774628867159e+01
5.571696965316652239e+01
5.611778068088688087e+01
5.688284002494143010e+01
5.668904533457362760e+01
5.636789281834775522e+01
5.593311308489901279e+01
5.629012991784555453e+01
5.429220283799686797e+01
5.377165294266230688e+01
5.390255200180209272e+01
5.360114288520691161e+01
5.338907827744802148e+01
5.442248259972903668e+01
5.535592050676090281e+01
5.452250111901852847e+01
5.412255702161386495e+01
5.439294907776355359e+01
5.317341165451460938e+01
5.344777415934049714e+01
5.376864171302366202e+01
5.425439841033298904e+01
5.417720991129216657e+01
5.431884817774309226e+01
5.476777965285049277e+01
5.478788284252070895e+01
5.558022257031684887e+01
5.536606910298201001e+01
5.511338943112692590e+01
5.499096157042191635e+01
5.497316827973550346e+01
5.509006562445302535e+01
5.464027663417446945e+01
5.612033245348702337e+01
5.593367687399811672e+01
5.603078059190456628e+01
5.500672337631440456e+01
5.493615887779873219e+01
5.444928385239527557e+01
5.433024045723585971e+01
5.374803717717292528e+01
5.390732905709855771e+01
5.396463858317663664e+01
5.564424712542872697e+01
5.657829601929149277e+01
5.678573394684946152e+01
5.768634787886539783e+01
5.826035595331388350e+01
5.706033923022194188e+01
5.491055454183475604e+01
5.468889417694555277e+01
5.562576686367733458e+01
5.621058669455457846e+01
5.720421617637226319e+01
5.679964563826017354e+01
5.712918306682163916e+01
5.599800061234827808e+01
5.699617352753286781e+01
5.553790454692799017e+01
5.602024246516958783e+01
5.692276244183008771e+01
5.698809746194277182e+01
5.669686980089955597e+01
5.629375682973893902e+01
5.701100716837659377e+01
5.750433019850623140e+01
5.796376400439713450e+01
5.757613799998683390e+01
5.725926405902379202e+01
5.661820401681250559e+01
5.635425336794011031e+01
5.579250608234617204e+01
5.731370632668129161e+01
5.715125213507249669e+01
5.732598727425910567e+01
5.731785681920113973e+01
5.778015926307696049e+01
5.780368596008771220e+01
5.672392713378594920e+01
5.680813399352843618e+01
5.712722540713723163e+01
5.705566894079039031e+01
5.520323152049621740e+01
5.547981794511841969e+01
5.530266717446252045e+01
5.508997647037080014e+01
5.592153812884179587e+01
5.578430664400141126e+01
5.581518576869678583e+01
5.632144396006980003e+01
5.554638883545329975e+01
5.571924248103812971e+01
5.634618989112263421e+01
5.751058444493936861e+01
5.751082833605887856e+01
5.800400408199778468e+01
5.789714730245064089e+01
5.822825549889650887e+01
5.872238614866587625e+01
5.720868572288449627e+01
5.741726128537658269e+01
5.804282725287777112e+01
5.813017249800631703e+01
5.657005699789240794e+01
5.670723972223744624e+01
5.634563900812872816e+01
5.477708473033672476e+01
5.436444897052257375e+01
5.533136696290759460e+01
5.568085369328034773e+01
5.593838610321715521e+01
5.691991062345259422e+01
5.610112844214197025e+01
5.679396163587939839e+01
5.644184446433149560e+01
5.632714654632237483e+01
5.585328899758416554e+01
5.619339644361554775e+01
5.521878110316551158e+01
5.659706215988435929e+01
5.612516219469311096e+01
5.590771226822628392e+01
5.477264307660189502e+01
5.563083452013393071e+01
5.675952715333054499e+01
5.600495658583128034e+01
5.696060711506011387e+01
5.734650685239111567e+01
5.579590730120207809e+01
5.536850856956018418e+01
5.701931727258251925e+01
5.707203248614408864e+01
5.823153332316867647e+01
5.889226637402082787e+01
5.975331410981847569e+01
5.741742246663375937e+01
5.859333058038464515e+01
5.738606851854816426e+01
5.652851399875478933e+01
5.590071235034559294e+01
5.619553360608370696e+01
5.635570170109011201e+01
5.786604430611815530e+01
5.721056812162733252e+01
5.762429479071136740e+01
5.698612270321759610e+01
5.567749428362797204e+01
5.478878857337900854e+01
5.408050557232257205e+01
5.379687688345419616e+01
5.447087624979294418e+01
5.533775521174411693e+01
5.624360224541973707e+01
5.587543166455393617e+01
5.623798471624275663e+01
5.695292060247158616e+01
5.698877617867938028e+01
5.765859977656553070e+01
5.843150773217747940e+01
5.972947747411731001e+01
6.081322627040783146e+01
5.970771564625544414e+01
5.877578000077493670e+01
5.653126114963584570e+01
5.460334238339660828e+01
5.454622003655443052e+01
5.482886923615784269e+01
5.568497616205985423e+01
5.773521048143047096e+01
5.810375117942924561e+01
5.916629889882362647e+01
5.938787563799635905e+01
5.917681244370367466e+01
5.868808075843529792e+01
5.927750572921983974e+01
5.893934999522918616e+01
5.865237939720555715e+01
5.799937599557338075e+01
5.886230129927360366e+01
5.943283853668171446e+01
5.803970629104761514e+01
5.886101927095918995e+01
5.879337405841241093e+01
5.799776972812655629e+01
5.750747814375185385e+01
5.603068935010060159e+01
5.605621686367553735e+01
5.613505666627506230e+01
5.768428590504602482e+01
5.851389121801825155e+01
5.995671877119493587e+01
6.012448133010188656e+01
6.085975148949236768e+01
5.939564652563035452e+01
5.869807156882384902e+01
5.896001163337795248e+01
5.859177705697951666e+01
5.817287988184728675e+01
5.823886611010691183e+01
5.759397837903664197e+01
5.821286444188108078e+01
5.736185944208252607e+01
5.771070418633349419e+01
5.825602758041079454e+01
5.931539217573153167e+01
6.086965014649523908e+01
