2.043000000000000000e+03
4.096000000000000000e+03
6.133000000000000000e+03
8.184000000000000000e+03
1.023900000000000000e+04
1.228800000000000000e+04
1.433300000000000000e+04
1.634200000000000000e+04
1.841700000000000000e+04
2.047500000000000000e+04
2.247500000000000000e+04
2.453000000000000000e+04
2.658500000000000000e+04
2.863000000000000000e+04
3.067300000000000000e+04
3.274400000000000000e+04
3.480600000000000000e+04
3.684300000000000000e+04
3.886500000000000000e+04
4.092100000000000000e+04
4.299600000000000000e+04
4.502200000000000000e+04
4.707100000000000000e+04
4.910400000000000000e+04
5.116600000000000000e+04
5.323300000000000000e+04
5.529200000000000000e+04
5.734400000000000000e+04
5.939100000000000000e+04
6.141200000000000000e+04
6.345800000000000000e+04
6.548000000000000000e+04
6.756900000000000000e+04
6.956500000000000000e+04
7.163400000000000000e+04
7.370900000000000000e+04
7.574000000000000000e+04
7.779900000000000000e+04
7.982800000000000000e+04
8.187500000000000000e+04
8.394100000000000000e+04
8.600700000000000000e+04
8.798900000000000000e+04
9.010200000000000000e+04
9.215100000000000000e+04
9.419500000000000000e+04
9.622400000000000000e+04
9.827000000000000000e+04
1.003430000000000000e+05
1.023840000000000000e+05
1.043910000000000000e+05
1.064920000000000000e+05
1.085270000000000000e+05
1.105700000000000000e+05
1.126390000000000000e+05
1.146460000000000000e+05
1.166720000000000000e+05
1.187790000000000000e+05
1.208120000000000000e+05
1.228540000000000000e+05
1.249110000000000000e+05
1.269380000000000000e+05
1.289980000000000000e+05
1.309990000000000000e+05
1.330420000000000000e+05
1.351650000000000000e+05
1.371860000000000000e+05
1.391950000000000000e+05
1.412580000000000000e+05
1.433080000000000000e+05
1.454060000000000000e+05
1.474330000000000000e+05
1.494840000000000000e+05
1.515420000000000000e+05
1.535840000000000000e+05
1.556050000000000000e+05
1.576950000000000000e+05
1.597430000000000000e+05
1.617490000000000000e+05
1.638350000000000000e+05
1.658190000000000000e+05
1.678860000000000000e+05
1.699150000000000000e+05
1.720310000000000000e+05
1.740410000000000000e+05
1.761010000000000000e+05
1.781240000000000000e+05
1.801890000000000000e+05
1.822350000000000000e+05
1.842620000000000000e+05
1.863530000000000000e+05
1.883620000000000000e+05
1.904150000000000000e+05
1.924350000000000000e+05
1.945260000000000000e+05
1.965300000000000000e+05
1.986300000000000000e+05
2.006870000000000000e+05
2.026970000000000000e+05
2.047840000000000000e+05
2.068370000000000000e+05
2.088550000000000000e+05
2.108970000000000000e+05
2.129580000000000000e+05
2.149710000000000000e+05
2.170880000000000000e+05
2.191090000000000000e+05
2.211360000000000000e+05
2.231880000000000000e+05
2.252190000000000000e+05
2.272670000000000000e+05
2.293440000000000000e+05
2.314160000000000000e+05
2.333870000000000000e+05
2.354370000000000000e+05
2.375570000000000000e+05
2.395390000000000000e+05
2.416560000000000000e+05
2.436520000000000000e+05
2.456890000000000000e+05
2.477550000000000000e+05
2.498290000000000000e+05
2.518210000000000000e+05
2.539060000000000000e+05
2.559490000000000000e+05
2.580460000000000000e+05
2.600610000000000000e+05
2.621050000000000000e+05
2.641130000000000000e+05
2.662090000000000000e+05
2.682590000000000000e+05
2.702890000000000000e+05
2.723440000000000000e+05
2.743850000000000000e+05
2.764770000000000000e+05
2.784890000000000000e+05
2.805150000000000000e+05
2.825650000000000000e+05
2.845870000000000000e+05
2.866550000000000000e+05
2.887050000000000000e+05
2.907530000000000000e+05
2.928620000000000000e+05
2.948730000000000000e+05
2.969240000000000000e+05
2.989520000000000000e+05
3.009690000000000000e+05
3.030840000000000000e+05
3.051250000000000000e+05
3.071610000000000000e+05
3.092010000000000000e+05
3.112820000000000000e+05
3.132870000000000000e+05
3.153670000000000000e+05
3.174090000000000000e+05
3.194260000000000000e+05
3.214930000000000000e+05
3.234760000000000000e+05
3.255660000000000000e+05
3.275760000000000000e+05
3.296900000000000000e+05
3.317160000000000000e+05
3.338140000000000000e+05
3.358060000000000000e+05
3.378740000000000000e+05
3.399670000000000000e+05
3.419860000000000000e+05
3.439740000000000000e+05
3.460830000000000000e+05
3.481440000000000000e+05
3.501750000000000000e+05
3.522550000000000000e+05
3.542850000000000000e+05
3.562990000000000000e+05
3.583650000000000000e+05
3.604280000000000000e+05
3.624640000000000000e+05
3.645330000000000000e+05
3.665620000000000000e+05
3.686270000000000000e+05
3.706840000000000000e+05
3.726840000000000000e+05
3.747690000000000000e+05
3.767860000000000000e+05
3.788590000000000000e+05
3.809030000000000000e+05
3.829580000000000000e+05
3.849690000000000000e+05
3.870410000000000000e+05
3.890560000000000000e+05
3.910980000000000000e+05
3.931460000000000000e+05
3.952380000000000000e+05
3.972670000000000000e+05
3.993020000000000000e+05
4.013220000000000000e+05
4.033890000000000000e+05
4.054880000000000000e+05
4.075350000000000000e+05
4.095360000000000000e+05
4.115710000000000000e+05
4.136610000000000000e+05
4.157210000000000000e+05
4.177840000000000000e+05
4.198280000000000000e+05
4.218820000000000000e+05
4.238570000000000000e+05
4.259550000000000000e+05
4.279590000000000000e+05
4.300690000000000000e+05
4.320850000000000000e+05
4.341140000000000000e+05
4.361460000000000000e+05
4.381880000000000000e+05
4.402570000000000000e+05
4.422710000000000000e+05
4.444020000000000000e+05
4.463930000000000000e+05
4.485100000000000000e+05
4.504780000000000000e+05
4.525710000000000000e+05
4.546520000000000000e+05
4.567000000000000000e+05
4.587000000000000000e+05
4.606910000000000000e+05
4.628430000000000000e+05
4.648150000000000000e+05
4.668840000000000000e+05
4.689350000000000000e+05
4.710390000000000000e+05
4.730110000000000000e+05
4.751320000000000000e+05
4.771270000000000000e+05
4.791560000000000000e+05
4.812700000000000000e+05
4.832460000000000000e+05
4.853340000000000000e+05
4.873890000000000000e+05
4.894180000000000000e+05
4.914590000000000000e+05
4.935630000000000000e+05
4.955050000000000000e+05
4.976570000000000000e+05
4.996660000000000000e+05
5.016690000000000000e+05
5.037530000000000000e+05
5.057730000000000000e+05
5.078970000000000000e+05
5.098960000000000000e+05
5.119950000000000000e+05
5.139500000000000000e+05
5.160710000000000000e+05
5.180950000000000000e+05
5.201900000000000000e+05
5.221930000000000000e+05
5.242780000000000000e+05
5.263170000000000000e+05
5.283760000000000000e+05
5.303780000000000000e+05
5.323590000000000000e+05
5.345110000000000000e+05
5.365640000000000000e+05
5.385680000000000000e+05
5.406540000000000000e+05
5.426090000000000000e+05
5.446880000000000000e+05
5.468140000000000000e+05
5.488640000000000000e+05
5.508200000000000000e+05
5.529300000000000000e+05
5.549840000000000000e+05
5.569960000000000000e+05
5.590810000000000000e+05
5.611210000000000000e+05
5.631280000000000000e+05
5.652140000000000000e+05
5.672660000000000000e+05
5.693050000000000000e+05
5.713770000000000000e+05
5.733410000000000000e+05
5.754770000000000000e+05
5.774240000000000000e+05
5.795650000000000000e+05
5.816120000000000000e+05
5.836330000000000000e+05
5.856890000000000000e+05
5.877160000000000000e+05
5.898130000000000000e+05
5.918350000000000000e+05
5.938700000000000000e+05
5.959600000000000000e+05
5.979590000000000000e+05
5.999770000000000000e+05
6.021010000000000000e+05
6.040740000000000000e+05
6.061660000000000000e+05
6.081720000000000000e+05
6.102220000000000000e+05
6.123420000000000000e+05
6.143210000000000000e+05
6.164230000000000000e+05
6.184230000000000000e+05
6.205300000000000000e+05
6.225410000000000000e+05
6.245890000000000000e+05
6.266170000000000000e+05
6.286860000000000000e+05
6.307690000000000000e+05
6.328070000000000000e+05
6.348450000000000000e+05
6.368660000000000000e+05
6.389310000000000000e+05
6.410060000000000000e+05
6.429910000000000000e+05
6.451200000000000000e+05
6.471090000000000000e+05
6.491420000000000000e+05
6.511960000000000000e+05
6.532610000000000000e+05
6.552950000000000000e+05
6.572650000000000000e+05
6.593910000000000000e+05
6.613960000000000000e+05
6.634780000000000000e+05
6.655880000000000000e+05
6.676480000000000000e+05
6.696890000000000000e+05
6.717300000000000000e+05
6.737710000000000000e+05
6.758210000000000000e+05
6.778720000000000000e+05
6.799130000000000000e+05
6.819310000000000000e+05
6.839450000000000000e+05
6.860700000000000000e+05
6.880710000000000000e+05
6.901610000000000000e+05
6.922150000000000000e+05
6.942350000000000000e+05
6.963060000000000000e+05
6.983490000000000000e+05
7.004040000000000000e+05
7.023890000000000000e+05
7.044950000000000000e+05
7.065340000000000000e+05
7.085860000000000000e+05
7.106130000000000000e+05
7.126970000000000000e+05
7.146960000000000000e+05
7.167840000000000000e+05
7.187770000000000000e+05
7.207760000000000000e+05
7.228940000000000000e+05
7.249590000000000000e+05
7.269720000000000000e+05
7.290500000000000000e+05
7.310840000000000000e+05
7.330900000000000000e+05
7.351870000000000000e+05
7.372800000000000000e+05
7.392530000000000000e+05
7.413130000000000000e+05
7.434220000000000000e+05
7.454100000000000000e+05
7.473980000000000000e+05
7.495220000000000000e+05
7.515370000000000000e+05
7.536240000000000000e+05
7.557020000000000000e+05
7.577560000000000000e+05
7.597940000000000000e+05
7.618060000000000000e+05
7.638820000000000000e+05
7.659070000000000000e+05
7.678700000000000000e+05
7.699820000000000000e+05
7.720190000000000000e+05
7.740340000000000000e+05
7.761200000000000000e+05
7.781980000000000000e+05
7.802750000000000000e+05
7.822460000000000000e+05
7.843500000000000000e+05
7.864080000000000000e+05
7.884600000000000000e+05
7.904290000000000000e+05
7.925730000000000000e+05
7.945620000000000000e+05
7.966660000000000000e+05
7.986590000000000000e+05
8.007670000000000000e+05
8.027500000000000000e+05
8.047650000000000000e+05
8.068660000000000000e+05
8.089130000000000000e+05
8.109390000000000000e+05
8.129790000000000000e+05
8.150890000000000000e+05
8.171070000000000000e+05
8.191650000000000000e+05
8.212220000000000000e+05
8.232630000000000000e+05
8.252860000000000000e+05
8.273770000000000000e+05
8.293700000000000000e+05
8.314680000000000000e+05
8.334630000000000000e+05
8.355510000000000000e+05
8.376010000000000000e+05
8.396240000000000000e+05
8.416560000000000000e+05
8.436870000000000000e+05
8.457130000000000000e+05
8.477930000000000000e+05
8.498650000000000000e+05
8.519530000000000000e+05
8.539910000000000000e+05
8.560070000000000000e+05
8.580420000000000000e+05
8.601130000000000000e+05
8.621600000000000000e+05
8.642330000000000000e+05
8.662270000000000000e+05
8.682780000000000000e+05
8.703270000000000000e+05
8.723960000000000000e+05
8.744300000000000000e+05
8.764930000000000000e+05
8.785720000000000000e+05
8.805710000000000000e+05
8.826170000000000000e+05
8.847350000000000000e+05
8.867060000000000000e+05
8.887440000000000000e+05
8.908650000000000000e+05
8.928920000000000000e+05
8.949000000000000000e+05
8.969560000000000000e+05
8.989450000000000000e+05
9.010980000000000000e+05
9.031320000000000000e+05
9.051310000000000000e+05
9.071680000000000000e+05
9.092190000000000000e+05
9.113110000000000000e+05
9.133730000000000000e+05
9.154350000000000000e+05
9.174380000000000000e+05
9.195020000000000000e+05
9.215060000000000000e+05
9.235670000000000000e+05
9.256870000000000000e+05
9.277000000000000000e+05
9.297560000000000000e+05
9.317690000000000000e+05
9.338440000000000000e+05
9.358380000000000000e+05
9.379780000000000000e+05
9.398900000000000000e+05
9.420580000000000000e+05
9.440520000000000000e+05
9.461380000000000000e+05
9.480820000000000000e+05
9.501730000000000000e+05
9.522530000000000000e+05
9.543600000000000000e+05
9.563170000000000000e+05
9.584350000000000000e+05
9.604390000000000000e+05
9.624900000000000000e+05
9.645720000000000000e+05
9.666010000000000000e+05
9.686780000000000000e+05
9.706830000000000000e+05
9.727680000000000000e+05
9.748480000000000000e+05
9.768400000000000000e+05
9.788990000000000000e+05
9.809920000000000000e+05
9.829750000000000000e+05
9.850300000000000000e+05
9.870760000000000000e+05
9.891280000000000000e+05
9.912060000000000000e+05
9.932520000000000000e+05
9.953280000000000000e+05
9.972810000000000000e+05
9.994030000000000000e+05
1.001422000000000000e+06
1.003420000000000000e+06
1.005508000000000000e+06
1.007503000000000000e+06
1.009569000000000000e+06
1.011679000000000000e+06
1.013660000000000000e+06
1.015733000000000000e+06
1.017788000000000000e+06
1.019806000000000000e+06
1.021876000000000000e+06
1.023963000000000000e+06
1.025962000000000000e+06
1.028021000000000000e+06
1.030077000000000000e+06
1.032178000000000000e+06
1.034174000000000000e+06
1.036175000000000000e+06
1.038273000000000000e+06
1.040346000000000000e+06
1.042411000000000000e+06
1.044462000000000000e+06
1.046403000000000000e+06
1.048522000000000000e+06
1.050501000000000000e+06
1.052585000000000000e+06
1.054694000000000000e+06
1.056637000000000000e+06
1.058810000000000000e+06
1.060740000000000000e+06
1.062838000000000000e+06
1.064912000000000000e+06
1.066931000000000000e+06
1.068906000000000000e+06
1.071047000000000000e+06
1.073054000000000000e+06
1.075182000000000000e+06
1.077119000000000000e+06
1.079129000000000000e+06
1.081300000000000000e+06
1.083366000000000000e+06
1.085389000000000000e+06
1.087401000000000000e+06
1.089492000000000000e+06
1.091575000000000000e+06
1.093458000000000000e+06
1.095655000000000000e+06
1.097704000000000000e+06
1.099764000000000000e+06
1.101662000000000000e+06
1.103833000000000000e+06
1.105897000000000000e+06
1.107937000000000000e+06
1.110007000000000000e+06
1.111905000000000000e+06
1.114066000000000000e+06
1.116080000000000000e+06
1.118160000000000000e+06
1.120237000000000000e+06
1.122244000000000000e+06
1.124316000000000000e+06
1.126343000000000000e+06
1.128414000000000000e+06
1.130490000000000000e+06
1.132460000000000000e+06
1.134471000000000000e+06
1.136583000000000000e+06
1.138652000000000000e+06
1.140666000000000000e+06
1.142762000000000000e+06
1.144814000000000000e+06
1.146799000000000000e+06
1.148914000000000000e+06
1.150975000000000000e+06
1.152951000000000000e+06
1.154980000000000000e+06
1.157084000000000000e+06
1.159102000000000000e+06
1.161151000000000000e+06
1.163220000000000000e+06
1.165231000000000000e+06
1.167330000000000000e+06
1.169403000000000000e+06
1.171325000000000000e+06
1.173418000000000000e+06
1.175456000000000000e+06
1.177579000000000000e+06
1.179635000000000000e+06
1.181679000000000000e+06
1.183666000000000000e+06
1.185682000000000000e+06
1.187784000000000000e+06
1.189804000000000000e+06
1.191855000000000000e+06
1.193959000000000000e+06
1.195973000000000000e+06
1.197950000000000000e+06
1.200041000000000000e+06
1.202091000000000000e+06
1.204193000000000000e+06
1.206251000000000000e+06
1.208170000000000000e+06
1.210307000000000000e+06
1.212331000000000000e+06
1.214437000000000000e+06
1.216472000000000000e+06
1.218487000000000000e+06
1.220541000000000000e+06
1.222642000000000000e+06
1.224635000000000000e+06
1.226684000000000000e+06
1.228635000000000000e+06
1.230774000000000000e+06
1.232777000000000000e+06
1.234931000000000000e+06
1.236959000000000000e+06
1.238976000000000000e+06
1.241047000000000000e+06
1.243083000000000000e+06
1.245075000000000000e+06
1.247124000000000000e+06
1.249265000000000000e+06
1.251318000000000000e+06
1.253357000000000000e+06
1.255275000000000000e+06
1.257428000000000000e+06
1.259502000000000000e+06
1.261419000000000000e+06
1.263568000000000000e+06
1.265624000000000000e+06
1.267663000000000000e+06
1.269676000000000000e+06
1.271808000000000000e+06
1.273833000000000000e+06
1.275786000000000000e+06
1.277849000000000000e+06
1.279946000000000000e+06
1.282032000000000000e+06
1.284027000000000000e+06
1.286066000000000000e+06
1.288123000000000000e+06
1.290217000000000000e+06
1.292255000000000000e+06
1.294298000000000000e+06
1.296355000000000000e+06
1.298386000000000000e+06
1.300480000000000000e+06
1.302466000000000000e+06
1.304519000000000000e+06
1.306580000000000000e+06
1.308633000000000000e+06
1.310651000000000000e+06
1.312591000000000000e+06
1.314635000000000000e+06
1.316794000000000000e+06
1.318897000000000000e+06
1.320822000000000000e+06
1.322869000000000000e+06
1.325043000000000000e+06
1.327072000000000000e+06
1.329107000000000000e+06
1.331146000000000000e+06
1.333182000000000000e+06
1.335147000000000000e+06
1.337249000000000000e+06
1.339318000000000000e+06
1.341398000000000000e+06
1.343452000000000000e+06
1.345435000000000000e+06
1.347495000000000000e+06
1.349554000000000000e+06
1.351593000000000000e+06
1.353618000000000000e+06
1.355692000000000000e+06
1.357665000000000000e+06
1.359858000000000000e+06
1.361871000000000000e+06
1.363940000000000000e+06
1.365990000000000000e+06
1.368015000000000000e+06
1.370058000000000000e+06
1.372121000000000000e+06
1.374098000000000000e+06
1.376222000000000000e+06
1.378222000000000000e+06
1.380350000000000000e+06
1.382369000000000000e+06
1.384343000000000000e+06
1.386373000000000000e+06
1.388349000000000000e+06
1.390525000000000000e+06
1.392551000000000000e+06
1.394580000000000000e+06
1.396674000000000000e+06
1.398731000000000000e+06
1.400746000000000000e+06
1.402838000000000000e+06
1.404820000000000000e+06
1.406964000000000000e+06
1.408994000000000000e+06
1.411069000000000000e+06
1.413075000000000000e+06
1.415137000000000000e+06
1.417058000000000000e+06
1.419171000000000000e+06
1.421274000000000000e+06
1.423265000000000000e+06
1.425394000000000000e+06
1.427343000000000000e+06
1.429390000000000000e+06
1.431502000000000000e+06
1.433541000000000000e+06
1.435608000000000000e+06
1.437582000000000000e+06
1.439663000000000000e+06
1.441701000000000000e+06
1.443724000000000000e+06
1.445883000000000000e+06
1.447855000000000000e+06
1.449927000000000000e+06
1.451972000000000000e+06
1.454032000000000000e+06
1.456105000000000000e+06
1.458085000000000000e+06
1.460132000000000000e+06
1.462166000000000000e+06
1.464188000000000000e+06
1.466282000000000000e+06
1.468225000000000000e+06
1.470318000000000000e+06
1.472453000000000000e+06
1.474458000000000000e+06
1.476564000000000000e+06
1.478597000000000000e+06
1.480622000000000000e+06
1.482640000000000000e+06
1.484695000000000000e+06
1.486774000000000000e+06
1.488779000000000000e+06
1.490849000000000000e+06
1.492899000000000000e+06
1.494970000000000000e+06
1.496946000000000000e+06
1.499081000000000000e+06
1.501152000000000000e+06
1.503174000000000000e+06
1.505238000000000000e+06
1.507314000000000000e+06
1.509270000000000000e+06
1.511306000000000000e+06
1.513435000000000000e+06
1.515500000000000000e+06
1.517517000000000000e+06
1.519528000000000000e+06
1.521657000000000000e+06
1.523672000000000000e+06
1.525670000000000000e+06
1.527662000000000000e+06
1.529807000000000000e+06
1.531782000000000000e+06
1.533930000000000000e+06
1.535984000000000000e+06
1.538044000000000000e+06
1.540002000000000000e+06
1.542041000000000000e+06
1.544188000000000000e+06
1.546186000000000000e+06
1.548192000000000000e+06
1.550246000000000000e+06
1.552273000000000000e+06
1.554368000000000000e+06
1.556452000000000000e+06
1.558499000000000000e+06
1.560566000000000000e+06
1.562602000000000000e+06
1.564560000000000000e+06
1.566663000000000000e+06
1.568758000000000000e+06
1.570751000000000000e+06
1.572864000000000000e+06
1.574795000000000000e+06
1.576749000000000000e+06
1.578884000000000000e+06
1.581001000000000000e+06
1.582979000000000000e+06
1.585066000000000000e+06
1.587148000000000000e+06
1.589122000000000000e+06
1.591249000000000000e+06
1.593331000000000000e+06
1.595283000000000000e+06
1.597249000000000000e+06
1.599451000000000000e+06
1.601461000000000000e+06
1.603426000000000000e+06
1.605435000000000000e+06
1.607516000000000000e+06
1.609674000000000000e+06
1.611766000000000000e+06
1.613750000000000000e+06
1.615744000000000000e+06
1.617807000000000000e+06
1.619822000000000000e+06
1.621913000000000000e+06
1.624055000000000000e+06
1.626015000000000000e+06
1.628111000000000000e+06
1.630094000000000000e+06
1.632165000000000000e+06
1.634218000000000000e+06
1.636345000000000000e+06
1.638314000000000000e+06
1.640376000000000000e+06
1.642411000000000000e+06
1.644489000000000000e+06
1.646494000000000000e+06
1.648602000000000000e+06
1.650658000000000000e+06
1.652715000000000000e+06
1.654645000000000000e+06
1.656798000000000000e+06
1.658873000000000000e+06
1.660921000000000000e+06
1.662844000000000000e+06
1.665019000000000000e+06
1.666946000000000000e+06
1.668993000000000000e+06
1.671050000000000000e+06
1.673161000000000000e+06
1.674994000000000000e+06
1.677266000000000000e+06
1.679304000000000000e+06
1.681403000000000000e+06
1.683409000000000000e+06
1.685408000000000000e+06
1.687544000000000000e+06
1.689573000000000000e+06
1.691640000000000000e+06
1.693686000000000000e+06
1.695638000000000000e+06
1.697705000000000000e+06
1.699730000000000000e+06
1.701825000000000000e+06
1.703793000000000000e+06
1.705872000000000000e+06
1.707933000000000000e+06
1.709912000000000000e+06
1.712006000000000000e+06
1.714139000000000000e+06
1.716091000000000000e+06
1.718197000000000000e+06
1.720138000000000000e+06
1.722255000000000000e+06
1.724384000000000000e+06
1.726416000000000000e+06
1.728397000000000000e+06
1.730461000000000000e+06
1.732499000000000000e+06
1.734506000000000000e+06
1.736604000000000000e+06
1.738635000000000000e+06
1.740721000000000000e+06
1.742725000000000000e+06
1.744873000000000000e+06
1.746698000000000000e+06
1.748973000000000000e+06
1.751040000000000000e+06
1.752998000000000000e+06
1.754994000000000000e+06
1.757020000000000000e+06
1.759129000000000000e+06
1.761186000000000000e+06
1.763223000000000000e+06
1.765323000000000000e+06
1.767405000000000000e+06
1.769406000000000000e+06
1.771474000000000000e+06
1.773453000000000000e+06
1.775526000000000000e+06
1.777537000000000000e+06
1.779624000000000000e+06
1.781669000000000000e+06
1.783736000000000000e+06
1.785713000000000000e+06
1.787776000000000000e+06
1.789918000000000000e+06
1.791948000000000000e+06
1.794016000000000000e+06
1.796032000000000000e+06
1.798091000000000000e+06
1.800116000000000000e+06
1.802215000000000000e+06
1.804253000000000000e+06
1.806264000000000000e+06
1.808356000000000000e+06
1.810341000000000000e+06
1.812479000000000000e+06
1.814486000000000000e+06
1.816556000000000000e+06
1.818576000000000000e+06
1.820610000000000000e+06
1.822617000000000000e+06
1.824762000000000000e+06
1.826741000000000000e+06
1.828779000000000000e+06
1.830813000000000000e+06
1.832868000000000000e+06
1.835004000000000000e+06
1.836972000000000000e+06
1.839015000000000000e+06
1.841142000000000000e+06
1.843158000000000000e+06
1.845112000000000000e+06
1.847138000000000000e+06
1.849188000000000000e+06
1.851346000000000000e+06
1.853400000000000000e+06
1.855329000000000000e+06
1.857520000000000000e+06
1.859529000000000000e+06
1.861565000000000000e+06
1.863604000000000000e+06
1.865624000000000000e+06
1.867758000000000000e+06
1.869818000000000000e+06
1.871777000000000000e+06
1.873901000000000000e+06
1.875882000000000000e+06
1.877971000000000000e+06
1.880030000000000000e+06
1.881981000000000000e+06
1.884149000000000000e+06
1.886157000000000000e+06
1.888131000000000000e+06
1.890210000000000000e+06
1.892206000000000000e+06
1.894173000000000000e+06
1.896354000000000000e+06
1.898458000000000000e+06
1.900337000000000000e+06
1.902575000000000000e+06
1.904625000000000000e+06
1.906579000000000000e+06
1.908649000000000000e+06
1.910710000000000000e+06
1.912698000000000000e+06
1.914780000000000000e+06
1.916849000000000000e+06
1.918914000000000000e+06
1.920932000000000000e+06
1.922961000000000000e+06
1.925110000000000000e+06
1.927147000000000000e+06
1.929135000000000000e+06
1.931260000000000000e+06
1.933239000000000000e+06
1.935274000000000000e+06
1.937288000000000000e+06
1.939423000000000000e+06
1.941485000000000000e+06
1.943410000000000000e+06
1.945502000000000000e+06
1.947598000000000000e+06
1.949666000000000000e+06
1.951741000000000000e+06
1.953633000000000000e+06
1.955724000000000000e+06
1.957724000000000000e+06
1.959819000000000000e+06
1.961896000000000000e+06
1.963976000000000000e+06
1.966067000000000000e+06
1.968047000000000000e+06
1.970077000000000000e+06
1.972140000000000000e+06
1.974251000000000000e+06
1.976183000000000000e+06
1.978356000000000000e+06
1.980406000000000000e+06
1.982324000000000000e+06
1.984426000000000000e+06
1.986410000000000000e+06
1.988479000000000000e+06
1.990510000000000000e+06
1.992466000000000000e+06
1.994725000000000000e+06
1.996644000000000000e+06
1.998791000000000000e+06
2.000845000000000000e+06
