-2.457130364030126302e+00
7.218418180403181950e+00
1.003533090156031804e+01
1.294623095409001756e+01
1.486933320516696710e+01
1.633823863047305025e+01
1.751255594622782752e+01
1.885900310971340943e+01
1.897438938108577844e+01
1.931678019986227568e+01
1.996368086389543706e+01
2.038153210618975208e+01
2.089480250774441217e+01
2.139882609610720010e+01
2.199396717094975884e+01
2.255996256724455051e+01
2.285775034307483011e+01
2.312102874388533280e+01
2.359490286354486699e+01
2.398698339879961949e+01
2.438227546327501116e+01
2.489554900793963554e+01
2.523956413851501424e+01
2.534859213036014580e+01
2.570111726974317889e+01
2.591343055861562306e+01
2.608446390322817976e+01
2.621971684573013306e+01
2.644480702208988632e+01
2.661913574887201150e+01
2.676370538752635042e+01
2.692019818652136109e+01
2.709420482343083592e+01
2.722276541714139597e+01
2.726858523795773337e+01
2.728184015771454440e+01
2.745771687056756605e+01
2.762208191838030302e+01
2.779902263867185042e+01
2.791454520293687835e+01
2.799768540208898315e+01
2.820702082798879573e+01
2.838071938233181157e+01
2.856937149339812976e+01
2.869253343863744377e+01
2.883529480412050106e+01
2.901560871262315899e+01
2.916551892391318290e+01
2.932099487154570383e+01
3.004002629895257570e+01
3.044665982782326807e+01
3.082702746894360146e+01
3.110282131621702817e+01
3.137461906837718217e+01
3.165449524611221932e+01
3.178564353513679563e+01
3.195887985419592070e+01
3.223934342619508442e+01
3.248743603054215612e+01
3.259893174304083630e+01
3.278952152983573143e+01
3.295388746616784914e+01
3.313642921906345862e+01
3.312890517056218442e+01
3.324983019904045989e+01
3.349850925684682323e+01
3.355551702079190335e+01
3.371913546527966332e+01
3.373978895141738832e+01
3.397521448708407377e+01
3.394223682692522459e+01
3.401870095091389601e+01
3.416963817713353535e+01
3.424494737219125540e+01
3.438788441867665568e+01
3.448116919939825920e+01
3.460656881859574696e+01
3.477866374709352471e+01
3.493270476706631911e+01
3.515813122690812520e+01
3.535187529316587529e+01
3.558122699884750517e+01
3.578893429372894275e+01
3.617712356736608115e+01
3.636533220537516797e+01
3.660094237583688681e+01
3.666159963455459803e+01
3.677620763879842514e+01
3.688480551147197417e+01
3.712426648702550125e+01
3.717122235959985233e+01
3.729407921941076154e+01
3.739691694900655250e+01
3.733456513072086835e+01
3.744498930946338078e+01
3.747846916794605931e+01
3.755017627701377592e+01
3.766558824911504644e+01
3.781515261151958640e+01
3.786597838385286963e+01
3.799540941779766712e+01
3.807247503491124974e+01
3.817208139749242690e+01
3.811095500125004776e+01
3.842178047054413526e+01
3.865169324076656920e+01
3.875006673343094121e+01
3.895533451491566979e+01
3.931919297557423931e+01
3.952691321015614534e+01
3.975973119917541965e+01
4.003852635923620795e+01
4.031559152921354894e+01
4.042627027432190800e+01
4.075033051542895635e+01
4.101751403401200236e+01
4.118193719072018411e+01
4.157699481028573274e+01
4.189592826218044763e+01
4.222261449941428424e+01
4.255708418015755967e+01
4.293261401926993415e+01
4.325625178078904298e+01
4.363778144778101620e+01
4.439976245350584350e+01
4.477668345929766502e+01
4.505148216170979936e+01
4.538595617087318601e+01
4.575675442190196662e+01
4.602095730265434526e+01
4.633350523008136435e+01
4.664650879892563040e+01
4.682016140167759488e+01
4.713537071707600035e+01
4.733722044616911262e+01
4.776007848299238390e+01
4.806203077775052179e+01
4.854623905641405912e+01
4.896789561479411645e+01
4.945994664047893252e+01
4.985338550149369752e+01
5.018338015383977080e+01
5.092788992320769381e+01
5.133825118492612916e+01
5.183300568521774920e+01
5.237565624566959599e+01
5.272649117252512951e+01
5.317508042699581239e+01
5.359046023106703416e+01
5.410642613020848302e+01
5.459113209843890502e+01
5.491827081853125492e+01
5.546287518169184949e+01
5.594297386084109291e+01
5.639492643815287209e+01
5.686422667230637984e+01
5.719010671840630522e+01
5.753995561919116142e+01
5.794570393260085694e+01
5.826643250438464605e+01
5.854941998058617969e+01
5.888491782059583102e+01
5.926051559057152929e+01
5.947247474863625172e+01
5.973824844348436613e+01
6.014752950636381001e+01
6.049706302125162694e+01
6.078216355695499118e+01
6.098815371685681441e+01
6.131339380162807373e+01
6.146670321915969737e+01
6.181282844992456660e+01
6.200306479116289893e+01
6.214282820255942852e+01
6.239457550968644028e+01
6.267229580814841938e+01
6.277727601388526324e+01
6.294115532871065000e+01
6.327887809769680416e+01
6.353916731469903567e+01
6.386671381794777602e+01
6.431693782747551325e+01
6.461763184189109666e+01
6.498827883701444819e+01
6.533049302385384749e+01
6.560563348068086498e+01
6.582997353351180436e+01
6.619792896698054108e+01
6.627922135932449521e+01
6.657991537335529131e+01
6.668630518609616331e+01
6.691359535851573526e+01
6.708900479523076399e+01
6.739625086504706530e+01
6.771833947268616782e+01
6.813611918564794223e+01
6.843154283671579208e+01
6.886377434501980588e+01
6.910127716842117707e+01
6.925975290228001313e+01
6.955589687272194510e+01
6.984218841073173678e+01
6.975172734673270725e+01
6.992136138680862700e+01
7.024707127523133465e+01
7.063206121665535875e+01
7.085372007437712227e+01
7.116681007970638007e+01
7.162711734251165296e+01
7.193237817446846805e+01
7.228738390638250166e+01
7.270863227899968706e+01
7.311738612767108236e+01
7.352012555135533489e+01
7.384721540660763139e+01
7.402807488769529698e+01
7.427656446942921775e+01
7.487997059564278857e+01
7.527647350128754056e+01
7.563005184113809776e+01
7.597944251502103441e+01
7.628511558400990111e+01
7.670397350537027137e+01
7.707586645472211728e+01
7.757322568630812043e+01
7.809504013476150419e+01
7.844149223922342173e+01
7.883587625013318245e+01
7.927926306666427081e+01
7.972879059505002886e+01
8.010641566929859891e+01
8.041542000758360587e+01
8.062951762910272180e+01
8.101989670566770485e+01
8.149416576149479852e+01
8.187392935115987314e+01
8.227377318656259320e+01
8.281702699835099679e+01
8.315462830202444877e+01
8.345061137743419977e+01
8.383232316329500122e+01
8.406924326142134873e+01
8.456942346034817604e+01
8.473799811488747480e+01
8.501664945755626945e+01
8.539686310304608696e+01
8.568049040713067654e+01
8.601151908508921906e+01
8.634406157213743427e+01
8.686540329277096362e+01
8.736923237064215186e+01
8.786590240891251824e+01
8.810415234321767741e+01
8.836920647007553953e+01
8.865766577243671520e+01
8.896386237430401422e+01
8.916326180517175715e+01
8.946179231888554284e+01
8.954416725475920202e+01
8.968985168131989383e+01
8.983781846071023836e+01
9.003959545539433407e+01
9.011181328292508397e+01
9.024482942028788557e+01
9.047677187781727071e+01
9.064286777831719633e+01
9.079421306678875681e+01
9.093982961294750567e+01
9.096937323234904227e+01
9.110246413889093731e+01
9.121823696270126902e+01
9.130861486778863423e+01
9.117912892481329834e+01
9.130238939698335798e+01
9.138660919269567273e+01
9.154617024246894630e+01
9.154134553180955436e+01
9.137182270913540094e+01
9.136167902349060910e+01
9.137408864601056280e+01
9.150523766195466635e+01
9.161744835241856322e+01
9.164950145858388453e+01
9.156595718083345048e+01
9.156922594847135599e+01
9.145619256056093604e+01
9.137578334545727898e+01
9.133858630879235818e+01
9.146950881278040413e+01
9.145640283604765841e+01
9.164897139722853581e+01
9.158284044378868316e+01
9.145085536348204869e+01
9.135449766860736531e+01
9.106943533555165970e+01
9.098724967933108587e+01
9.080705808425175007e+01
9.076315253815815254e+01
9.078985184947036657e+01
9.067467219146816149e+01
9.067625807264749938e+01
9.061720103155823836e+01
9.052562482768398411e+01
9.038159933083852593e+01
9.021593199588211576e+01
9.017635940950843576e+01
9.013335219789748010e+01
9.029986405014852835e+01
9.041935449196130037e+01
9.040434839546196599e+01
9.046803930498199975e+01
9.058604088781252983e+01
9.062791919546556585e+01
9.063212020198717767e+01
9.055539857841796447e+01
9.031866310754536187e+01
9.022194725398672688e+01
9.038168986824263129e+01
9.034371076517274446e+01
9.037108565524403048e+01
9.043417972105746117e+01
9.055004397902526136e+01
9.063706776152776001e+01
9.054206435954529297e+01
9.044315731563455074e+01
9.050013964809323852e+01
9.072118688108663775e+01
9.078809794391656851e+01
9.072251134675157402e+01
9.077145895627519678e+01
9.086592265057241491e+01
9.087259145002441585e+01
9.090334420596008158e+01
9.088601966695489409e+01
9.091395999942994877e+01
9.103755879431656695e+01
9.089866022041223914e+01
9.080063915943094344e+01
9.065652702006369168e+01
9.050694981768282332e+01
9.053280299774978346e+01
9.047696153794015572e+01
9.051443754459795343e+01
9.067207587634666766e+01
9.065172623306543187e+01
9.072245183128076462e+01
9.067587651679295391e+01
9.059434033785882434e+01
9.050505509742107790e+01
9.038122962576194652e+01
9.037563867512807292e+01
9.044674733505799225e+01
9.054744782798570668e+01
9.047305591988353513e+01
9.054439578779600595e+01
9.061932694722949577e+01
9.054701692345456365e+01
9.037231843395693431e+01
9.035980362845448610e+01
9.041304432662543888e+01
9.049858563719611482e+01
9.059949817425075480e+01
9.064964821110078219e+01
9.069606145178093470e+01
9.093369428113446418e+01
9.103285469778336392e+01
9.107592893699977310e+01
9.107520741936748720e+01
9.124262946411404585e+01
9.123717191708139751e+01
9.124908865927935153e+01
9.116279285891219786e+01
9.111887431981969598e+01
9.110717216820842168e+01
9.082716936112593942e+01
9.077403086192002490e+01
9.089101443381105128e+01
9.091510895244645951e+01
9.090987770707494064e+01
9.090191235966538841e+01
9.103816037364524050e+01
9.114036070151789204e+01
9.121194882498230072e+01
9.129678482589885391e+01
9.149762321616032068e+01
9.160529810600569078e+01
9.170652650168698017e+01
9.157513805481056579e+01
9.167046552154535277e+01
9.183245787878024657e+01
9.204960265848436052e+01
9.210525279310022029e+01
9.218842072924665842e+01
9.229607476950455691e+01
9.242399006014019847e+01
9.262306376943617181e+01
9.280560211867448572e+01
9.285046797916056960e+01
9.304468542345321680e+01
9.318943230776723397e+01
9.317832372304791022e+01
9.347674271864460138e+01
9.354472988642856990e+01
9.356814971802609193e+01
9.372779052071247463e+01
9.375942113959352753e+01
9.407304017364606352e+01
9.404833862283653900e+01
9.405151814102414676e+01
9.408860905457927970e+01
9.419289448394245312e+01
9.420153610146905976e+01
9.420559597897485560e+01
9.409190946489309226e+01
9.395675477424246935e+01
9.392359385763046475e+01
9.386900290956654658e+01
9.374764398401715937e+01
9.360358765138060733e+01
9.363272190679424511e+01
9.375024768773016604e+01
9.373393096673790126e+01
9.386937965362089642e+01
9.409337788890945831e+01
9.419504527391465842e+01
9.431104130355817006e+01
9.422259629681167326e+01
9.416560970427237010e+01
9.421188801668482427e+01
9.420928777593408654e+01
9.411248528195139329e+01
9.415065254074845313e+01
9.413143541131715608e+01
9.409639396596615768e+01
9.419819514572604646e+01
9.430940357623256887e+01
9.460073733454142086e+01
9.483144437078789224e+01
9.481657748161734389e+01
9.491432753186867899e+01
9.504639355951911739e+01
9.510541938218874236e+01
9.525569938497852718e+01
9.550088671785447048e+01
9.562319640041715729e+01
9.574384007286697340e+01
9.586840038749623716e+01
9.595314372132666847e+01
9.604788371920422207e+01
9.617977218151469287e+01
9.611266938358481582e+01
9.621068096526390434e+01
9.630752655725915190e+01
9.617757467799143001e+01
9.630139221061388355e+01
9.636311910416168303e+01
9.638240950400611950e+01
9.648400026342085312e+01
9.637683390823514173e+01
9.645331153402999291e+01
9.651649923320177038e+01
9.654538530553439557e+01
9.663086584619604480e+01
9.670597658224173188e+01
9.665887033892221325e+01
9.680084009623168129e+01
9.703137083689675535e+01
9.712277582028555400e+01
9.733970447614390764e+01
9.744587013228198202e+01
9.763756142368227131e+01
9.786547721492785001e+01
9.806916355254503515e+01
9.816336767598716051e+01
9.826637799775051008e+01
9.836616128844077878e+01
9.850868745169303509e+01
9.855960883557871455e+01
9.863983996407432642e+01
9.886297093740299147e+01
9.902274652291575308e+01
9.903954012398695284e+01
9.896078011650810424e+01
9.900132220767544311e+01
9.899135402791358729e+01
9.905067591814965056e+01
9.907275472918594517e+01
9.911189134547744573e+01
9.914180995546861652e+01
9.920141906190976044e+01
9.930802515211073001e+01
9.925229730409785134e+01
9.917129186995519774e+01
9.916197833428702779e+01
9.917976575762473601e+01
9.916123022479565918e+01
9.912330603853069988e+01
9.905072606956342440e+01
9.903146543718203532e+01
9.916543811741270531e+01
9.909183259230596263e+01
9.918297155689946010e+01
9.928552272206403018e+01
9.920560473667984525e+01
9.923798349517466022e+01
9.928136583724334230e+01
9.937847737167366802e+01
9.949536820066397524e+01
9.944545203387895072e+01
9.951809156092627973e+01
9.955358903254420966e+01
9.957317735011174875e+01
9.970903964759587268e+01
9.983061352779643016e+01
9.980826876010353033e+01
9.970462448781245257e+01
9.976007346081048865e+01
9.977667971935275659e+01
9.982792195376222821e+01
9.988568476973628663e+01
9.972120139292670160e+01
9.959214072680276786e+01
9.960549908588102141e+01
9.966334508639236844e+01
9.971617189875742326e+01
9.978877801285013049e+01
9.966220490820764155e+01
9.956950235987432052e+01
9.939469901537208330e+01
9.942231818978071090e+01
9.935308683245457928e+01
9.946022500345688400e+01
9.939159365018775816e+01
9.947972580079806448e+01
9.937455475341099032e+01
9.949269824777819338e+01
9.959284547354133110e+01
9.972520870739113263e+01
9.976868343910304304e+01
9.976446375694358437e+01
9.967676726030863676e+01
9.972371050140621662e+01
9.992842497130931179e+01
9.980308126905786992e+01
9.981460345919677479e+01
9.989732112630881034e+01
1.000211506846804923e+02
9.999048876178814282e+01
9.994574911781474214e+01
9.996562788603722538e+01
1.000291549384981948e+02
1.000900612612146716e+02
1.000846633487246748e+02
1.001381840384802615e+02
1.001504458369420547e+02
1.001282861658089303e+02
1.001129850008044002e+02
1.001685387443851312e+02
1.001028771703642661e+02
1.001219170103124299e+02
1.001797698951276629e+02
1.002221528193171025e+02
1.002732427158843365e+02
1.004241051500401056e+02
1.003290727836134835e+02
1.002706242263757304e+02
1.002471639142982127e+02
1.001825586895250666e+02
1.001440709764479493e+02
1.001638072125730616e+02
1.002386627275151909e+02
1.001002825014404891e+02
1.000135046368563110e+02
1.000514305130376727e+02
9.989061896989682054e+01
9.991099333523875714e+01
9.998107757370074467e+01
9.990512123204590011e+01
9.982360432287362073e+01
9.991207785335330982e+01
9.980345913490307908e+01
9.986991688057774752e+01
9.978115478752995671e+01
9.971639713962578355e+01
9.947321401273997310e+01
9.936407620916642713e+01
9.930298422465413921e+01
9.911021801506618090e+01
9.910660770163707411e+01
9.900392577289784413e+01
9.888317239000754455e+01
9.873846636064826043e+01
9.885309686227223835e+01
9.882819562763208410e+01
9.875241990492440891e+01
9.851026814357749117e+01
9.860477790933059339e+01
9.847757192128528914e+01
9.844052924763458634e+01
9.836089382975427498e+01
9.829887940784466593e+01
9.832376561652083069e+01
9.822866455295260835e+01
9.822860362843363191e+01
9.809646135800083755e+01
9.813254755205436197e+01
9.800831587987956084e+01
9.802584297272315439e+01
9.810500676586836732e+01
9.788349166649425115e+01
9.794410818957769038e+01
9.791856488323426788e+01
9.780410144793039251e+01
9.791581677098690761e+01
9.793495495791714234e+01
9.789302153898974268e+01
9.788485195283627149e+01
9.792599429146711998e+01
9.780873650815705389e+01
9.781755916350746816e+01
9.795227817898235401e+01
9.806838219115785193e+01
9.801518897196794455e+01
9.808837486694348229e+01
9.819947785681071650e+01
9.834808257047060920e+01
9.848945710030400846e+01
9.861856733157998178e+01
9.868816087408464455e+01
9.875450882227613647e+01
9.873821455002415348e+01
9.877809432985110050e+01
9.870799587445358725e+01
9.878027773528948785e+01
9.879716867001407365e+01
9.872038732253386684e+01
9.872906159255047953e+01
9.879228237804001367e+01
9.890224722599475626e+01
9.891814322445567598e+01
9.897809759411894959e+01
9.890780589250975652e+01
9.891647857409869005e+01
9.890085109784472195e+01
9.905960332347000019e+01
9.922666874469840081e+01
9.939577763866041948e+01
9.936505615455396878e+01
9.944340918977513866e+01
9.953823812832548867e+01
9.947624381167477736e+01
9.956237313660093946e+01
9.963596448107593062e+01
9.970252722812891477e+01
9.952454697977690046e+01
9.960441212721384829e+01
9.961520046803666162e+01
9.965626905013277792e+01
9.979903572255210520e+01
9.964506014637697717e+01
9.970578338483917946e+01
9.964710594418060907e+01
9.969966481473564102e+01
9.981217212323416277e+01
9.992643996595836597e+01
9.995107452511028612e+01
9.998620085040396077e+01
9.995253933866503360e+01
9.987919929979553046e+01
9.981329171271877954e+01
9.971840401009629318e+01
9.973421211864172164e+01
9.967184592021358469e+01
9.975808407340925044e+01
9.973485928905307674e+01
9.964262437129347916e+01
9.964583199229493005e+01
9.960066521743458168e+01
9.965512643487582523e+01
9.969462372694925989e+01
9.978118884251682630e+01
9.995992089784607515e+01
1.000271848712270213e+02
1.001549338187431886e+02
1.002226193238274448e+02
1.001812949404202442e+02
1.001453873458696080e+02
1.001600647781098417e+02
1.001943545284201207e+02
1.003516651349142705e+02
1.003897528895502518e+02
1.004326106059957766e+02
1.004334641300300177e+02
1.002628991712807931e+02
1.003070543176236384e+02
1.002904403319541444e+02
1.003167322968957507e+02
1.003764273746382827e+02
1.003380646254392587e+02
1.004105662278172701e+02
1.002927257086072927e+02
1.003750978807230183e+02
1.003558545462919369e+02
1.005062890895854935e+02
1.006214875762983496e+02
1.006509016966518004e+02
1.006692383010447855e+02
1.005830819501837254e+02
1.005456423647510888e+02
1.004960651294848475e+02
1.006270767434700559e+02
1.004711992456243053e+02
1.003210984779470891e+02
1.002071243351267782e+02
1.000865657029477802e+02
1.000525505769221724e+02
1.001416893681866753e+02
1.001994696083332173e+02
1.001404892390490318e+02
1.001223477228669054e+02
1.001962276940480621e+02
1.001274750577827746e+02
1.001587512119938452e+02
1.001407929553173233e+02
1.001291324910250324e+02
1.000414094694643836e+02
1.001112230281709401e+02
1.000050850856196263e+02
1.001098345738289765e+02
1.001163170529118673e+02
1.001504751034988487e+02
1.001301389987883397e+02
1.000580834953039613e+02
1.002298026377081328e+02
1.002619554455147721e+02
1.003053139135486873e+02
1.004372541883366239e+02
1.004126317239320230e+02
1.002402747183178207e+02
1.001989229280056009e+02
1.001944056398935743e+02
1.002820335430671577e+02
1.004009958968060943e+02
1.003466735760387536e+02
1.002745533734354666e+02
1.002664471611885944e+02
1.002458787772573316e+02
1.002683687995015873e+02
1.001749685940075096e+02
1.002417230355788860e+02
1.001595137916150264e+02
1.001478075654190576e+02
1.000515943100675429e+02
1.001253067152059373e+02
1.000748813747323993e+02
1.001427707926724224e+02
1.001264683019592781e+02
1.002408810454451782e+02
1.002854958485831105e+02
1.001033384673642246e+02
1.001905527297212046e+02
1.003555516164253163e+02
1.004273973113719194e+02
1.004506840512804047e+02
1.005305805772237875e+02
1.004541615767641929e+02
1.004490089704666218e+02
1.004297964331429114e+02
1.004813898668423491e+02
1.002709184909968627e+02
1.002540812716629404e+02
1.001970363549930880e+02
1.002655012932880538e+02
1.002484600326569506e+02
1.002632983056564626e+02
1.001962588179191016e+02
1.001436388291795225e+02
1.000541374513753681e+02
1.000063324631869222e+02
9.991412122979564003e+01
9.995098329894463518e+01
9.996098912225939159e+01
9.989848449819835707e+01
9.994608059372473008e+01
9.976326027404513752e+01
9.961553014717149779e+01
9.966717409042857412e+01
9.985667657854668278e+01
9.984956009890201756e+01
9.981144591396272858e+01
9.963267928004752605e+01
9.961059608153776423e+01
9.966746600709444692e+01
9.963958503086374208e+01
9.968369174395162702e+01
9.972014463687035857e+01
9.965337398896970456e+01
9.957890426315434240e+01
9.955154009217611133e+01
9.963177477609723098e+01
9.963992745517185767e+01
9.956494285155912394e+01
9.953308019457570310e+01
9.965695467204329816e+01
9.969147304273718646e+01
9.966253344208045917e+01
9.967682328042540973e+01
9.969883199566601206e+01
9.963207689146219082e+01
9.970697438111936606e+01
9.962312670710451812e+01
9.960099285289992110e+01
9.939784121610324519e+01
9.925014776272188044e+01
9.947600971734013342e+01
9.954193846316097449e+01
9.961286166366440398e+01
9.961194719263410491e+01
9.966637031477239361e+01
9.970496886178071350e+01
9.972398204712045811e+01
9.978253959223074787e+01
9.974840614552873319e+01
9.978149381242839411e+01
9.987535155448081525e+01
9.997636564727223174e+01
1.000063573634363792e+02
9.995096373383974253e+01
9.993526834996109187e+01
9.994200843217794272e+01
9.987299166640097781e+01
9.985629490349137427e+01
9.977973526720784037e+01
9.985817672657361754e+01
9.995879313365517760e+01
9.987374833593595724e+01
9.997970285343316732e+01
1.000025220547572502e+02
1.002393372268796696e+02
1.002787284637561385e+02
1.002616327715369522e+02
1.003148541441517949e+02
1.003949735864986508e+02
1.004029600507221716e+02
1.005388295046148954e+02
1.005974017654406936e+02
1.005553953582907099e+02
1.005295039157192889e+02
1.005210424976841210e+02
1.006522916407464123e+02
1.006641764028502450e+02
1.007258243067509085e+02
1.007083430905443464e+02
1.006862295211296612e+02
1.006193807180556661e+02
1.007402597387923606e+02
1.008585486490236178e+02
1.009531587904514112e+02
1.009055049257454613e+02
1.008195868802802408e+02
1.009671936748422780e+02
1.010862782693228610e+02
1.012183317726540537e+02
1.010902886179259923e+02
1.010666322844946023e+02
1.011402283819653718e+02
1.012034529934266232e+02
1.012877233424116952e+02
1.011702639555263943e+02
1.012110508912782620e+02
1.010961287152488524e+02
1.012040300260661354e+02
1.011444963441556268e+02
1.012706592606383253e+02
1.013120142374387029e+02
1.014766816517438031e+02
1.015110227189528871e+02
1.015187073704396852e+02
1.015956273400776269e+02
1.015293586884489798e+02
1.015494444744200280e+02
1.015575211255813741e+02
1.015411462333689627e+02
1.015753823789945471e+02
1.015659685659997535e+02
1.015640679042947312e+02
1.014695356383193428e+02
1.013614419711973511e+02
1.014485218663595276e+02
1.013733232709148240e+02
1.012587070310816841e+02
1.012920556323042973e+02
1.012904850556361680e+02
1.012148110753018386e+02
1.012063027501491774e+02
1.014016617223438743e+02
1.014822428900449438e+02
1.013084801376132020e+02
1.012343490827928463e+02
1.012562826714393367e+02
1.011920601853650226e+02
1.012789688185345085e+02
1.012523268489049002e+02
1.014248507171619877e+02
1.013649085037324085e+02
1.014140023338383259e+02
1.014673824532173541e+02
1.014463685549978464e+02
1.014704927442959388e+02
1.014932666206826752e+02
1.014866432926629187e+02
1.015301600920074776e+02
1.015160371008054909e+02
1.014810673110445123e+02
1.013096764935163776e+02
1.013719809191561581e+02
1.012519539598532390e+02
1.013084733561520068e+02
1.013493978353605769e+02
1.014223455667273015e+02
1.014874803163122152e+02
1.013354169490450687e+02
1.011820372759655982e+02
1.011372054150811550e+02
1.011472716973706554e+02
1.011600938533800615e+02
1.012269548043430518e+02
1.012083058630645240e+02
1.012862028472618618e+02
1.013304157117054274e+02
1.014630055848252397e+02
1.013734560295181524e+02
1.014888754659568662e+02
1.015241869297648378e+02
1.015023279128349003e+02
1.015701775259045974e+02
1.015652353360450633e+02
1.015994046656984722e+02
1.015791892962436549e+02
1.016591939581319650e+02
1.016422339438458948e+02
1.015889036275306410e+02
1.016400372286692431e+02
1.016838013840908701e+02
1.016552461096709550e+02
1.017406636227825629e+02
1.020165996662649377e+02
1.022034925208233176e+02
1.022236740348787123e+02
1.021853565602742719e+02
1.021370301508569014e+02
1.021167422706722050e+02
1.020244420659277580e+02
1.020516507481256809e+02
1.020897840700524597e+02
1.021335950241509494e+02
1.022255542765512359e+02
1.022982634315897599e+02
1.024438639237598778e+02
1.024628102903251374e+02
1.025155533276194433e+02
1.024399147565944617e+02
1.024875344258686880e+02
1.025961102960121423e+02
1.025904857905299252e+02
1.027118631358655563e+02
1.027191267802147792e+02
1.027140425899182645e+02
1.026374052574473694e+02
1.027238145791471311e+02
1.027710446150837242e+02
1.028769224406959779e+02
1.028958863699721604e+02
1.028607610373685191e+02
1.028291862016684206e+02
1.028009046831498807e+02
1.027992307174910138e+02
