2.044000000000000000e+03
4.082000000000000000e+03
6.120000000000000000e+03
8.177000000000000000e+03
1.022800000000000000e+04
1.219400000000000000e+04
1.431300000000000000e+04
1.638400000000000000e+04
1.832100000000000000e+04
2.037500000000000000e+04
2.222300000000000000e+04
2.455400000000000000e+04
2.644900000000000000e+04
2.862300000000000000e+04
3.049600000000000000e+04
3.257500000000000000e+04
3.479600000000000000e+04
3.675400000000000000e+04
3.888400000000000000e+04
4.060800000000000000e+04
4.298400000000000000e+04
4.503900000000000000e+04
4.693200000000000000e+04
4.905300000000000000e+04
5.102300000000000000e+04
5.320200000000000000e+04
5.515600000000000000e+04
5.722200000000000000e+04
5.931700000000000000e+04
6.134600000000000000e+04
6.340800000000000000e+04
6.542700000000000000e+04
6.754900000000000000e+04
6.949800000000000000e+04
7.164000000000000000e+04
7.345900000000000000e+04
7.570900000000000000e+04
7.764400000000000000e+04
7.985200000000000000e+04
8.187500000000000000e+04
8.395700000000000000e+04
8.599800000000000000e+04
8.796100000000000000e+04
9.007300000000000000e+04
9.194000000000000000e+04
9.405200000000000000e+04
9.614000000000000000e+04
9.822400000000000000e+04
1.003080000000000000e+05
1.023610000000000000e+05
1.044160000000000000e+05
1.061180000000000000e+05
1.084170000000000000e+05
1.104420000000000000e+05
1.125050000000000000e+05
1.146660000000000000e+05
1.166560000000000000e+05
1.186250000000000000e+05
1.206150000000000000e+05
1.228400000000000000e+05
1.248550000000000000e+05
1.268260000000000000e+05
1.287800000000000000e+05
1.310570000000000000e+05
1.330910000000000000e+05
1.351110000000000000e+05
1.371150000000000000e+05
1.392150000000000000e+05
1.412120000000000000e+05
1.431960000000000000e+05
1.452940000000000000e+05
1.473270000000000000e+05
1.494350000000000000e+05
1.514780000000000000e+05
1.535790000000000000e+05
1.553840000000000000e+05
1.575640000000000000e+05
1.596910000000000000e+05
1.617740000000000000e+05
1.637670000000000000e+05
1.658090000000000000e+05
1.677610000000000000e+05
1.698570000000000000e+05
1.718880000000000000e+05
1.739770000000000000e+05
1.760730000000000000e+05
1.781090000000000000e+05
1.801820000000000000e+05
1.821520000000000000e+05
1.842150000000000000e+05
1.862350000000000000e+05
1.883560000000000000e+05
1.903390000000000000e+05
1.924630000000000000e+05
1.944050000000000000e+05
1.964450000000000000e+05
1.985530000000000000e+05
2.005320000000000000e+05
2.026340000000000000e+05
2.047950000000000000e+05
2.066900000000000000e+05
2.088820000000000000e+05
2.109370000000000000e+05
2.129040000000000000e+05
2.149430000000000000e+05
2.169990000000000000e+05
2.190570000000000000e+05
2.211560000000000000e+05
2.232170000000000000e+05
2.252100000000000000e+05
2.272940000000000000e+05
2.292740000000000000e+05
2.313880000000000000e+05
2.333950000000000000e+05
2.353390000000000000e+05
2.374900000000000000e+05
2.395490000000000000e+05
2.416620000000000000e+05
2.436800000000000000e+05
2.456460000000000000e+05
2.476390000000000000e+05
2.498240000000000000e+05
2.518700000000000000e+05
2.537500000000000000e+05
2.558490000000000000e+05
2.579240000000000000e+05
2.599830000000000000e+05
2.620040000000000000e+05
2.640660000000000000e+05
2.661100000000000000e+05
2.681710000000000000e+05
2.702050000000000000e+05
2.722080000000000000e+05
2.742900000000000000e+05
2.764790000000000000e+05
2.785130000000000000e+05
2.804640000000000000e+05
2.823920000000000000e+05
2.846090000000000000e+05
2.866360000000000000e+05
2.886550000000000000e+05
2.907600000000000000e+05
2.926440000000000000e+05
2.947520000000000000e+05
2.968230000000000000e+05
2.988490000000000000e+05
3.009310000000000000e+05
3.029250000000000000e+05
3.051380000000000000e+05
3.071150000000000000e+05
3.090610000000000000e+05
3.112580000000000000e+05
3.131410000000000000e+05
3.153270000000000000e+05
3.173740000000000000e+05
3.194860000000000000e+05
3.213990000000000000e+05
3.234470000000000000e+05
3.255960000000000000e+05
3.276700000000000000e+05
3.295790000000000000e+05
3.315540000000000000e+05
3.337710000000000000e+05
3.358030000000000000e+05
3.377160000000000000e+05
3.397900000000000000e+05
3.419890000000000000e+05
3.440200000000000000e+05
3.460970000000000000e+05
3.479180000000000000e+05
3.500820000000000000e+05
3.520450000000000000e+05
3.542080000000000000e+05
3.562290000000000000e+05
3.582290000000000000e+05
3.603620000000000000e+05
3.623480000000000000e+05
3.645120000000000000e+05
3.665300000000000000e+05
3.685900000000000000e+05
3.704660000000000000e+05
3.725930000000000000e+05
3.747400000000000000e+05
3.766610000000000000e+05
3.786310000000000000e+05
3.806980000000000000e+05
3.826920000000000000e+05
3.848190000000000000e+05
3.868110000000000000e+05
3.888540000000000000e+05
3.909570000000000000e+05
3.930160000000000000e+05
3.950330000000000000e+05
3.971600000000000000e+05
3.991410000000000000e+05
4.012350000000000000e+05
4.033660000000000000e+05
4.054730000000000000e+05
4.074850000000000000e+05
4.093450000000000000e+05
4.114090000000000000e+05
4.135480000000000000e+05
4.155520000000000000e+05
4.175830000000000000e+05
4.197220000000000000e+05
4.216690000000000000e+05
4.238900000000000000e+05
4.258590000000000000e+05
4.278020000000000000e+05
4.298920000000000000e+05
4.318450000000000000e+05
4.341380000000000000e+05
4.361290000000000000e+05
4.381160000000000000e+05
4.402120000000000000e+05
4.422720000000000000e+05
4.443260000000000000e+05
4.462680000000000000e+05
4.483080000000000000e+05
4.504600000000000000e+05
4.523600000000000000e+05
4.546180000000000000e+05
4.564510000000000000e+05
4.583680000000000000e+05
4.608000000000000000e+05
4.625960000000000000e+05
4.646420000000000000e+05
4.668320000000000000e+05
4.687050000000000000e+05
4.704980000000000000e+05
4.727870000000000000e+05
4.747260000000000000e+05
4.769150000000000000e+05
4.786860000000000000e+05
4.811320000000000000e+05
4.828940000000000000e+05
4.844450000000000000e+05
4.872670000000000000e+05
4.888040000000000000e+05
4.910100000000000000e+05
4.933410000000000000e+05
4.955190000000000000e+05
4.969070000000000000e+05
4.987270000000000000e+05
5.015630000000000000e+05
5.035390000000000000e+05
5.049590000000000000e+05
5.073820000000000000e+05
5.098870000000000000e+05
5.115880000000000000e+05
5.136860000000000000e+05
5.158720000000000000e+05
5.178060000000000000e+05
5.198060000000000000e+05
5.220280000000000000e+05
5.236460000000000000e+05
5.257550000000000000e+05
5.281920000000000000e+05
5.302500000000000000e+05
5.324780000000000000e+05
5.339040000000000000e+05
5.361910000000000000e+05
5.379220000000000000e+05
5.405130000000000000e+05
5.426390000000000000e+05
5.446860000000000000e+05
5.466030000000000000e+05
5.488010000000000000e+05
5.506730000000000000e+05
5.524150000000000000e+05
5.542840000000000000e+05
5.569700000000000000e+05
5.587330000000000000e+05
5.602650000000000000e+05
5.630270000000000000e+05
5.651690000000000000e+05
5.672170000000000000e+05
5.692100000000000000e+05
5.711330000000000000e+05
5.730640000000000000e+05
5.753640000000000000e+05
5.774970000000000000e+05
5.793910000000000000e+05
5.812040000000000000e+05
5.832040000000000000e+05
5.851290000000000000e+05
5.874630000000000000e+05
5.898010000000000000e+05
5.912900000000000000e+05
5.936010000000000000e+05
5.957200000000000000e+05
5.976400000000000000e+05
5.997270000000000000e+05
6.016700000000000000e+05
6.038690000000000000e+05
6.060900000000000000e+05
6.080980000000000000e+05
6.102040000000000000e+05
6.123450000000000000e+05
6.142820000000000000e+05
6.164300000000000000e+05
6.175940000000000000e+05
6.198550000000000000e+05
6.225120000000000000e+05
6.246240000000000000e+05
6.265340000000000000e+05
6.281170000000000000e+05
6.306780000000000000e+05
6.328190000000000000e+05
6.344850000000000000e+05
6.367050000000000000e+05
6.389630000000000000e+05
6.403280000000000000e+05
6.429880000000000000e+05
6.450510000000000000e+05
6.469960000000000000e+05
6.489460000000000000e+05
6.512250000000000000e+05
6.532890000000000000e+05
6.545130000000000000e+05
6.573850000000000000e+05
6.590480000000000000e+05
6.609770000000000000e+05
6.635330000000000000e+05
6.655050000000000000e+05
6.669550000000000000e+05
6.691890000000000000e+05
6.717180000000000000e+05
6.735950000000000000e+05
6.755590000000000000e+05
6.777270000000000000e+05
6.798600000000000000e+05
6.818530000000000000e+05
6.838250000000000000e+05
6.858060000000000000e+05
6.880630000000000000e+05
6.901630000000000000e+05
6.919510000000000000e+05
6.941930000000000000e+05
6.960980000000000000e+05
6.983320000000000000e+05
7.003530000000000000e+05
7.015790000000000000e+05
7.041850000000000000e+05
7.062610000000000000e+05
7.082510000000000000e+05
7.101970000000000000e+05
7.122450000000000000e+05
7.144920000000000000e+05
7.163830000000000000e+05
7.179020000000000000e+05
7.205280000000000000e+05
7.224320000000000000e+05
7.247480000000000000e+05
7.265540000000000000e+05
7.287870000000000000e+05
7.308230000000000000e+05
7.322910000000000000e+05
7.351470000000000000e+05
7.366640000000000000e+05
7.386640000000000000e+05
7.412220000000000000e+05
7.434160000000000000e+05
7.452400000000000000e+05
7.472400000000000000e+05
7.493900000000000000e+05
7.509260000000000000e+05
7.536450000000000000e+05
7.551750000000000000e+05
7.576780000000000000e+05
7.596780000000000000e+05
7.614110000000000000e+05
7.634660000000000000e+05
7.650820000000000000e+05
7.673660000000000000e+05
7.698970000000000000e+05
7.711750000000000000e+05
7.733310000000000000e+05
7.758690000000000000e+05
7.781040000000000000e+05
7.801040000000000000e+05
7.814590000000000000e+05
7.834590000000000000e+05
7.861920000000000000e+05
7.882120000000000000e+05
7.899680000000000000e+05
7.916140000000000000e+05
7.945970000000000000e+05
7.965970000000000000e+05
7.986540000000000000e+05
7.999650000000000000e+05
8.026750000000000000e+05
8.041780000000000000e+05
8.067850000000000000e+05
8.081220000000000000e+05
8.105540000000000000e+05
8.125540000000000000e+05
8.145260000000000000e+05
8.165260000000000000e+05
8.188920000000000000e+05
8.208920000000000000e+05
8.232820000000000000e+05
8.253190000000000000e+05
8.269560000000000000e+05
8.285260000000000000e+05
8.309500000000000000e+05
8.333070000000000000e+05
8.347770000000000000e+05
8.374580000000000000e+05
8.393280000000000000e+05
8.416840000000000000e+05
8.429330000000000000e+05
8.458120000000000000e+05
8.470480000000000000e+05
8.493960000000000000e+05
8.511390000000000000e+05
8.539680000000000000e+05
8.556850000000000000e+05
8.577250000000000000e+05
8.598190000000000000e+05
8.622050000000000000e+05
8.636600000000000000e+05
8.659130000000000000e+05
8.683360000000000000e+05
8.694930000000000000e+05
8.722650000000000000e+05
8.737710000000000000e+05
8.758530000000000000e+05
8.782690000000000000e+05
8.802690000000000000e+05
8.822690000000000000e+05
8.838710000000000000e+05
8.858710000000000000e+05
8.878680000000000000e+05
8.901300000000000000e+05
8.924740000000000000e+05
8.947890000000000000e+05
8.963420000000000000e+05
8.983420000000000000e+05
9.008360000000000000e+05
9.031280000000000000e+05
9.043330000000000000e+05
9.063330000000000000e+05
9.091690000000000000e+05
9.111690000000000000e+05
9.127400000000000000e+05
9.147400000000000000e+05
9.168690000000000000e+05
9.193030000000000000e+05
9.213030000000000000e+05
9.232420000000000000e+05
9.252880000000000000e+05
9.275960000000000000e+05
9.293350000000000000e+05
9.316510000000000000e+05
9.333080000000000000e+05
9.355620000000000000e+05
9.375480000000000000e+05
9.393570000000000000e+05
9.412530000000000000e+05
9.438930000000000000e+05
9.456390000000000000e+05
9.480580000000000000e+05
9.495060000000000000e+05
9.515060000000000000e+05
9.540560000000000000e+05
9.563200000000000000e+05
9.580650000000000000e+05
9.601010000000000000e+05
9.621010000000000000e+05
9.644650000000000000e+05
9.660480000000000000e+05
9.680480000000000000e+05
9.706090000000000000e+05
9.725490000000000000e+05
9.747070000000000000e+05
9.766890000000000000e+05
9.788600000000000000e+05
9.800140000000000000e+05
9.821820000000000000e+05
9.843670000000000000e+05
9.864030000000000000e+05
9.889670000000000000e+05
9.911730000000000000e+05
9.924440000000000000e+05
9.944440000000000000e+05
9.964440000000000000e+05
9.992500000000000000e+05
1.000507000000000000e+06
1.003507000000000000e+06
1.005507000000000000e+06
1.007507000000000000e+06
1.009039000000000000e+06
1.010716000000000000e+06
1.013568000000000000e+06
1.015199000000000000e+06
1.017087000000000000e+06
1.019797000000000000e+06
1.021410000000000000e+06
1.023337000000000000e+06
1.025337000000000000e+06
1.027337000000000000e+06
1.029337000000000000e+06
1.031337000000000000e+06
1.033337000000000000e+06
1.035701000000000000e+06
1.037416000000000000e+06
1.039942000000000000e+06
1.042381000000000000e+06
1.043735000000000000e+06
1.046524000000000000e+06
1.048180000000000000e+06
1.050588000000000000e+06
1.052588000000000000e+06
1.053901000000000000e+06
1.056728000000000000e+06
1.058050000000000000e+06
1.060786000000000000e+06
1.062761000000000000e+06
1.064012000000000000e+06
1.066012000000000000e+06
1.068319000000000000e+06
1.070947000000000000e+06
1.072895000000000000e+06
1.074895000000000000e+06
1.076895000000000000e+06
1.079222000000000000e+06
1.080770000000000000e+06
1.082770000000000000e+06
1.085003000000000000e+06
1.087003000000000000e+06
1.088700000000000000e+06
1.091278000000000000e+06
1.092792000000000000e+06
1.094792000000000000e+06
1.096792000000000000e+06
1.099617000000000000e+06
1.101759000000000000e+06
1.103759000000000000e+06
1.105759000000000000e+06
1.107162000000000000e+06
1.109192000000000000e+06
1.111383000000000000e+06
1.113860000000000000e+06
1.115833000000000000e+06
1.117681000000000000e+06
1.119347000000000000e+06
1.121347000000000000e+06
1.124268000000000000e+06
1.125640000000000000e+06
1.128112000000000000e+06
1.130337000000000000e+06
1.131975000000000000e+06
1.134311000000000000e+06
1.136589000000000000e+06
1.138589000000000000e+06
1.140463000000000000e+06
1.142656000000000000e+06
1.144656000000000000e+06
1.146840000000000000e+06
1.148840000000000000e+06
1.150062000000000000e+06
1.152062000000000000e+06
1.154409000000000000e+06
1.156409000000000000e+06
1.158657000000000000e+06
1.160764000000000000e+06
1.162867000000000000e+06
1.165060000000000000e+06
1.167264000000000000e+06
1.169264000000000000e+06
1.170903000000000000e+06
1.173130000000000000e+06
1.174712000000000000e+06
1.176712000000000000e+06
1.179068000000000000e+06
1.180987000000000000e+06
1.182876000000000000e+06
1.184876000000000000e+06
1.186876000000000000e+06
1.189336000000000000e+06
1.191931000000000000e+06
1.193291000000000000e+06
1.195645000000000000e+06
1.197552000000000000e+06
1.199552000000000000e+06
1.201381000000000000e+06
1.203381000000000000e+06
1.205594000000000000e+06
1.207827000000000000e+06
1.210164000000000000e+06
1.211468000000000000e+06
1.213466000000000000e+06
1.216148000000000000e+06
1.218540000000000000e+06
1.220298000000000000e+06
1.222034000000000000e+06
1.224491000000000000e+06
1.226662000000000000e+06
1.228422000000000000e+06
1.230079000000000000e+06
1.232864000000000000e+06
1.234778000000000000e+06
1.236778000000000000e+06
1.239015000000000000e+06
1.240503000000000000e+06
1.242559000000000000e+06
1.244559000000000000e+06
1.246978000000000000e+06
1.249156000000000000e+06
1.251156000000000000e+06
1.253156000000000000e+06
1.254446000000000000e+06
1.257446000000000000e+06
1.259446000000000000e+06
1.260621000000000000e+06
1.262943000000000000e+06
1.265381000000000000e+06
1.267514000000000000e+06
1.268865000000000000e+06
1.271393000000000000e+06
1.273393000000000000e+06
1.275619000000000000e+06
1.277588000000000000e+06
1.279050000000000000e+06
1.281937000000000000e+06
1.283327000000000000e+06
1.285874000000000000e+06
1.287874000000000000e+06
1.290186000000000000e+06
1.292186000000000000e+06
1.293432000000000000e+06
1.296342000000000000e+06
1.298342000000000000e+06
1.300432000000000000e+06
1.301997000000000000e+06
1.303747000000000000e+06
1.306001000000000000e+06
1.308001000000000000e+06
1.310272000000000000e+06
1.312454000000000000e+06
1.314154000000000000e+06
1.316154000000000000e+06
1.318721000000000000e+06
1.320721000000000000e+06
1.322721000000000000e+06
1.324979000000000000e+06
1.327004000000000000e+06
1.329118000000000000e+06
1.330748000000000000e+06
1.333093000000000000e+06
1.335252000000000000e+06
1.337076000000000000e+06
1.339305000000000000e+06
1.341187000000000000e+06
1.342676000000000000e+06
1.345005000000000000e+06
1.347005000000000000e+06
1.349563000000000000e+06
1.351538000000000000e+06
1.353538000000000000e+06
1.355546000000000000e+06
1.357542000000000000e+06
1.359150000000000000e+06
1.360958000000000000e+06
1.363911000000000000e+06
1.365911000000000000e+06
1.367542000000000000e+06
1.370062000000000000e+06
1.371924000000000000e+06
1.373957000000000000e+06
1.375765000000000000e+06
1.378042000000000000e+06
1.380049000000000000e+06
1.382286000000000000e+06
1.383754000000000000e+06
1.385683000000000000e+06
1.388452000000000000e+06
1.390278000000000000e+06
1.392337000000000000e+06
1.394192000000000000e+06
1.396353000000000000e+06
1.397850000000000000e+06
1.399850000000000000e+06
1.402850000000000000e+06
1.404850000000000000e+06
1.406104000000000000e+06
1.408096000000000000e+06
1.411060000000000000e+06
1.412325000000000000e+06
1.414645000000000000e+06
1.417028000000000000e+06
1.419163000000000000e+06
1.420977000000000000e+06
1.422874000000000000e+06
1.424874000000000000e+06
1.427237000000000000e+06
1.428721000000000000e+06
1.431053000000000000e+06
1.433295000000000000e+06
1.435248000000000000e+06
1.437248000000000000e+06
1.439140000000000000e+06
1.441312000000000000e+06
1.443156000000000000e+06
1.445701000000000000e+06
1.447154000000000000e+06
1.449365000000000000e+06
1.451464000000000000e+06
1.453891000000000000e+06
1.456088000000000000e+06
1.458095000000000000e+06
1.459890000000000000e+06
1.462158000000000000e+06
1.463996000000000000e+06
1.465649000000000000e+06
1.468177000000000000e+06
1.470418000000000000e+06
1.471652000000000000e+06
1.473652000000000000e+06
1.475652000000000000e+06
1.478564000000000000e+06
1.480106000000000000e+06
1.482665000000000000e+06
1.483982000000000000e+06
1.486167000000000000e+06
1.487960000000000000e+06
1.490752000000000000e+06
1.492678000000000000e+06
1.494889000000000000e+06
1.496916000000000000e+06
1.498260000000000000e+06
1.501108000000000000e+06
1.502641000000000000e+06
1.505210000000000000e+06
1.506825000000000000e+06
1.509050000000000000e+06
1.511212000000000000e+06
1.513212000000000000e+06
1.515096000000000000e+06
1.516953000000000000e+06
1.518953000000000000e+06
1.521589000000000000e+06
1.522992000000000000e+06
1.525626000000000000e+06
1.527683000000000000e+06
1.529344000000000000e+06
1.531474000000000000e+06
1.533676000000000000e+06
1.535952000000000000e+06
1.537420000000000000e+06
1.539420000000000000e+06
1.541680000000000000e+06
1.543425000000000000e+06
1.545596000000000000e+06
1.548244000000000000e+06
1.549947000000000000e+06
1.551681000000000000e+06
1.554179000000000000e+06
1.556025000000000000e+06
1.557605000000000000e+06
1.560066000000000000e+06
1.562409000000000000e+06
1.564268000000000000e+06
1.566211000000000000e+06
1.568377000000000000e+06
1.570663000000000000e+06
1.572501000000000000e+06
1.574910000000000000e+06
1.576723000000000000e+06
1.578432000000000000e+06
1.580205000000000000e+06
1.582436000000000000e+06
1.584994000000000000e+06
1.586307000000000000e+06
1.588931000000000000e+06
1.590504000000000000e+06
1.593140000000000000e+06
1.595140000000000000e+06
1.597304000000000000e+06
1.599444000000000000e+06
1.601444000000000000e+06
1.603381000000000000e+06
1.605493000000000000e+06
1.607441000000000000e+06
1.609140000000000000e+06
1.611140000000000000e+06
1.613229000000000000e+06
1.614892000000000000e+06
1.617892000000000000e+06
1.619198000000000000e+06
1.621167000000000000e+06
1.623961000000000000e+06
1.625961000000000000e+06
1.627644000000000000e+06
1.629436000000000000e+06
1.631436000000000000e+06
1.633758000000000000e+06
1.635758000000000000e+06
1.638185000000000000e+06
1.639969000000000000e+06
1.641969000000000000e+06
1.644366000000000000e+06
1.646184000000000000e+06
1.648498000000000000e+06
1.650322000000000000e+06
1.652079000000000000e+06
1.654719000000000000e+06
1.656655000000000000e+06
1.658453000000000000e+06
1.660312000000000000e+06
1.662312000000000000e+06
1.664387000000000000e+06
1.666900000000000000e+06
1.669040000000000000e+06
1.670353000000000000e+06
1.672970000000000000e+06
1.674854000000000000e+06
1.676826000000000000e+06
1.679253000000000000e+06
1.680551000000000000e+06
1.683135000000000000e+06
1.684950000000000000e+06
1.686670000000000000e+06
1.688916000000000000e+06
1.690836000000000000e+06
1.692836000000000000e+06
1.695480000000000000e+06
1.696829000000000000e+06
1.699468000000000000e+06
1.701468000000000000e+06
1.703201000000000000e+06
1.705883000000000000e+06
1.707497000000000000e+06
1.709452000000000000e+06
1.711452000000000000e+06
1.714006000000000000e+06
1.716006000000000000e+06
1.718166000000000000e+06
1.720252000000000000e+06
1.721429000000000000e+06
1.723429000000000000e+06
1.726429000000000000e+06
1.727962000000000000e+06
1.730301000000000000e+06
1.732301000000000000e+06
1.734041000000000000e+06
1.735720000000000000e+06
1.737880000000000000e+06
1.740401000000000000e+06
1.742108000000000000e+06
1.744797000000000000e+06
1.746476000000000000e+06
1.748138000000000000e+06
1.750724000000000000e+06
1.752724000000000000e+06
1.755130000000000000e+06
1.756720000000000000e+06
1.758670000000000000e+06
1.760321000000000000e+06
1.762845000000000000e+06
1.764845000000000000e+06
1.766845000000000000e+06
1.768580000000000000e+06
1.771310000000000000e+06
1.773124000000000000e+06
1.775544000000000000e+06
1.776790000000000000e+06
1.779405000000000000e+06
1.781643000000000000e+06
1.782906000000000000e+06
1.784906000000000000e+06
1.787826000000000000e+06
1.789357000000000000e+06
1.791734000000000000e+06
1.794024000000000000e+06
1.795375000000000000e+06
1.797817000000000000e+06
1.799351000000000000e+06
1.802093000000000000e+06
1.804093000000000000e+06
1.805711000000000000e+06
1.807711000000000000e+06
1.809594000000000000e+06
1.811594000000000000e+06
1.813594000000000000e+06
1.816497000000000000e+06
1.818048000000000000e+06
1.820519000000000000e+06
1.822440000000000000e+06
1.823779000000000000e+06
1.826067000000000000e+06
1.827928000000000000e+06
1.830163000000000000e+06
1.832163000000000000e+06
1.834163000000000000e+06
1.836581000000000000e+06
1.838818000000000000e+06
1.840818000000000000e+06
1.842818000000000000e+06
1.844772000000000000e+06
1.846730000000000000e+06
1.848839000000000000e+06
1.850839000000000000e+06
1.853393000000000000e+06
1.855153000000000000e+06
1.857153000000000000e+06
1.858895000000000000e+06
1.861533000000000000e+06
1.863533000000000000e+06
1.865637000000000000e+06
1.867119000000000000e+06
1.869777000000000000e+06
1.871589000000000000e+06
1.873589000000000000e+06
1.875548000000000000e+06
1.877589000000000000e+06
1.879589000000000000e+06
1.881589000000000000e+06
1.883569000000000000e+06
1.886163000000000000e+06
1.887831000000000000e+06
1.889831000000000000e+06
1.892020000000000000e+06
1.894226000000000000e+06
1.895967000000000000e+06
1.897967000000000000e+06
1.899877000000000000e+06
1.902562000000000000e+06
1.904259000000000000e+06
1.906213000000000000e+06
1.908522000000000000e+06
1.910321000000000000e+06
1.912321000000000000e+06
1.914255000000000000e+06
1.916777000000000000e+06
1.918777000000000000e+06
1.920777000000000000e+06
1.922407000000000000e+06
1.924700000000000000e+06
1.926552000000000000e+06
1.928700000000000000e+06
1.930622000000000000e+06
1.932622000000000000e+06
1.935342000000000000e+06
1.936732000000000000e+06
1.939402000000000000e+06
1.941118000000000000e+06
1.943118000000000000e+06
1.945118000000000000e+06
1.947197000000000000e+06
1.949427000000000000e+06
1.951233000000000000e+06
1.953710000000000000e+06
1.955710000000000000e+06
1.957329000000000000e+06
1.959329000000000000e+06
1.961329000000000000e+06
1.963678000000000000e+06
1.965678000000000000e+06
1.968078000000000000e+06
1.970161000000000000e+06
1.971910000000000000e+06
1.974200000000000000e+06
1.976163000000000000e+06
1.978300000000000000e+06
1.980162000000000000e+06
1.982449000000000000e+06
1.983969000000000000e+06
1.986391000000000000e+06
1.987882000000000000e+06
1.990156000000000000e+06
1.991771000000000000e+06
1.993908000000000000e+06
1.996512000000000000e+06
1.997969000000000000e+06
2.000450000000000000e+06
