2.038000000000000000e+03
4.086000000000000000e+03
6.128000000000000000e+03
8.182000000000000000e+03
1.020600000000000000e+04
1.226200000000000000e+04
1.421700000000000000e+04
1.633000000000000000e+04
1.831700000000000000e+04
2.037100000000000000e+04
2.240500000000000000e+04
2.444200000000000000e+04
2.628100000000000000e+04
2.861700000000000000e+04
3.058400000000000000e+04
3.249500000000000000e+04
3.471700000000000000e+04
3.678600000000000000e+04
3.871100000000000000e+04
4.095200000000000000e+04
4.299400000000000000e+04
4.489200000000000000e+04
4.708200000000000000e+04
4.900100000000000000e+04
5.119000000000000000e+04
5.321700000000000000e+04
5.493500000000000000e+04
5.718600000000000000e+04
5.934000000000000000e+04
6.134600000000000000e+04
6.331400000000000000e+04
6.551000000000000000e+04
6.752400000000000000e+04
6.958200000000000000e+04
7.160800000000000000e+04
7.364000000000000000e+04
7.565800000000000000e+04
7.769000000000000000e+04
7.985800000000000000e+04
8.186400000000000000e+04
8.395400000000000000e+04
8.573100000000000000e+04
8.799200000000000000e+04
8.992600000000000000e+04
9.200800000000000000e+04
9.415900000000000000e+04
9.623400000000000000e+04
9.822300000000000000e+04
1.003300000000000000e+05
1.023320000000000000e+05
1.044100000000000000e+05
1.063760000000000000e+05
1.082870000000000000e+05
1.105870000000000000e+05
1.125370000000000000e+05
1.146200000000000000e+05
1.166910000000000000e+05
1.186550000000000000e+05
1.208270000000000000e+05
1.228730000000000000e+05
1.248830000000000000e+05
1.267850000000000000e+05
1.289460000000000000e+05
1.308500000000000000e+05
1.330300000000000000e+05
1.350340000000000000e+05
1.370370000000000000e+05
1.392550000000000000e+05
1.412380000000000000e+05
1.432040000000000000e+05
1.453750000000000000e+05
1.473020000000000000e+05
1.494530000000000000e+05
1.513820000000000000e+05
1.534210000000000000e+05
1.555950000000000000e+05
1.576510000000000000e+05
1.596230000000000000e+05
1.616070000000000000e+05
1.636550000000000000e+05
1.658320000000000000e+05
1.677600000000000000e+05
1.698490000000000000e+05
1.720300000000000000e+05
1.739970000000000000e+05
1.759720000000000000e+05
1.780390000000000000e+05
1.801650000000000000e+05
1.822210000000000000e+05
1.841250000000000000e+05
1.860660000000000000e+05
1.882600000000000000e+05
1.904580000000000000e+05
1.924450000000000000e+05
1.943140000000000000e+05
1.964620000000000000e+05
1.984510000000000000e+05
2.005130000000000000e+05
2.027240000000000000e+05
2.047650000000000000e+05
2.066350000000000000e+05
2.087940000000000000e+05
2.108160000000000000e+05
2.126960000000000000e+05
2.149020000000000000e+05
2.169580000000000000e+05
2.191000000000000000e+05
2.210860000000000000e+05
2.230540000000000000e+05
2.251760000000000000e+05
2.273160000000000000e+05
2.290700000000000000e+05
2.312030000000000000e+05
2.332380000000000000e+05
2.354640000000000000e+05
2.375280000000000000e+05
2.394480000000000000e+05
2.416180000000000000e+05
2.434520000000000000e+05
2.457010000000000000e+05
2.475470000000000000e+05
2.498540000000000000e+05
2.517810000000000000e+05
2.538120000000000000e+05
2.557280000000000000e+05
2.579520000000000000e+05
2.598430000000000000e+05
2.618850000000000000e+05
2.641230000000000000e+05
2.660520000000000000e+05
2.682530000000000000e+05
2.699800000000000000e+05
2.721620000000000000e+05
2.740100000000000000e+05
2.764100000000000000e+05
2.783810000000000000e+05
2.805010000000000000e+05
2.825590000000000000e+05
2.845920000000000000e+05
2.865040000000000000e+05
2.887060000000000000e+05
2.906750000000000000e+05
2.928280000000000000e+05
2.946720000000000000e+05
2.967650000000000000e+05
2.988590000000000000e+05
3.007330000000000000e+05
3.030840000000000000e+05
3.051390000000000000e+05
3.070120000000000000e+05
3.090220000000000000e+05
3.112070000000000000e+05
3.131760000000000000e+05
3.151940000000000000e+05
3.174230000000000000e+05
3.193080000000000000e+05
3.213510000000000000e+05
3.234200000000000000e+05
3.253730000000000000e+05
3.276310000000000000e+05
3.295680000000000000e+05
3.315230000000000000e+05
3.337110000000000000e+05
3.357740000000000000e+05
3.378440000000000000e+05
3.398050000000000000e+05
3.419150000000000000e+05
3.440330000000000000e+05
3.460420000000000000e+05
3.479430000000000000e+05
3.501220000000000000e+05
3.519650000000000000e+05
3.542600000000000000e+05
3.561580000000000000e+05
3.579800000000000000e+05
3.604310000000000000e+05
3.623390000000000000e+05
3.645350000000000000e+05
3.664720000000000000e+05
3.686250000000000000e+05
3.704610000000000000e+05
3.726400000000000000e+05
3.745430000000000000e+05
3.767550000000000000e+05
3.786450000000000000e+05
3.805960000000000000e+05
3.829080000000000000e+05
3.847190000000000000e+05
3.869390000000000000e+05
3.889490000000000000e+05
3.910080000000000000e+05
3.930820000000000000e+05
3.951070000000000000e+05
3.969990000000000000e+05
3.990350000000000000e+05
4.010530000000000000e+05
4.031880000000000000e+05
4.052860000000000000e+05
4.074460000000000000e+05
4.091520000000000000e+05
4.115660000000000000e+05
4.136410000000000000e+05
4.156100000000000000e+05
4.176200000000000000e+05
4.197020000000000000e+05
4.217410000000000000e+05
4.236170000000000000e+05
4.256010000000000000e+05
4.277000000000000000e+05
4.299240000000000000e+05
4.319300000000000000e+05
4.340460000000000000e+05
4.358420000000000000e+05
4.380340000000000000e+05
4.402000000000000000e+05
4.420790000000000000e+05
4.442660000000000000e+05
4.463450000000000000e+05
4.481530000000000000e+05
4.504990000000000000e+05
4.526080000000000000e+05
4.546230000000000000e+05
4.565630000000000000e+05
4.586930000000000000e+05
4.607370000000000000e+05
4.626450000000000000e+05
4.647600000000000000e+05
4.666640000000000000e+05
4.689640000000000000e+05
4.709490000000000000e+05
4.729270000000000000e+05
4.749080000000000000e+05
4.768800000000000000e+05
4.789580000000000000e+05
4.811100000000000000e+05
4.832750000000000000e+05
4.851590000000000000e+05
4.871810000000000000e+05
4.891430000000000000e+05
4.914700000000000000e+05
4.930910000000000000e+05
4.956000000000000000e+05
4.976390000000000000e+05
4.995800000000000000e+05
5.014600000000000000e+05
5.035670000000000000e+05
5.056990000000000000e+05
5.076470000000000000e+05
5.098950000000000000e+05
5.116520000000000000e+05
5.139300000000000000e+05
5.156140000000000000e+05
5.177630000000000000e+05
5.201380000000000000e+05
5.222260000000000000e+05
5.242780000000000000e+05
5.260390000000000000e+05
5.281750000000000000e+05
5.302710000000000000e+05
5.323340000000000000e+05
5.344970000000000000e+05
5.364130000000000000e+05
5.385750000000000000e+05
5.404640000000000000e+05
5.426880000000000000e+05
5.447060000000000000e+05
5.466280000000000000e+05
5.484390000000000000e+05
5.508220000000000000e+05
5.529290000000000000e+05
5.545520000000000000e+05
5.568260000000000000e+05
5.590130000000000000e+05
5.610500000000000000e+05
5.630500000000000000e+05
5.650480000000000000e+05
5.668800000000000000e+05
5.685510000000000000e+05
5.710120000000000000e+05
5.731560000000000000e+05
5.754440000000000000e+05
5.771410000000000000e+05
5.792550000000000000e+05
5.814350000000000000e+05
5.835150000000000000e+05
5.856890000000000000e+05
5.872980000000000000e+05
5.895590000000000000e+05
5.918070000000000000e+05
5.938520000000000000e+05
5.957200000000000000e+05
5.979360000000000000e+05
5.996770000000000000e+05
6.019330000000000000e+05
6.040030000000000000e+05
6.058990000000000000e+05
6.081070000000000000e+05
6.098530000000000000e+05
6.122800000000000000e+05
6.140810000000000000e+05
6.162180000000000000e+05
6.183710000000000000e+05
6.204690000000000000e+05
6.224440000000000000e+05
6.244900000000000000e+05
6.261210000000000000e+05
6.285030000000000000e+05
6.301360000000000000e+05
6.328010000000000000e+05
6.347630000000000000e+05
6.369000000000000000e+05
6.386810000000000000e+05
6.409960000000000000e+05
6.425990000000000000e+05
6.446810000000000000e+05
6.469750000000000000e+05
6.490110000000000000e+05
6.507960000000000000e+05
6.531540000000000000e+05
6.550980000000000000e+05
6.569060000000000000e+05
6.588290000000000000e+05
6.614230000000000000e+05
6.632120000000000000e+05
6.655260000000000000e+05
6.669330000000000000e+05
6.691570000000000000e+05
6.710670000000000000e+05
6.734570000000000000e+05
6.757660000000000000e+05
6.778510000000000000e+05
6.794520000000000000e+05
6.819600000000000000e+05
6.840270000000000000e+05
6.860700000000000000e+05
6.876870000000000000e+05
6.895640000000000000e+05
6.918950000000000000e+05
6.937190000000000000e+05
6.959610000000000000e+05
6.982760000000000000e+05
7.001030000000000000e+05
7.020800000000000000e+05
7.040540000000000000e+05
7.060820000000000000e+05
7.085220000000000000e+05
7.103920000000000000e+05
7.123140000000000000e+05
7.145290000000000000e+05
7.166810000000000000e+05
7.184830000000000000e+05
7.207010000000000000e+05
7.228560000000000000e+05
7.248100000000000000e+05
7.264560000000000000e+05
7.289150000000000000e+05
7.307930000000000000e+05
7.331160000000000000e+05
7.348590000000000000e+05
7.365420000000000000e+05
7.393010000000000000e+05
7.411690000000000000e+05
7.430310000000000000e+05
7.453380000000000000e+05
7.473200000000000000e+05
7.493250000000000000e+05
7.511440000000000000e+05
7.535950000000000000e+05
7.552560000000000000e+05
7.575770000000000000e+05
7.591850000000000000e+05
7.617490000000000000e+05
7.636390000000000000e+05
7.657890000000000000e+05
7.678340000000000000e+05
7.696860000000000000e+05
7.716740000000000000e+05
7.733890000000000000e+05
7.760770000000000000e+05
7.772840000000000000e+05
7.798000000000000000e+05
7.816110000000000000e+05
7.843100000000000000e+05
7.859610000000000000e+05
7.878790000000000000e+05
7.904730000000000000e+05
7.918750000000000000e+05
7.945370000000000000e+05
7.965630000000000000e+05
7.984280000000000000e+05
8.004280000000000000e+05
8.026500000000000000e+05
8.044280000000000000e+05
8.067290000000000000e+05
8.080070000000000000e+05
8.108950000000000000e+05
8.124690000000000000e+05
8.146830000000000000e+05
8.169640000000000000e+05
8.188500000000000000e+05
8.205100000000000000e+05
8.223210000000000000e+05
8.253410000000000000e+05
8.273370000000000000e+05
8.293220000000000000e+05
8.311660000000000000e+05
8.333810000000000000e+05
8.355160000000000000e+05
8.375400000000000000e+05
8.392770000000000000e+05
8.414590000000000000e+05
8.430880000000000000e+05
8.455580000000000000e+05
8.473510000000000000e+05
8.496970000000000000e+05
8.515930000000000000e+05
8.535650000000000000e+05
8.558910000000000000e+05
8.580140000000000000e+05
8.596810000000000000e+05
8.619380000000000000e+05
8.639360000000000000e+05
8.662560000000000000e+05
8.682560000000000000e+05
8.699360000000000000e+05
8.723110000000000000e+05
8.742910000000000000e+05
8.759880000000000000e+05
8.779880000000000000e+05
8.805480000000000000e+05
8.819080000000000000e+05
8.839300000000000000e+05
8.866820000000000000e+05
8.881360000000000000e+05
8.906790000000000000e+05
8.926450000000000000e+05
8.943200000000000000e+05
8.967730000000000000e+05
8.985160000000000000e+05
9.008470000000000000e+05
9.028180000000000000e+05
9.050830000000000000e+05
9.067810000000000000e+05
9.090130000000000000e+05
9.110320000000000000e+05
9.132700000000000000e+05
9.149540000000000000e+05
9.169800000000000000e+05
9.190980000000000000e+05
9.213870000000000000e+05
9.233810000000000000e+05
9.254750000000000000e+05
9.272780000000000000e+05
9.296650000000000000e+05
9.315870000000000000e+05
9.338320000000000000e+05
9.358940000000000000e+05
9.375620000000000000e+05
9.399010000000000000e+05
9.416970000000000000e+05
9.440580000000000000e+05
9.456670000000000000e+05
9.480710000000000000e+05
9.500100000000000000e+05
9.521770000000000000e+05
9.540140000000000000e+05
9.562410000000000000e+05
9.575710000000000000e+05
9.599470000000000000e+05
9.623350000000000000e+05
9.639610000000000000e+05
9.661360000000000000e+05
9.686310000000000000e+05
9.705200000000000000e+05
9.724430000000000000e+05
9.742460000000000000e+05
9.765860000000000000e+05
9.783090000000000000e+05
9.806220000000000000e+05
9.827970000000000000e+05
9.844290000000000000e+05
9.868390000000000000e+05
9.886520000000000000e+05
9.903760000000000000e+05
9.923400000000000000e+05
9.945560000000000000e+05
9.971570000000000000e+05
9.989690000000000000e+05
1.000935000000000000e+06
1.003299000000000000e+06
1.005040000000000000e+06
1.007254000000000000e+06
1.009310000000000000e+06
1.011547000000000000e+06
1.013558000000000000e+06
1.015244000000000000e+06
1.017811000000000000e+06
1.019761000000000000e+06
1.021858000000000000e+06
1.023858000000000000e+06
1.025661000000000000e+06
1.027834000000000000e+06
1.030138000000000000e+06
1.032056000000000000e+06
1.033675000000000000e+06
1.035314000000000000e+06
1.037807000000000000e+06
1.039622000000000000e+06
1.041566000000000000e+06
1.043890000000000000e+06
1.045535000000000000e+06
1.048507000000000000e+06
1.050111000000000000e+06
1.052449000000000000e+06
1.053733000000000000e+06
1.056663000000000000e+06
1.058173000000000000e+06
1.060119000000000000e+06
1.062331000000000000e+06
1.064884000000000000e+06
1.066879000000000000e+06
1.068656000000000000e+06
1.070656000000000000e+06
1.072639000000000000e+06
1.074639000000000000e+06
1.077216000000000000e+06
1.079216000000000000e+06
1.080949000000000000e+06
1.083139000000000000e+06
1.085054000000000000e+06
1.086973000000000000e+06
1.089518000000000000e+06
1.091154000000000000e+06
1.093216000000000000e+06
1.095221000000000000e+06
1.097553000000000000e+06
1.099741000000000000e+06
1.101668000000000000e+06
1.103496000000000000e+06
1.105776000000000000e+06
1.107709000000000000e+06
1.109846000000000000e+06
1.111846000000000000e+06
1.113846000000000000e+06
1.116119000000000000e+06
1.118144000000000000e+06
1.119762000000000000e+06
1.122251000000000000e+06
1.124206000000000000e+06
1.126234000000000000e+06
1.128234000000000000e+06
1.130336000000000000e+06
1.131922000000000000e+06
1.134076000000000000e+06
1.136022000000000000e+06
1.138635000000000000e+06
1.140685000000000000e+06
1.142534000000000000e+06
1.144194000000000000e+06
1.145902000000000000e+06
1.148902000000000000e+06
1.150577000000000000e+06
1.152333000000000000e+06
1.154691000000000000e+06
1.156681000000000000e+06
1.158264000000000000e+06
1.161010000000000000e+06
1.162894000000000000e+06
1.165158000000000000e+06
1.167306000000000000e+06
1.169333000000000000e+06
1.170743000000000000e+06
1.172658000000000000e+06
1.175098000000000000e+06
1.176629000000000000e+06
1.179126000000000000e+06
1.181278000000000000e+06
1.182978000000000000e+06
1.185745000000000000e+06
1.186978000000000000e+06
1.189619000000000000e+06
1.191750000000000000e+06
1.193938000000000000e+06
1.195122000000000000e+06
1.197122000000000000e+06
1.199892000000000000e+06
1.201663000000000000e+06
1.204097000000000000e+06
1.206191000000000000e+06
1.208120000000000000e+06
1.210068000000000000e+06
1.211776000000000000e+06
1.214280000000000000e+06
1.216280000000000000e+06
1.217892000000000000e+06
1.220383000000000000e+06
1.222001000000000000e+06
1.224308000000000000e+06
1.226700000000000000e+06
1.228766000000000000e+06
1.230670000000000000e+06
1.232799000000000000e+06
1.234818000000000000e+06
1.236873000000000000e+06
1.239020000000000000e+06
1.240953000000000000e+06
1.242344000000000000e+06
1.244195000000000000e+06
1.247195000000000000e+06
1.248860000000000000e+06
1.250811000000000000e+06
1.252811000000000000e+06
1.254947000000000000e+06
1.256574000000000000e+06
1.259016000000000000e+06
1.261271000000000000e+06
1.262710000000000000e+06
1.265640000000000000e+06
1.267588000000000000e+06
1.268985000000000000e+06
1.271485000000000000e+06
1.273618000000000000e+06
1.275618000000000000e+06
1.277715000000000000e+06
1.279729000000000000e+06
1.281398000000000000e+06
1.283398000000000000e+06
1.285945000000000000e+06
1.287945000000000000e+06
1.289930000000000000e+06
1.291755000000000000e+06
1.293428000000000000e+06
1.296094000000000000e+06
1.298094000000000000e+06
1.300081000000000000e+06
1.302222000000000000e+06
1.304222000000000000e+06
1.306518000000000000e+06
1.308065000000000000e+06
1.309736000000000000e+06
1.312724000000000000e+06
1.314724000000000000e+06
1.316213000000000000e+06
1.318689000000000000e+06
1.320471000000000000e+06
1.322886000000000000e+06
1.324874000000000000e+06
1.326202000000000000e+06
1.328534000000000000e+06
1.330534000000000000e+06
1.332534000000000000e+06
1.334748000000000000e+06
1.336640000000000000e+06
1.338877000000000000e+06
1.341305000000000000e+06
1.343227000000000000e+06
1.345344000000000000e+06
1.347226000000000000e+06
1.349624000000000000e+06
1.351189000000000000e+06
1.353511000000000000e+06
1.355152000000000000e+06
1.357524000000000000e+06
1.359166000000000000e+06
1.361033000000000000e+06
1.363954000000000000e+06
1.365650000000000000e+06
1.367923000000000000e+06
1.369477000000000000e+06
1.371477000000000000e+06
1.374163000000000000e+06
1.375597000000000000e+06
1.377834000000000000e+06
1.379638000000000000e+06
1.382052000000000000e+06
1.384303000000000000e+06
1.386340000000000000e+06
1.388388000000000000e+06
1.389921000000000000e+06
1.391921000000000000e+06
1.394247000000000000e+06
1.395862000000000000e+06
1.398688000000000000e+06
1.400688000000000000e+06
1.402629000000000000e+06
1.404247000000000000e+06
1.406801000000000000e+06
1.408645000000000000e+06
1.411045000000000000e+06
1.412987000000000000e+06
1.414763000000000000e+06
1.417213000000000000e+06
1.418722000000000000e+06
1.421068000000000000e+06
1.423068000000000000e+06
1.425328000000000000e+06
1.427328000000000000e+06
1.428840000000000000e+06
1.431431000000000000e+06
1.432977000000000000e+06
1.434743000000000000e+06
1.437547000000000000e+06
1.439562000000000000e+06
1.441573000000000000e+06
1.443573000000000000e+06
1.445573000000000000e+06
1.447842000000000000e+06
1.449843000000000000e+06
1.451843000000000000e+06
1.453707000000000000e+06
1.456044000000000000e+06
1.457436000000000000e+06
1.459436000000000000e+06
1.461436000000000000e+06
1.464174000000000000e+06
1.466112000000000000e+06
1.467869000000000000e+06
1.469723000000000000e+06
1.471570000000000000e+06
1.473779000000000000e+06
1.476505000000000000e+06
1.478064000000000000e+06
1.479721000000000000e+06
1.482721000000000000e+06
1.484721000000000000e+06
1.486721000000000000e+06
1.488721000000000000e+06
1.490051000000000000e+06
1.492463000000000000e+06
1.494756000000000000e+06
1.496756000000000000e+06
1.498446000000000000e+06
1.500860000000000000e+06
1.502984000000000000e+06
1.505022000000000000e+06
1.506648000000000000e+06
1.508642000000000000e+06
1.510936000000000000e+06
1.513285000000000000e+06
1.515044000000000000e+06
1.517449000000000000e+06
1.518753000000000000e+06
1.521494000000000000e+06
1.522999000000000000e+06
1.525560000000000000e+06
1.527090000000000000e+06
1.529379000000000000e+06
1.531379000000000000e+06
1.533379000000000000e+06
1.535379000000000000e+06
1.537312000000000000e+06
1.539312000000000000e+06
1.541694000000000000e+06
1.544007000000000000e+06
1.546157000000000000e+06
1.548157000000000000e+06
1.549365000000000000e+06
1.552365000000000000e+06
1.554365000000000000e+06
1.556322000000000000e+06
1.558322000000000000e+06
1.560383000000000000e+06
1.562528000000000000e+06
1.564013000000000000e+06
1.566111000000000000e+06
1.568748000000000000e+06
1.570748000000000000e+06
1.572654000000000000e+06
1.574195000000000000e+06
1.576478000000000000e+06
1.578478000000000000e+06
1.580815000000000000e+06
1.582933000000000000e+06
1.584614000000000000e+06
1.586298000000000000e+06
1.588743000000000000e+06
1.591098000000000000e+06
1.593023000000000000e+06
1.594778000000000000e+06
1.596728000000000000e+06
1.599374000000000000e+06
1.600945000000000000e+06
1.603296000000000000e+06
1.605240000000000000e+06
1.606691000000000000e+06
1.609503000000000000e+06
1.611675000000000000e+06
1.613620000000000000e+06
1.614927000000000000e+06
1.616927000000000000e+06
1.619635000000000000e+06
1.621846000000000000e+06
1.623770000000000000e+06
1.625736000000000000e+06
1.627478000000000000e+06
1.629478000000000000e+06
1.631478000000000000e+06
1.634145000000000000e+06
1.635830000000000000e+06
1.637453000000000000e+06
1.639987000000000000e+06
1.642441000000000000e+06
1.644169000000000000e+06
1.646172000000000000e+06
1.647882000000000000e+06
1.649882000000000000e+06
1.652302000000000000e+06
1.654139000000000000e+06
1.656557000000000000e+06
1.658557000000000000e+06
1.660334000000000000e+06
1.662382000000000000e+06
1.664671000000000000e+06
1.666987000000000000e+06
1.668388000000000000e+06
1.671053000000000000e+06
1.672293000000000000e+06
1.674293000000000000e+06
1.676580000000000000e+06
1.678545000000000000e+06
1.681077000000000000e+06
1.683351000000000000e+06
1.685327000000000000e+06
1.687454000000000000e+06
1.689359000000000000e+06
1.691157000000000000e+06
1.693157000000000000e+06
1.695612000000000000e+06
1.697190000000000000e+06
1.699770000000000000e+06
1.700955000000000000e+06
1.703766000000000000e+06
1.705193000000000000e+06
1.707193000000000000e+06
1.709548000000000000e+06
1.712028000000000000e+06
1.713329000000000000e+06
1.715827000000000000e+06
1.717665000000000000e+06
1.719324000000000000e+06
1.722055000000000000e+06
1.724315000000000000e+06
1.726315000000000000e+06
1.728051000000000000e+06
1.730051000000000000e+06
1.732008000000000000e+06
1.733719000000000000e+06
1.735713000000000000e+06
1.738521000000000000e+06
1.740139000000000000e+06
1.742307000000000000e+06
1.744409000000000000e+06
1.746409000000000000e+06
1.748024000000000000e+06
1.750302000000000000e+06
1.752842000000000000e+06
1.754770000000000000e+06
1.756380000000000000e+06
1.759137000000000000e+06
1.760861000000000000e+06
1.763051000000000000e+06
1.765060000000000000e+06
1.766861000000000000e+06
1.769205000000000000e+06
1.771385000000000000e+06
1.773137000000000000e+06
1.775191000000000000e+06
1.777570000000000000e+06
1.779388000000000000e+06
1.781725000000000000e+06
1.782880000000000000e+06
1.785464000000000000e+06
1.787590000000000000e+06
1.789749000000000000e+06
1.791749000000000000e+06
1.793749000000000000e+06
1.796085000000000000e+06
1.798085000000000000e+06
1.800074000000000000e+06
1.802237000000000000e+06
1.803527000000000000e+06
1.805753000000000000e+06
1.807753000000000000e+06
1.810312000000000000e+06
1.811816000000000000e+06
1.814157000000000000e+06
1.816157000000000000e+06
1.818157000000000000e+06
1.820089000000000000e+06
1.822637000000000000e+06
1.824661000000000000e+06
1.826323000000000000e+06
1.828041000000000000e+06
1.830123000000000000e+06
1.832638000000000000e+06
1.834845000000000000e+06
1.836845000000000000e+06
1.838709000000000000e+06
1.840742000000000000e+06
1.843119000000000000e+06
1.845221000000000000e+06
1.847221000000000000e+06
1.849221000000000000e+06
1.850646000000000000e+06
1.852646000000000000e+06
1.855297000000000000e+06
1.857297000000000000e+06
1.859297000000000000e+06
1.860811000000000000e+06
1.863072000000000000e+06
1.865199000000000000e+06
1.867199000000000000e+06
1.869199000000000000e+06
1.871007000000000000e+06
1.873663000000000000e+06
1.875190000000000000e+06
1.877909000000000000e+06
1.880052000000000000e+06
1.881505000000000000e+06
1.883851000000000000e+06
1.885821000000000000e+06
1.887807000000000000e+06
1.890294000000000000e+06
1.891593000000000000e+06
1.894153000000000000e+06
1.896383000000000000e+06
1.898479000000000000e+06
1.900479000000000000e+06
1.902479000000000000e+06
1.904184000000000000e+06
1.906485000000000000e+06
1.908715000000000000e+06
1.910386000000000000e+06
1.912815000000000000e+06
1.914542000000000000e+06
1.916296000000000000e+06
1.918320000000000000e+06
1.920864000000000000e+06
1.922683000000000000e+06
1.924683000000000000e+06
1.926623000000000000e+06
1.928783000000000000e+06
1.930783000000000000e+06
1.932925000000000000e+06
1.934925000000000000e+06
1.936861000000000000e+06
1.938840000000000000e+06
1.940980000000000000e+06
1.942980000000000000e+06
1.944980000000000000e+06
1.947331000000000000e+06
1.949685000000000000e+06
1.951430000000000000e+06
1.953326000000000000e+06
1.955153000000000000e+06
1.957855000000000000e+06
1.959797000000000000e+06
1.961797000000000000e+06
1.963807000000000000e+06
1.965541000000000000e+06
1.967709000000000000e+06
1.970165000000000000e+06
1.971543000000000000e+06
1.974046000000000000e+06
1.975570000000000000e+06
1.978012000000000000e+06
1.979498000000000000e+06
1.981488000000000000e+06
1.983950000000000000e+06
1.986299000000000000e+06
1.988586000000000000e+06
1.990596000000000000e+06
1.992692000000000000e+06
1.994149000000000000e+06
1.996729000000000000e+06
1.998173000000000000e+06
2.000697000000000000e+06
