-6.873622456614857867e+01
-6.784702719908401036e+01
-6.399012566782814559e+01
-6.365048941688936424e+01
-6.372997542076804223e+01
-6.358958457003581088e+01
-6.287137056130149659e+01
-6.253196222625933132e+01
-6.254483569606610160e+01
-6.177147802236562768e+01
-6.068937117387729074e+01
-6.080386526394874380e+01
-6.011164939170225807e+01
-5.967135306903058023e+01
-5.933202200807639315e+01
-5.892825754177566466e+01
-5.864752791810659005e+01
-5.780844686697581380e+01
-5.738599460176367018e+01
-5.673243536033565704e+01
-5.611556687070853400e+01
-5.547234072514943648e+01
-5.493535807598085796e+01
-5.413854322920602868e+01
-5.351251347447091433e+01
-5.294620269151857883e+01
-5.245761618119574621e+01
-5.177512244242954864e+01
-5.102846542077528369e+01
-5.057185438012034240e+01
-5.002488268122189652e+01
-4.943849901768787447e+01
-4.873601792533470700e+01
-4.812562182122532306e+01
-4.756387896223624523e+01
-4.696604487574090570e+01
-4.635911864523423986e+01
-4.570993439504717060e+01
-4.524409586790518034e+01
-4.458921042689289749e+01
-4.397369783311838631e+01
-4.303338367568142075e+01
-4.235210016066704952e+01
-4.170120469195961022e+01
-4.116282723485832662e+01
-4.053242944442836659e+01
-4.006825666959405652e+01
-3.937533176550030589e+01
-3.877565358653676242e+01
-3.748081409366042038e+01
-3.627374641573658209e+01
-3.523737362451985433e+01
-3.401124593813058539e+01
-3.261633780377329828e+01
-3.122932315818589899e+01
-3.000932595457703300e+01
-2.889198688773607415e+01
-2.745700704745870624e+01
-2.630434994823025718e+01
-2.511245888228368628e+01
-2.414800298711554305e+01
-2.284056629135449867e+01
-2.092520283962175043e+01
-1.957977488442513447e+01
-1.819218859144528722e+01
-1.697047003102730400e+01
-1.563464317283683158e+01
-1.448321812328996394e+01
-1.312646421550281239e+01
-1.175469266891602871e+01
-1.053451053886191602e+01
-9.326036947892628604e+00
-8.225097197761536805e+00
-6.980942313886303374e+00
-5.908593579337848567e+00
-4.709442269477412069e+00
-3.682260867764864720e+00
-2.485361888552398923e+00
-1.206539073430102249e+00
-1.186334141295659339e-01
1.056909906518017195e+00
1.644630492713383685e+00
2.703410496084621695e+00
4.022626766390946962e+00
5.121946733981653566e+00
6.172179622709218272e+00
7.284062022135498360e+00
8.334448447685296912e+00
9.220617476255068112e+00
1.028918913209382247e+01
1.118881394837912779e+01
1.211052626363736451e+01
1.311372593263713959e+01
1.413076148113039565e+01
1.508490888526522511e+01
1.616287240857035101e+01
1.699848634856500951e+01
1.790284116073125276e+01
1.889524345260030813e+01
1.985630432561544723e+01
2.076478749272377655e+01
2.160120682110298418e+01
2.234345760259425262e+01
2.300101227096708101e+01
2.436313219782979544e+01
2.503290062524192194e+01
2.597744579392476538e+01
2.673479025137653053e+01
2.792727065478746695e+01
2.864642222275471184e+01
2.928201270039782855e+01
3.008338836515246939e+01
3.088160334097364768e+01
3.171782184771261370e+01
3.243437636447971073e+01
3.304926306788038204e+01
3.394281990516278569e+01
3.459746248150457859e+01
3.521265124721916351e+01
3.599495617706286055e+01
3.669392592047718438e+01
3.738383183630157447e+01
3.804057103230820047e+01
3.885973307608447413e+01
3.980345639198817764e+01
4.042608643851659167e+01
4.103994333881961865e+01
4.163022440813725211e+01
4.226938725875525193e+01
4.294163609085971700e+01
4.407866503721395901e+01
4.501202279276712659e+01
4.570957485536136744e+01
4.617173001097915375e+01
4.670150534495469685e+01
4.729022021727334391e+01
4.797360524431136497e+01
4.858930519183030583e+01
4.908713638006811664e+01
4.970485600870781440e+01
5.029513322837376421e+01
5.075963003510462812e+01
5.145459916159033753e+01
5.202018039885521006e+01
5.263889809756525295e+01
5.352151670863249677e+01
5.412267544091401561e+01
5.460046844039666780e+01
5.510790469644685174e+01
5.582831012185256725e+01
5.609771366377876944e+01
5.674754969511637626e+01
5.734178813882334680e+01
5.781932227574687033e+01
5.828275383296008272e+01
5.879952780713968252e+01
5.934348366435866495e+01
5.980087600526163527e+01
6.026386501260005701e+01
6.070131801346973788e+01
6.115479644519798086e+01
6.166487174744764843e+01
6.201995442506501632e+01
6.248741156259488605e+01
6.296368578604804611e+01
6.335882335843788837e+01
6.403997408513417611e+01
6.430662625907528707e+01
6.483954698231502789e+01
6.522247534093750687e+01
6.569586354446468590e+01
6.607063937556110034e+01
6.648049393508746618e+01
6.701140310739766903e+01
6.720882133118081470e+01
6.763249835284405265e+01
6.801132742458290181e+01
6.857085483548489435e+01
6.893861932510344559e+01
6.929681966691988748e+01
6.980079487313074083e+01
7.025182542743218050e+01
7.056019848756518797e+01
7.101986528225916118e+01
7.135109589006901842e+01
7.177331588174331500e+01
7.220132223580009168e+01
7.281836865742673126e+01
7.311335071248726081e+01
7.333833745969144502e+01
7.370861865362236642e+01
7.396110557799656249e+01
7.423487484667774083e+01
7.461090636624068395e+01
7.485213397107581557e+01
7.522038029584474828e+01
7.558459114502953469e+01
7.590613601225162199e+01
7.617301156604541745e+01
7.664053530803151659e+01
7.679880702884848631e+01
7.710194321977982668e+01
7.747356732955816483e+01
7.798407275179106080e+01
7.809080789560397307e+01
7.833472727324354423e+01
7.865651915999409027e+01
7.900551453094361420e+01
7.964153627604967767e+01
7.984164895262355799e+01
8.001239728321847622e+01
8.025715049415882163e+01
8.062821409086947710e+01
8.102133204012594092e+01
8.120247122886115676e+01
8.154086133452128138e+01
8.179785216959047034e+01
8.199021125848184965e+01
8.228975953103540064e+01
8.254590951571080382e+01
8.287752669839312603e+01
8.314791296018185562e+01
8.336393511209557516e+01
8.398334841462336442e+01
8.416195214226613075e+01
8.433897349632668750e+01
8.444650899341137062e+01
8.468512979388242456e+01
8.485156711452107459e+01
8.489420172491527694e+01
8.535512192691099642e+01
8.571241667092233740e+01
8.595591741510996542e+01
8.625679277652419330e+01
8.648997033440922166e+01
8.679355616736859247e+01
8.703369728512001302e+01
8.722316918490359683e+01
8.761133309556068127e+01
8.788033787235396233e+01
8.820380114557569584e+01
8.847466410367105993e+01
8.858666686720111727e+01
8.889781835151663358e+01
8.908844027444442304e+01
8.919176882450814503e+01
8.947621077120494704e+01
8.966806031352911077e+01
8.997157045760876315e+01
9.024990922786669501e+01
9.047217134409767425e+01
9.060280435183065606e+01
9.087430532809466399e+01
9.117841245760287450e+01
9.137887568743718703e+01
9.159494851066055787e+01
9.187418055381938586e+01
9.210684234564365624e+01
9.231802948751308691e+01
9.257106871746540833e+01
9.268892718579984091e+01
9.274576654833626321e+01
9.276170829465374368e+01
9.288457198047746033e+01
9.298251411656050891e+01
9.321122027008823352e+01
9.348639607683823272e+01
9.360678543777085281e+01
9.365905199885526144e+01
9.377538163410689265e+01
9.415664316285139535e+01
9.446402263588653625e+01
9.451331568386331128e+01
9.474300629946013430e+01
9.493927483176317139e+01
9.512601852075680142e+01
9.528937679965203245e+01
9.551173797978485425e+01
9.591441452859082517e+01
9.609552723870551461e+01
9.630074493998688467e+01
9.647308294067410372e+01
9.646154503171952399e+01
9.648148843537363462e+01
9.660278586807072543e+01
9.675474808363350121e+01
9.696456844781147311e+01
9.704095095056882769e+01
9.720786581405667448e+01
9.716559237751296507e+01
9.736636586026997975e+01
9.778082962850703552e+01
9.787387302013360113e+01
9.806899669171407652e+01
9.821734149414868398e+01
9.833724656170493006e+01
9.839964056483864852e+01
9.820285457115971894e+01
9.835486233979065673e+01
9.836857263838129484e+01
9.849076380065109504e+01
9.851684990114006268e+01
9.875840528667217200e+01
9.873168840211155839e+01
9.883456198125148262e+01
9.886580344107115081e+01
9.891150359539423675e+01
9.898300623925263153e+01
9.910254830610641363e+01
9.929129231168087699e+01
9.949643024302685035e+01
9.968798317345260784e+01
9.983932356643683192e+01
9.999098146791524755e+01
9.975014789689666372e+01
9.985551735658189898e+01
9.985179149962453948e+01
1.000860452761166499e+02
1.000178160940111951e+02
9.993211273893133750e+01
9.993607935306445711e+01
1.001533500642114518e+02
1.003958471776181653e+02
1.005860055340208561e+02
1.006313471994591850e+02
1.008201793260836467e+02
1.009910850356752405e+02
1.010125903000256358e+02
1.009075431854759159e+02
1.009516279696625816e+02
1.010708090445529166e+02
1.012765154434542438e+02
1.014344622640796842e+02
1.017122545005043861e+02
1.019052639498012809e+02
1.021260173539979519e+02
1.020944727104274534e+02
1.023291197329805300e+02
1.025027902792284635e+02
1.025140860010253334e+02
1.023738578997761692e+02
1.024398284214377668e+02
1.026390859251546175e+02
1.027572781630809544e+02
1.030097985651999863e+02
1.030716985301329061e+02
1.035693952709314942e+02
1.037626264485271292e+02
1.039482388774948021e+02
1.040728043618656784e+02
1.042978657771998741e+02
1.042776078572705956e+02
1.045920181159279423e+02
1.048690356828294910e+02
1.050928312527070148e+02
1.053764147742723196e+02
1.055608101113416666e+02
1.057568745866121418e+02
1.059017914003203771e+02
1.059766458794869379e+02
1.059830327422230454e+02
1.062490446580169561e+02
1.063403548511754764e+02
1.068003429884141440e+02
1.068399342264294347e+02
1.070972682483164675e+02
1.072559413892277576e+02
1.074232346386315413e+02
1.076900819936325178e+02
1.077850200106451553e+02
1.079130278109983436e+02
1.080646200026457819e+02
1.081129996161930080e+02
1.082657432086176215e+02
1.082338047622778134e+02
1.082033036740022851e+02
1.085669901179338694e+02
1.086340065893339641e+02
1.087038160827962230e+02
1.087994174034814421e+02
1.089862478381968316e+02
1.090000039365304616e+02
1.089973571446810467e+02
1.091890112816679022e+02
1.093040600016664570e+02
1.094950039886810345e+02
1.095781028197753386e+02
1.096378990197748067e+02
1.097745656311350331e+02
1.099483777662652528e+02
1.101260606115876186e+02
1.099950159273920463e+02
1.100897439587773761e+02
1.099151173498351142e+02
1.100541770001665469e+02
1.100943136853106950e+02
1.101551190828493247e+02
1.103072098167668855e+02
1.104747237446889585e+02
1.105118189555302024e+02
1.106615703760645744e+02
1.105572505149889224e+02
1.104548381912240416e+02
1.102738681198084265e+02
1.102364158096758615e+02
1.102120070217223287e+02
1.103215926841355810e+02
1.102649753105081487e+02
1.103321706692926938e+02
1.104463249193276937e+02
1.105663524336466992e+02
1.105479074904451835e+02
1.106773743638417216e+02
1.106932533383715054e+02
1.106865566968800181e+02
1.106023311535400921e+02
1.105818537179113434e+02
1.105228326785665871e+02
1.105997675934970772e+02
1.105186967914761027e+02
1.104231000802844278e+02
1.105172393835679827e+02
1.106568943437706594e+02
1.106851975991831694e+02
1.107160766251208202e+02
1.107250433799384126e+02
1.107542531947480740e+02
1.107800495078501939e+02
1.109140598770504056e+02
1.109419995922440449e+02
1.110733149808040992e+02
1.111018475380552246e+02
1.110354705353911839e+02
1.109926175077791584e+02
1.109938861978652369e+02
1.109934736771693906e+02
1.111131358278828145e+02
1.111256040422318137e+02
1.111028413046421122e+02
1.109189106560097997e+02
1.110963061730450505e+02
1.112787786498237494e+02
1.114417780887562941e+02
1.114367674263245362e+02
1.114105645065676953e+02
1.114548812946198808e+02
1.113367581694370045e+02
1.112345512406096333e+02
1.111259192880874025e+02
1.111294998310198423e+02
1.111737360939708168e+02
1.112886162740102378e+02
1.114348146830599404e+02
1.115592523152666899e+02
1.115862525281546027e+02
1.115410459338612839e+02
1.115267675810840444e+02
1.115138992844586454e+02
1.113887132538134921e+02
1.114422622672561545e+02
1.114077544411667020e+02
1.115262321188876911e+02
1.116525709524757843e+02
1.117370158091817984e+02
1.120009215204119357e+02
1.121165663849937317e+02
1.121403963152328629e+02
1.122214785294720372e+02
1.122554740027871389e+02
1.123052395465446551e+02
1.123994051453552458e+02
1.124354844026171349e+02
1.124453367478352277e+02
1.125842210861793262e+02
1.125820340033905467e+02
1.126771631602057226e+02
1.128843371631446502e+02
1.128295400865461318e+02
1.126657254693785717e+02
1.128002762066888351e+02
1.129076549448420650e+02
1.130314537198398313e+02
1.130804364256158010e+02
1.130800721022931725e+02
1.130405681808025520e+02
1.130075979067265024e+02
1.131780943568097797e+02
1.132950239579165697e+02
1.136245319185122042e+02
1.136297263037242686e+02
1.135891796991433864e+02
1.137312804675516844e+02
1.139869814619208341e+02
1.141761008295663089e+02
1.142871989542120730e+02
1.144415744582507273e+02
1.145635231472743385e+02
1.147574997353855224e+02
1.148700201781012424e+02
1.149851247084039869e+02
1.150372635361273552e+02
1.152289335592990369e+02
1.152667705068237183e+02
1.154010092061081991e+02
1.155732249155670672e+02
1.156037554596592543e+02
1.157772450862906908e+02
1.159303088458214006e+02
1.158634858656442930e+02
1.159550413590565228e+02
1.158628888253066691e+02
1.158763189796808746e+02
1.159115444688043652e+02
1.158794002337712072e+02
1.159973222730412061e+02
1.161714062670512249e+02
1.162621007780213915e+02
1.163858455125915157e+02
1.165056559898212498e+02
1.164429704027525503e+02
1.166443880928413250e+02
1.163410757870496894e+02
1.164388289773257696e+02
1.165556393670137965e+02
1.164801729953642138e+02
1.165721073048946010e+02
1.167255270921183410e+02
1.168665982381993445e+02
1.168662859496775894e+02
1.168594505388247882e+02
1.168443647230137827e+02
1.169206166872088204e+02
1.170394324899332474e+02
1.172805119487530874e+02
1.173924657683196529e+02
1.173380222302132125e+02
1.174427790136824967e+02
1.174399698990791450e+02
1.175642651989907392e+02
1.176744888654115471e+02
1.177598745455571390e+02
1.177112933698659560e+02
1.178214648602485681e+02
1.178064332858521936e+02
1.178766689723954357e+02
1.179665116616210412e+02
1.179482659751840572e+02
1.181456371293204768e+02
1.182281420505386222e+02
1.182756880788253824e+02
1.182888516273783353e+02
1.183929227805703874e+02
1.184429403460422918e+02
1.185147153871758974e+02
1.186641449995815378e+02
1.188332262379479687e+02
1.189231823308343365e+02
1.192369842927324157e+02
1.193635770401110108e+02
1.195643186223117311e+02
1.197511880515915408e+02
1.198593624740710766e+02
1.199972846415692231e+02
1.200177201708850987e+02
1.199923710652406470e+02
1.200935740191865477e+02
1.201878218561845983e+02
1.203927490545664227e+02
1.205056198945725896e+02
1.205742683943915665e+02
1.207615553017682544e+02
1.209193953043275513e+02
1.209166046509592150e+02
1.210406625623316756e+02
1.210563783983378983e+02
1.211837566670600808e+02
1.212913449230190963e+02
1.213460028849879393e+02
1.213516676421230898e+02
1.213804439459536297e+02
1.215087890418291323e+02
1.215151514437527140e+02
1.215153282125093028e+02
1.216243186170856490e+02
1.217148043542998863e+02
1.217420692431233675e+02
1.217115112588090824e+02
1.217429159003772270e+02
1.215684358034159374e+02
1.216012436991335903e+02
1.217027437147900457e+02
1.217107070036986016e+02
1.216657468995435778e+02
1.216877950854319579e+02
1.217492199301564000e+02
1.216283882077414091e+02
1.215996829562908204e+02
1.214517091956976174e+02
1.215404748090340945e+02
1.215689147658607965e+02
1.216001284465489505e+02
1.216687623557982505e+02
1.217553388217488219e+02
1.216340223034786163e+02
1.216175335120555445e+02
1.216100454299261884e+02
1.216163721634689665e+02
1.216415331306018146e+02
1.215575823600360081e+02
1.216336109111694412e+02
1.216316994490575780e+02
1.216687947784375154e+02
1.217745954838011073e+02
1.218775892195922097e+02
1.219734400541793917e+02
1.219294286102632725e+02
1.219129249250503193e+02
1.219128880478403545e+02
1.220516144403789127e+02
1.222753226376225513e+02
1.222668667384148478e+02
1.222940335704261514e+02
1.222820949084747753e+02
1.222575841051967700e+02
1.222862640443068756e+02
1.223360035385147455e+02
1.225668873208241223e+02
1.226215646585738028e+02
1.226665505717640485e+02
1.225245481045121778e+02
1.226269024820201707e+02
1.226505806106342078e+02
1.226212214554562934e+02
1.226307051515490656e+02
1.226593291465764963e+02
1.226171773361771216e+02
1.226770604955954269e+02
1.228734075521582838e+02
1.228454196719645779e+02
1.227650336901005659e+02
1.227871155529183511e+02
1.228494420871808899e+02
1.228309429621175752e+02
1.228354802801782313e+02
1.230686356474967056e+02
1.231149435918077302e+02
1.231150825794096448e+02
1.231170596707811455e+02
1.231328226211985566e+02
1.231074290073040771e+02
1.231403904119991637e+02
1.232498729386104230e+02
1.232532316354963768e+02
1.231913096873673510e+02
1.232036972897037259e+02
1.231738896419171994e+02
1.231124497016571695e+02
1.231626318434997813e+02
1.231508636229770275e+02
1.232292317903044534e+02
1.232190728646325795e+02
1.231817928925200221e+02
1.231426088269382291e+02
1.230065164965588309e+02
1.229607317542560736e+02
1.229920924692154216e+02
1.228444098647562583e+02
1.226839933708309758e+02
1.226114505552724552e+02
1.225421506055623126e+02
1.226951549538939616e+02
1.227804996085048828e+02
1.227878251568303369e+02
1.227726091688090833e+02
1.227856840413705015e+02
1.226830557154116406e+02
1.227772242859426086e+02
1.228949058986862042e+02
1.229763931177047880e+02
1.230437241521662202e+02
1.230926812870214064e+02
1.231376150769550861e+02
1.232560656700772199e+02
1.233810936082537353e+02
1.233958401127721913e+02
1.234629997686568288e+02
1.234731705413557563e+02
1.234924185552472551e+02
1.234445651256248624e+02
1.236271085774641705e+02
1.236302406442335098e+02
1.236767582551795783e+02
1.237084778907028948e+02
1.238658927714722466e+02
1.237705224480520911e+02
1.239301881212984711e+02
1.239821532513122406e+02
1.240109188076460072e+02
1.241285555424146878e+02
1.241578890140813627e+02
1.241871044639446922e+02
1.241747803115604967e+02
1.242164021577948745e+02
1.242669807955225281e+02
1.243320892688297903e+02
1.243812941117406439e+02
1.244270008933640383e+02
1.245043075937186927e+02
1.244903137293908344e+02
1.244662552185446174e+02
1.245112915005367427e+02
1.246327670215962087e+02
1.248445217190364360e+02
1.247949241451970721e+02
1.249134706338537910e+02
1.252356350233762470e+02
1.253107000325782820e+02
1.255506281278268972e+02
1.256864064879314213e+02
1.256778539156938308e+02
1.256802576308780885e+02
1.258150346387920422e+02
1.257703057831105014e+02
1.258648825356816303e+02
1.258842504641228999e+02
1.259028369399056686e+02
1.259386843940994396e+02
1.259784324980016521e+02
1.259418932743429167e+02
1.259613057099397935e+02
1.260014871605947491e+02
1.257962719808471661e+02
1.258097429690816398e+02
1.258099989865228565e+02
1.257463591531609524e+02
1.257735815212986239e+02
1.258538711338739802e+02
1.259826505080045109e+02
1.260174506684953286e+02
1.261528041227781642e+02
1.262104380858927897e+02
1.262493919017172459e+02
1.262158040605530118e+02
1.263411274530802189e+02
1.262041171977051306e+02
1.263292653302245014e+02
1.262898486499341573e+02
1.261873349527731420e+02
1.261208272043691636e+02
1.261086680901266703e+02
1.260281681174193977e+02
1.262013250303312049e+02
1.263011771799517931e+02
1.262318773427257668e+02
1.261936526123861455e+02
1.261675018334925369e+02
1.263000466760467191e+02
1.263327240168819543e+02
1.262370215923321837e+02
1.263002165725457786e+02
1.263427351933213743e+02
1.261760917962170225e+02
1.262927188147121029e+02
1.262706797566257109e+02
1.261837060111227515e+02
1.262256180176903513e+02
1.261583923603498505e+02
1.261436441702818740e+02
1.262114033663032586e+02
1.263122135505659571e+02
1.263233884736013408e+02
1.263656677496280452e+02
1.264695647819927160e+02
1.265885910667093270e+02
1.265502435078950327e+02
1.265458867288328690e+02
1.266395073442800481e+02
1.267437034761853454e+02
1.267856506839848549e+02
1.268755059400266845e+02
1.270661712401277441e+02
1.270983900345944733e+02
1.271594097876916010e+02
1.273255430626296913e+02
1.274208244190144086e+02
1.274421177126219789e+02
1.274436391453155721e+02
1.274806205024078878e+02
1.274074319671176454e+02
1.273630146895016395e+02
1.273478181155751940e+02
1.275252644474458066e+02
1.274415390453344656e+02
1.274440887384483148e+02
1.274806774026208984e+02
1.275223416602916728e+02
1.275463052112894928e+02
1.277998262708163253e+02
1.278635589144470970e+02
1.281010564668605696e+02
1.280624789894443722e+02
1.279279348199607398e+02
1.277508667150544852e+02
1.280123863771123354e+02
1.281205736629558771e+02
1.280483067663833481e+02
1.280919086507404074e+02
1.283191283245078296e+02
1.284031083107074380e+02
1.284206822808479842e+02
1.285894345667562106e+02
1.284300490686142382e+02
1.285328457763870631e+02
1.285405110221422831e+02
1.285623813339942387e+02
1.285970753616699085e+02
1.285474726078141714e+02
1.285717880575385834e+02
1.285747823178413398e+02
1.285873283526950104e+02
1.285362952550293585e+02
1.284977192191060169e+02
1.284235605169845371e+02
1.284369918942525999e+02
1.285607461270464285e+02
1.286087956974208737e+02
1.284374401750802974e+02
1.284107144741520585e+02
1.283154818760268085e+02
1.283042551055143576e+02
1.282881313342884368e+02
1.283284749345709486e+02
1.281089424502301881e+02
1.282158296547918042e+02
1.282283350895002343e+02
1.280352722500862512e+02
1.280440264013595026e+02
1.281003884939258057e+02
1.280744089498631126e+02
1.280359197503314874e+02
1.279391815594237585e+02
1.280797585232501206e+02
1.281211154279751554e+02
1.281200920350131014e+02
1.281636184129172875e+02
1.282172872371322399e+02
1.281749815985524208e+02
1.280834289348397590e+02
1.279963949276806545e+02
1.280384267803547687e+02
1.281831173045675030e+02
1.284275904044019967e+02
1.284215580804185493e+02
1.283133231655379802e+02
1.284701696896436260e+02
1.285335259004663158e+02
1.282568694291174154e+02
1.282440043254175066e+02
1.282016186696669990e+02
1.282456211989185704e+02
1.282074761380817733e+02
1.282822344059279089e+02
1.282400460439888832e+02
1.282421468897370858e+02
1.282799674574751521e+02
1.283323052880792829e+02
1.282536719018152382e+02
1.282946029310436700e+02
1.283184737017635655e+02
1.283720905103091923e+02
1.284709634768556157e+02
1.285764710284165915e+02
1.286369267080769987e+02
1.286446366597841404e+02
1.286408826217657122e+02
1.288051805973508124e+02
1.290198660422836952e+02
1.289746396475601387e+02
1.289899055325873007e+02
1.290011530637864041e+02
1.290823623770559152e+02
1.290688173597107493e+02
1.290736970813368885e+02
1.290266197689076932e+02
1.291700643040918237e+02
1.292170609125019780e+02
1.291521674437076967e+02
1.291736268325027481e+02
1.293335789056713168e+02
1.291679154649792451e+02
1.291298173384569452e+02
1.292103018750386809e+02
1.292128574245269022e+02
1.291965789907645501e+02
1.291286993792078022e+02
1.292493647392693390e+02
1.293410655828221820e+02
1.293962515694585989e+02
1.293034115108624462e+02
1.291935742509048737e+02
1.291884829881471433e+02
1.291450627257821679e+02
1.290358966092578612e+02
1.290196360214752644e+02
1.288684058741958438e+02
1.290784374387829416e+02
1.290026446227887220e+02
1.289725544254329748e+02
1.289162399183690582e+02
1.290776388349064518e+02
1.290460806930078945e+02
1.290818546954235728e+02
1.290661228935726115e+02
1.290308180095008481e+02
1.290822252654332658e+02
1.291753737774131992e+02
1.291446310546649272e+02
1.291605945579428862e+02
1.291274699014431633e+02
1.290765461725716250e+02
1.290184359086093480e+02
1.289651604577846626e+02
1.288682119033633455e+02
1.288483688028896950e+02
1.288232935037743800e+02
1.287174755436868452e+02
1.288756848980250425e+02
1.289833106612106803e+02
1.290660858486875213e+02
1.291222713384954091e+02
1.292013090791719208e+02
1.292198795678147007e+02
1.292588312157615746e+02
1.292949478994150070e+02
1.293822669213422216e+02
1.294060499990529536e+02
1.293740632939496038e+02
1.292805980121986522e+02
1.294241817688648837e+02
1.294919846930623066e+02
1.295318183097539304e+02
1.295024552529891366e+02
1.294916194741731772e+02
1.295560820843972181e+02
1.292558492890515254e+02
1.292709261072928655e+02
1.293435609375030708e+02
1.293919377120149647e+02
1.296258054523437693e+02
1.297006159038444935e+02
1.297448098455893444e+02
1.298653035222461654e+02
1.299072238375638051e+02
1.299793276862809535e+02
1.299046843668332940e+02
1.300461462869109539e+02
1.301006223581895540e+02
1.301665825018128260e+02
1.300109193148794589e+02
1.299885518017370600e+02
1.299784637476349474e+02
1.300089963852426251e+02
1.300227593272470301e+02
1.299479405248837622e+02
1.299460139974063964e+02
1.299512220442845774e+02
1.299737839017123520e+02
1.300086986947029857e+02
1.300320010594240330e+02
1.300651997984688535e+02
1.301330112968332173e+02
1.301788631797229812e+02
1.302474256418074674e+02
1.303100928981130551e+02
1.303643802028223035e+02
1.303184790310981782e+02
1.302411624944658683e+02
