2.034000000000000000e+03
4.059000000000000000e+03
6.132000000000000000e+03
8.173000000000000000e+03
1.019300000000000000e+04
1.226900000000000000e+04
1.424300000000000000e+04
1.630600000000000000e+04
1.835500000000000000e+04
2.039200000000000000e+04
2.245500000000000000e+04
2.455000000000000000e+04
2.657800000000000000e+04
2.859200000000000000e+04
3.066600000000000000e+04
3.271100000000000000e+04
3.476500000000000000e+04
3.679800000000000000e+04
3.875200000000000000e+04
4.093800000000000000e+04
4.295400000000000000e+04
4.504400000000000000e+04
4.701300000000000000e+04
4.903300000000000000e+04
5.106100000000000000e+04
5.315400000000000000e+04
5.523300000000000000e+04
5.715200000000000000e+04
5.922200000000000000e+04
6.135200000000000000e+04
6.346400000000000000e+04
6.536000000000000000e+04
6.748700000000000000e+04
6.948600000000000000e+04
7.159600000000000000e+04
7.350800000000000000e+04
7.574300000000000000e+04
7.774600000000000000e+04
7.984100000000000000e+04
8.180900000000000000e+04
8.382700000000000000e+04
8.599100000000000000e+04
8.794100000000000000e+04
9.009700000000000000e+04
9.201300000000000000e+04
9.410300000000000000e+04
9.625000000000000000e+04
9.824200000000000000e+04
1.002080000000000000e+05
1.023040000000000000e+05
1.044110000000000000e+05
1.064870000000000000e+05
1.084150000000000000e+05
1.105880000000000000e+05
1.125460000000000000e+05
1.146250000000000000e+05
1.165240000000000000e+05
1.187620000000000000e+05
1.207860000000000000e+05
1.227200000000000000e+05
1.247090000000000000e+05
1.268910000000000000e+05
1.289880000000000000e+05
1.309360000000000000e+05
1.330090000000000000e+05
1.350250000000000000e+05
1.370860000000000000e+05
1.390760000000000000e+05
1.411940000000000000e+05
1.432540000000000000e+05
1.453860000000000000e+05
1.473680000000000000e+05
1.494480000000000000e+05
1.515350000000000000e+05
1.535750000000000000e+05
1.555170000000000000e+05
1.575630000000000000e+05
1.596530000000000000e+05
1.615880000000000000e+05
1.637020000000000000e+05
1.658580000000000000e+05
1.677100000000000000e+05
1.697320000000000000e+05
1.718540000000000000e+05
1.739180000000000000e+05
1.758040000000000000e+05
1.778730000000000000e+05
1.801580000000000000e+05
1.820510000000000000e+05
1.843130000000000000e+05
1.861690000000000000e+05
1.884090000000000000e+05
1.902580000000000000e+05
1.924620000000000000e+05
1.943540000000000000e+05
1.963710000000000000e+05
1.984370000000000000e+05
2.005350000000000000e+05
2.026700000000000000e+05
2.046640000000000000e+05
2.066970000000000000e+05
2.087270000000000000e+05
2.108130000000000000e+05
2.127730000000000000e+05
2.148230000000000000e+05
2.165600000000000000e+05
2.190740000000000000e+05
2.210030000000000000e+05
2.230630000000000000e+05
2.250820000000000000e+05
2.273260000000000000e+05
2.291880000000000000e+05
2.312890000000000000e+05
2.332660000000000000e+05
2.354030000000000000e+05
2.372950000000000000e+05
2.392570000000000000e+05
2.415930000000000000e+05
2.436410000000000000e+05
2.456830000000000000e+05
2.476870000000000000e+05
2.496380000000000000e+05
2.518530000000000000e+05
2.537080000000000000e+05
2.558370000000000000e+05
2.578100000000000000e+05
2.599640000000000000e+05
2.620820000000000000e+05
2.641670000000000000e+05
2.659390000000000000e+05
2.681720000000000000e+05
2.700940000000000000e+05
2.723250000000000000e+05
2.741370000000000000e+05
2.763190000000000000e+05
2.782300000000000000e+05
2.805010000000000000e+05
2.825880000000000000e+05
2.846080000000000000e+05
2.863100000000000000e+05
2.885020000000000000e+05
2.907350000000000000e+05
2.927830000000000000e+05
2.945200000000000000e+05
2.968870000000000000e+05
2.987520000000000000e+05
3.010230000000000000e+05
3.030730000000000000e+05
3.051260000000000000e+05
3.068340000000000000e+05
3.091520000000000000e+05
3.110500000000000000e+05
3.131640000000000000e+05
3.152550000000000000e+05
3.172020000000000000e+05
3.192050000000000000e+05
3.214270000000000000e+05
3.230230000000000000e+05
3.255650000000000000e+05
3.275910000000000000e+05
3.296130000000000000e+05
3.313930000000000000e+05
3.338240000000000000e+05
3.357510000000000000e+05
3.376300000000000000e+05
3.399190000000000000e+05
3.417000000000000000e+05
3.438540000000000000e+05
3.459510000000000000e+05
3.481460000000000000e+05
3.501530000000000000e+05
3.520040000000000000e+05
3.541970000000000000e+05
3.562100000000000000e+05
3.581030000000000000e+05
3.602860000000000000e+05
3.621970000000000000e+05
3.645210000000000000e+05
3.660780000000000000e+05
3.685430000000000000e+05
3.704390000000000000e+05
3.726440000000000000e+05
3.746680000000000000e+05
3.766680000000000000e+05
3.787860000000000000e+05
3.807480000000000000e+05
3.829350000000000000e+05
3.846760000000000000e+05
3.870590000000000000e+05
3.890330000000000000e+05
3.909650000000000000e+05
3.931200000000000000e+05
3.949430000000000000e+05
3.968370000000000000e+05
3.990100000000000000e+05
4.011840000000000000e+05
4.033770000000000000e+05
4.053480000000000000e+05
4.074030000000000000e+05
4.095960000000000000e+05
4.113460000000000000e+05
4.131130000000000000e+05
4.153430000000000000e+05
4.176390000000000000e+05
4.196670000000000000e+05
4.215460000000000000e+05
4.239130000000000000e+05
4.256180000000000000e+05
4.276210000000000000e+05
4.299530000000000000e+05
4.319650000000000000e+05
4.341260000000000000e+05
4.360890000000000000e+05
4.379720000000000000e+05
4.401270000000000000e+05
4.419560000000000000e+05
4.436170000000000000e+05
4.460910000000000000e+05
4.483890000000000000e+05
4.503070000000000000e+05
4.518700000000000000e+05
4.542680000000000000e+05
4.566000000000000000e+05
4.583260000000000000e+05
4.605360000000000000e+05
4.625850000000000000e+05
4.647270000000000000e+05
4.668570000000000000e+05
4.684450000000000000e+05
4.708230000000000000e+05
4.727660000000000000e+05
4.746940000000000000e+05
4.771210000000000000e+05
4.786790000000000000e+05
4.810320000000000000e+05
4.827050000000000000e+05
4.849940000000000000e+05
4.869850000000000000e+05
4.892790000000000000e+05
4.909560000000000000e+05
4.934390000000000000e+05
4.953000000000000000e+05
4.972370000000000000e+05
4.996390000000000000e+05
5.016950000000000000e+05
5.035430000000000000e+05
5.056190000000000000e+05
5.071460000000000000e+05
5.097260000000000000e+05
5.119980000000000000e+05
5.139890000000000000e+05
5.159770000000000000e+05
5.178400000000000000e+05
5.198900000000000000e+05
5.220220000000000000e+05
5.239170000000000000e+05
5.263060000000000000e+05
5.282630000000000000e+05
5.302840000000000000e+05
5.323860000000000000e+05
5.344270000000000000e+05
5.365140000000000000e+05
5.386180000000000000e+05
5.404210000000000000e+05
5.425440000000000000e+05
5.446090000000000000e+05
5.464150000000000000e+05
5.485110000000000000e+05
5.499180000000000000e+05
5.527600000000000000e+05
5.540590000000000000e+05
5.564270000000000000e+05
5.589580000000000000e+05
5.607950000000000000e+05
5.631620000000000000e+05
5.650050000000000000e+05
5.672710000000000000e+05
5.693400000000000000e+05
5.711450000000000000e+05
5.733290000000000000e+05
5.754380000000000000e+05
5.771750000000000000e+05
5.793610000000000000e+05
5.814940000000000000e+05
5.833320000000000000e+05
5.857220000000000000e+05
5.874990000000000000e+05
5.896560000000000000e+05
5.918410000000000000e+05
5.939100000000000000e+05
5.956130000000000000e+05
5.977150000000000000e+05
5.990820000000000000e+05
6.019240000000000000e+05
6.041190000000000000e+05
6.061660000000000000e+05
6.078630000000000000e+05
6.102430000000000000e+05
6.119920000000000000e+05
6.143060000000000000e+05
6.163360000000000000e+05
6.181640000000000000e+05
6.200980000000000000e+05
6.217540000000000000e+05
6.243980000000000000e+05
6.266800000000000000e+05
6.286360000000000000e+05
6.306300000000000000e+05
6.325310000000000000e+05
6.347630000000000000e+05
6.368230000000000000e+05
6.388420000000000000e+05
6.408560000000000000e+05
6.426620000000000000e+05
6.448550000000000000e+05
6.469260000000000000e+05
6.491810000000000000e+05
6.508460000000000000e+05
6.528230000000000000e+05
6.552640000000000000e+05
6.573600000000000000e+05
6.589870000000000000e+05
6.612440000000000000e+05
6.634270000000000000e+05
6.649270000000000000e+05
6.671630000000000000e+05
6.690660000000000000e+05
6.715840000000000000e+05
6.735140000000000000e+05
6.757780000000000000e+05
6.775790000000000000e+05
6.798970000000000000e+05
6.816970000000000000e+05
6.831940000000000000e+05
6.859770000000000000e+05
6.879390000000000000e+05
6.897830000000000000e+05
6.916160000000000000e+05
6.939040000000000000e+05
6.960580000000000000e+05
6.979900000000000000e+05
6.999900000000000000e+05
7.024390000000000000e+05
7.040640000000000000e+05
7.060480000000000000e+05
7.085660000000000000e+05
7.103190000000000000e+05
7.119160000000000000e+05
7.145560000000000000e+05
7.166230000000000000e+05
7.181160000000000000e+05
7.202530000000000000e+05
7.228420000000000000e+05
7.249140000000000000e+05
7.266910000000000000e+05
7.286390000000000000e+05
7.308350000000000000e+05
7.324660000000000000e+05
7.345840000000000000e+05
7.370110000000000000e+05
7.391760000000000000e+05
7.410130000000000000e+05
7.431000000000000000e+05
7.454430000000000000e+05
7.472780000000000000e+05
7.493720000000000000e+05
7.513800000000000000e+05
7.527680000000000000e+05
7.556640000000000000e+05
7.576460000000000000e+05
7.591970000000000000e+05
7.617050000000000000e+05
7.636670000000000000e+05
7.657680000000000000e+05
7.675880000000000000e+05
7.698180000000000000e+05
7.715470000000000000e+05
7.740480000000000000e+05
7.761220000000000000e+05
7.782380000000000000e+05
7.800410000000000000e+05
7.822090000000000000e+05
7.841350000000000000e+05
7.864290000000000000e+05
7.879740000000000000e+05
7.903980000000000000e+05
7.924270000000000000e+05
7.942870000000000000e+05
7.965960000000000000e+05
7.986470000000000000e+05
8.004710000000000000e+05
8.026880000000000000e+05
8.045770000000000000e+05
8.065960000000000000e+05
8.089050000000000000e+05
8.109240000000000000e+05
8.130450000000000000e+05
8.149080000000000000e+05
8.170700000000000000e+05
8.191610000000000000e+05
8.211130000000000000e+05
8.231730000000000000e+05
8.249460000000000000e+05
8.271760000000000000e+05
8.290090000000000000e+05
8.310020000000000000e+05
8.331950000000000000e+05
8.352290000000000000e+05
8.375420000000000000e+05
8.386810000000000000e+05
8.415980000000000000e+05
8.435450000000000000e+05
8.454920000000000000e+05
8.471140000000000000e+05
8.499140000000000000e+05
8.513810000000000000e+05
8.538530000000000000e+05
8.557940000000000000e+05
8.577220000000000000e+05
8.599230000000000000e+05
8.617760000000000000e+05
8.640580000000000000e+05
8.657680000000000000e+05
8.681260000000000000e+05
8.696950000000000000e+05
8.720280000000000000e+05
8.744350000000000000e+05
8.760900000000000000e+05
8.785650000000000000e+05
8.796720000000000000e+05
8.821870000000000000e+05
8.845900000000000000e+05
8.864240000000000000e+05
8.886160000000000000e+05
8.907220000000000000e+05
8.926310000000000000e+05
8.948480000000000000e+05
8.968080000000000000e+05
8.989790000000000000e+05
9.007830000000000000e+05
9.026740000000000000e+05
9.048460000000000000e+05
9.068650000000000000e+05
9.087920000000000000e+05
9.111850000000000000e+05
9.126370000000000000e+05
9.150370000000000000e+05
9.172590000000000000e+05
9.192030000000000000e+05
9.215760000000000000e+05
9.233090000000000000e+05
9.255540000000000000e+05
9.276290000000000000e+05
9.297110000000000000e+05
9.314980000000000000e+05
9.338800000000000000e+05
9.355770000000000000e+05
9.378660000000000000e+05
9.400230000000000000e+05
9.418540000000000000e+05
9.436080000000000000e+05
9.457630000000000000e+05
9.477120000000000000e+05
9.500210000000000000e+05
9.517850000000000000e+05
9.541540000000000000e+05
9.563890000000000000e+05
9.582580000000000000e+05
9.600170000000000000e+05
9.625420000000000000e+05
9.637640000000000000e+05
9.662320000000000000e+05
9.682090000000000000e+05
9.707370000000000000e+05
9.727960000000000000e+05
9.738890000000000000e+05
9.767680000000000000e+05
9.787920000000000000e+05
9.807980000000000000e+05
9.828140000000000000e+05
9.850650000000000000e+05
9.867880000000000000e+05
9.885080000000000000e+05
9.911540000000000000e+05
9.932110000000000000e+05
9.944640000000000000e+05
9.970730000000000000e+05
9.993190000000000000e+05
1.001144000000000000e+06
1.003454000000000000e+06
1.005331000000000000e+06
1.007595000000000000e+06
1.008935000000000000e+06
1.011328000000000000e+06
1.013396000000000000e+06
1.015556000000000000e+06
1.017769000000000000e+06
1.018999000000000000e+06
1.021423000000000000e+06
1.023982000000000000e+06
1.025514000000000000e+06
1.028071000000000000e+06
1.029994000000000000e+06
1.031423000000000000e+06
1.033866000000000000e+06
1.035931000000000000e+06
1.037557000000000000e+06
1.040364000000000000e+06
1.042104000000000000e+06
1.044300000000000000e+06
1.046100000000000000e+06
1.048462000000000000e+06
1.050059000000000000e+06
1.052570000000000000e+06
1.054049000000000000e+06
1.056274000000000000e+06
1.058655000000000000e+06
1.060621000000000000e+06
1.062654000000000000e+06
1.064815000000000000e+06
1.066820000000000000e+06
1.068867000000000000e+06
1.070760000000000000e+06
1.072912000000000000e+06
1.075079000000000000e+06
1.076372000000000000e+06
1.078948000000000000e+06
1.081122000000000000e+06
1.082717000000000000e+06
1.085000000000000000e+06
1.087465000000000000e+06
1.088956000000000000e+06
1.091416000000000000e+06
1.093293000000000000e+06
1.094806000000000000e+06
1.097663000000000000e+06
1.099492000000000000e+06
1.101683000000000000e+06
1.103487000000000000e+06
1.105810000000000000e+06
1.107642000000000000e+06
1.109487000000000000e+06
1.111854000000000000e+06
1.113935000000000000e+06
1.116055000000000000e+06
1.118134000000000000e+06
1.120176000000000000e+06
1.121804000000000000e+06
1.123957000000000000e+06
1.126318000000000000e+06
1.128103000000000000e+06
1.130475000000000000e+06
1.132233000000000000e+06
1.134329000000000000e+06
1.136339000000000000e+06
1.138162000000000000e+06
1.140709000000000000e+06
1.142434000000000000e+06
1.144400000000000000e+06
1.146340000000000000e+06
1.148653000000000000e+06
1.150631000000000000e+06
1.152783000000000000e+06
1.155006000000000000e+06
1.156798000000000000e+06
1.158982000000000000e+06
1.161150000000000000e+06
1.163108000000000000e+06
1.164823000000000000e+06
1.166935000000000000e+06
1.168952000000000000e+06
1.171378000000000000e+06
1.173229000000000000e+06
1.175404000000000000e+06
1.177499000000000000e+06
1.178699000000000000e+06
1.180863000000000000e+06
1.183732000000000000e+06
1.185758000000000000e+06
1.187322000000000000e+06
1.189253000000000000e+06
1.191402000000000000e+06
1.193825000000000000e+06
1.195712000000000000e+06
1.197789000000000000e+06
1.199756000000000000e+06
1.201962000000000000e+06
1.204141000000000000e+06
1.205992000000000000e+06
1.207501000000000000e+06
1.209814000000000000e+06
1.212152000000000000e+06
1.214454000000000000e+06
1.216417000000000000e+06
1.217817000000000000e+06
1.220134000000000000e+06
1.222578000000000000e+06
1.224444000000000000e+06
1.226478000000000000e+06
1.228770000000000000e+06
1.230733000000000000e+06
1.232719000000000000e+06
1.234759000000000000e+06
1.236744000000000000e+06
1.239012000000000000e+06
1.241080000000000000e+06
1.243031000000000000e+06
1.244913000000000000e+06
1.247050000000000000e+06
1.248982000000000000e+06
1.250884000000000000e+06
1.252642000000000000e+06
1.255325000000000000e+06
1.257368000000000000e+06
1.258770000000000000e+06
1.261157000000000000e+06
1.262862000000000000e+06
1.265588000000000000e+06
1.267169000000000000e+06
1.269678000000000000e+06
1.271493000000000000e+06
1.273274000000000000e+06
1.275328000000000000e+06
1.277713000000000000e+06
1.279372000000000000e+06
1.281768000000000000e+06
1.283452000000000000e+06
1.285632000000000000e+06
1.287416000000000000e+06
1.290020000000000000e+06
1.292214000000000000e+06
1.293403000000000000e+06
1.296253000000000000e+06
1.298052000000000000e+06
1.300065000000000000e+06
1.301838000000000000e+06
1.304463000000000000e+06
1.306510000000000000e+06
1.308617000000000000e+06
1.310426000000000000e+06
1.312527000000000000e+06
1.314496000000000000e+06
1.316664000000000000e+06
1.318773000000000000e+06
1.320901000000000000e+06
1.322711000000000000e+06
1.325019000000000000e+06
1.326786000000000000e+06
1.328784000000000000e+06
1.331170000000000000e+06
1.333140000000000000e+06
1.334643000000000000e+06
1.337334000000000000e+06
1.339225000000000000e+06
1.341034000000000000e+06
1.343139000000000000e+06
1.344950000000000000e+06
1.347047000000000000e+06
1.349549000000000000e+06
1.351371000000000000e+06
1.353389000000000000e+06
1.355294000000000000e+06
1.357454000000000000e+06
1.359152000000000000e+06
1.361501000000000000e+06
1.363701000000000000e+06
1.365730000000000000e+06
1.367693000000000000e+06
1.369967000000000000e+06
1.372095000000000000e+06
1.374005000000000000e+06
1.375959000000000000e+06
1.378145000000000000e+06
1.379596000000000000e+06
1.381863000000000000e+06
1.384186000000000000e+06
1.386332000000000000e+06
1.388465000000000000e+06
1.390573000000000000e+06
1.391901000000000000e+06
1.394662000000000000e+06
1.396067000000000000e+06
1.398621000000000000e+06
1.400397000000000000e+06
1.402626000000000000e+06
1.404825000000000000e+06
1.406736000000000000e+06
1.408539000000000000e+06
1.410880000000000000e+06
1.413094000000000000e+06
1.414966000000000000e+06
1.417115000000000000e+06
1.419115000000000000e+06
1.420973000000000000e+06
1.422778000000000000e+06
1.424975000000000000e+06
1.427165000000000000e+06
1.429161000000000000e+06
1.431510000000000000e+06
1.432685000000000000e+06
1.435245000000000000e+06
1.437562000000000000e+06
1.439419000000000000e+06
1.441781000000000000e+06
1.442933000000000000e+06
1.445557000000000000e+06
1.447729000000000000e+06
1.449588000000000000e+06
1.451778000000000000e+06
1.453769000000000000e+06
1.455855000000000000e+06
1.458175000000000000e+06
1.459894000000000000e+06
1.462049000000000000e+06
1.463410000000000000e+06
1.465444000000000000e+06
1.468146000000000000e+06
1.469828000000000000e+06
1.472368000000000000e+06
1.474337000000000000e+06
1.476590000000000000e+06
1.478335000000000000e+06
1.480518000000000000e+06
1.482725000000000000e+06
1.484735000000000000e+06
1.486031000000000000e+06
1.488697000000000000e+06
1.490516000000000000e+06
1.492804000000000000e+06
1.494542000000000000e+06
1.496117000000000000e+06
1.498994000000000000e+06
1.500233000000000000e+06
1.503020000000000000e+06
1.504674000000000000e+06
1.506453000000000000e+06
1.509197000000000000e+06
1.511255000000000000e+06
1.513212000000000000e+06
1.514811000000000000e+06
1.516611000000000000e+06
1.518995000000000000e+06
1.521648000000000000e+06
1.523516000000000000e+06
1.525114000000000000e+06
1.527006000000000000e+06
1.529135000000000000e+06
1.531851000000000000e+06
1.533851000000000000e+06
1.535347000000000000e+06
1.537339000000000000e+06
1.539243000000000000e+06
1.541868000000000000e+06
1.543909000000000000e+06
1.546143000000000000e+06
1.548097000000000000e+06
1.550179000000000000e+06
1.551673000000000000e+06
1.554042000000000000e+06
1.556294000000000000e+06
1.558247000000000000e+06
1.560400000000000000e+06
1.562239000000000000e+06
1.564585000000000000e+06
1.566400000000000000e+06
1.568455000000000000e+06
1.570493000000000000e+06
1.572411000000000000e+06
1.574704000000000000e+06
1.576495000000000000e+06
1.578655000000000000e+06
1.580714000000000000e+06
1.582256000000000000e+06
1.584200000000000000e+06
1.586845000000000000e+06
1.589070000000000000e+06
1.591176000000000000e+06
1.593102000000000000e+06
1.595210000000000000e+06
1.597288000000000000e+06
1.599064000000000000e+06
1.601485000000000000e+06
1.602986000000000000e+06
1.605333000000000000e+06
1.607000000000000000e+06
1.609521000000000000e+06
1.611762000000000000e+06
1.613657000000000000e+06
1.615673000000000000e+06
1.617911000000000000e+06
1.619021000000000000e+06
1.621448000000000000e+06
1.623465000000000000e+06
1.625655000000000000e+06
1.627811000000000000e+06
1.629916000000000000e+06
1.632238000000000000e+06
1.633381000000000000e+06
1.636212000000000000e+06
1.637829000000000000e+06
1.640223000000000000e+06
1.642487000000000000e+06
1.643679000000000000e+06
1.646478000000000000e+06
1.648307000000000000e+06
1.650398000000000000e+06
1.652472000000000000e+06
1.654445000000000000e+06
1.656801000000000000e+06
1.658488000000000000e+06
1.660704000000000000e+06
1.662839000000000000e+06
1.664812000000000000e+06
1.666382000000000000e+06
1.669119000000000000e+06
1.670361000000000000e+06
1.672764000000000000e+06
1.674759000000000000e+06
1.677280000000000000e+06
1.678725000000000000e+06
1.681395000000000000e+06
1.683207000000000000e+06
1.685502000000000000e+06
1.686809000000000000e+06
1.689247000000000000e+06
1.691427000000000000e+06
1.692769000000000000e+06
1.695379000000000000e+06
1.697745000000000000e+06
1.699712000000000000e+06
1.701316000000000000e+06
1.703116000000000000e+06
1.705796000000000000e+06
1.707650000000000000e+06
1.709926000000000000e+06
1.711775000000000000e+06
1.714002000000000000e+06
1.715842000000000000e+06
1.718167000000000000e+06
1.720147000000000000e+06
1.722169000000000000e+06
1.723863000000000000e+06
1.726258000000000000e+06
1.728351000000000000e+06
1.729707000000000000e+06
1.732126000000000000e+06
1.734514000000000000e+06
1.736462000000000000e+06
1.738709000000000000e+06
1.740788000000000000e+06
1.742828000000000000e+06
1.744741000000000000e+06
1.746607000000000000e+06
1.748969000000000000e+06
1.750724000000000000e+06
1.752762000000000000e+06
1.754656000000000000e+06
1.756923000000000000e+06
1.759143000000000000e+06
1.760783000000000000e+06
1.763191000000000000e+06
1.764740000000000000e+06
1.767206000000000000e+06
1.769026000000000000e+06
1.771227000000000000e+06
1.773100000000000000e+06
1.775551000000000000e+06
1.777164000000000000e+06
1.779470000000000000e+06
1.781689000000000000e+06
1.783595000000000000e+06
1.785138000000000000e+06
1.787455000000000000e+06
1.789197000000000000e+06
1.791488000000000000e+06
1.793869000000000000e+06
1.796020000000000000e+06
1.797960000000000000e+06
1.800123000000000000e+06
1.802223000000000000e+06
1.804124000000000000e+06
1.806280000000000000e+06
1.807665000000000000e+06
1.809829000000000000e+06
1.812470000000000000e+06
1.813872000000000000e+06
1.816298000000000000e+06
1.818246000000000000e+06
1.820609000000000000e+06
1.822627000000000000e+06
1.824341000000000000e+06
1.826719000000000000e+06
1.828454000000000000e+06
1.830689000000000000e+06
1.832793000000000000e+06
1.834546000000000000e+06
1.836874000000000000e+06
1.838618000000000000e+06
1.840904000000000000e+06
1.842876000000000000e+06
1.845081000000000000e+06
1.846401000000000000e+06
1.849123000000000000e+06
1.850511000000000000e+06
1.853094000000000000e+06
1.855137000000000000e+06
1.857099000000000000e+06
1.859575000000000000e+06
1.861575000000000000e+06
1.863520000000000000e+06
1.865557000000000000e+06
1.867434000000000000e+06
1.869307000000000000e+06
1.871644000000000000e+06
1.873343000000000000e+06
1.875471000000000000e+06
1.877593000000000000e+06
1.879426000000000000e+06
1.881931000000000000e+06
1.883726000000000000e+06
1.885839000000000000e+06
1.887554000000000000e+06
1.890041000000000000e+06
1.892324000000000000e+06
1.894255000000000000e+06
1.896231000000000000e+06
1.897773000000000000e+06
1.900308000000000000e+06
1.902281000000000000e+06
1.904486000000000000e+06
1.906151000000000000e+06
1.908382000000000000e+06
1.910537000000000000e+06
1.912443000000000000e+06
1.914634000000000000e+06
1.916772000000000000e+06
1.918111000000000000e+06
1.920955000000000000e+06
1.922514000000000000e+06
1.925062000000000000e+06
1.926662000000000000e+06
1.928471000000000000e+06
1.931229000000000000e+06
1.933092000000000000e+06
1.935092000000000000e+06
1.937231000000000000e+06
1.939395000000000000e+06
1.941129000000000000e+06
1.943253000000000000e+06
1.945277000000000000e+06
1.946766000000000000e+06
1.949631000000000000e+06
1.951205000000000000e+06
1.953489000000000000e+06
1.955009000000000000e+06
1.957722000000000000e+06
1.959278000000000000e+06
1.961922000000000000e+06
1.963480000000000000e+06
1.965595000000000000e+06
1.967540000000000000e+06
1.970006000000000000e+06
1.972174000000000000e+06
1.973856000000000000e+06
1.976171000000000000e+06
1.978082000000000000e+06
1.980290000000000000e+06
1.981879000000000000e+06
1.984458000000000000e+06
1.986309000000000000e+06
1.988304000000000000e+06
1.990327000000000000e+06
1.992525000000000000e+06
1.994423000000000000e+06
1.996757000000000000e+06
1.998565000000000000e+06
2.000836000000000000e+06
