2.034000000000000000e+03
4.059000000000000000e+03
6.128000000000000000e+03
8.166000000000000000e+03
1.019200000000000000e+04
1.228800000000000000e+04
1.429000000000000000e+04
1.630400000000000000e+04
1.836300000000000000e+04
2.039300000000000000e+04
2.249500000000000000e+04
2.448200000000000000e+04
2.650300000000000000e+04
2.859500000000000000e+04
3.063100000000000000e+04
3.268100000000000000e+04
3.472700000000000000e+04
3.680200000000000000e+04
3.881600000000000000e+04
4.090900000000000000e+04
4.296300000000000000e+04
4.494100000000000000e+04
4.702400000000000000e+04
4.913400000000000000e+04
5.093900000000000000e+04
5.314100000000000000e+04
5.521900000000000000e+04
5.731500000000000000e+04
5.930100000000000000e+04
6.139800000000000000e+04
6.342600000000000000e+04
6.537700000000000000e+04
6.743900000000000000e+04
6.942600000000000000e+04
7.149700000000000000e+04
7.355900000000000000e+04
7.561200000000000000e+04
7.766800000000000000e+04
7.982600000000000000e+04
8.160200000000000000e+04
8.393300000000000000e+04
8.598500000000000000e+04
8.794900000000000000e+04
8.992300000000000000e+04
9.215700000000000000e+04
9.411200000000000000e+04
9.595100000000000000e+04
9.812900000000000000e+04
1.002740000000000000e+05
1.021890000000000000e+05
1.042750000000000000e+05
1.062960000000000000e+05
1.085360000000000000e+05
1.105490000000000000e+05
1.124770000000000000e+05
1.145020000000000000e+05
1.166870000000000000e+05
1.186770000000000000e+05
1.207750000000000000e+05
1.226670000000000000e+05
1.246880000000000000e+05
1.269290000000000000e+05
1.287570000000000000e+05
1.309310000000000000e+05
1.331100000000000000e+05
1.349790000000000000e+05
1.369860000000000000e+05
1.391500000000000000e+05
1.412490000000000000e+05
1.432850000000000000e+05
1.453700000000000000e+05
1.473470000000000000e+05
1.494970000000000000e+05
1.514940000000000000e+05
1.533510000000000000e+05
1.556420000000000000e+05
1.574600000000000000e+05
1.596350000000000000e+05
1.616680000000000000e+05
1.635770000000000000e+05
1.658600000000000000e+05
1.676710000000000000e+05
1.696940000000000000e+05
1.719550000000000000e+05
1.739010000000000000e+05
1.758230000000000000e+05
1.778930000000000000e+05
1.801760000000000000e+05
1.822690000000000000e+05
1.842190000000000000e+05
1.861960000000000000e+05
1.882060000000000000e+05
1.903630000000000000e+05
1.924820000000000000e+05
1.943440000000000000e+05
1.965580000000000000e+05
1.985650000000000000e+05
2.006950000000000000e+05
2.027000000000000000e+05
2.046770000000000000e+05
2.066170000000000000e+05
2.085180000000000000e+05
2.107990000000000000e+05
2.129080000000000000e+05
2.149290000000000000e+05
2.170630000000000000e+05
2.189760000000000000e+05
2.211470000000000000e+05
2.230120000000000000e+05
2.251210000000000000e+05
2.270830000000000000e+05
2.293400000000000000e+05
2.312410000000000000e+05
2.333970000000000000e+05
2.353190000000000000e+05
2.373490000000000000e+05
2.395850000000000000e+05
2.415130000000000000e+05
2.436450000000000000e+05
2.454880000000000000e+05
2.475360000000000000e+05
2.496600000000000000e+05
2.518100000000000000e+05
2.538030000000000000e+05
2.559970000000000000e+05
2.578870000000000000e+05
2.599320000000000000e+05
2.621090000000000000e+05
2.638680000000000000e+05
2.660610000000000000e+05
2.680780000000000000e+05
2.702860000000000000e+05
2.722420000000000000e+05
2.743730000000000000e+05
2.763500000000000000e+05
2.784970000000000000e+05
2.804340000000000000e+05
2.824700000000000000e+05
2.846450000000000000e+05
2.865320000000000000e+05
2.886310000000000000e+05
2.906340000000000000e+05
2.927990000000000000e+05
2.948860000000000000e+05
2.969120000000000000e+05
2.989660000000000000e+05
3.009750000000000000e+05
3.030850000000000000e+05
3.049910000000000000e+05
3.069390000000000000e+05
3.090200000000000000e+05
3.112690000000000000e+05
3.131390000000000000e+05
3.151090000000000000e+05
3.173950000000000000e+05
3.192510000000000000e+05
3.213930000000000000e+05
3.234690000000000000e+05
3.255500000000000000e+05
3.275980000000000000e+05
3.297170000000000000e+05
3.316180000000000000e+05
3.336440000000000000e+05
3.357130000000000000e+05
3.378300000000000000e+05
3.399380000000000000e+05
3.418210000000000000e+05
3.440420000000000000e+05
3.460840000000000000e+05
3.479570000000000000e+05
3.499960000000000000e+05
3.521650000000000000e+05
3.540910000000000000e+05
3.560440000000000000e+05
3.583360000000000000e+05
3.602860000000000000e+05
3.622350000000000000e+05
3.643270000000000000e+05
3.665220000000000000e+05
3.686290000000000000e+05
3.704600000000000000e+05
3.727080000000000000e+05
3.745930000000000000e+05
3.768210000000000000e+05
3.788350000000000000e+05
3.806980000000000000e+05
3.829050000000000000e+05
3.848910000000000000e+05
3.870070000000000000e+05
3.890410000000000000e+05
3.911480000000000000e+05
3.930260000000000000e+05
3.951540000000000000e+05
3.972840000000000000e+05
3.992760000000000000e+05
4.011910000000000000e+05
4.034400000000000000e+05
4.053490000000000000e+05
4.074990000000000000e+05
4.093260000000000000e+05
4.113410000000000000e+05
4.136200000000000000e+05
4.156990000000000000e+05
4.177630000000000000e+05
4.196380000000000000e+05
4.218000000000000000e+05
4.239140000000000000e+05
4.257290000000000000e+05
4.278980000000000000e+05
4.300750000000000000e+05
4.320880000000000000e+05
4.339330000000000000e+05
4.360020000000000000e+05
4.381660000000000000e+05
4.402530000000000000e+05
4.421680000000000000e+05
4.443070000000000000e+05
4.462060000000000000e+05
4.484710000000000000e+05
4.505200000000000000e+05
4.525610000000000000e+05
4.545300000000000000e+05
4.565810000000000000e+05
4.586370000000000000e+05
4.607440000000000000e+05
4.627940000000000000e+05
4.647860000000000000e+05
4.668910000000000000e+05
4.688340000000000000e+05
4.708610000000000000e+05
4.728610000000000000e+05
4.749000000000000000e+05
4.770030000000000000e+05
4.791190000000000000e+05
4.811890000000000000e+05
4.829220000000000000e+05
4.852270000000000000e+05
4.873430000000000000e+05
4.892610000000000000e+05
4.914150000000000000e+05
4.932950000000000000e+05
4.954670000000000000e+05
4.974750000000000000e+05
4.995950000000000000e+05
5.014900000000000000e+05
5.034890000000000000e+05
5.055880000000000000e+05
5.076350000000000000e+05
5.097980000000000000e+05
5.118900000000000000e+05
5.138710000000000000e+05
5.158490000000000000e+05
5.179140000000000000e+05
5.197470000000000000e+05
5.220130000000000000e+05
5.241610000000000000e+05
5.261490000000000000e+05
5.282390000000000000e+05
5.301220000000000000e+05
5.323050000000000000e+05
5.345250000000000000e+05
5.362710000000000000e+05
5.384700000000000000e+05
5.405770000000000000e+05
5.425360000000000000e+05
5.447360000000000000e+05
5.466650000000000000e+05
5.487200000000000000e+05
5.506040000000000000e+05
5.526910000000000000e+05
5.549830000000000000e+05
5.570180000000000000e+05
5.588640000000000000e+05
5.610040000000000000e+05
5.629890000000000000e+05
5.650980000000000000e+05
5.670650000000000000e+05
5.689970000000000000e+05
5.712680000000000000e+05
5.732030000000000000e+05
5.752610000000000000e+05
5.774660000000000000e+05
5.793650000000000000e+05
5.814310000000000000e+05
5.834120000000000000e+05
5.856030000000000000e+05
5.875530000000000000e+05
5.895460000000000000e+05
5.918620000000000000e+05
5.937370000000000000e+05
5.957370000000000000e+05
5.978190000000000000e+05
6.000540000000000000e+05
6.020310000000000000e+05
6.041570000000000000e+05
6.059140000000000000e+05
6.080630000000000000e+05
6.100520000000000000e+05
6.123480000000000000e+05
6.141620000000000000e+05
6.162820000000000000e+05
6.184550000000000000e+05
6.203730000000000000e+05
6.224240000000000000e+05
6.246000000000000000e+05
6.264310000000000000e+05
6.285900000000000000e+05
6.305770000000000000e+05
6.328130000000000000e+05
6.346620000000000000e+05
6.368480000000000000e+05
6.389170000000000000e+05
6.407480000000000000e+05
6.427960000000000000e+05
6.448290000000000000e+05
6.468640000000000000e+05
6.489740000000000000e+05
6.511720000000000000e+05
6.530480000000000000e+05
6.551970000000000000e+05
6.573970000000000000e+05
6.593110000000000000e+05
6.613210000000000000e+05
6.632830000000000000e+05
6.653810000000000000e+05
6.674110000000000000e+05
6.695950000000000000e+05
6.715950000000000000e+05
6.735070000000000000e+05
6.757140000000000000e+05
6.778310000000000000e+05
6.797070000000000000e+05
6.817070000000000000e+05
6.839570000000000000e+05
6.859600000000000000e+05
6.880120000000000000e+05
6.901010000000000000e+05
6.920240000000000000e+05
6.940250000000000000e+05
6.962280000000000000e+05
6.982980000000000000e+05
7.003120000000000000e+05
7.023510000000000000e+05
7.044350000000000000e+05
7.064410000000000000e+05
7.085230000000000000e+05
7.104000000000000000e+05
7.126470000000000000e+05
7.146830000000000000e+05
7.166540000000000000e+05
7.186500000000000000e+05
7.207360000000000000e+05
7.229030000000000000e+05
7.248200000000000000e+05
7.269920000000000000e+05
7.290720000000000000e+05
7.309820000000000000e+05
7.331300000000000000e+05
7.350760000000000000e+05
7.371570000000000000e+05
7.390870000000000000e+05
7.413400000000000000e+05
7.433280000000000000e+05
7.453920000000000000e+05
7.474090000000000000e+05
7.493750000000000000e+05
7.515270000000000000e+05
7.534670000000000000e+05
7.555820000000000000e+05
7.577240000000000000e+05
7.596540000000000000e+05
7.615900000000000000e+05
7.638980000000000000e+05
7.657560000000000000e+05
7.677310000000000000e+05
7.698760000000000000e+05
7.718750000000000000e+05
7.739820000000000000e+05
7.761450000000000000e+05
7.779550000000000000e+05
7.801200000000000000e+05
7.820440000000000000e+05
7.842790000000000000e+05
7.861600000000000000e+05
7.884790000000000000e+05
7.904100000000000000e+05
7.925570000000000000e+05
7.944800000000000000e+05
7.964980000000000000e+05
7.986820000000000000e+05
8.007080000000000000e+05
8.027470000000000000e+05
8.047170000000000000e+05
8.068310000000000000e+05
8.088440000000000000e+05
8.108840000000000000e+05
8.127650000000000000e+05
8.149830000000000000e+05
8.170890000000000000e+05
8.190340000000000000e+05
8.210640000000000000e+05
8.232330000000000000e+05
8.253100000000000000e+05
8.272180000000000000e+05
8.293970000000000000e+05
8.314690000000000000e+05
8.334270000000000000e+05
8.354510000000000000e+05
8.372920000000000000e+05
8.396010000000000000e+05
8.414200000000000000e+05
8.434870000000000000e+05
8.456200000000000000e+05
8.476900000000000000e+05
8.497230000000000000e+05
8.517650000000000000e+05
8.538370000000000000e+05
8.560480000000000000e+05
8.578440000000000000e+05
8.599380000000000000e+05
8.620460000000000000e+05
8.641150000000000000e+05
8.660700000000000000e+05
8.681100000000000000e+05
8.703340000000000000e+05
8.723230000000000000e+05
8.743790000000000000e+05
8.764480000000000000e+05
8.784780000000000000e+05
8.803040000000000000e+05
8.825970000000000000e+05
8.845860000000000000e+05
8.867700000000000000e+05
8.887900000000000000e+05
8.907830000000000000e+05
8.926770000000000000e+05
8.947290000000000000e+05
8.968120000000000000e+05
8.989570000000000000e+05
9.008920000000000000e+05
9.029550000000000000e+05
9.051780000000000000e+05
9.071770000000000000e+05
9.090220000000000000e+05
9.112400000000000000e+05
9.130820000000000000e+05
9.152890000000000000e+05
9.172310000000000000e+05
9.195430000000000000e+05
9.214660000000000000e+05
9.235470000000000000e+05
9.255740000000000000e+05
9.276290000000000000e+05
9.295700000000000000e+05
9.315600000000000000e+05
9.338760000000000000e+05
9.358560000000000000e+05
9.378780000000000000e+05
9.399610000000000000e+05
9.419070000000000000e+05
9.441210000000000000e+05
9.461060000000000000e+05
9.479100000000000000e+05
9.501380000000000000e+05
9.519990000000000000e+05
9.542610000000000000e+05
9.562920000000000000e+05
9.583000000000000000e+05
9.602580000000000000e+05
9.624100000000000000e+05
9.643170000000000000e+05
9.663150000000000000e+05
9.685320000000000000e+05
9.704190000000000000e+05
9.724680000000000000e+05
9.747800000000000000e+05
9.767860000000000000e+05
9.787100000000000000e+05
9.807890000000000000e+05
9.827390000000000000e+05
9.846920000000000000e+05
9.870410000000000000e+05
9.890940000000000000e+05
9.912310000000000000e+05
9.930220000000000000e+05
9.953140000000000000e+05
9.973200000000000000e+05
9.991080000000000000e+05
1.001258000000000000e+06
1.003501000000000000e+06
1.005418000000000000e+06
1.007598000000000000e+06
1.009338000000000000e+06
1.011489000000000000e+06
1.013535000000000000e+06
1.015674000000000000e+06
1.017719000000000000e+06
1.019861000000000000e+06
1.021881000000000000e+06
1.023899000000000000e+06
1.025775000000000000e+06
1.027977000000000000e+06
1.030115000000000000e+06
1.031987000000000000e+06
1.033931000000000000e+06
1.036171000000000000e+06
1.038179000000000000e+06
1.040323000000000000e+06
1.042165000000000000e+06
1.044253000000000000e+06
1.046406000000000000e+06
1.048423000000000000e+06
1.050428000000000000e+06
1.052449000000000000e+06
1.054374000000000000e+06
1.056627000000000000e+06
1.058705000000000000e+06
1.060781000000000000e+06
1.062506000000000000e+06
1.064894000000000000e+06
1.066999000000000000e+06
1.068698000000000000e+06
1.071027000000000000e+06
1.072830000000000000e+06
1.075051000000000000e+06
1.077214000000000000e+06
1.079054000000000000e+06
1.081077000000000000e+06
1.083118000000000000e+06
1.085295000000000000e+06
1.087264000000000000e+06
1.089356000000000000e+06
1.091425000000000000e+06
1.093402000000000000e+06
1.095525000000000000e+06
1.097280000000000000e+06
1.099601000000000000e+06
1.101582000000000000e+06
1.103699000000000000e+06
1.105551000000000000e+06
1.107960000000000000e+06
1.109583000000000000e+06
1.111818000000000000e+06
1.113789000000000000e+06
1.115816000000000000e+06
1.117709000000000000e+06
1.119932000000000000e+06
1.121886000000000000e+06
1.124285000000000000e+06
1.126070000000000000e+06
1.128107000000000000e+06
1.130301000000000000e+06
1.132476000000000000e+06
1.134576000000000000e+06
1.136218000000000000e+06
1.138491000000000000e+06
1.140548000000000000e+06
1.142471000000000000e+06
1.144543000000000000e+06
1.146858000000000000e+06
1.148862000000000000e+06
1.150865000000000000e+06
1.152953000000000000e+06
1.154729000000000000e+06
1.156721000000000000e+06
1.159132000000000000e+06
1.161152000000000000e+06
1.163028000000000000e+06
1.165123000000000000e+06
1.167320000000000000e+06
1.169301000000000000e+06
1.171450000000000000e+06
1.173298000000000000e+06
1.175537000000000000e+06
1.177307000000000000e+06
1.179316000000000000e+06
1.181675000000000000e+06
1.183393000000000000e+06
1.185722000000000000e+06
1.187444000000000000e+06
1.189552000000000000e+06
1.191640000000000000e+06
1.193786000000000000e+06
1.196016000000000000e+06
1.197849000000000000e+06
1.200110000000000000e+06
1.202057000000000000e+06
1.203338000000000000e+06
1.205645000000000000e+06
1.208127000000000000e+06
1.210343000000000000e+06
1.212399000000000000e+06
1.214400000000000000e+06
1.216261000000000000e+06
1.218295000000000000e+06
1.220330000000000000e+06
1.222509000000000000e+06
1.224507000000000000e+06
1.226566000000000000e+06
1.228550000000000000e+06
1.230731000000000000e+06
1.232642000000000000e+06
1.234793000000000000e+06
1.236809000000000000e+06
1.238868000000000000e+06
1.241016000000000000e+06
1.242846000000000000e+06
1.244668000000000000e+06
1.246861000000000000e+06
1.249214000000000000e+06
1.251181000000000000e+06
1.253090000000000000e+06
1.255382000000000000e+06
1.257330000000000000e+06
1.259443000000000000e+06
1.261310000000000000e+06
1.263384000000000000e+06
1.265559000000000000e+06
1.267640000000000000e+06
1.269499000000000000e+06
1.271769000000000000e+06
1.273843000000000000e+06
1.275872000000000000e+06
1.277471000000000000e+06
1.279977000000000000e+06
1.281999000000000000e+06
1.284063000000000000e+06
1.285966000000000000e+06
1.287868000000000000e+06
1.290090000000000000e+06
1.292256000000000000e+06
1.294179000000000000e+06
1.296228000000000000e+06
1.298215000000000000e+06
1.300208000000000000e+06
1.302467000000000000e+06
1.304480000000000000e+06
1.306083000000000000e+06
1.308308000000000000e+06
1.310703000000000000e+06
1.312522000000000000e+06
1.314598000000000000e+06
1.316858000000000000e+06
1.318504000000000000e+06
1.320846000000000000e+06
1.322961000000000000e+06
1.325023000000000000e+06
1.326996000000000000e+06
1.328605000000000000e+06
1.331099000000000000e+06
1.333054000000000000e+06
1.335196000000000000e+06
1.336850000000000000e+06
1.339216000000000000e+06
1.340881000000000000e+06
1.342988000000000000e+06
1.345433000000000000e+06
1.347553000000000000e+06
1.349509000000000000e+06
1.351524000000000000e+06
1.353433000000000000e+06
1.355556000000000000e+06
1.357792000000000000e+06
1.359830000000000000e+06
1.361879000000000000e+06
1.363789000000000000e+06
1.365700000000000000e+06
1.367746000000000000e+06
1.369955000000000000e+06
1.372096000000000000e+06
1.373848000000000000e+06
1.376236000000000000e+06
1.378225000000000000e+06
1.380234000000000000e+06
1.382101000000000000e+06
1.384118000000000000e+06
1.386383000000000000e+06
1.388194000000000000e+06
1.390468000000000000e+06
1.392430000000000000e+06
1.394641000000000000e+06
1.396348000000000000e+06
1.398781000000000000e+06
1.400593000000000000e+06
1.402554000000000000e+06
1.404598000000000000e+06
1.406943000000000000e+06
1.408936000000000000e+06
1.410870000000000000e+06
1.413098000000000000e+06
1.414947000000000000e+06
1.417075000000000000e+06
1.419236000000000000e+06
1.420923000000000000e+06
1.422798000000000000e+06
1.425246000000000000e+06
1.427096000000000000e+06
1.429358000000000000e+06
1.431324000000000000e+06
1.433335000000000000e+06
1.435625000000000000e+06
1.436899000000000000e+06
1.439536000000000000e+06
1.441648000000000000e+06
1.443691000000000000e+06
1.445659000000000000e+06
1.447747000000000000e+06
1.449943000000000000e+06
1.451736000000000000e+06
1.453953000000000000e+06
1.455803000000000000e+06
1.457983000000000000e+06
1.460082000000000000e+06
1.462077000000000000e+06
1.464186000000000000e+06
1.466274000000000000e+06
1.468060000000000000e+06
1.470376000000000000e+06
1.472348000000000000e+06
1.474198000000000000e+06
1.476549000000000000e+06
1.478493000000000000e+06
1.480317000000000000e+06
1.482520000000000000e+06
1.484713000000000000e+06
1.486796000000000000e+06
1.488879000000000000e+06
1.490782000000000000e+06
1.492823000000000000e+06
1.494956000000000000e+06
1.496740000000000000e+06
1.499012000000000000e+06
1.501116000000000000e+06
1.503108000000000000e+06
1.505050000000000000e+06
1.507085000000000000e+06
1.509301000000000000e+06
1.511123000000000000e+06
1.513101000000000000e+06
1.514814000000000000e+06
1.517296000000000000e+06
1.519573000000000000e+06
1.521416000000000000e+06
1.523361000000000000e+06
1.525375000000000000e+06
1.527190000000000000e+06
1.529785000000000000e+06
1.531813000000000000e+06
1.533744000000000000e+06
1.535578000000000000e+06
1.537907000000000000e+06
1.539917000000000000e+06
1.541780000000000000e+06
1.544027000000000000e+06
1.545795000000000000e+06
1.548013000000000000e+06
1.550195000000000000e+06
1.552231000000000000e+06
1.554004000000000000e+06
1.556258000000000000e+06
1.558481000000000000e+06
1.560316000000000000e+06
1.562582000000000000e+06
1.564449000000000000e+06
1.566541000000000000e+06
1.568541000000000000e+06
1.570768000000000000e+06
1.572267000000000000e+06
1.574481000000000000e+06
1.576091000000000000e+06
1.578656000000000000e+06
1.581046000000000000e+06
1.582807000000000000e+06
1.584948000000000000e+06
1.586804000000000000e+06
1.589037000000000000e+06
1.590679000000000000e+06
1.592817000000000000e+06
1.595136000000000000e+06
1.597378000000000000e+06
1.599172000000000000e+06
1.601507000000000000e+06
1.603419000000000000e+06
1.605344000000000000e+06
1.607138000000000000e+06
1.609636000000000000e+06
1.611294000000000000e+06
1.613402000000000000e+06
1.615462000000000000e+06
1.617542000000000000e+06
1.619711000000000000e+06
1.621433000000000000e+06
1.623631000000000000e+06
1.626080000000000000e+06
1.628090000000000000e+06
1.629541000000000000e+06
1.632148000000000000e+06
1.634071000000000000e+06
1.636185000000000000e+06
1.638186000000000000e+06
1.640353000000000000e+06
1.642269000000000000e+06
1.644343000000000000e+06
1.646238000000000000e+06
1.648458000000000000e+06
1.650209000000000000e+06
1.652262000000000000e+06
1.654695000000000000e+06
1.656650000000000000e+06
1.658423000000000000e+06
1.660602000000000000e+06
1.662550000000000000e+06
1.664687000000000000e+06
1.666532000000000000e+06
1.668935000000000000e+06
1.670772000000000000e+06
1.673172000000000000e+06
1.674794000000000000e+06
1.676973000000000000e+06
1.679331000000000000e+06
1.680910000000000000e+06
1.683079000000000000e+06
1.685106000000000000e+06
1.687183000000000000e+06
1.689292000000000000e+06
1.691629000000000000e+06
1.693613000000000000e+06
1.695394000000000000e+06
1.697666000000000000e+06
1.699748000000000000e+06
1.701812000000000000e+06
1.703482000000000000e+06
1.705214000000000000e+06
1.707995000000000000e+06
1.709938000000000000e+06
1.711811000000000000e+06
1.714093000000000000e+06
1.715799000000000000e+06
1.718009000000000000e+06
1.719976000000000000e+06
1.722297000000000000e+06
1.724373000000000000e+06
1.726284000000000000e+06
1.728100000000000000e+06
1.730230000000000000e+06
1.732502000000000000e+06
1.734609000000000000e+06
1.736488000000000000e+06
1.738418000000000000e+06
1.740752000000000000e+06
1.742722000000000000e+06
1.744317000000000000e+06
1.746841000000000000e+06
1.748940000000000000e+06
1.750911000000000000e+06
1.752545000000000000e+06
1.754746000000000000e+06
1.756669000000000000e+06
1.758876000000000000e+06
1.760376000000000000e+06
1.763186000000000000e+06
1.765029000000000000e+06
1.766691000000000000e+06
1.768853000000000000e+06
1.771185000000000000e+06
1.773541000000000000e+06
1.775236000000000000e+06
1.776972000000000000e+06
1.779170000000000000e+06
1.781751000000000000e+06
1.783426000000000000e+06
1.785752000000000000e+06
1.787702000000000000e+06
1.789898000000000000e+06
1.791703000000000000e+06
1.793643000000000000e+06
1.796047000000000000e+06
1.797572000000000000e+06
1.799866000000000000e+06
1.801683000000000000e+06
1.804043000000000000e+06
1.805997000000000000e+06
1.808218000000000000e+06
1.810203000000000000e+06
1.811684000000000000e+06
1.814306000000000000e+06
1.816498000000000000e+06
1.818174000000000000e+06
1.820513000000000000e+06
1.822479000000000000e+06
1.824417000000000000e+06
1.826399000000000000e+06
1.828512000000000000e+06
1.830682000000000000e+06
1.832898000000000000e+06
1.834589000000000000e+06
1.836505000000000000e+06
1.839051000000000000e+06
1.840786000000000000e+06
1.842842000000000000e+06
1.845235000000000000e+06
1.847036000000000000e+06
1.849067000000000000e+06
1.850982000000000000e+06
1.852910000000000000e+06
1.854886000000000000e+06
1.856886000000000000e+06
1.859513000000000000e+06
1.861481000000000000e+06
1.863178000000000000e+06
1.865646000000000000e+06
1.867554000000000000e+06
1.869788000000000000e+06
1.871543000000000000e+06
1.873681000000000000e+06
1.875879000000000000e+06
1.877579000000000000e+06
1.879823000000000000e+06
1.881974000000000000e+06
1.884127000000000000e+06
1.885826000000000000e+06
1.887934000000000000e+06
1.890182000000000000e+06
1.891860000000000000e+06
1.893822000000000000e+06
1.896369000000000000e+06
1.898481000000000000e+06
1.900484000000000000e+06
1.902203000000000000e+06
1.904412000000000000e+06
1.906371000000000000e+06
1.908674000000000000e+06
1.910460000000000000e+06
1.912181000000000000e+06
1.914516000000000000e+06
1.916833000000000000e+06
1.918789000000000000e+06
1.920218000000000000e+06
1.922789000000000000e+06
1.924889000000000000e+06
1.926527000000000000e+06
1.929102000000000000e+06
1.930815000000000000e+06
1.932797000000000000e+06
1.935085000000000000e+06
1.937129000000000000e+06
1.939241000000000000e+06
1.941494000000000000e+06
1.943462000000000000e+06
1.945475000000000000e+06
1.947480000000000000e+06
1.949130000000000000e+06
1.951557000000000000e+06
1.953462000000000000e+06
1.955121000000000000e+06
1.957666000000000000e+06
1.959790000000000000e+06
1.961950000000000000e+06
1.963778000000000000e+06
1.965609000000000000e+06
1.967821000000000000e+06
1.969761000000000000e+06
1.972055000000000000e+06
1.973502000000000000e+06
1.975733000000000000e+06
1.978310000000000000e+06
1.980133000000000000e+06
1.982189000000000000e+06
1.984069000000000000e+06
1.986533000000000000e+06
1.988469000000000000e+06
1.990237000000000000e+06
1.992500000000000000e+06
1.994747000000000000e+06
1.996537000000000000e+06
1.998480000000000000e+06
2.000797000000000000e+06
