1.035127516415426996e+01
1.068962472977814038e+01
1.164351766850106884e+01
1.232366039519839873e+01
1.291356393632312560e+01
1.439354546156810244e+01
1.631334735099079225e+01
1.661780354007264648e+01
1.823843456000404117e+01
2.108496318084296561e+01
2.338673004399298705e+01
2.432801665035558969e+01
2.524154254433147315e+01
2.466428924396161193e+01
2.583419147562266360e+01
2.717890838073636672e+01
2.865502815997621511e+01
2.993760873077385298e+01
3.010414047695803674e+01
2.993029219351756254e+01
2.929514239846162482e+01
3.048214252686354797e+01
3.188796847619297381e+01
3.221808172677719284e+01
3.223196959818971408e+01
3.286584114070333129e+01
3.321589672703452578e+01
3.449847220842073625e+01
3.450066139436494694e+01
3.537699434567762324e+01
3.566313790797436667e+01
3.658958340966610479e+01
3.657755585282214383e+01
3.678482501378826441e+01
3.750151922783808800e+01
3.774068808686328680e+01
3.834186024397707371e+01
3.769957327238564915e+01
3.783130891075698798e+01
3.794860101400238506e+01
3.899266330678920411e+01
3.972820760941373663e+01
4.063913616663809592e+01
4.088960963367241419e+01
4.020970120566882144e+01
3.959196429817201590e+01
3.905534174634789935e+01
3.857991630664444216e+01
3.901319608068081379e+01
3.898619719860718646e+01
3.930842300403094924e+01
3.948969923036081298e+01
3.956408921801927647e+01
4.068690656281970774e+01
3.967569226561115414e+01
4.078660982861874373e+01
4.107646774826842062e+01
4.095623148730199858e+01
4.233749604443323022e+01
4.201171724877345071e+01
4.099836029564100670e+01
4.070239708954411384e+01
3.903881526232780885e+01
3.998612348063486621e+01
4.061046759372017334e+01
4.153862288508911860e+01
4.183270424537516874e+01
4.160905589097201585e+01
4.123283479746032754e+01
4.079201680698422905e+01
4.119823292516912261e+01
4.133673306604114117e+01
4.242755683684206502e+01
4.244683685552153918e+01
4.269496040817447380e+01
4.360707148501448671e+01
4.280221751338312686e+01
4.368216485205769573e+01
4.400313324723732933e+01
4.237353749013283277e+01
4.163745572945406792e+01
4.037450889393380038e+01
4.025973709195177719e+01
4.228734846867077124e+01
4.413198493141733536e+01
4.533783737758579946e+01
4.643274242358774018e+01
4.624251434902541291e+01
4.394598714466044242e+01
4.354297139799727034e+01
4.266504804791882322e+01
4.275095640136034802e+01
4.437977103014843294e+01
4.575368156054274493e+01
4.678650552657492057e+01
4.668868885890373122e+01
4.586600008869513800e+01
4.464858011036289298e+01
4.398392500081980927e+01
4.353268799054536231e+01
4.454071349869807506e+01
4.375729350430379583e+01
4.314386577067232764e+01
4.381456114240875621e+01
4.357244850231089828e+01
4.379134873537113748e+01
4.391005192513649291e+01
4.431673824967837305e+01
4.546932954894563750e+01
4.633103202191978198e+01
4.602038967986489126e+01
4.509681817499602374e+01
4.500863863575451518e+01
4.368316175220876119e+01
4.356232544635424375e+01
4.492689619093383868e+01
4.420770158406910610e+01
4.568446698668645922e+01
4.626567165759458788e+01
4.535856286667635828e+01
4.566186697438914166e+01
4.566322432686168042e+01
4.543308967324858116e+01
4.560580479683939359e+01
4.533066857739152766e+01
4.577566301998552944e+01
4.589443925713344186e+01
4.519301234652951393e+01
4.498403956860316555e+01
4.535948391510357425e+01
4.491755239484053419e+01
4.616387821881660614e+01
4.639859196416333020e+01
4.684262199740574317e+01
4.660322715773085633e+01
4.635115387493640071e+01
4.595306495760018350e+01
4.546864676935927463e+01
4.553148694845977928e+01
4.542779622729423750e+01
4.688212740055022465e+01
4.711152989667593971e+01
4.665865783898596675e+01
4.755281031919545143e+01
4.790028214551391983e+01
4.633529221077793636e+01
4.769695271883610133e+01
4.754592310026171020e+01
4.713238255551228661e+01
4.716333928221889238e+01
4.706077703319601824e+01
4.802278206189017595e+01
4.896011224561158315e+01
4.893110540774866735e+01
4.862057865105605003e+01
5.044199797353330439e+01
5.133881017190182661e+01
5.052990714183562204e+01
5.025873267798638011e+01
4.961630078558005152e+01
4.795924858838635174e+01
4.815089080377977382e+01
4.741361343694035213e+01
4.750090763464524457e+01
4.809445347153106809e+01
4.806238187763410963e+01
4.781704674877652650e+01
4.888319199515217406e+01
4.949566632548493317e+01
4.894213188408233606e+01
4.986423384096877243e+01
4.950603163895954140e+01
4.869282300561710741e+01
4.760196781498761709e+01
4.838310533144875336e+01
4.886420046549396545e+01
4.909184934634505026e+01
5.011063508431919189e+01
5.078535658827040322e+01
5.178188148539791058e+01
5.074490820553707948e+01
5.204516613769494882e+01
5.186154818548813950e+01
5.146897732543789061e+01
5.026545114379288037e+01
5.089362936125547776e+01
4.969930859521979016e+01
5.079630619843408823e+01
5.122751884306378400e+01
5.167180145913429357e+01
5.155251249878580921e+01
5.231615764161639959e+01
5.189905303772592760e+01
5.168858848133679373e+01
5.164162734046210090e+01
5.194052633707803324e+01
5.331649839859388607e+01
5.357013705533906744e+01
5.408572213330155876e+01
5.399932492014346508e+01
5.398348390353745430e+01
5.344626669924935669e+01
5.314300344759814010e+01
5.318027777887643737e+01
5.312068783934673633e+01
5.313128581834561714e+01
5.237688487354122913e+01
5.145336874511231429e+01
5.115773743730417777e+01
5.221754680350854727e+01
5.210475709211313244e+01
5.288215290190608187e+01
5.277672905441065154e+01
5.260738814170485966e+01
5.194289390295435282e+01
5.191530031637090303e+01
5.170069288857287404e+01
5.338247241905288121e+01
5.356837065431493272e+01
5.406569527146241683e+01
5.338201176013612326e+01
5.448554083764728517e+01
5.312798647566160781e+01
5.367120136534813923e+01
5.364879669538107265e+01
5.486167004616581266e+01
5.573787617058139432e+01
5.608636703559479741e+01
5.496861876535028557e+01
5.393296521505411079e+01
5.294057734509463131e+01
5.277244435368449871e+01
5.233060344715697454e+01
5.295641566733956296e+01
5.363438538891120544e+01
5.378897213995588800e+01
5.315995387790427884e+01
5.467401142045174112e+01
5.371331213700052132e+01
5.381097117146276076e+01
5.368119253893994625e+01
5.283552414793375362e+01
5.248977395777630761e+01
5.208753018678777380e+01
5.256316549725974596e+01
5.304655096859946894e+01
5.386475162132106220e+01
5.329490324201947260e+01
5.431497846811635810e+01
5.378790564095911009e+01
5.416312967355834473e+01
5.471792459509485695e+01
5.577611584080970886e+01
5.710786324648191936e+01
5.809076049835658750e+01
5.759326574392604670e+01
5.792976619252422665e+01
5.701221919378415492e+01
5.594545071184330709e+01
5.505885213760993224e+01
5.438893181148188916e+01
5.374054769420650501e+01
5.315286439581345945e+01
5.241858124160876287e+01
5.172953511762406720e+01
5.208051925386261161e+01
5.398867957264249640e+01
5.522254423902443676e+01
5.661948304101859009e+01
5.785240028803292489e+01
5.793557557397749491e+01
5.811124177795777257e+01
5.721956259800222711e+01
5.554472351537004471e+01
5.596765841321728630e+01
5.531389228427582339e+01
5.519569294836694695e+01
5.597561049364055208e+01
5.646775524871427621e+01
5.606184681775065570e+01
5.629470954958998163e+01
5.654661039697183611e+01
5.634737921630598123e+01
5.485735624384626874e+01
5.499523187850052608e+01
5.623700314813881818e+01
5.617083599339778033e+01
5.452845472163160423e+01
5.565233408146841043e+01
5.709182823046135979e+01
5.582588930326565446e+01
5.569302564591965421e+01
5.603574603687025046e+01
5.556029968254973284e+01
5.489465672921582495e+01
5.550531571976122081e+01
5.570244315798518642e+01
5.650194969528351407e+01
5.712197585504564756e+01
5.710083762634319271e+01
5.621863791493498042e+01
5.613507993612585523e+01
5.635732304308496055e+01
5.628105354021283091e+01
5.631629707667192974e+01
5.698453937595550656e+01
5.690721413600437728e+01
5.556780528169175426e+01
5.330357866363815589e+01
5.496597372504922419e+01
5.471369472762187769e+01
5.535887190215220244e+01
5.503043897675222240e+01
5.721123165654459797e+01
5.805793366628500962e+01
5.771865483043013256e+01
5.814255367751248826e+01
5.829340204550469906e+01
5.826152986457300642e+01
5.790343812258014822e+01
5.768580145039858564e+01
5.729916755059581135e+01
5.569184168528312284e+01
5.541888672886604894e+01
5.617064979840834837e+01
5.673390858572204820e+01
5.846863416184455531e+01
5.823245692981926425e+01
6.063849944509215106e+01
6.057280827060224482e+01
5.983153316538900413e+01
5.972880856864172472e+01
5.980854460866091671e+01
6.228990171084588212e+01
6.070586628261486339e+01
6.063131255017687238e+01
6.124658519465856443e+01
6.312328802626701929e+01
6.134726049355296595e+01
6.096619426554685361e+01
6.188277450522865308e+01
6.181057376132136483e+01
6.099395077658820696e+01
6.013078319015982487e+01
6.070031986715522265e+01
6.171583562929565403e+01
5.977261259457207387e+01
6.006811400083169872e+01
6.124090716149800784e+01
6.055458298051228638e+01
6.053674997007926351e+01
6.003454805883285417e+01
5.933426894425199549e+01
6.025378869179056807e+01
6.069492880769836063e+01
5.991856316318825293e+01
5.978449195126891169e+01
5.997207786911920380e+01
6.074057165746071263e+01
6.055050406590225265e+01
5.949192370978069277e+01
6.103248882613096526e+01
6.064503626222312960e+01
6.017900443788234810e+01
6.091236627456087405e+01
6.000756336734494312e+01
6.069356567974143246e+01
6.061828123381727806e+01
6.127215897586631144e+01
5.972923311064270990e+01
6.111548238441111636e+01
6.207592190281853561e+01
6.105820259123490246e+01
6.081504964736495822e+01
6.069921567275925867e+01
6.135107033023849965e+01
5.875915216194880486e+01
5.793012243094416647e+01
5.978430014492909095e+01
6.033635180199868131e+01
6.000891987869402300e+01
6.111924866751974150e+01
6.318988452116406052e+01
6.421039900843059911e+01
6.294258656698082888e+01
6.278116920116104893e+01
6.361628633220686169e+01
6.288417925460821323e+01
6.151856701339528399e+01
6.047509302631699057e+01
6.043135930314626592e+01
6.106022246047267998e+01
5.948635188899315551e+01
5.955120300061975058e+01
5.969962609438126577e+01
6.130000182149913712e+01
6.191664002802905031e+01
6.253714908004108963e+01
6.191899716037364954e+01
6.376160605237184598e+01
6.444723373493303598e+01
6.340103639926612544e+01
6.425251397528757025e+01
6.371836090702193189e+01
6.537182228047538501e+01
6.428921009260980668e+01
6.285443533496768254e+01
6.363757874807155446e+01
6.170831288558712657e+01
6.200890136158903232e+01
6.047830075553811469e+01
6.044791250653815950e+01
6.106460059950212127e+01
6.222109844437481740e+01
6.216300655132484110e+01
6.302698583102792895e+01
6.458614063401969929e+01
6.506389280326041558e+01
6.508017420766341843e+01
6.320862495991713104e+01
6.350401335106411693e+01
6.349575032310807643e+01
6.205082422612979087e+01
6.251540810082570943e+01
6.143073721635074236e+01
6.271890440039226888e+01
6.154019339168846869e+01
6.212670819422380220e+01
6.384143039873071501e+01
6.391096970246940856e+01
6.570541882565564151e+01
6.590602734715908184e+01
6.658995228889274642e+01
6.632611931301528330e+01
6.697708945707172745e+01
6.595998649672887382e+01
6.694299846651783525e+01
6.816408801747796531e+01
6.830188051204757471e+01
6.831287004191146650e+01
6.712175742268244960e+01
6.782952633747876803e+01
6.777630226508422595e+01
6.448676295549694260e+01
6.353846865510924857e+01
6.323016028304495961e+01
6.472687253140389885e+01
6.488089817727659181e+01
6.361674618658489777e+01
6.517937878990873912e+01
6.597602800884006058e+01
6.616749205463639782e+01
6.653102416911306705e+01
6.491582370983705630e+01
6.636155783016444332e+01
6.777991044618737249e+01
6.821740443658951847e+01
6.748037886199742275e+01
6.692496110706889567e+01
6.764153217632021153e+01
6.800457062661547525e+01
6.682749615262596876e+01
6.576884727248122431e+01
6.588413808310298236e+01
6.583416299360891344e+01
6.725326937224231472e+01
6.622719280146252174e+01
6.681283445066371485e+01
6.662001963494290635e+01
6.842660954961732500e+01
6.785748675491760196e+01
6.687127208294803893e+01
6.717694306305820362e+01
6.666316514708086061e+01
6.608689946714109453e+01
6.659045855712223272e+01
6.620635452193641868e+01
6.872255625783800781e+01
6.847090097389984464e+01
6.868601460756660515e+01
6.977080728068938242e+01
6.874090155852238126e+01
6.699897865859107071e+01
6.608328077077123908e+01
6.696969735931773471e+01
6.679029046146317228e+01
6.792566893967314456e+01
6.937571905867331168e+01
7.043505821791669064e+01
7.020047059971311398e+01
7.072234492032578146e+01
7.163609238431189397e+01
7.032373308330750206e+01
7.089665439414442005e+01
7.055158532103848756e+01
7.132016375865549662e+01
7.254000844437780415e+01
7.396839945078471601e+01
7.142264551811894080e+01
7.125396130688257301e+01
6.972456523536342843e+01
7.006717543228654677e+01
7.086487332151172325e+01
7.079078061606551842e+01
7.096724707284964495e+01
7.221159112952979342e+01
7.225848572379415202e+01
7.473570769131569591e+01
7.325623214339286449e+01
7.390592142344024751e+01
7.251276357449918919e+01
7.140636369781722692e+01
7.258732829565825284e+01
7.229251582442188351e+01
7.277371254394526545e+01
7.301398299025045446e+01
7.078918949738428523e+01
7.047887311161261437e+01
7.017086807820730598e+01
6.926159871933681700e+01
6.993329764061174103e+01
6.881131699751550457e+01
6.910953757519898488e+01
6.969835968409107352e+01
7.041271144515941671e+01
7.184447932124335523e+01
7.062353489436029008e+01
7.124395994480811112e+01
7.183635651454279980e+01
7.102322386889480299e+01
7.130165985188327227e+01
7.279119833152383023e+01
7.275047310870741057e+01
7.335570880780805680e+01
7.212172257307314283e+01
7.173802823086261071e+01
7.313887238168490512e+01
7.168385931078043427e+01
6.956487989246552672e+01
7.082430777989948467e+01
7.197531065983054077e+01
7.244067767062325913e+01
7.129464966264954739e+01
7.147812954629199567e+01
7.466651449301939181e+01
7.504984352900842737e+01
7.455571337609400473e+01
7.286810376982379012e+01
7.243095749004994843e+01
7.263799652348346569e+01
7.219674543052693139e+01
7.023181476886622931e+01
7.177980568865375233e+01
7.133370741583122765e+01
7.397199515123446645e+01
7.454774812474845191e+01
7.510967236005920711e+01
7.433204757102929250e+01
7.387780761033327792e+01
7.446002579552683187e+01
7.543495985612153731e+01
7.500967674204997593e+01
7.355801908177451764e+01
7.480797159736167146e+01
7.725831704919382048e+01
7.761675003176019061e+01
7.482427117870491884e+01
7.571526785754855382e+01
7.404521536679750682e+01
7.567548839835575336e+01
7.698685290220505806e+01
7.668475879555442987e+01
7.616577235597497975e+01
7.692351984729418746e+01
7.755741641847693302e+01
7.748298220311551177e+01
7.822580627094409067e+01
7.788670488231353772e+01
7.746428864850103935e+01
7.659526707760791453e+01
7.725667871431500089e+01
7.818269934138585597e+01
7.629400268698216792e+01
7.531857632359955801e+01
7.562256900878224997e+01
7.549545168120071992e+01
7.606226771131747455e+01
7.580423121536051667e+01
7.349422154391011475e+01
7.561900567027193176e+01
7.606275035394550343e+01
7.405842235017915698e+01
7.401927951110151582e+01
7.391790991338140770e+01
7.369018370479372493e+01
7.463291627564971975e+01
7.390036021396267074e+01
7.584199625455222815e+01
7.736267328294286472e+01
7.775745189274921643e+01
7.859780364937746810e+01
7.846015063499240227e+01
7.876587518901243357e+01
8.014112062043945173e+01
7.760670509139116291e+01
7.691139596131309020e+01
7.732083444262140404e+01
7.741335128133826515e+01
7.697435554432925642e+01
7.806767490134568277e+01
7.680786165812310173e+01
7.755214054398211942e+01
7.695447331946478187e+01
7.689931500190176905e+01
7.678464696175940674e+01
7.803829267003624182e+01
7.759275228295712168e+01
7.829756668277477161e+01
7.764159847222654776e+01
7.744439325285422626e+01
7.902362776708437764e+01
7.970226452994171495e+01
7.827528360238542859e+01
7.818434803355940232e+01
7.910951235278008653e+01
8.043807623001548279e+01
8.038237134011130536e+01
7.935583580731643849e+01
7.949342337139222536e+01
7.969894361867817167e+01
8.059113739695438028e+01
8.033302928822952538e+01
7.978105933433221253e+01
8.069735998094135709e+01
8.106535803819228647e+01
8.159939726936779891e+01
8.308865902313392837e+01
8.191110113712085194e+01
8.067166878944594544e+01
8.064434770409718567e+01
8.102295426912623100e+01
8.063043809463981404e+01
7.871388196247065139e+01
7.995435249597932170e+01
8.114282877862139287e+01
8.003835061536125295e+01
8.210446475989193971e+01
8.094981098618967508e+01
7.905115499654816347e+01
7.815961273749726956e+01
7.884252245428446315e+01
7.614618114019758366e+01
7.741791198011861752e+01
7.574465139519540458e+01
7.823574555118665330e+01
8.067507842286038056e+01
8.097461014615703334e+01
8.338806817488811873e+01
8.255739548053232113e+01
8.353024245982200569e+01
8.370168155173666946e+01
8.570342256649826140e+01
8.330803871059237053e+01
8.140695642502858220e+01
8.384799692242594915e+01
8.430888652573939623e+01
8.203705674276649518e+01
8.257955472894846594e+01
8.246208671005032897e+01
8.279274916024874642e+01
8.255193554141119705e+01
8.385933214461354623e+01
8.388004085777339469e+01
8.325619136390780284e+01
8.347202458624079213e+01
8.355709615338304275e+01
8.372055526898587630e+01
8.181118227275528909e+01
8.358066094847073657e+01
8.371784024613734232e+01
8.317819573881591566e+01
8.355951046295338358e+01
8.220532880782819518e+01
8.021468097385967155e+01
7.999577014401791075e+01
7.927512843582330504e+01
7.829275322514871505e+01
7.729446136311895543e+01
7.710536433754035102e+01
7.939557735819468576e+01
8.003463099057928787e+01
8.046156148832007204e+01
8.140142170164665458e+01
8.267864667179733829e+01
8.437579317960877745e+01
8.522853460851500529e+01
8.643080743196371429e+01
8.531247264334614044e+01
8.462156716705179349e+01
8.437477906106757075e+01
8.589286296100334539e+01
8.527818653265657645e+01
8.277061238818917843e+01
8.318559650548891682e+01
8.440470061573329019e+01
8.329223868280621446e+01
8.271576035233391622e+01
8.372288712756041207e+01
8.327379552450508982e+01
8.140880965843139450e+01
8.346740516597975557e+01
8.392142938479003078e+01
8.202958461427834891e+01
8.352685968869334943e+01
8.369299727133504518e+01
8.344111923504095785e+01
8.352828281502036134e+01
8.540193593596144694e+01
8.548361986721931771e+01
8.416995535835282283e+01
8.446958721307345286e+01
8.282347529878799719e+01
8.328584523469012879e+01
8.213179458419999435e+01
8.174088961927475339e+01
8.151801749014707354e+01
8.375797982258224295e+01
8.538483094788105632e+01
8.511324686629272662e+01
8.585117424416226584e+01
8.740545632944063925e+01
8.746025950792872550e+01
8.943331992907451422e+01
8.949438041691936974e+01
8.800844572266134946e+01
8.670276717264795252e+01
8.690432971868975187e+01
8.934559513300638400e+01
8.760059103410475245e+01
8.800521497464504250e+01
8.654494540724985541e+01
8.595525210733559618e+01
8.573026900613493240e+01
8.550225506912440210e+01
8.613827841542097019e+01
8.319856329015355811e+01
8.188945080169155233e+01
8.295944413245652527e+01
8.248738291210466400e+01
8.206613528889536724e+01
8.276023229435237738e+01
8.428019566756275083e+01
8.330526571203633068e+01
8.544017207562818328e+01
8.582728378252866719e+01
8.583647865166099677e+01
8.587687996855166261e+01
8.754983430859680027e+01
8.903569553402741121e+01
8.660016658377021770e+01
8.765750452721167107e+01
8.717371026490651786e+01
8.704838833485133875e+01
8.657663645532045393e+01
8.527266573862529242e+01
8.270589501754098194e+01
8.258483597163953505e+01
8.200800682763963323e+01
7.909633592085837961e+01
7.895663710616967990e+01
7.919221714037183801e+01
8.222156067371584243e+01
8.226078667409086620e+01
8.259685265746962557e+01
8.291493549355672599e+01
8.330886183232793485e+01
8.432241766538911065e+01
8.490464604895163347e+01
8.555243230033907764e+01
8.394587665831399192e+01
8.403449960751505898e+01
8.591859590890584286e+01
8.760186455334743982e+01
8.989952999581457505e+01
9.108548997719233853e+01
9.156664032357799954e+01
9.301656228188538478e+01
9.127444260078326010e+01
9.118515687762754851e+01
9.037383061206647028e+01
8.936932447518520917e+01
9.036814132829438506e+01
8.988752742759426440e+01
9.090919231982520898e+01
8.958972918268426611e+01
9.015634084838748663e+01
8.829124150399242410e+01
9.057657470739896155e+01
9.301338506478872148e+01
9.266945231226490876e+01
9.234297515207126139e+01
9.438294618556830073e+01
9.379361418101882464e+01
9.388362557937315955e+01
9.354049543069271522e+01
9.717982054814012827e+01
9.528946629825308889e+01
9.297307709532822173e+01
9.406254565815326885e+01
9.341703905581798040e+01
9.106539424799910876e+01
9.065474063818341222e+01
9.245911005232795787e+01
9.210876042648631312e+01
8.982051247640552560e+01
9.151217006378398366e+01
9.227897924685277076e+01
9.202218050663965698e+01
9.252240494917829494e+01
9.265562999293668156e+01
8.927037995643982526e+01
8.752492105034302483e+01
8.797314591894068769e+01
8.623424891715481522e+01
8.533823893608037281e+01
8.595527654015425867e+01
8.442199553692242375e+01
8.611232833567180478e+01
8.752199479168550056e+01
8.746782758335398000e+01
8.838427713152503884e+01
9.146725576644026035e+01
8.987650507991726556e+01
8.982759021570214486e+01
9.101069388105428004e+01
8.769534993863607042e+01
8.791045375141898433e+01
9.126095760360358611e+01
9.165967159799096464e+01
9.157630278975338456e+01
9.074741219337393261e+01
9.126655776849027291e+01
9.100583115536198875e+01
9.151036272624118340e+01
9.211196894603976659e+01
8.999659250951792444e+01
8.616674360187464288e+01
8.581658216076202450e+01
8.600598621551286271e+01
8.413221002044986108e+01
8.544671961938814775e+01
8.474135638934274084e+01
8.444270763688147952e+01
8.470437812360140128e+01
8.604115402427969173e+01
8.497565275302449095e+01
8.570103570699170348e+01
8.731697513719302606e+01
8.658438271853182755e+01
8.743768668906173502e+01
8.971093798735628866e+01
9.012209025964793341e+01
9.077718219848176773e+01
9.328312666106499762e+01
9.446250081504142315e+01
9.347637414470449357e+01
9.326562719935340340e+01
9.298619555474149934e+01
9.272725196618883103e+01
9.131349692278837438e+01
9.199010724087531798e+01
9.011360566964287955e+01
8.988109513288773655e+01
9.057986705951263673e+01
9.190999474574418571e+01
9.117745509334449139e+01
9.154659110866299443e+01
9.053686052582317245e+01
9.049073462351047681e+01
9.125460556444862448e+01
9.101664774393567825e+01
9.089164108779533535e+01
8.888969974990182266e+01
9.111752350132296385e+01
9.210698172361986735e+01
9.018834525320951911e+01
9.066372692108119224e+01
9.001448632448143883e+01
9.106287536780644132e+01
8.910711685617920352e+01
8.954225723205105680e+01
8.912003239775445707e+01
8.669548965811911501e+01
8.794117409046479850e+01
8.878011924635055152e+01
8.930645341215630140e+01
8.897039234896675453e+01
8.944470890714117672e+01
8.761826711480384233e+01
8.618515602870756709e+01
8.860202710929154080e+01
8.910338042432680083e+01
9.141667952902469096e+01
9.130676130130248680e+01
9.254458595322213910e+01
9.288043832910250330e+01
9.382463896400018655e+01
9.213118699073724827e+01
9.208600702173075092e+01
8.871496399384267306e+01
8.563850122790539388e+01
8.618854476169957479e+01
8.554279716650127341e+01
8.420796835321432638e+01
8.527202949541513988e+01
8.857521112072053882e+01
9.025108715681213312e+01
9.206201244538448236e+01
9.196550101705723534e+01
9.154884075186902237e+01
9.159518590577206965e+01
9.060454150767010617e+01
9.158330064981073804e+01
8.991391865643841186e+01
8.996582415850784287e+01
8.862975478319876288e+01
8.985702637676322979e+01
9.047621395087712415e+01
9.059051764631945503e+01
9.167659935015878148e+01
9.238162716897403470e+01
9.350204353308332372e+01
9.288610491347621689e+01
9.184140858671622709e+01
9.307846407187825832e+01
9.429434984544427323e+01
9.610311441804631727e+01
9.422995228160839076e+01
9.192646681641572570e+01
8.948943279274618590e+01
8.875723601914152994e+01
9.285134909765466205e+01
9.422727667582552158e+01
9.257969343576823462e+01
9.187787069297179698e+01
9.315156515449275787e+01
9.469315880663808116e+01
9.405687169037135220e+01
9.362140690969903289e+01
9.173769876388686839e+01
8.919092399806075377e+01
8.771124281685490587e+01
8.843192657859869144e+01
8.628375706949600499e+01
8.541462899434657174e+01
8.655079065839217378e+01
8.858350677988184430e+01
9.013139319899779878e+01
8.917806304500776093e+01
9.079777765137892231e+01
9.010606101920132005e+01
8.832962261726217434e+01
8.928740479178797784e+01
8.817138829761375973e+01
8.747235051387150406e+01
8.722918775173695849e+01
8.935123344081117125e+01
8.879567578151903717e+01
9.041484656259099495e+01
8.920380262872772903e+01
9.015586974519183627e+01
8.952685939228142331e+01
8.914217908537445112e+01
8.844560831496573883e+01
8.836896248679030919e+01
8.950773421380637274e+01
8.904288877217305753e+01
