-7.217560575056995997e-01
1.626561696231983767e+00
5.472896116989796944e+00
8.763254033005340560e+00
1.598623480535167118e+01
2.326929951401499608e+01
3.111458142247010983e+01
4.369611852397007112e+01
5.644242584602298507e+01
6.793491954208374750e+01
9.171991963634395972e+01
1.082694810452133822e+02
1.269667170629450936e+02
1.439830776551411020e+02
1.712597414966544989e+02
1.858240467599628403e+02
2.063503921928395641e+02
2.281858873526618936e+02
2.420547650783234417e+02
2.605036127086005990e+02
2.716556584422633023e+02
2.837263119212988727e+02
2.856620469580595341e+02
2.768384488660791476e+02
2.845343975192956236e+02
2.895937946412366841e+02
2.897145936353279012e+02
2.925285940577609267e+02
2.934171350189731697e+02
2.964143115188848014e+02
3.041128046396852369e+02
3.109061596460898045e+02
3.210069935578995910e+02
3.302418796844089002e+02
3.309223880658732924e+02
3.425489490971126543e+02
3.516866979074046071e+02
3.600529458731874115e+02
3.662054932040633162e+02
3.728370535128178176e+02
3.740363831044929839e+02
3.750513220091714288e+02
3.763115655473717425e+02
3.807858392654478621e+02
3.844301596622648276e+02
3.834877377051918188e+02
3.816915282491225412e+02
3.795927204825243280e+02
3.799032320665966154e+02
3.771613768365891701e+02
3.770489571257103876e+02
3.797013500852809216e+02
3.885053334899649826e+02
3.917307854044996702e+02
3.842548470145733290e+02
3.881759423248906842e+02
3.948766358476036658e+02
3.972062898772291533e+02
3.979788350743370984e+02
4.050102969658684060e+02
4.047143336925367976e+02
4.105471071727443473e+02
4.041615656348971015e+02
4.096300821046972374e+02
4.093415499286392674e+02
4.072641404231084152e+02
4.088829186931225763e+02
4.092268654711473346e+02
4.077150725651948733e+02
4.131393839275995674e+02
4.150081972603564395e+02
4.190746869671409627e+02
4.234146220039596642e+02
4.261693452073692470e+02
4.288667736554043017e+02
4.315339790786100593e+02
4.360723104342084184e+02
4.402204109515178629e+02
4.414761986601825470e+02
4.416103303074983728e+02
4.403528374476984482e+02
4.395836718445223710e+02
4.440817050221092472e+02
4.452324135843547879e+02
4.484834173269173903e+02
4.452786859683853891e+02
4.440501082936189050e+02
4.474616233986713496e+02
4.479787533013525263e+02
4.523606809156663644e+02
4.533341100834006170e+02
4.564702366469264234e+02
4.598979705914754845e+02
4.633269659139226633e+02
4.664701444969006729e+02
4.687923509446339949e+02
4.700785483367749293e+02
4.716839620057225488e+02
4.711173331516307599e+02
4.691483483495046585e+02
4.728555377769298502e+02
4.724351174226155763e+02
4.675284200135699848e+02
4.611249422046974473e+02
4.554016116677136097e+02
4.470261408589454390e+02
4.439562197497058378e+02
4.401264546906315900e+02
4.369462160075306656e+02
4.335403397660194855e+02
4.385102397873555446e+02
4.422414887504901913e+02
4.504055519084200228e+02
4.580175030856257763e+02
4.653726369562493801e+02
4.763253666899695418e+02
4.809437130357364936e+02
4.822754787984870291e+02
4.895452391158550540e+02
4.890142188036150515e+02
4.913919489451233176e+02
5.011368128546519642e+02
5.049062762347559215e+02
5.026773897998599523e+02
5.034257067174038980e+02
5.119046215651713396e+02
5.206566359216515139e+02
5.311819615226422684e+02
5.361476664325635966e+02
5.496797983364406264e+02
5.621786502335691011e+02
5.685485621697149554e+02
5.786538946785381086e+02
5.954829378722108686e+02
6.027392397064562601e+02
6.120521778900859999e+02
6.219839167649230376e+02
6.304387968155040198e+02
6.391558845464799106e+02
6.439394620575952786e+02
6.462707571302005363e+02
6.536480419251635112e+02
6.610167052010916677e+02
6.649556253522355291e+02
6.790236745257431039e+02
6.796705183473510488e+02
6.748513613853101560e+02
6.783218468175288081e+02
6.815216130896831146e+02
6.913166527010424716e+02
6.988706655787308364e+02
7.055752422456002932e+02
7.038342083076025801e+02
7.047979675231066494e+02
7.102977498527437774e+02
7.145646726963356059e+02
7.036924313626099092e+02
7.109880726700706646e+02
7.235379600078407520e+02
7.280622786797252957e+02
7.254288690688897532e+02
7.181502452179297507e+02
7.026543671809080251e+02
6.976148928792753168e+02
7.128932564579376958e+02
7.140078877874356067e+02
7.212851563691574484e+02
7.187699865216626449e+02
7.254896065212468557e+02
7.297624648072920763e+02
7.272149209289007104e+02
7.229983739437562917e+02
7.328221380224166523e+02
7.380913337621195751e+02
7.539253629123840028e+02
7.577588491937584649e+02
7.645296077263452617e+02
7.676883730322875863e+02
7.744801702988230545e+02
7.763717247657383496e+02
7.688092943556439423e+02
7.718284203478262953e+02
7.714629216408434331e+02
7.972686197239477224e+02
7.976188123941850563e+02
7.969249963676454627e+02
8.122899586085187593e+02
8.005519975046165655e+02
8.177195745013862052e+02
8.275366149788853818e+02
8.370466354990256832e+02
8.409173720194968382e+02
8.317949502809350406e+02
8.519339297333085597e+02
8.669856898906836022e+02
8.667669044133414218e+02
8.708039345826515500e+02
8.569499052938367640e+02
8.640756322608931441e+02
8.893431113312265097e+02
8.931153378242082681e+02
9.142886428911883741e+02
9.235494452185166665e+02
9.321102805328697514e+02
9.291958053258158543e+02
9.410610563696619693e+02
9.532877103253123323e+02
9.802550417912949570e+02
9.733125507497620674e+02
9.938236690039481118e+02
1.018315780109468164e+03
1.009714339584003937e+03
1.034422550882231917e+03
1.081025861027292649e+03
1.085757456178115945e+03
1.088276623425329944e+03
1.101656374095551428e+03
1.107741420522001818e+03
1.135554468938365517e+03
1.148643944015553188e+03
1.159007556228324120e+03
1.175155570215004900e+03
1.187560989347966824e+03
1.203876934720828103e+03
1.200813291857218474e+03
1.227986254637679849e+03
1.257565792590607771e+03
1.254170582363822859e+03
1.258241883250354249e+03
1.280795986836686097e+03
1.309478771351120940e+03
1.301947852394744586e+03
1.320371807551111033e+03
1.334784431981945545e+03
1.321203727487635433e+03
1.321635899293413331e+03
1.304327601069393495e+03
1.313255063080709760e+03
1.324714656864057133e+03
1.327534645573990474e+03
1.344515493490169774e+03
1.337059178330681561e+03
1.324636467831763184e+03
1.316718640893509473e+03
1.313814390002309437e+03
1.319324840532882035e+03
1.335739676469459027e+03
1.365916909907654144e+03
1.410803869343730639e+03
1.415035957904320639e+03
1.409477799453055695e+03
1.399501537840982792e+03
1.386231435882729329e+03
1.412456343645388642e+03
1.467516093299351724e+03
1.499002303022213709e+03
1.525467769447491719e+03
1.565284900503395875e+03
1.562616121103034857e+03
1.571695057402677548e+03
1.572326611489949755e+03
1.561552436570528926e+03
1.569664442211103506e+03
1.601162473440494523e+03
1.611950645001510338e+03
1.623358679616995687e+03
1.656809905525604563e+03
1.638101701526392389e+03
1.637767935194444135e+03
1.612469663644752018e+03
1.570564715120771325e+03
1.579848949280103852e+03
1.595360735265959192e+03
1.615565894925274506e+03
1.645139749666001308e+03
1.660738987351471224e+03
1.614923797715392084e+03
1.615739527729196652e+03
1.594497925999276958e+03
1.606795779539471823e+03
1.609071957961625230e+03
1.652526199389690646e+03
1.638077104628820734e+03
1.655068003902313649e+03
1.675535958822858902e+03
1.656853243149701939e+03
1.668781105195453847e+03
1.682327198130748684e+03
1.687018586728416494e+03
1.708060293217028629e+03
1.699658761053677381e+03
1.700769439455964857e+03
1.727636500278465292e+03
1.742630221098648690e+03
1.735605636424620116e+03
1.689331693889622784e+03
1.658127754784565695e+03
1.631968299659267586e+03
1.629510658418122148e+03
1.619308410815528987e+03
1.633914802938132198e+03
1.598650391622089046e+03
1.553507064700045248e+03
1.594936196937400155e+03
1.585141481908261085e+03
1.593471916585186364e+03
1.589302345505027688e+03
1.560112527546550155e+03
1.510938000581498500e+03
1.487077922575153934e+03
1.492633221736750329e+03
1.500314253699772735e+03
1.492362128607628392e+03
1.479028144671045993e+03
1.468364370242482664e+03
1.501806457917733951e+03
1.530611741602360780e+03
1.533527719551768314e+03
1.527241094197444227e+03
1.542204664662017876e+03
1.525159938966716481e+03
1.525470949353405558e+03
1.541950095352440258e+03
1.563583577236933024e+03
1.572035299607910019e+03
1.572780530026808265e+03
1.599544130791606676e+03
1.626919450731079223e+03
1.630435300654064349e+03
1.655334939564197839e+03
1.699659102525766457e+03
1.702793192845847443e+03
1.684064179355903434e+03
1.727767118298149398e+03
1.721003504715539748e+03
1.759813809146028007e+03
1.776082108303526411e+03
1.785492135035653746e+03
1.811493940692594606e+03
1.796356958927600317e+03
1.833840146659341372e+03
1.878377296629043713e+03
1.913791034603106027e+03
1.922978471794164534e+03
1.951742598769198139e+03
1.991617356912767491e+03
1.995097628386384940e+03
2.037069681358122580e+03
2.061464865134531465e+03
2.052067440211354551e+03
2.024660305400544075e+03
2.027907729802506310e+03
2.032361405294888755e+03
2.004141319248350555e+03
2.031152896574152692e+03
1.987513317724872422e+03
1.963307623184823342e+03
2.018894315086869938e+03
2.060355260494720824e+03
2.081829758058427615e+03
2.083898085363730388e+03
2.060795056464618028e+03
2.065199022559455443e+03
2.074438091736419210e+03
2.087129010467074750e+03
2.069182356271374374e+03
2.104956630272728034e+03
2.121082014043040090e+03
2.136714614834703752e+03
2.113795916867298274e+03
2.093198162428703654e+03
2.050948714252493573e+03
2.014552442053644654e+03
1.990704652625340032e+03
1.989728034982362260e+03
2.043313572441426913e+03
2.112169176810708905e+03
2.076818306343992390e+03
2.125556840141366592e+03
2.149767444187766614e+03
2.190257993684747362e+03
2.188735407594148910e+03
2.224434825853256825e+03
2.239890554518547106e+03
2.250972067617228731e+03
2.265537261587801822e+03
2.257896208150030361e+03
2.264611579948430062e+03
2.275376231981682395e+03
2.269988249277299929e+03
2.302265945203999308e+03
2.321964246922433176e+03
2.317641431388177807e+03
2.319531702754632079e+03
2.334703683102685773e+03
2.270222709729451253e+03
2.234686282646469863e+03
2.204417391530817895e+03
2.206475202045104652e+03
2.230609568309359474e+03
2.257946802895747624e+03
2.282271279763192069e+03
2.318729139980295258e+03
2.325546406407795985e+03
2.267790620916444368e+03
2.283809965647925765e+03
2.284387929098042150e+03
2.278475284315696172e+03
2.254911207332475897e+03
2.214097683134165891e+03
2.229316149320136901e+03
2.219922142365104719e+03
2.271040337439934774e+03
2.242956496082907961e+03
2.261078378421368598e+03
2.263266834466801356e+03
2.265606254328512478e+03
2.240838070889449227e+03
2.229605365065300248e+03
2.231725602598243768e+03
2.182678901160752503e+03
2.187282978524088776e+03
2.184709556621888169e+03
2.160914410634023625e+03
2.223536121448390531e+03
2.258078867908084248e+03
2.225206993111815336e+03
2.263391361054889330e+03
2.282349460306405945e+03
2.289403651665543293e+03
2.298984573618028207e+03
2.266347353951413425e+03
2.324537928762630145e+03
2.313175115028405344e+03
2.328826783150518168e+03
2.358449953908045245e+03
2.366115089819013974e+03
2.294743620895270851e+03
2.293596219381317042e+03
2.302432234106623582e+03
2.295987087102069836e+03
2.314601868224506234e+03
2.327322708085104296e+03
2.336597169793960802e+03
2.321023062249295890e+03
2.343043434678288577e+03
2.379958051813186103e+03
2.393838619506600935e+03
2.416108461065410665e+03
2.434462656078109376e+03
2.470683267579037874e+03
2.505588881447852600e+03
2.495927203153177288e+03
2.555535846150362431e+03
2.585905887144251210e+03
2.595748073188425678e+03
2.527668469001173435e+03
2.571375289560036435e+03
2.533074900655718011e+03
2.550237126673719558e+03
2.531887795410125818e+03
2.498534911288609692e+03
2.470475690408393802e+03
2.484322227470813687e+03
2.485843141332851701e+03
2.447940493435973622e+03
2.439968007194617712e+03
2.502167964564756403e+03
2.530001936218065566e+03
2.534994604931772756e+03
2.550108966180706375e+03
2.541120237147368698e+03
2.532343349645901981e+03
2.535090274386789133e+03
2.557718196369240104e+03
2.587125461187840756e+03
2.547049318793354814e+03
2.529448499366165379e+03
2.536225755766364273e+03
2.543394419506383201e+03
2.571156869085874405e+03
2.561344510191588597e+03
2.582260835787295946e+03
2.631443945967039326e+03
2.645747577975992499e+03
2.614958843267671455e+03
2.598262074526078777e+03
2.615171375903313674e+03
2.659535699420025139e+03
2.707693144747405313e+03
2.712950135301958198e+03
2.713753286496206329e+03
2.741207950591000099e+03
2.790058009383698391e+03
2.800493066328481291e+03
2.835526967645484092e+03
2.869391949928533904e+03
2.853140274889612556e+03
2.850476039153343663e+03
2.874162370350926267e+03
2.899892208771694186e+03
2.897979864733621525e+03
2.923028379355088873e+03
2.976603400107187554e+03
2.965505168027979835e+03
2.980892438096179831e+03
2.965041226654447200e+03
2.933257822038699942e+03
2.972393063360867018e+03
2.975413710480614554e+03
2.971083035861553981e+03
3.000452202784614656e+03
3.050711086598257680e+03
3.076842652096951952e+03
3.102353550557335893e+03
3.103275709538469528e+03
3.077382871512180373e+03
3.051398970973928044e+03
3.101617211211551876e+03
3.106596490484885180e+03
3.078851472196859959e+03
3.095364883798263691e+03
3.152042633203980586e+03
3.175057512098837378e+03
3.200724922292834890e+03
3.193024598601843991e+03
3.222891953710539838e+03
3.223746254063705692e+03
3.233476080037934025e+03
3.261561987278194920e+03
3.303718325326822651e+03
3.299641347150743059e+03
3.269846251922338070e+03
3.266377364324388964e+03
3.246336104337364304e+03
3.244286465174031946e+03
3.259323905818665025e+03
3.296122249153031589e+03
3.323607415498512182e+03
3.314613743492480808e+03
3.325355933010337139e+03
3.288167840062080813e+03
3.266123200536050263e+03
3.297938856034947094e+03
3.334793728672778798e+03
3.328237624131354551e+03
3.349921822285932649e+03
3.352743078583435363e+03
3.352445025098979841e+03
3.296629589159946136e+03
3.299907892085981530e+03
3.280567631324880495e+03
3.264037344925679463e+03
3.220355608395774652e+03
3.234662209736604837e+03
3.264486017317709411e+03
3.264469638618077624e+03
3.257438682911239539e+03
3.243815472657659939e+03
3.211686956592869137e+03
3.230303873670133726e+03
3.214678348778738837e+03
3.214558248243746220e+03
3.219894936945610880e+03
3.224618362919727588e+03
3.215319966999795724e+03
3.216244349181924918e+03
3.217835208090915330e+03
3.201448799683947072e+03
3.191926557271219735e+03
3.166298716493175561e+03
3.202918425220128938e+03
3.188221679516746008e+03
3.217983096694935284e+03
3.229778804952048631e+03
3.223700712006455888e+03
3.221442298746279448e+03
3.225214927823400558e+03
3.244628726620515863e+03
3.254625282160536244e+03
3.268663116148301469e+03
3.257887520625098659e+03
3.232359014454266344e+03
3.210601559247511886e+03
3.207353948953780218e+03
3.226287803738637194e+03
3.196335809745455663e+03
3.240162304586441678e+03
3.200050984296681236e+03
3.220541002965765074e+03
3.245003759744316540e+03
3.246603183176002858e+03
3.291438186522822889e+03
3.281694587244701779e+03
3.247652294188103951e+03
3.271115794435387215e+03
3.242354595575023723e+03
3.275626008421519145e+03
3.223869552574072713e+03
3.260101798699983192e+03
3.222492261158754900e+03
3.202367368406555215e+03
3.165489709716416655e+03
3.134352746726885471e+03
3.100808988784158828e+03
3.047163189770933968e+03
3.082219197726299171e+03
3.046968204871232956e+03
3.078484357044006629e+03
3.031141930381050315e+03
3.043099964709844699e+03
3.055246122098022170e+03
3.051528541003356167e+03
3.050540902088254825e+03
3.072476144154029498e+03
3.085972642332249507e+03
3.057517456777250118e+03
3.080261835005638204e+03
3.119968353433557240e+03
3.145509162473268589e+03
3.188492874706565544e+03
3.222778819936254422e+03
3.201870287243100393e+03
3.233422256440030651e+03
3.242573675567860391e+03
3.201800824824023948e+03
3.220822332524709509e+03
3.180478165353664281e+03
3.171704958593185893e+03
3.171630083973572255e+03
3.130564797882316270e+03
3.169693270043078883e+03
3.182173319635227017e+03
3.169114561421137751e+03
3.211953595270875212e+03
3.154085107174982568e+03
3.210351819475686625e+03
3.218594726597520548e+03
3.220569079304269962e+03
3.201966567184477299e+03
3.240750321465937304e+03
3.221122586320894698e+03
3.261354800417060687e+03
3.308886948109348850e+03
3.309258592208860136e+03
3.358222433908241783e+03
3.381725847051226992e+03
3.377316210372830938e+03
3.397817133897584426e+03
3.401978487884593051e+03
3.394497126701272919e+03
3.397693467424641767e+03
3.431788855995005633e+03
3.431799264603566371e+03
3.435198324991027675e+03
3.450467455183394122e+03
3.474050574031826272e+03
3.462054721179666103e+03
3.443855785654053307e+03
3.443559759217855571e+03
3.412545783595339344e+03
3.426339087035218654e+03
3.426810256744921389e+03
3.425522211687074105e+03
3.481427692902174385e+03
3.524553698624602930e+03
3.484577385785886236e+03
3.500019407231119203e+03
3.492945800149596835e+03
3.495379128262151426e+03
3.448217032946660765e+03
3.439515787046980677e+03
3.437087258764716807e+03
3.454989310018470405e+03
3.475888738556669523e+03
3.473129290286381547e+03
3.483049436814871115e+03
3.494447248643374678e+03
3.499990304447508151e+03
3.532664551958920583e+03
3.532113377102406957e+03
3.576060376536413514e+03
3.591803331883026203e+03
3.612175837670279634e+03
3.574349965987075848e+03
3.554931622149988925e+03
3.530044707719463986e+03
3.566086080608470184e+03
3.574625699692074704e+03
3.567321031256048173e+03
3.538150933421998161e+03
3.539279404963040179e+03
3.520375752216678848e+03
3.503094756548351597e+03
3.477178644979035198e+03
3.456794111404823980e+03
3.444932899767316030e+03
3.398559117168028024e+03
3.342473866726793403e+03
3.339985569554944504e+03
3.367458508179144246e+03
3.288024664109990681e+03
3.282069622821322355e+03
3.290388689729180896e+03
3.266353250616849436e+03
3.270205287834590308e+03
3.268833483165202779e+03
3.320951339150182775e+03
3.377391325481491549e+03
3.419653976784468796e+03
3.395306645899612704e+03
3.360543667407618614e+03
3.368091438386052687e+03
3.367347551924865911e+03
3.343463691179258149e+03
3.342066681951802821e+03
3.378038206178536711e+03
3.400678068847563281e+03
3.385398986751039047e+03
3.370366133939643078e+03
3.353184054537139673e+03
3.338308104045278014e+03
3.357095977384416528e+03
3.376518850034788102e+03
3.341107816762475977e+03
3.331213585350632911e+03
3.307989374022473385e+03
3.336009637297618156e+03
3.357908560066059181e+03
3.348259630090850806e+03
3.347383619613050087e+03
3.354533496431533877e+03
3.358900477643411705e+03
3.379654197220304013e+03
3.320541828042771158e+03
3.318811319049500071e+03
3.350707795415364217e+03
3.342556014122369106e+03
3.349685399668821901e+03
3.381537808782890806e+03
3.446014941469642963e+03
3.461582159290175241e+03
3.491174999457367903e+03
3.514943288155573100e+03
3.551411765835577171e+03
3.544165098438410041e+03
3.480880556731264278e+03
3.405994719358483053e+03
3.414610742797142393e+03
3.457282787787499274e+03
3.444706683946264548e+03
3.427291478153022581e+03
3.478143385401789601e+03
3.417208463654609659e+03
3.376673729633940184e+03
3.368660275271297451e+03
3.384212552267956653e+03
3.347746811891687685e+03
3.347833475673271096e+03
3.361112506476281396e+03
3.336853619604444702e+03
3.346448915991941249e+03
3.357769639407905743e+03
3.323127142408131022e+03
3.292156243577818259e+03
3.267841353599408649e+03
3.252763418849839582e+03
3.261701228596479268e+03
3.263188373484886142e+03
3.228374360829925990e+03
3.274677788691330534e+03
3.330602843453594687e+03
3.383602230787431836e+03
3.421151071322228745e+03
3.421373007734690873e+03
3.450436380578986245e+03
3.420582461677556694e+03
3.388928118603090297e+03
3.390998500240313206e+03
3.399250078455322637e+03
3.407396151786379505e+03
3.433655529948236563e+03
3.423041724675881142e+03
3.414504002735320228e+03
3.452376826660777624e+03
3.501111217121448590e+03
3.512426985797185353e+03
3.531919353151517498e+03
3.532347499092871658e+03
3.568304630454878406e+03
3.580163012572501884e+03
3.561055788528552057e+03
3.567627961570367461e+03
3.572360956689491104e+03
3.607641908439778945e+03
3.597950974738625973e+03
3.612488054428480609e+03
3.631784440975567577e+03
3.664401715772658463e+03
3.662433866959177976e+03
3.688942373307052549e+03
3.660427510259490191e+03
3.670580543957621558e+03
3.673529807369316586e+03
3.742573962135405054e+03
3.750012410062970048e+03
3.803722483177547474e+03
3.815018168026664171e+03
3.878541517523657603e+03
3.856053927040340113e+03
3.821560932903461435e+03
3.847159651272562769e+03
3.848962991025014162e+03
3.875421691462946455e+03
3.861495355845536324e+03
3.870708826054994915e+03
3.907083401960979245e+03
3.875670146048538300e+03
3.878789244765800959e+03
3.918105809334347214e+03
3.898379826994248560e+03
3.932004378332253964e+03
3.931551420178033368e+03
3.928917036024377467e+03
3.883039472859189118e+03
3.867614350402101991e+03
3.824215152428373131e+03
3.831263905313162468e+03
3.862484689352628266e+03
3.901075797288126068e+03
3.898414688464506071e+03
3.879012994545691072e+03
3.837839152261251456e+03
3.825667258427478828e+03
3.803193901751916201e+03
3.836370463956908679e+03
3.843482174083276277e+03
3.863629857882976012e+03
3.832435704991498369e+03
3.848475388494005983e+03
3.842170035729510801e+03
3.833006002064280892e+03
3.809097999847425399e+03
3.821819790911896234e+03
3.856050989077166832e+03
3.834600057617064522e+03
3.834266934082076659e+03
3.837070566495208368e+03
3.784930911406891028e+03
3.785265122267418064e+03
3.788673109493969150e+03
3.750811232039201059e+03
3.762173313258109829e+03
3.747400946177590413e+03
3.748010168179204356e+03
3.730431211667580101e+03
3.723807723029876797e+03
3.692728124851005759e+03
3.673186913460227061e+03
3.666090787173477565e+03
3.693917886354268376e+03
3.701661377629238359e+03
3.609032393469987255e+03
3.609270011842107124e+03
3.627685523941129304e+03
3.625976395927995327e+03
3.632822660307021124e+03
3.565648745680721277e+03
3.574934117308395798e+03
3.580513306156818089e+03
3.525168869924371847e+03
3.527475428262740024e+03
3.496248160346962777e+03
3.542548682768014714e+03
3.537968360664046486e+03
3.538460181334057779e+03
3.538119817354986026e+03
3.572341724927146970e+03
3.562278288245492149e+03
3.586832350916343330e+03
3.597984389053767700e+03
3.640775368305412485e+03
3.602157409466320132e+03
3.602589046116084319e+03
3.621118989423547646e+03
3.623366381867303062e+03
3.547145273571233702e+03
3.589192334690610096e+03
3.589357301164583077e+03
3.594729249785785214e+03
3.608675720639077099e+03
3.661308776906256753e+03
3.592968824871381003e+03
3.524168760619229488e+03
3.549836088014885718e+03
3.493744565931040597e+03
3.523787535411922818e+03
3.552365334812413948e+03
3.533291781697174883e+03
3.532122135437186444e+03
3.531048818874301105e+03
3.593717882366689082e+03
3.619873741785592301e+03
3.596162333651526751e+03
3.639368218136738506e+03
3.641197361575919786e+03
3.653682743620517613e+03
3.661937479892176725e+03
3.658108344873463921e+03
3.661638123673762493e+03
3.730891965137146144e+03
3.733733660794717252e+03
3.706503011408634848e+03
3.762308348991272396e+03
3.759242023105808585e+03
3.718329162422238824e+03
3.719197569211758491e+03
3.693228178591384221e+03
3.692264638128441675e+03
3.643078506964707685e+03
3.574281292991916871e+03
3.571977979913827312e+03
3.547360111274744213e+03
3.549455078716880962e+03
3.562090312286882181e+03
3.597611225903649938e+03
3.575484562872974948e+03
3.552074212705268110e+03
3.557595203981455597e+03
3.546939243161549257e+03
3.558005033347815242e+03
3.601875444309328941e+03
3.624639530261765685e+03
3.634101882897776704e+03
3.663194159695472536e+03
3.656061375917565329e+03
3.655350442957164432e+03
3.616829226219837437e+03
3.614130191235277380e+03
3.599756346029898850e+03
3.557125768366300690e+03
3.572002214284131242e+03
3.607063932155306247e+03
3.584463145769840139e+03
3.571136146715061841e+03
3.555973597982362662e+03
3.521044402709596397e+03
3.493865293003912029e+03
3.532498960408132461e+03
3.532945506850060156e+03
3.508977755633438392e+03
3.474841936718607485e+03
3.458057298171874663e+03
3.444194484345536694e+03
3.410154839711362911e+03
3.411437007854472995e+03
3.436065655924785005e+03
3.464219046762444577e+03
3.508538452744599908e+03
3.545494070291983462e+03
3.532998031046245160e+03
3.519961432960361890e+03
3.506971591297882696e+03
3.519540874830893699e+03
3.465663505915309088e+03
3.428901728956081570e+03
3.419289425390273664e+03
3.430047369210246416e+03
3.388339982771697578e+03
3.380274061886019808e+03
3.385560255902515109e+03
3.412173578044065380e+03
3.438698239773241767e+03
3.387524403261897987e+03
3.402315010495582101e+03
3.391084325716696185e+03
3.363757992206448762e+03
