-8.346106326934524811e-01
1.377084242957293814e-01
2.100589479206012022e+00
4.877541423634347062e+00
7.438607637895938041e+00
8.805438538639883461e+00
1.417468247532281111e+01
2.076284474616184994e+01
2.530514964308334669e+01
3.619063816907238618e+01
4.562700350709722130e+01
5.382329824961747278e+01
6.508574848940460811e+01
7.592123975586390827e+01
8.328346139450709984e+01
9.206342045435191324e+01
1.032449450393422126e+02
1.149404774152236257e+02
1.174778860142750148e+02
1.228423760785059073e+02
1.275551637351988461e+02
1.262343613774188640e+02
1.288757003969576260e+02
1.332631948151549750e+02
1.376021051222895437e+02
1.426193142274338186e+02
1.422785336732655708e+02
1.458418059512232219e+02
1.486323548176778502e+02
1.498974494684224794e+02
1.535287700675435474e+02
1.563798374504634126e+02
1.606138948246093037e+02
1.643027119606627480e+02
1.640276061713631464e+02
1.675634398655101904e+02
1.667129123017689665e+02
1.674489292352832877e+02
1.657655485866162053e+02
1.671650341056613627e+02
1.644210943438071126e+02
1.650822047931744976e+02
1.651657651390496540e+02
1.668321000618547885e+02
1.710006415940322313e+02
1.690043313378998562e+02
1.727276448598240393e+02
1.751872928772044418e+02
1.780519084229571263e+02
1.795862375498464587e+02
1.835439938289603674e+02
1.823422106793986188e+02
1.848807754753706547e+02
1.874851319536637675e+02
1.902748730651197491e+02
1.918568186927819852e+02
1.931008218404461161e+02
1.941743771820597146e+02
1.949597127606672871e+02
1.923734888546757702e+02
1.929313197282793908e+02
1.927598691964944067e+02
1.947311356815868635e+02
1.909464602356072760e+02
1.930197429797066206e+02
1.927236443164980528e+02
1.928827566692746416e+02
1.952367329111267509e+02
1.949857123616686749e+02
2.001069348646156811e+02
2.015885513342787476e+02
2.032283343856115891e+02
2.061827583429250126e+02
2.092244779250936233e+02
2.108113763891729207e+02
2.079627534302048275e+02
2.093298662558334797e+02
2.108594452901689920e+02
2.110566059631626956e+02
2.120729255403776108e+02
2.113493107925571621e+02
2.140129049515433906e+02
2.149212282791841346e+02
2.104154832067435166e+02
2.080967333259798693e+02
2.094033790251692437e+02
2.122183454534720681e+02
2.077175686875125393e+02
2.115284461079139646e+02
2.091703003774010767e+02
2.100136551730629151e+02
2.090929088887711487e+02
2.107927817842204945e+02
2.119402867780311226e+02
2.183818605566092117e+02
2.163748757441906605e+02
2.136763097842889749e+02
2.175032958485013523e+02
2.177515551599229866e+02
2.208442579153600036e+02
2.238031028709974350e+02
2.261717026200965108e+02
2.219743430958352235e+02
2.234001224649326218e+02
2.266367335515843990e+02
2.292897227938402978e+02
2.349269708228633817e+02
2.368810721700870374e+02
2.426991683187383160e+02
2.425975060926626838e+02
2.424003280656556001e+02
2.420150626653004338e+02
2.454826547393318208e+02
2.472613340821754946e+02
2.493388352617420480e+02
2.517792822558555486e+02
2.528648466024990569e+02
2.530927892697586969e+02
2.582112232012114532e+02
2.572125653079630752e+02
2.587371791494877016e+02
2.618657663406016809e+02
2.622700332242359309e+02
2.646725546521788601e+02
2.655260623772204553e+02
2.670722767994134301e+02
2.664999668855330697e+02
2.682384760784888158e+02
2.696923295921985755e+02
2.683835665437188709e+02
2.705298798051533709e+02
2.768198162517103356e+02
2.802771057183651351e+02
2.850720745156087332e+02
2.841388801940531152e+02
2.906717823382238066e+02
2.930536617784179043e+02
2.914622961621860782e+02
2.985012372177159818e+02
2.992773759541279901e+02
3.021408149746275740e+02
3.035678774370705355e+02
3.048435155044263070e+02
3.056726833420590879e+02
3.056027979009518276e+02
3.072196471404714089e+02
3.124804877455549672e+02
3.145832963944755534e+02
3.218454703073289238e+02
3.281174830130855753e+02
3.314100534540050944e+02
3.316380021113187695e+02
3.370851953531637264e+02
3.395631743863434622e+02
3.470530020171554497e+02
3.496805859225888184e+02
3.500994485591024841e+02
3.593265889238804789e+02
3.614223490128160279e+02
3.622575012171490130e+02
3.659371573029719684e+02
3.671154400344381656e+02
3.713975927621619348e+02
3.707802807560567544e+02
3.776330535804571014e+02
3.750072683916958454e+02
3.815821219117787564e+02
3.813729626011061100e+02
3.829408031898180411e+02
3.906315211773884926e+02
3.971920834135796667e+02
4.087739607745797343e+02
4.169138392964006243e+02
4.256357393850609583e+02
4.303299802353953964e+02
4.284760484081208460e+02
4.390978582916542905e+02
4.393392691958899263e+02
4.427438155457822972e+02
4.517841540161547300e+02
4.614675609330265615e+02
4.743161416862967599e+02
4.773288306188171646e+02
4.938057352417517336e+02
5.081755057257046246e+02
5.274862667360982869e+02
5.235268264065512085e+02
5.313097227931206135e+02
5.207093836787885266e+02
5.277857544544483517e+02
5.359507903471443342e+02
5.382945714051980985e+02
5.492106432166788181e+02
5.598852665511629993e+02
5.793563085324645954e+02
5.796739686484802405e+02
5.913987616131311142e+02
6.088158340486709221e+02
6.254936602840648447e+02
6.356176747484475982e+02
6.416833925368509881e+02
6.419806786855227756e+02
6.393301204976716008e+02
6.553469064376828328e+02
6.660332239272871675e+02
6.762630030431816976e+02
6.736138461911893955e+02
6.578992644555652305e+02
6.701170163396569706e+02
6.664363665616655226e+02
6.702965442613480036e+02
6.868530347843883419e+02
6.824194665102253339e+02
6.791721626333287531e+02
6.796031855635390002e+02
6.822658009418312304e+02
6.813851727085144603e+02
6.882919380071647311e+02
6.751180723616370187e+02
6.621242532910658838e+02
6.575179609208425973e+02
6.527185696939206991e+02
6.576484264281559717e+02
6.573053230376413012e+02
6.577718793813301090e+02
6.562903248315161591e+02
6.407600391062095468e+02
6.578487053782831708e+02
6.723286953100882783e+02
6.799314942189542990e+02
6.969166644920633189e+02
7.052773266352170367e+02
7.222799283602631704e+02
7.306235472965162216e+02
7.380769003127919632e+02
7.411583031829384254e+02
7.617935606818904262e+02
7.657196752074128199e+02
7.737017717810417707e+02
7.760903774727105429e+02
7.717410277801152461e+02
7.789236271806889818e+02
7.935050556495687033e+02
8.055774438342875783e+02
8.178155096211007731e+02
8.301764449085241040e+02
8.343134769656867320e+02
8.579147669259700706e+02
8.789318226853226861e+02
8.913550732714122660e+02
8.939432306605231133e+02
9.060792202571180951e+02
9.146739752519199556e+02
9.250961516606746500e+02
9.385641044956998940e+02
9.408482571267315961e+02
9.360428001870074013e+02
9.539011720544756372e+02
9.404955543460971512e+02
9.371028608946023724e+02
9.253151863712535032e+02
9.398319178870402766e+02
9.400019925011497435e+02
9.430898036396123416e+02
9.570379786514813532e+02
9.654254292252607002e+02
9.756959316298330123e+02
9.806117269910365621e+02
9.961495864705782424e+02
1.004485374462682671e+03
9.948356237546435068e+02
1.016369161192056367e+03
1.021853464158272232e+03
1.005299592216429915e+03
1.008038325991176634e+03
1.012900696458472112e+03
9.980763486043747434e+02
9.861887525625670605e+02
9.920871122572098102e+02
9.661816552942611906e+02
9.546685101498343329e+02
9.651605624404044192e+02
9.526171241923999560e+02
9.268936316416168211e+02
9.407401088201684161e+02
9.572374877306922372e+02
9.853147016154111952e+02
9.894589818775415324e+02
9.993427936240638019e+02
9.661205299251887482e+02
9.724493142567454242e+02
9.518605514999267143e+02
9.509943311870686102e+02
9.565318819555108121e+02
9.295859991755118017e+02
9.348036529649596105e+02
9.543820265298403456e+02
9.514196497737673326e+02
9.146935089807525401e+02
9.186076873649648178e+02
9.189504935482393648e+02
9.166671587636578806e+02
9.080332216773878145e+02
9.004584610462966339e+02
9.054339351009580241e+02
9.202398601040787298e+02
9.237397577576738286e+02
9.464888317308412979e+02
9.316529584422934249e+02
9.415799785783990501e+02
9.565833700082666837e+02
9.217698039562903887e+02
8.801483441124256615e+02
8.791712464882325548e+02
8.968069416233939819e+02
9.193279201085854311e+02
9.117200145839821062e+02
9.128104021712192662e+02
8.852850975988590108e+02
8.896805563346748613e+02
8.736171901765692382e+02
8.733826274023671203e+02
8.529868354411897826e+02
8.695801292770063355e+02
8.888749924511146219e+02
8.968069587431117498e+02
8.998319344417901675e+02
9.001275113370509189e+02
9.052875264968110969e+02
9.030314347011102427e+02
9.169591124057243405e+02
9.147416782641490727e+02
9.323516522852571597e+02
9.287216274918594081e+02
9.225608320288021105e+02
9.234924131393081552e+02
9.337687646901815697e+02
9.410266581853994694e+02
9.690913256492273149e+02
9.757267601980352083e+02
1.008419599756837670e+03
1.010824787807967709e+03
9.723635503216560210e+02
9.528161662048607923e+02
9.676048334374062279e+02
9.633404423715927578e+02
9.689245158492852852e+02
9.594604037781806483e+02
9.780941338144371002e+02
9.837824357420230399e+02
9.982755840772672400e+02
9.958644556802901207e+02
9.912391481178123058e+02
1.009202197598781822e+03
1.010531457595032407e+03
1.031190714814514195e+03
1.018926042794118302e+03
1.020873491328303203e+03
1.012364973893352044e+03
9.996029476100452484e+02
9.930019558092322995e+02
1.004516905089220472e+03
9.997499610022000525e+02
9.947275942667563413e+02
9.587318131189100541e+02
9.739092785107325199e+02
9.815898293049102676e+02
9.913306926677174715e+02
9.741689577680526781e+02
9.888878648081296205e+02
1.008407957536320282e+03
1.016142863191937977e+03
1.018382051545586137e+03
1.024924018683512486e+03
1.030163086863839453e+03
1.031810221248765856e+03
9.921472096376205627e+02
9.903432872417341741e+02
9.967947283323113652e+02
9.682369458427866675e+02
9.410525070198465301e+02
9.453733715628205800e+02
9.509539600480860599e+02
9.345906498969602580e+02
9.121041274734978970e+02
9.186986556576141538e+02
9.308106130734331600e+02
9.501006342647114025e+02
9.424434490975426115e+02
9.631937540445354671e+02
9.642316163111413516e+02
9.651431975319429739e+02
9.543763830262878400e+02
9.639427236754464730e+02
9.351112471418766745e+02
9.485996025486140297e+02
9.683894690193436645e+02
9.681527132665862609e+02
9.835786360013963758e+02
9.801841007219732091e+02
1.003854523706654618e+03
1.003898909160467838e+03
1.015903540307167304e+03
1.037150716167936253e+03
1.044189921667385534e+03
1.056600919541916483e+03
1.048098016818661563e+03
1.062039498537192230e+03
1.071460637946666793e+03
1.087260995180130749e+03
1.107932672892348137e+03
1.073531999384827714e+03
1.093947490880589157e+03
1.098693468197597213e+03
1.105802393091244539e+03
1.107669865595883266e+03
1.118511122153684937e+03
1.117080566255050371e+03
1.089961302721311995e+03
1.089406760766968318e+03
1.104574364967882957e+03
1.119815488996043769e+03
1.111375433378459547e+03
1.110024129468414912e+03
1.130277067061802654e+03
1.110675111151801502e+03
1.112113395749966458e+03
1.089154275248082058e+03
1.085116274842963094e+03
1.073096714527529457e+03
1.082474397847699947e+03
1.101170475882925757e+03
1.068313533099170172e+03
1.093198886015427661e+03
1.107785896050030487e+03
1.119810100426323515e+03
1.123153024405934048e+03
1.119376997679282795e+03
1.126693295190455501e+03
1.116897516238686421e+03
1.133324104799379484e+03
1.160605769919718796e+03
1.164474645357154259e+03
1.159958018967419548e+03
1.156802425024935019e+03
1.157913675033447589e+03
1.137336411254525046e+03
1.147493308016421906e+03
1.164559694482706391e+03
1.182685868967916122e+03
1.195102065202678432e+03
1.190071675036308534e+03
1.177110236117271597e+03
1.182483948860173768e+03
1.194684720286434185e+03
1.209855916774042043e+03
1.198984123356153077e+03
1.213488437557202587e+03
1.217113429417453972e+03
1.223493632044244123e+03
1.237723826956701487e+03
1.260398277486564666e+03
1.268383195072007993e+03
1.237239953823208680e+03
1.251872228186924303e+03
1.252942962314481292e+03
1.242132631329627657e+03
1.226502006346277085e+03
1.207410052995776141e+03
1.197836349447520888e+03
1.208065720875238185e+03
1.209955640371230174e+03
1.208606598036484684e+03
1.207585512694752197e+03
1.241273532874074135e+03
1.246570707632233052e+03
1.246526869960796375e+03
1.271389263588799395e+03
1.274322759234207979e+03
1.287188687488950791e+03
1.289119894973651753e+03
1.256807487742333706e+03
1.257725294421429226e+03
1.254509212633745392e+03
1.278847580640639535e+03
1.287231199140942408e+03
1.293743058067177344e+03
1.309506672774649360e+03
1.273191853858253126e+03
1.271760968213654905e+03
1.274307999637770536e+03
1.310722912198313679e+03
1.315001781801693824e+03
1.298482817515299757e+03
1.268402242414889997e+03
1.266661665779541636e+03
1.276382915048304994e+03
1.248885598441860111e+03
1.282511255242822017e+03
1.299064845726771182e+03
1.306593943647572587e+03
1.321086484691463738e+03
1.316356617668701574e+03
1.299084565546098474e+03
1.290188013684425869e+03
1.277645297024546608e+03
1.290664686986512152e+03
1.297561178346800489e+03
1.295468777454178507e+03
1.304727979218057499e+03
1.279150124458705932e+03
1.273736268082895094e+03
1.272721862208774155e+03
1.265160103021543364e+03
1.270891542583681940e+03
1.256820049398205356e+03
1.262892377515549015e+03
1.264202695603523125e+03
1.255458459594655778e+03
1.240183029568208212e+03
1.271591902764288079e+03
1.234875621272773515e+03
1.233477628429243850e+03
1.240774159592658634e+03
1.254262902714750226e+03
1.276995965746953743e+03
1.273101724901934858e+03
1.281150694273519093e+03
1.294222434108922926e+03
1.313207895921055979e+03
1.311268440500447696e+03
1.293883875456798023e+03
1.297761284499916428e+03
1.308777699998403705e+03
1.327814735575896975e+03
1.345975443761386259e+03
1.347224186262850026e+03
1.353377571927731879e+03
1.374941304907668609e+03
1.383899943618791667e+03
1.350039381618332982e+03
1.373478679586147564e+03
1.357832533829521481e+03
1.364836531330553726e+03
1.378025697485979208e+03
1.397562029501058305e+03
1.424303020311677528e+03
1.434999623536589752e+03
1.423003657478702053e+03
1.424722315289319567e+03
1.425476897667693265e+03
1.436128013489300201e+03
1.434602082970163792e+03
1.429382226382067529e+03
1.444141032385134395e+03
1.463723394773712471e+03
1.467193632077008260e+03
1.425962131270386180e+03
1.348984286028827455e+03
1.346004276683548824e+03
1.325395763901099372e+03
1.308154788739334663e+03
1.300530919874773645e+03
1.307980148175179465e+03
1.295229422238098095e+03
1.280256463768783988e+03
1.235385138445403982e+03
1.192087334892707531e+03
1.193194214137236941e+03
1.160198846123977319e+03
1.162531165794874596e+03
1.135713908460257699e+03
1.064091840254674707e+03
1.078635497965536160e+03
1.068700441308098107e+03
1.040915957119401128e+03
1.013790782560707498e+03
1.018603180973197141e+03
1.011242663778429005e+03
1.036983584152464800e+03
1.024259981535675479e+03
1.042813793503248462e+03
1.075085079447787393e+03
1.081925308768355990e+03
1.096332103545900281e+03
1.142102120702827960e+03
1.149506779643111486e+03
1.172201696837363897e+03
1.196595124185041414e+03
1.193568553333778027e+03
1.213248040219615405e+03
1.219420783467989168e+03
1.188130815879289685e+03
1.205346195230850071e+03
1.184016851794832519e+03
1.222939176333235764e+03
1.223236597927711045e+03
1.219552921708386748e+03
1.226724700836099828e+03
1.217742078506651751e+03
1.208003010329405015e+03
1.219045658414846230e+03
1.242108090409447641e+03
1.223122779701272975e+03
1.222334581345304514e+03
1.255335815879116808e+03
1.210198782671130857e+03
1.188103210708240795e+03
1.187573442585902740e+03
1.186591001635964858e+03
1.172857283679507191e+03
1.168055722634989706e+03
1.129430031980104559e+03
1.117371747843275898e+03
1.107095373496139246e+03
1.122102071287394438e+03
1.099148425413682162e+03
1.114755274872224390e+03
1.136833100304233540e+03
1.141207493547506147e+03
1.171183174518095257e+03
1.161759086417132266e+03
1.173968280915737523e+03
1.197477153246595662e+03
1.172814231011344191e+03
1.179560750858533765e+03
1.196313003362179415e+03
1.194490148648935246e+03
1.192552423072245801e+03
1.201119396213872733e+03
1.198972250665048477e+03
1.184360189717472849e+03
1.194299257384605653e+03
1.206425438163479839e+03
1.204741179845194665e+03
1.209529513466406115e+03
1.238824556602252642e+03
1.228914985066262034e+03
1.221589119313219044e+03
1.239255319523889284e+03
1.231366509710556556e+03
1.245783091097778197e+03
1.261655315960374992e+03
1.284093045156227163e+03
1.298316713346708639e+03
1.292902504153918017e+03
1.297135338877121740e+03
1.318277624308450413e+03
1.300981089813713425e+03
1.280677206102267291e+03
1.265822192284604171e+03
1.271635035067220997e+03
1.267454553975846920e+03
1.278609715725767728e+03
1.280312364308926817e+03
1.304931878106593331e+03
1.295629921984361999e+03
1.306886217108107985e+03
1.323888733710667566e+03
1.358258288073245694e+03
1.391750350007886027e+03
1.377266079233499113e+03
1.394392318283267286e+03
1.427042137133406868e+03
1.427432880180827624e+03
1.422585249905369210e+03
1.474691978872286882e+03
1.491918341577587398e+03
1.483402128570008699e+03
1.499085485412374737e+03
1.490558062798483206e+03
1.507146297265632938e+03
1.499761896314460955e+03
1.526191835307527526e+03
1.493599364050907070e+03
1.496967084507592745e+03
1.493751862682037427e+03
1.496543047256262980e+03
1.496854346011238704e+03
1.494096801071550090e+03
1.499183656889488702e+03
1.454452107542108251e+03
1.461660297488617289e+03
1.465862113149588595e+03
1.483570188414355243e+03
1.509870360716600771e+03
1.525121083760965575e+03
1.535850002913974777e+03
1.541987345890992174e+03
1.515354207492905289e+03
1.512346877300380356e+03
1.485461299151420462e+03
1.490790569366154159e+03
1.494073754109696665e+03
1.495128217523965759e+03
1.493032628310493919e+03
1.490188037707717967e+03
1.468138282764942232e+03
1.475164438311493996e+03
1.494042595650774274e+03
1.496989737680520875e+03
1.467372254227663461e+03
1.423639168375210375e+03
1.436196654206420135e+03
1.421705412373192758e+03
1.431944718328425097e+03
1.448752922014964042e+03
1.438471126948422352e+03
1.431600490588767798e+03
1.430758192020977731e+03
1.454909226018211029e+03
1.441865667613301412e+03
1.441190899323751182e+03
1.457069488469793669e+03
1.453849250059191945e+03
1.477558530567371236e+03
1.485682449402297152e+03
1.482885607757852767e+03
1.449529346752518222e+03
1.411116204757488049e+03
1.392195903227941926e+03
1.401176592069811022e+03
1.410388595018492197e+03
1.408374853790374573e+03
1.422747768279551565e+03
1.422860795383170171e+03
1.436257122716968070e+03
1.418815946199544896e+03
1.404048149768045732e+03
1.406166546941971546e+03
1.409622810998240539e+03
1.402308733384212246e+03
1.387425711264209895e+03
1.398730425978816129e+03
1.413169950004466045e+03
1.433362599497179417e+03
1.453286101314684174e+03
1.476846487211843169e+03
1.480161380764042178e+03
1.458770077962844425e+03
1.467149537651373294e+03
1.464120772685389966e+03
1.456849444582407386e+03
1.478063221767518826e+03
1.495928782707451319e+03
1.486150600588428460e+03
1.463080868317656268e+03
1.457557887833291716e+03
1.478802989703103776e+03
1.490961556361610064e+03
1.496410511169741994e+03
1.482656533019402332e+03
1.489650068570369058e+03
1.514088039641509340e+03
1.542200763736390400e+03
1.565149658948869273e+03
1.550484952373102942e+03
1.554404340884859948e+03
1.586563813544232062e+03
1.593181975736739787e+03
1.591580157674180555e+03
1.592262408796583713e+03
1.586075385871709841e+03
1.571542154164552812e+03
1.566245491033266944e+03
1.574752646641441743e+03
1.567983532144753781e+03
1.554313359609781173e+03
1.544481824576806730e+03
1.534691754690544030e+03
1.524047675367311967e+03
1.498569246504067451e+03
1.476032957089251340e+03
1.477307138686900998e+03
1.477629505289006147e+03
1.504732010255158002e+03
1.519024934619779742e+03
1.544677307668402136e+03
1.514015514456521259e+03
1.499501028100163467e+03
1.524230457579621543e+03
1.539298517534573648e+03
1.574063740035470346e+03
1.533842724983142489e+03
1.488830485587447811e+03
1.491592219619931711e+03
1.510172817175803175e+03
1.497637839218469253e+03
1.484411284536512994e+03
1.443569953806047806e+03
1.446457306685788581e+03
1.435939571658781460e+03
1.430269611221999867e+03
1.439566298153065645e+03
1.393100300207100190e+03
1.421084167794182122e+03
1.429976568317895953e+03
1.413672105397558425e+03
1.422664078653806882e+03
1.437392909309941388e+03
1.459573920320359093e+03
1.477751849901289688e+03
1.484980662806289047e+03
1.449492259755622626e+03
1.465105383167585615e+03
1.452729012041962505e+03
1.465993141078271492e+03
1.426382872664512206e+03
1.418234242414956043e+03
1.362404364311748850e+03
1.373071231172917805e+03
1.381301450072899797e+03
1.382383554317896824e+03
1.375311946637707479e+03
1.359238566457675688e+03
1.350953268435425798e+03
1.353057531612281991e+03
1.356065306093631307e+03
1.366925401453104314e+03
1.382534921477727721e+03
1.391562143111907289e+03
1.398277026466615780e+03
1.411424298841804557e+03
1.430623853045405212e+03
1.395424553465016743e+03
1.401539921981002863e+03
1.415658019167178963e+03
1.456621200245054752e+03
1.476274210153095510e+03
1.464214058100317743e+03
1.455008584766917011e+03
1.448923627828707140e+03
1.435989319861128934e+03
1.430137305613742228e+03
1.436827981610599181e+03
1.442558867496726634e+03
1.462799147213066362e+03
1.491027264184177056e+03
1.508740384674560119e+03
1.510852793578021192e+03
1.501583079486314318e+03
1.533213198226142367e+03
1.548082891271693597e+03
1.579662723646593804e+03
1.580227907023135913e+03
1.608428194040860490e+03
1.631216798937943850e+03
1.633799393771785162e+03
1.611492266520812791e+03
1.598535944071662016e+03
1.592747405266948135e+03
1.630250720387039109e+03
1.634356372204170611e+03
1.670197713964050081e+03
1.632566673365486849e+03
1.613877707707120862e+03
1.624199873298452530e+03
1.624612952714060384e+03
1.589220607731662994e+03
1.583857115910942184e+03
1.573485271901770830e+03
1.581818214809795791e+03
1.549353944010031682e+03
1.541123854402489314e+03
1.550342516651931419e+03
1.560533904525053231e+03
1.561473257249943799e+03
1.562503853466460896e+03
1.547302618670501715e+03
1.567409990356107301e+03
1.556401611229988930e+03
1.553550676703352337e+03
1.530503301684423377e+03
1.513690351454588608e+03
1.519081365573275434e+03
1.537595692521050751e+03
1.542825029019830481e+03
1.553583734153339265e+03
1.544784644763286451e+03
1.543458485882954164e+03
1.533619887989657400e+03
1.478859760553784326e+03
1.490364599755144127e+03
1.484332233752909588e+03
1.462731922977502791e+03
1.473452457863031213e+03
1.503210250053137088e+03
1.498571648963056759e+03
1.527918275872613094e+03
1.519391652051421715e+03
1.513355867487121714e+03
1.534201915888954773e+03
1.555998318092268619e+03
1.592113781613460105e+03
1.593955097721076754e+03
1.613472335157004409e+03
1.620517523350438751e+03
1.627757413181254151e+03
1.639190697193443157e+03
1.632552309168162083e+03
1.639048058749252732e+03
1.656276739245134195e+03
1.660276425334241594e+03
1.668112663516619705e+03
1.656217287349154731e+03
1.679222708979596746e+03
1.671087009760422916e+03
1.676458058496021749e+03
1.669840032695022728e+03
1.668417821378921417e+03
1.689608483116643583e+03
1.702367827283037741e+03
1.696311505494117455e+03
1.692696402020338382e+03
1.705904213875543292e+03
1.703390695464869168e+03
1.708575851929445435e+03
1.707382262073556149e+03
1.717936493917830148e+03
1.724901378900942518e+03
1.750392679932319197e+03
1.759458941072217613e+03
1.756642341004714353e+03
1.783082821629630416e+03
1.728201562502887327e+03
1.734773269659937341e+03
1.734566469853389208e+03
1.748776518674744693e+03
1.719804449586493774e+03
1.695655603176828663e+03
1.701617758718164396e+03
1.703573510303249577e+03
1.684885965410292556e+03
1.654201596195268166e+03
1.602316015929624200e+03
1.586238855952175527e+03
1.544683492195651297e+03
1.500017395608974539e+03
1.496824320497412600e+03
1.498850991854996892e+03
1.501807386441535527e+03
1.508199128686340146e+03
1.524453599366770732e+03
1.519482541840972317e+03
1.522120577130329139e+03
1.510918030932270085e+03
1.496541695052035266e+03
1.486145411091966707e+03
1.474373871184367772e+03
1.458629441974974270e+03
1.466026697324183260e+03
1.441259466530767668e+03
1.436478478095834816e+03
1.422068050261684448e+03
1.423857871905747515e+03
1.422522242229321819e+03
1.408767342999101174e+03
1.416008731376640753e+03
1.413947940500566801e+03
1.369548774054062278e+03
1.401092129501586669e+03
1.399799523024874134e+03
1.400853226176888484e+03
1.404717959517110330e+03
1.413229642084190800e+03
1.434017439066528823e+03
1.460949567969935060e+03
1.477941195010865385e+03
1.498780764452615131e+03
1.515473612914596742e+03
1.528833311424172052e+03
1.545153148833187515e+03
1.563949613851933691e+03
1.565638187938463261e+03
1.529008385917476744e+03
1.537410227716661439e+03
1.539108759155215921e+03
