-3.957932569761383190e-01
5.403150021693187144e-01
1.787782741532290665e+00
4.108871023269531797e+00
8.343663815523058247e+00
1.259566817905260372e+01
1.878108242171196451e+01
2.218226807898372499e+01
3.127084068191135913e+01
3.788713550295344845e+01
4.718768541166094366e+01
5.812666975149065962e+01
6.744804887077462752e+01
7.549971845592475006e+01
8.447492778615578857e+01
9.561066632106468433e+01
1.019280585085118247e+02
1.102607604990097059e+02
1.164033926958758229e+02
1.202110349825737217e+02
1.225935240225252727e+02
1.258726865651976539e+02
1.278724360154991331e+02
1.275331638451757073e+02
1.282034763519159810e+02
1.312200934872395521e+02
1.354999937034182267e+02
1.398708184217671544e+02
1.459815506614202150e+02
1.505559783614614844e+02
1.537286542464330807e+02
1.578951277359257972e+02
1.598987974411587913e+02
1.634871247094947364e+02
1.661067476764082755e+02
1.687312535849823973e+02
1.705425480592735425e+02
1.707716216313930602e+02
1.687432968521687826e+02
1.719080059263800990e+02
1.741963635520209266e+02
1.763344744938087274e+02
1.767294447020481698e+02
1.790502334452726814e+02
1.823973986245554499e+02
1.838055034002676962e+02
1.844984744850091261e+02
1.835266210325489453e+02
1.852606367315906084e+02
1.874125022015281274e+02
1.866801637828951073e+02
1.870857839402981426e+02
1.828024437709026131e+02
1.868294087675656669e+02
1.868797861469802513e+02
1.855645660904819181e+02
1.845134174875023518e+02
1.856164514497079949e+02
1.843188236805031295e+02
1.801260407745279792e+02
1.817116483366864088e+02
1.792619522801287815e+02
1.774425970597205833e+02
1.755352736900054822e+02
1.755305878447410919e+02
1.727243564458055971e+02
1.757892538234014239e+02
1.759640806881703554e+02
1.767461268556214407e+02
1.749174647668143336e+02
1.741829468512250116e+02
1.750770485836257535e+02
1.776403736752380098e+02
1.771664591549813963e+02
1.821738076382977169e+02
1.820638563385485895e+02
1.822298723849708324e+02
1.860142951887181653e+02
1.912266502805871653e+02
1.982401943467189938e+02
2.015991652933033151e+02
2.051900654476509942e+02
2.063326873587774628e+02
2.091654622014888787e+02
2.112076224631146886e+02
2.151038107585437444e+02
2.180516028816299468e+02
2.218090049143623332e+02
2.276601473491455181e+02
2.269301953970311274e+02
2.256314700799604225e+02
2.261714423489055719e+02
2.297875694119934167e+02
2.282402128281797502e+02
2.294644456035310895e+02
2.320996792697755779e+02
2.321947203505960431e+02
2.308813111663532993e+02
2.330074654762449029e+02
2.350023878404916502e+02
2.387879485506970809e+02
2.458235116893930581e+02
2.465113170216132517e+02
2.549004456393113003e+02
2.587866148546087288e+02
2.553133811003846745e+02
2.529087148788600814e+02
2.638855482075715599e+02
2.680077778384890053e+02
2.691745819577736256e+02
2.760517492489813094e+02
2.770851913368167629e+02
2.778825999413480758e+02
2.746123268121213528e+02
2.747882150852125278e+02
2.786101684778995491e+02
2.828508273008845322e+02
2.928047104812403632e+02
2.948688566607308985e+02
2.931818486537112562e+02
2.970311069805561601e+02
2.981439704165124454e+02
3.035272096890074636e+02
3.094259409453327976e+02
3.131675470945653501e+02
3.160019290381958967e+02
3.182505870022978911e+02
3.106818541385908929e+02
3.102518664439614895e+02
3.101057326750140533e+02
3.070953871499123125e+02
3.163690434807478482e+02
3.182136372613987874e+02
3.122295265824712374e+02
3.143251543474341929e+02
3.073057072492545672e+02
3.092725462700965409e+02
3.043322297784324633e+02
3.098285549341193246e+02
3.191372241559971599e+02
3.147583036020429290e+02
3.144087947954312199e+02
3.224416280272782274e+02
3.169588510789288307e+02
3.173782890612595793e+02
3.269890934007352712e+02
3.265627607880316532e+02
3.335242627942436116e+02
3.362910241909399360e+02
3.372840559983652042e+02
3.429029974563233623e+02
3.502355561023293831e+02
3.562316508606231196e+02
3.576802387684786595e+02
3.699439079713549745e+02
3.661459309113440668e+02
3.644755400766187563e+02
3.654777482800993198e+02
3.566339516282403679e+02
3.638430796374321403e+02
3.643140408992314292e+02
3.623806908769917072e+02
3.637657992830764897e+02
3.613958077087381184e+02
3.543795397914122987e+02
3.462960014051383837e+02
3.398531565718619731e+02
3.433208833005909923e+02
3.474445711218422161e+02
3.383336273501034839e+02
3.281861968290785967e+02
3.241369287712365121e+02
3.151846707028782362e+02
3.243736338437858535e+02
3.231969096925330973e+02
3.301913668597136962e+02
3.335747092708605237e+02
3.305010054450808639e+02
3.383567931676631133e+02
3.384830641892733638e+02
3.448308493612054804e+02
3.484137011834699820e+02
3.572825590264427547e+02
3.618495315871764433e+02
3.628289233075096831e+02
3.652994117993808914e+02
3.682453554298045333e+02
3.701268743432548263e+02
3.713294359538135154e+02
3.666986640205834647e+02
3.752752473195513971e+02
3.744794579947528064e+02
3.703203481077164838e+02
3.697996233030459621e+02
3.702301964147218882e+02
3.763864629397857016e+02
3.742269458989251802e+02
3.740545429762900085e+02
3.750934871606196452e+02
3.709800815508228879e+02
3.743170096513101726e+02
3.776969790367235191e+02
3.725156652514216944e+02
3.681856319860455642e+02
3.727667115144984677e+02
3.753166983386888660e+02
3.794039814784256350e+02
3.738062994575333278e+02
3.782062564662162458e+02
3.861930835683731971e+02
3.913536062071198671e+02
3.805315515023797275e+02
3.824088504628143141e+02
3.926457333119371924e+02
3.851320260092732610e+02
3.904837248384885697e+02
3.930587542188463885e+02
3.986680005674123208e+02
4.003791194249581622e+02
4.085872747033812402e+02
4.020849589703235551e+02
4.147873644794098595e+02
4.195119059570001241e+02
4.180579635573446353e+02
4.096353529632298773e+02
4.229313457816947448e+02
4.252091798717642632e+02
4.268944598792610350e+02
4.278244851563788416e+02
4.277874178039555204e+02
4.279620995816658251e+02
4.203064615882946100e+02
4.121363165576991605e+02
4.074062387736674395e+02
3.965175058519023992e+02
3.900877751714870669e+02
3.874386904198654520e+02
3.910061603399740306e+02
3.900914071273438708e+02
3.958455177601165360e+02
4.039132479633049684e+02
4.039906175982735022e+02
4.116066778595350684e+02
4.238445212463814187e+02
4.229407686880414303e+02
4.249732730336181703e+02
4.299932435135742139e+02
4.470286934119836815e+02
4.555943555021294173e+02
4.591321253283629176e+02
4.667145812981923996e+02
4.704105959797632863e+02
4.778829296847707724e+02
4.883888405003331172e+02
4.966046763548209242e+02
4.843760628565695470e+02
4.700362471683540662e+02
4.768404495748021077e+02
4.706866653641948233e+02
4.695877400771483394e+02
4.757471088134592492e+02
4.783783265422331397e+02
4.732525128798718583e+02
4.625333968824639896e+02
4.714571399076028797e+02
4.637110298437275446e+02
4.538567864531196960e+02
4.481912996760956389e+02
4.426104192597952078e+02
4.402920501241832199e+02
4.422684706626326943e+02
4.503900567959051386e+02
4.427467353583431304e+02
4.494750056714331663e+02
4.472680504413451104e+02
4.528039376478235454e+02
4.570300786164036708e+02
4.605773968435742631e+02
4.676211682051541629e+02
4.674506668279277051e+02
4.823244136850229324e+02
4.904249379064523282e+02
5.078195490691208533e+02
5.099370243017683038e+02
5.162770538870622659e+02
5.211222475794950242e+02
5.260213303032185195e+02
5.117393448421178732e+02
5.196688988017474458e+02
5.181599063716098499e+02
5.224026973058427075e+02
5.202582357718204094e+02
5.235840134681342306e+02
5.273112216583321015e+02
5.262397574056585654e+02
5.325304741046081745e+02
5.249272385209013692e+02
4.995407800730923782e+02
5.006076032325456140e+02
5.117445776438120788e+02
5.096514909928986299e+02
5.146378741887435808e+02
5.126037236437966840e+02
5.174456774030225006e+02
5.246515661141097553e+02
5.326829763117726770e+02
5.387475155153402966e+02
5.367649724404051312e+02
5.453061304275975090e+02
5.420438771109943445e+02
5.375812438323396236e+02
5.450962204001816644e+02
5.485553285293731278e+02
5.497244355015558313e+02
5.583272335448739341e+02
5.682818660964560422e+02
5.782252352264240471e+02
5.680522155416780379e+02
5.687701243293342941e+02
5.799052290394433840e+02
5.868849124386116500e+02
5.950049470366907371e+02
5.939522894551639638e+02
5.938317531257974906e+02
5.989026005024775259e+02
6.013274673537090393e+02
6.153753509913898370e+02
6.070218063151104388e+02
6.188933847190802453e+02
6.189946642681005642e+02
6.148531578596215468e+02
6.015335426939510626e+02
6.046567230043776817e+02
6.096752499163097809e+02
6.157923938085208420e+02
6.125521239490331027e+02
6.120830585943054984e+02
6.218864498290181473e+02
6.144932228234505374e+02
6.111085558210493218e+02
6.122915536390756870e+02
6.097580542783243800e+02
6.011673732834763086e+02
5.699404102557876968e+02
5.682836494300482855e+02
5.862997455761702668e+02
5.819860907598081212e+02
5.802762309421752889e+02
5.852013605862400709e+02
6.006430501109736042e+02
6.012232924554850797e+02
5.974823566487693824e+02
5.977625067512140049e+02
5.979037809178227008e+02
6.121270868419610451e+02
5.969337661316799313e+02
6.010041606100370473e+02
5.908560299201718635e+02
5.988251655354171135e+02
5.897338475127999118e+02
5.888792378657893778e+02
6.034076948163046836e+02
6.173366591933094014e+02
6.030827027665993683e+02
6.011558742625327341e+02
6.047499548849834810e+02
6.124708511724943492e+02
6.027429761701370126e+02
5.973633550074123377e+02
5.867594111065083098e+02
5.697345792254615162e+02
5.539405169952378856e+02
5.603969162518743587e+02
5.604509144938322152e+02
5.699249053586545415e+02
5.591984203997052418e+02
5.690129855379908577e+02
5.651429295959294450e+02
5.564021873373503695e+02
5.559787237587939899e+02
5.542934766282897954e+02
5.453893189676937254e+02
5.340181473207983345e+02
5.291747738106111001e+02
5.312276302290124477e+02
5.338893759844999067e+02
5.336659021763042574e+02
5.406117860377925126e+02
5.391730740431883078e+02
5.408336013311586612e+02
5.425740203512425524e+02
5.529806883550678549e+02
5.451362492951545846e+02
5.529178251759869909e+02
5.618469121361422367e+02
5.658338922800996897e+02
5.799815523366787602e+02
5.826174380540699076e+02
5.953370059253746831e+02
6.120650262297757536e+02
6.192210505959585589e+02
6.160291532761935969e+02
6.228855820593877297e+02
6.372473086671584497e+02
6.382966536069649237e+02
6.408581190933003882e+02
6.535525897139041263e+02
6.585103412077972962e+02
6.762773404792292240e+02
6.687586850552672786e+02
6.524559818291805868e+02
6.526639815238149822e+02
6.631385883272279216e+02
6.550229345591616266e+02
6.417768759436927439e+02
6.433188603213744727e+02
6.383400973528877103e+02
6.218902704167385309e+02
6.014606498027956150e+02
6.110046528279391396e+02
6.076025167459742988e+02
6.026497540766163183e+02
5.958391085496975847e+02
5.950516099313604172e+02
5.956962138186963784e+02
6.042585840299664142e+02
5.754039294475120414e+02
5.757176369992076843e+02
5.855638032418481771e+02
5.977153027586685994e+02
5.953959423389370613e+02
5.940062074987985170e+02
6.102001932706592697e+02
6.079196356624362352e+02
6.171457990557649964e+02
6.252750768687759546e+02
6.232418168238522185e+02
6.276935000848684467e+02
6.097353085023155472e+02
6.154135527772367595e+02
6.312332073494844735e+02
6.468328691981442944e+02
6.236981204548433197e+02
6.370838995802810132e+02
6.302084400059961808e+02
6.279147995815503691e+02
6.479900943186224822e+02
6.302522884567092660e+02
6.265148458252559749e+02
6.327284431543688470e+02
6.356823520674873862e+02
6.314145942519608070e+02
6.226355210339546602e+02
6.106731296686812129e+02
6.125510722362156457e+02
6.107666775795256626e+02
6.269555953422486709e+02
6.133788562626574503e+02
6.081933546832199227e+02
6.077774582579676235e+02
6.175004813808062636e+02
6.358521528717341198e+02
6.362494627599168098e+02
6.487754567389642943e+02
6.558651804078882606e+02
6.366584160871076392e+02
6.458604125252097674e+02
6.514590732174079903e+02
6.553682044107736147e+02
6.393488337424121255e+02
6.453691040798762515e+02
6.439808257618010430e+02
6.759695108341709329e+02
6.668685344030460556e+02
6.661156780924943632e+02
6.799904201204770970e+02
6.887277290633070379e+02
7.045689533866186594e+02
7.060207287572836776e+02
7.140953085776785656e+02
7.232810328218282621e+02
7.312323851496635143e+02
7.092408306902570985e+02
7.153653271734152668e+02
7.083805956153445322e+02
7.167734278516571749e+02
7.159127034550356257e+02
7.210104086123136540e+02
7.267183287963773637e+02
7.442675917690943379e+02
7.528667364670357074e+02
7.599026565267782871e+02
7.660884199583945247e+02
7.708215138266559734e+02
7.645372165065938361e+02
7.744231749045435436e+02
7.933967810433200611e+02
7.894216513407741331e+02
7.649565141008085902e+02
7.716885663401255897e+02
7.833588230886520023e+02
7.764022896584606315e+02
7.589924763257533868e+02
7.458347814057144660e+02
7.382081759000651573e+02
7.424499987177431422e+02
7.605620605982708184e+02
7.719561118416901309e+02
7.809231145007843224e+02
7.772244546693532357e+02
7.996483010770544979e+02
8.054307092461936008e+02
7.867343562723086734e+02
7.927475340537629336e+02
8.074496631276610970e+02
8.020287146667975549e+02
8.200713080588217281e+02
8.387411448096268032e+02
8.368804122630149323e+02
8.456202843740298931e+02
8.318182413350497200e+02
8.277210445291856331e+02
8.395379424729582070e+02
8.379177530461311108e+02
8.590502141732536074e+02
8.632642685938283194e+02
8.868517229270095186e+02
8.981690909131511944e+02
9.122288202078239010e+02
9.220499955423333631e+02
9.319413068788685450e+02
9.190134730576904758e+02
9.422882095595066403e+02
9.366502387408887671e+02
9.585686020837856631e+02
9.699734501229152102e+02
9.833129681283991204e+02
1.009790331671905392e+03
1.015190758355403773e+03
1.029367534181309566e+03
1.038436652483749867e+03
1.048775014622501203e+03
1.052197066467056175e+03
1.074287422857454430e+03
1.065738163028726603e+03
1.070014348792063174e+03
1.061198603764486506e+03
1.062230268931484943e+03
1.052613598663023822e+03
1.056577837548285743e+03
1.080764442700843802e+03
1.072966858030478988e+03
1.091275008828464479e+03
1.063810420194961807e+03
1.079284327163038597e+03
1.084128178338848102e+03
1.052577909904717444e+03
1.060493052160452407e+03
1.062907327459215139e+03
1.043460908630324639e+03
1.053872985650240480e+03
1.039369751691884858e+03
1.048604633890390005e+03
1.032172458133724149e+03
1.012585427082807541e+03
1.015873960326231781e+03
9.570297734962713321e+02
9.628801129847940956e+02
9.212542575887014209e+02
9.132859236284083408e+02
9.427026741863463712e+02
9.251029680144226859e+02
9.348193022266199250e+02
9.479517400384062285e+02
9.595471289667652854e+02
9.679759829251861447e+02
9.649339352474466978e+02
9.702865951892620160e+02
9.876560698716623392e+02
9.571238550697298706e+02
9.422118636302756158e+02
9.394002727475145775e+02
9.630745889685936163e+02
9.635398789992931370e+02
9.740813343949707814e+02
9.745502261038432152e+02
9.848234347359690446e+02
9.918513649003012915e+02
9.897357628715346891e+02
9.941252139239206826e+02
1.007579626715991708e+03
1.003469557644511610e+03
1.015507419970350611e+03
1.016020822940000016e+03
1.041809123384613258e+03
1.038641875028844197e+03
1.057378556554737088e+03
1.073740704188505561e+03
1.048959059457808280e+03
1.054661654635675859e+03
1.073279295810484655e+03
1.067354941686658094e+03
1.038199826015334565e+03
1.041286221130181730e+03
1.065352930157644096e+03
1.047968637327180431e+03
1.040204010420789473e+03
1.053967680728317646e+03
1.070569538275327204e+03
1.058339549961023522e+03
1.066624987018221191e+03
1.070385931867500858e+03
1.065774827740820001e+03
1.056732647105053047e+03
1.057727095456963070e+03
1.070746260016495398e+03
1.075008999286801100e+03
1.097065780045691554e+03
1.100056758619649145e+03
1.092422683666634612e+03
1.047931019665859822e+03
1.020010208287732780e+03
1.020466865943259791e+03
1.014748895773134905e+03
1.011814026446430830e+03
1.021389583220993245e+03
1.039668856007685008e+03
1.035081462019285482e+03
1.054666659227429818e+03
1.058024446727504028e+03
1.073551336346077960e+03
1.086340044441446707e+03
1.095489610866831754e+03
1.112399940748648305e+03
1.101382127144594506e+03
1.106862374159563160e+03
1.121980475990971399e+03
1.123449674170760090e+03
1.151387140463698415e+03
1.144055530242356781e+03
1.161171184601259483e+03
1.170639979119477175e+03
1.178829407112930994e+03
1.194142029939784152e+03
1.197189553121873814e+03
1.196741697302340071e+03
1.219293525768148356e+03
1.238052888227626909e+03
1.230019998124095991e+03
1.235662724988095761e+03
1.240908165817300414e+03
1.232602946207119885e+03
1.223688159429000052e+03
1.241548492242759494e+03
1.253401764414262516e+03
1.249693513136244064e+03
1.267565828301895635e+03
1.272836959522264806e+03
1.301718663492428959e+03
1.292327125475701678e+03
1.267023109938534844e+03
1.251435627576533761e+03
1.255783004643017875e+03
1.250570573721758365e+03
1.265523420568310030e+03
1.253295824554000319e+03
1.254463630549632853e+03
1.246808701456970994e+03
1.234247662950670019e+03
1.225646907982552875e+03
1.213234490213497111e+03
1.236345775029390779e+03
1.243271692152784908e+03
1.244287580926113606e+03
1.252105411484186561e+03
1.245968568865976977e+03
1.236580365435013391e+03
1.236481393416848505e+03
1.206544265786443702e+03
1.201346691629803445e+03
1.214823675359973095e+03
1.167767684106145907e+03
1.173699420757566486e+03
1.167089055008349760e+03
1.170470495931308051e+03
1.176275420002875535e+03
1.182628853689079733e+03
1.201471102601662551e+03
1.195443889752089490e+03
1.192509594480798569e+03
1.187922155114516272e+03
1.181289195550888508e+03
1.215285158870047781e+03
1.212010961327317318e+03
1.224120929844400280e+03
1.220562277544039944e+03
1.222536035461006350e+03
1.222430808223646864e+03
1.232425641753550735e+03
1.233843192298674921e+03
1.236565645873638005e+03
1.261045257156272783e+03
1.274124099306343396e+03
1.283698029399402230e+03
1.243201977063436971e+03
1.247428329784408334e+03
1.266828106813422664e+03
1.266190330105201838e+03
1.236939725443835414e+03
1.235923460433608625e+03
1.254262860838737879e+03
1.271878819133965408e+03
1.284225767835571560e+03
1.250869800122356537e+03
1.265946596502238435e+03
1.275695035130563383e+03
1.283682930719496426e+03
1.281861723976620624e+03
1.274391676781498290e+03
1.283920068608550537e+03
1.291663140654981817e+03
1.282637962506996473e+03
1.261977463689807109e+03
1.276010515094312950e+03
1.271740364687806732e+03
1.266164323618455910e+03
1.274569465912097030e+03
1.298260246641277263e+03
1.290072798836690254e+03
1.278597280607565381e+03
1.253882841261743806e+03
1.234020179145543580e+03
1.245660383563679034e+03
1.225306201613106396e+03
1.226854525329520357e+03
1.229661759924568514e+03
1.238862062999627369e+03
1.240621085346002701e+03
1.205609983843097552e+03
1.206810302572612500e+03
1.225029523322921250e+03
1.230353981666700520e+03
1.233603335749021426e+03
1.196889369234711012e+03
1.213919056535806931e+03
1.232819491555534796e+03
1.251172591279467269e+03
1.250128239420656200e+03
1.246034876030553960e+03
1.256261406673047077e+03
1.261075052314958839e+03
1.267667317298685930e+03
1.238539792059512820e+03
1.232687222038780192e+03
1.221260897586168085e+03
1.219048176227664726e+03
1.233701215806540176e+03
1.237318175443607515e+03
1.253578348364991143e+03
1.209219653998000922e+03
1.217306245689190973e+03
1.201804151195402028e+03
1.222325952256225037e+03
1.229210556936699277e+03
1.208766115162800588e+03
1.205700137948628253e+03
1.196705318497933376e+03
1.202970540161657482e+03
1.201136824103782601e+03
1.199066648022546133e+03
1.216918207155180198e+03
1.209607314448487841e+03
1.227240421288696780e+03
1.244566994500575902e+03
1.239076840342583182e+03
1.225342798792142048e+03
1.220109865521382517e+03
1.229374977561388278e+03
1.212195031268429830e+03
1.224521931243917606e+03
1.215837791850711710e+03
1.238900885475210998e+03
1.237811687021010812e+03
1.248117420344231050e+03
1.244215528285575601e+03
1.273709554965517555e+03
1.277522394769471020e+03
1.287068277165000836e+03
1.310821134915657467e+03
1.291319518776545920e+03
1.288923423751218024e+03
1.274339067938446760e+03
1.279968146159658318e+03
1.279216952864312361e+03
1.279840310718934234e+03
1.305199763215161738e+03
1.324190182243132540e+03
1.338090668994125508e+03
1.337945930320409616e+03
1.351165733146155162e+03
1.378308599020389465e+03
1.393260807818172680e+03
1.401024373239984470e+03
1.394073456013876921e+03
1.402037685642987981e+03
1.410702053073058778e+03
1.409235492835858850e+03
1.403502453719297591e+03
1.393903769414103863e+03
1.389211965663625961e+03
1.392382853217989577e+03
1.407137993083714036e+03
1.418782344261341677e+03
1.429647775059895366e+03
1.413150518359183707e+03
1.412993343552717761e+03
1.425740672865404576e+03
1.431097631259388663e+03
1.409136180853517089e+03
1.381745337290264615e+03
1.385557998490981618e+03
1.367117952501186892e+03
1.362079404040524878e+03
1.374821691899143843e+03
1.373460911986731617e+03
1.389461443495071990e+03
1.381133311838535064e+03
1.380597112730808931e+03
1.388735809638438468e+03
1.374480024316986146e+03
1.347714526859658008e+03
1.343851056094022169e+03
1.302710712225152065e+03
1.294769181498449370e+03
1.282182909485196660e+03
1.288271228109981621e+03
1.300909945181865396e+03
1.277722249830274677e+03
1.270675538359586426e+03
1.276416283127413180e+03
1.289801520995540159e+03
1.289113086575870057e+03
1.277261368211378340e+03
1.263182939707573041e+03
1.257627954131289471e+03
1.276728100116321684e+03
1.276831425478377241e+03
1.280772065205813760e+03
1.277833937433612391e+03
1.248150504855626423e+03
1.257163758993111742e+03
1.273824115853644571e+03
1.273453547747759103e+03
1.289394237630525140e+03
1.292535298262760080e+03
1.284403958076137769e+03
1.269159325941859379e+03
1.256079510427622608e+03
1.277054955202345582e+03
1.288733579527227675e+03
1.293251142461894005e+03
1.294865174273159028e+03
1.312120963823120746e+03
1.315244036492504165e+03
1.320874940608198813e+03
1.302972830932335455e+03
1.328159571244371136e+03
1.357581612666717319e+03
1.331755342967790739e+03
1.339308347878236873e+03
1.339883976110799495e+03
1.344388628207020247e+03
1.346686474193333424e+03
1.359478456682449860e+03
1.355914707357720772e+03
1.327571234024843079e+03
1.318877441799608960e+03
1.342809811210057433e+03
1.313531149624351201e+03
1.264550035442402987e+03
1.264560364390263658e+03
1.279484049985288721e+03
1.304402831206042947e+03
1.315974245626880474e+03
1.330967495531323038e+03
1.322697931794405804e+03
1.345255811120653789e+03
1.349175916031648740e+03
1.347861598139965736e+03
1.354757412973014198e+03
1.365021607829121649e+03
1.355560840972231290e+03
1.343407639092376257e+03
1.329546707134069038e+03
1.333095880365583071e+03
1.333478870816870767e+03
1.314815317601202878e+03
1.308161040192230757e+03
1.309758778798596950e+03
1.310161022122281338e+03
1.299777979067534716e+03
1.318165733879004165e+03
1.316405509014630525e+03
1.305245131886900936e+03
1.293415426596947327e+03
1.306942735237460511e+03
1.290068713831487912e+03
1.293357603407135457e+03
1.308325555808461786e+03
1.293806873151248510e+03
1.289713772543928826e+03
1.307140258611539366e+03
1.320912818124208115e+03
1.313330485541163171e+03
1.298101566036686108e+03
1.289550420952479953e+03
1.281749869118072183e+03
1.269029474823922328e+03
1.284988431865431721e+03
1.259012912548022541e+03
1.222825258559984832e+03
1.210582884220833193e+03
1.219506240995064672e+03
1.241876703644335976e+03
1.210244448684728013e+03
1.208654025149736071e+03
1.207353550483533809e+03
1.216417770987436597e+03
1.221944555044947492e+03
1.226256410091721136e+03
1.216911621571114210e+03
1.204210029728382096e+03
1.191699280846847159e+03
1.219413357234513569e+03
1.205763441375650700e+03
1.220204700086612092e+03
1.227690797585477185e+03
1.237455933159946198e+03
1.236291423411192682e+03
1.239290002563776397e+03
1.241343507926704433e+03
1.229324671726068345e+03
1.220111398225427138e+03
1.216634324061348707e+03
1.208095649050756720e+03
1.240547136712501469e+03
1.241210559861315460e+03
1.212834915399916781e+03
1.167925049311578277e+03
1.152723575410324656e+03
1.184089608195898109e+03
1.199953334058056498e+03
1.162812183257707375e+03
1.162280663701395724e+03
1.142210530852910779e+03
1.151921207437340854e+03
1.129722325829642614e+03
1.110810466706186389e+03
1.104128014176598754e+03
1.112717887977619284e+03
1.120437885277123769e+03
1.116561341623033513e+03
1.092035916690369277e+03
1.087605162809200010e+03
1.055430323661295461e+03
1.064254024761026358e+03
1.073520046889497053e+03
1.059817638875993907e+03
1.081979927441956079e+03
1.099212436031662719e+03
1.086804142351581504e+03
1.114530626695519913e+03
1.112284710987284598e+03
1.072420990212267270e+03
1.101273784427969986e+03
1.100965181950442684e+03
1.107527529487168295e+03
