2.046000000000000000e+03
4.093000000000000000e+03
6.138000000000000000e+03
8.188000000000000000e+03
1.017500000000000000e+04
1.223100000000000000e+04
1.432100000000000000e+04
1.631300000000000000e+04
1.839300000000000000e+04
2.027700000000000000e+04
2.239500000000000000e+04
2.455900000000000000e+04
2.660600000000000000e+04
2.834700000000000000e+04
3.070100000000000000e+04
3.258000000000000000e+04
3.467000000000000000e+04
3.678600000000000000e+04
3.880100000000000000e+04
4.084200000000000000e+04
4.299500000000000000e+04
4.495800000000000000e+04
4.702800000000000000e+04
4.911200000000000000e+04
5.098900000000000000e+04
5.314400000000000000e+04
5.525000000000000000e+04
5.720300000000000000e+04
5.924900000000000000e+04
6.137400000000000000e+04
6.331200000000000000e+04
6.539800000000000000e+04
6.758100000000000000e+04
6.949800000000000000e+04
7.153700000000000000e+04
7.370000000000000000e+04
7.561100000000000000e+04
7.769500000000000000e+04
7.969200000000000000e+04
8.181100000000000000e+04
8.390800000000000000e+04
8.598200000000000000e+04
8.799600000000000000e+04
8.992100000000000000e+04
9.205000000000000000e+04
9.404700000000000000e+04
9.623600000000000000e+04
9.816600000000000000e+04
1.002070000000000000e+05
1.023850000000000000e+05
1.043070000000000000e+05
1.064710000000000000e+05
1.083530000000000000e+05
1.103400000000000000e+05
1.125140000000000000e+05
1.144810000000000000e+05
1.166310000000000000e+05
1.186260000000000000e+05
1.206630000000000000e+05
1.228600000000000000e+05
1.247680000000000000e+05
1.267980000000000000e+05
1.290190000000000000e+05
1.309380000000000000e+05
1.329540000000000000e+05
1.351000000000000000e+05
1.370690000000000000e+05
1.391680000000000000e+05
1.412430000000000000e+05
1.433530000000000000e+05
1.453960000000000000e+05
1.473410000000000000e+05
1.494670000000000000e+05
1.515240000000000000e+05
1.534860000000000000e+05
1.555760000000000000e+05
1.575200000000000000e+05
1.596290000000000000e+05
1.617890000000000000e+05
1.637860000000000000e+05
1.657830000000000000e+05
1.678680000000000000e+05
1.699300000000000000e+05
1.719760000000000000e+05
1.738920000000000000e+05
1.760080000000000000e+05
1.781490000000000000e+05
1.801170000000000000e+05
1.822480000000000000e+05
1.841990000000000000e+05
1.862280000000000000e+05
1.882650000000000000e+05
1.904560000000000000e+05
1.924490000000000000e+05
1.945420000000000000e+05
1.964920000000000000e+05
1.984600000000000000e+05
2.005990000000000000e+05
2.027500000000000000e+05
2.047110000000000000e+05
2.066910000000000000e+05
2.087350000000000000e+05
2.108650000000000000e+05
2.129750000000000000e+05
2.148840000000000000e+05
2.170730000000000000e+05
2.191250000000000000e+05
2.211270000000000000e+05
2.231860000000000000e+05
2.250950000000000000e+05
2.271490000000000000e+05
2.292760000000000000e+05
2.313320000000000000e+05
2.334320000000000000e+05
2.354690000000000000e+05
2.373860000000000000e+05
2.395410000000000000e+05
2.416280000000000000e+05
2.435730000000000000e+05
2.456560000000000000e+05
2.476590000000000000e+05
2.497710000000000000e+05
2.518620000000000000e+05
2.538380000000000000e+05
2.559690000000000000e+05
2.578900000000000000e+05
2.599550000000000000e+05
2.621150000000000000e+05
2.640850000000000000e+05
2.661640000000000000e+05
2.682060000000000000e+05
2.703060000000000000e+05
2.722080000000000000e+05
2.742640000000000000e+05
2.762660000000000000e+05
2.783120000000000000e+05
2.805260000000000000e+05
2.825490000000000000e+05
2.846440000000000000e+05
2.867120000000000000e+05
2.885290000000000000e+05
2.907650000000000000e+05
2.927940000000000000e+05
2.947500000000000000e+05
2.968000000000000000e+05
2.989220000000000000e+05
3.007570000000000000e+05
3.029350000000000000e+05
3.049660000000000000e+05
3.070130000000000000e+05
3.091190000000000000e+05
3.111360000000000000e+05
3.131880000000000000e+05
3.151810000000000000e+05
3.173450000000000000e+05
3.193830000000000000e+05
3.213500000000000000e+05
3.234450000000000000e+05
3.254860000000000000e+05
3.275500000000000000e+05
3.296060000000000000e+05
3.315380000000000000e+05
3.336410000000000000e+05
3.357910000000000000e+05
3.377440000000000000e+05
3.397890000000000000e+05
3.419530000000000000e+05
3.437770000000000000e+05
3.461060000000000000e+05
3.479590000000000000e+05
3.501550000000000000e+05
3.521160000000000000e+05
3.540300000000000000e+05
3.562880000000000000e+05
3.582350000000000000e+05
3.602670000000000000e+05
3.624140000000000000e+05
3.642720000000000000e+05
3.664590000000000000e+05
3.684520000000000000e+05
3.704370000000000000e+05
3.724930000000000000e+05
3.746770000000000000e+05
3.765730000000000000e+05
3.785430000000000000e+05
3.809170000000000000e+05
3.827220000000000000e+05
3.848930000000000000e+05
3.869940000000000000e+05
3.890580000000000000e+05
3.910860000000000000e+05
3.931190000000000000e+05
3.950890000000000000e+05
3.972740000000000000e+05
3.992500000000000000e+05
4.010940000000000000e+05
4.031890000000000000e+05
4.054940000000000000e+05
4.074880000000000000e+05
4.093110000000000000e+05
4.114780000000000000e+05
4.135630000000000000e+05
4.156620000000000000e+05
4.175680000000000000e+05
4.198330000000000000e+05
4.217150000000000000e+05
4.237000000000000000e+05
4.258500000000000000e+05
4.276010000000000000e+05
4.299510000000000000e+05
4.318550000000000000e+05
4.339680000000000000e+05
4.358840000000000000e+05
4.380510000000000000e+05
4.403120000000000000e+05
4.420910000000000000e+05
4.441560000000000000e+05
4.463440000000000000e+05
4.484460000000000000e+05
4.503690000000000000e+05
4.524150000000000000e+05
4.544330000000000000e+05
4.563430000000000000e+05
4.584190000000000000e+05
4.605170000000000000e+05
4.623200000000000000e+05
4.647080000000000000e+05
4.667340000000000000e+05
4.687210000000000000e+05
4.707560000000000000e+05
4.730400000000000000e+05
4.749490000000000000e+05
4.767140000000000000e+05
4.789160000000000000e+05
4.809290000000000000e+05
4.830480000000000000e+05
4.853190000000000000e+05
4.872030000000000000e+05
4.892330000000000000e+05
4.914460000000000000e+05
4.935440000000000000e+05
4.955950000000000000e+05
4.972550000000000000e+05
4.993550000000000000e+05
5.017390000000000000e+05
5.036060000000000000e+05
5.058000000000000000e+05
5.074110000000000000e+05
5.094910000000000000e+05
5.118890000000000000e+05
5.139530000000000000e+05
5.160330000000000000e+05
5.177150000000000000e+05
5.195440000000000000e+05
5.221380000000000000e+05
5.237490000000000000e+05
5.259170000000000000e+05
5.280880000000000000e+05
5.300100000000000000e+05
5.324080000000000000e+05
5.343790000000000000e+05
5.361700000000000000e+05
5.382890000000000000e+05
5.403090000000000000e+05
5.426180000000000000e+05
5.443820000000000000e+05
5.463830000000000000e+05
5.486660000000000000e+05
5.506140000000000000e+05
5.525920000000000000e+05
5.549710000000000000e+05
5.566440000000000000e+05
5.590190000000000000e+05
5.610530000000000000e+05
5.626930000000000000e+05
5.648590000000000000e+05
5.669250000000000000e+05
5.690450000000000000e+05
5.710060000000000000e+05
5.730190000000000000e+05
5.752890000000000000e+05
5.773010000000000000e+05
5.793300000000000000e+05
5.814460000000000000e+05
5.835720000000000000e+05
5.852140000000000000e+05
5.875400000000000000e+05
5.894350000000000000e+05
5.918480000000000000e+05
5.935340000000000000e+05
5.959020000000000000e+05
5.976390000000000000e+05
5.997330000000000000e+05
6.020050000000000000e+05
6.037070000000000000e+05
6.060940000000000000e+05
6.078480000000000000e+05
6.099660000000000000e+05
6.119370000000000000e+05
6.141270000000000000e+05
6.164160000000000000e+05
6.180680000000000000e+05
6.203710000000000000e+05
6.219150000000000000e+05
6.241160000000000000e+05
6.266460000000000000e+05
6.286840000000000000e+05
6.305640000000000000e+05
6.322800000000000000e+05
6.347040000000000000e+05
6.367310000000000000e+05
6.386980000000000000e+05
6.405540000000000000e+05
6.429020000000000000e+05
6.445700000000000000e+05
6.468980000000000000e+05
6.491700000000000000e+05
6.509250000000000000e+05
6.531780000000000000e+05
6.551660000000000000e+05
6.573540000000000000e+05
6.594160000000000000e+05
6.609550000000000000e+05
6.632650000000000000e+05
6.650900000000000000e+05
6.670950000000000000e+05
6.692070000000000000e+05
6.716370000000000000e+05
6.733130000000000000e+05
6.756310000000000000e+05
6.777100000000000000e+05
6.798400000000000000e+05
6.816670000000000000e+05
6.837900000000000000e+05
6.859380000000000000e+05
6.880010000000000000e+05
6.898580000000000000e+05
6.916460000000000000e+05
6.940430000000000000e+05
6.954770000000000000e+05
6.981150000000000000e+05
7.000980000000000000e+05
7.023340000000000000e+05
7.037900000000000000e+05
7.059230000000000000e+05
7.084840000000000000e+05
7.101900000000000000e+05
7.122780000000000000e+05
7.139420000000000000e+05
7.166660000000000000e+05
7.181740000000000000e+05
7.206820000000000000e+05
7.228260000000000000e+05
7.241050000000000000e+05
7.266190000000000000e+05
7.285160000000000000e+05
7.307950000000000000e+05
7.325470000000000000e+05
7.351090000000000000e+05
7.365690000000000000e+05
7.386990000000000000e+05
7.410490000000000000e+05
7.432930000000000000e+05
7.453730000000000000e+05
7.469870000000000000e+05
7.490600000000000000e+05
7.512930000000000000e+05
7.534280000000000000e+05
7.556630000000000000e+05
7.573730000000000000e+05
7.597430000000000000e+05
7.608770000000000000e+05
7.636210000000000000e+05
7.658460000000000000e+05
7.675980000000000000e+05
7.695350000000000000e+05
7.720700000000000000e+05
7.737520000000000000e+05
7.759560000000000000e+05
7.775010000000000000e+05
7.802620000000000000e+05
7.817590000000000000e+05
7.841820000000000000e+05
7.860800000000000000e+05
7.883670000000000000e+05
7.898870000000000000e+05
7.923400000000000000e+05
7.940530000000000000e+05
7.963280000000000000e+05
7.981060000000000000e+05
8.007560000000000000e+05
8.022340000000000000e+05
8.044900000000000000e+05
8.067410000000000000e+05
8.085460000000000000e+05
8.107920000000000000e+05
8.128620000000000000e+05
8.149060000000000000e+05
8.166610000000000000e+05
8.188240000000000000e+05
8.211200000000000000e+05
8.229310000000000000e+05
8.249120000000000000e+05
8.273780000000000000e+05
8.289050000000000000e+05
8.313000000000000000e+05
8.327970000000000000e+05
8.351930000000000000e+05
8.373590000000000000e+05
8.395020000000000000e+05
8.416680000000000000e+05
8.431590000000000000e+05
8.452660000000000000e+05
8.471590000000000000e+05
8.493730000000000000e+05
8.510890000000000000e+05
8.537290000000000000e+05
8.555870000000000000e+05
8.580520000000000000e+05
8.596520000000000000e+05
8.619410000000000000e+05
8.642300000000000000e+05
8.658860000000000000e+05
8.680450000000000000e+05
8.702880000000000000e+05
8.718900000000000000e+05
8.738220000000000000e+05
8.755880000000000000e+05
8.783900000000000000e+05
8.803540000000000000e+05
8.825570000000000000e+05
8.840490000000000000e+05
8.864310000000000000e+05
8.884400000000000000e+05
8.902560000000000000e+05
8.928390000000000000e+05
8.944830000000000000e+05
8.964960000000000000e+05
8.985750000000000000e+05
9.009540000000000000e+05
9.029440000000000000e+05
9.049590000000000000e+05
9.070640000000000000e+05
9.092000000000000000e+05
9.109220000000000000e+05
9.124680000000000000e+05
9.144680000000000000e+05
9.173960000000000000e+05
9.190390000000000000e+05
9.211660000000000000e+05
9.229670000000000000e+05
9.252380000000000000e+05
9.276470000000000000e+05
9.296170000000000000e+05
9.312230000000000000e+05
9.334640000000000000e+05
9.358770000000000000e+05
9.372460000000000000e+05
9.398520000000000000e+05
9.419770000000000000e+05
9.435440000000000000e+05
9.457940000000000000e+05
9.476320000000000000e+05
9.499830000000000000e+05
9.514800000000000000e+05
9.541030000000000000e+05
9.561000000000000000e+05
9.581720000000000000e+05
9.603400000000000000e+05
9.623820000000000000e+05
9.644150000000000000e+05
9.662210000000000000e+05
9.679890000000000000e+05
9.701420000000000000e+05
9.727840000000000000e+05
9.747700000000000000e+05
9.768780000000000000e+05
9.784830000000000000e+05
9.799970000000000000e+05
9.823670000000000000e+05
9.850750000000000000e+05
9.865930000000000000e+05
9.883580000000000000e+05
9.903580000000000000e+05
9.930740000000000000e+05
9.953260000000000000e+05
9.970660000000000000e+05
9.986970000000000000e+05
1.000610000000000000e+06
1.002610000000000000e+06
1.004925000000000000e+06
1.006722000000000000e+06
1.008722000000000000e+06
1.011480000000000000e+06
1.013036000000000000e+06
1.015217000000000000e+06
1.017794000000000000e+06
1.019751000000000000e+06
1.021205000000000000e+06
1.023413000000000000e+06
1.025413000000000000e+06
1.027447000000000000e+06
1.029447000000000000e+06
1.032178000000000000e+06
1.033663000000000000e+06
1.036149000000000000e+06
1.038298000000000000e+06
1.039471000000000000e+06
1.041471000000000000e+06
1.044389000000000000e+06
1.045925000000000000e+06
1.048450000000000000e+06
1.050450000000000000e+06
1.052450000000000000e+06
1.054450000000000000e+06
1.056450000000000000e+06
1.058228000000000000e+06
1.060360000000000000e+06
1.062033000000000000e+06
1.064956000000000000e+06
1.066327000000000000e+06
1.068492000000000000e+06
1.071101000000000000e+06
1.073101000000000000e+06
1.074973000000000000e+06
1.076439000000000000e+06
1.079084000000000000e+06
1.081084000000000000e+06
1.083084000000000000e+06
1.085027000000000000e+06
1.087027000000000000e+06
1.089027000000000000e+06
1.091154000000000000e+06
1.092678000000000000e+06
1.095056000000000000e+06
1.097055000000000000e+06
1.099408000000000000e+06
1.101408000000000000e+06
1.103408000000000000e+06
1.105483000000000000e+06
1.107774000000000000e+06
1.109913000000000000e+06
1.111356000000000000e+06
1.113860000000000000e+06
1.115860000000000000e+06
1.117511000000000000e+06
1.120217000000000000e+06
1.121443000000000000e+06
1.123443000000000000e+06
1.125816000000000000e+06
1.128152000000000000e+06
1.129723000000000000e+06
1.132389000000000000e+06
1.134362000000000000e+06
1.136225000000000000e+06
1.138225000000000000e+06
1.140406000000000000e+06
1.141912000000000000e+06
1.144520000000000000e+06
1.146167000000000000e+06
1.148705000000000000e+06
1.150934000000000000e+06
1.152934000000000000e+06
1.154934000000000000e+06
1.156513000000000000e+06
1.158927000000000000e+06
1.160927000000000000e+06
1.162927000000000000e+06
1.164540000000000000e+06
1.167244000000000000e+06
1.168629000000000000e+06
1.171111000000000000e+06
1.172775000000000000e+06
1.174775000000000000e+06
1.176943000000000000e+06
1.179188000000000000e+06
1.181119000000000000e+06
1.183119000000000000e+06
1.185661000000000000e+06
1.187256000000000000e+06
1.189183000000000000e+06
1.191779000000000000e+06
1.193735000000000000e+06
1.195881000000000000e+06
1.197463000000000000e+06
1.200085000000000000e+06
1.201379000000000000e+06
1.203693000000000000e+06
1.205603000000000000e+06
1.207423000000000000e+06
1.210237000000000000e+06
1.212140000000000000e+06
1.214140000000000000e+06
1.215743000000000000e+06
1.217968000000000000e+06
1.219968000000000000e+06
1.222243000000000000e+06
1.224248000000000000e+06
1.226547000000000000e+06
1.228547000000000000e+06
1.230694000000000000e+06
1.232766000000000000e+06
1.234788000000000000e+06
1.236621000000000000e+06
1.238848000000000000e+06
1.240208000000000000e+06
1.243071000000000000e+06
1.244762000000000000e+06
1.247096000000000000e+06
1.248869000000000000e+06
1.250435000000000000e+06
1.252435000000000000e+06
1.254801000000000000e+06
1.256801000000000000e+06
1.258801000000000000e+06
1.260612000000000000e+06
1.262837000000000000e+06
1.264831000000000000e+06
1.266831000000000000e+06
1.268831000000000000e+06
1.270831000000000000e+06
1.273831000000000000e+06
1.275044000000000000e+06
1.277528000000000000e+06
1.279044000000000000e+06
1.281812000000000000e+06
1.283696000000000000e+06
1.285625000000000000e+06
1.288179000000000000e+06
1.290179000000000000e+06
1.291895000000000000e+06
1.293895000000000000e+06
1.296243000000000000e+06
1.297532000000000000e+06
1.300162000000000000e+06
1.301809000000000000e+06
1.304294000000000000e+06
1.306567000000000000e+06
1.308567000000000000e+06
1.310562000000000000e+06
1.312562000000000000e+06
1.314339000000000000e+06
1.316339000000000000e+06
1.318693000000000000e+06
1.320693000000000000e+06
1.322693000000000000e+06
1.324693000000000000e+06
1.326925000000000000e+06
1.329069000000000000e+06
1.330697000000000000e+06
1.332450000000000000e+06
1.334450000000000000e+06
1.336450000000000000e+06
1.338450000000000000e+06
1.341263000000000000e+06
1.343263000000000000e+06
1.345263000000000000e+06
1.346875000000000000e+06
1.349395000000000000e+06
1.351334000000000000e+06
1.353553000000000000e+06
1.355028000000000000e+06
1.357434000000000000e+06
1.359852000000000000e+06
1.361597000000000000e+06
1.363654000000000000e+06
1.365612000000000000e+06
1.367529000000000000e+06
1.369281000000000000e+06
1.371209000000000000e+06
1.373789000000000000e+06
1.375871000000000000e+06
1.378090000000000000e+06
1.380090000000000000e+06
1.382146000000000000e+06
1.383734000000000000e+06
1.386176000000000000e+06
1.388176000000000000e+06
1.389984000000000000e+06
1.391976000000000000e+06
1.393976000000000000e+06
1.395976000000000000e+06
1.397976000000000000e+06
1.400820000000000000e+06
1.401964000000000000e+06
1.404589000000000000e+06
1.406066000000000000e+06
1.408066000000000000e+06
1.410366000000000000e+06
1.412788000000000000e+06
1.414876000000000000e+06
1.416876000000000000e+06
1.418443000000000000e+06
1.420961000000000000e+06
1.423241000000000000e+06
1.424793000000000000e+06
1.427209000000000000e+06
1.428705000000000000e+06
1.430649000000000000e+06
1.433158000000000000e+06
1.435158000000000000e+06
1.437657000000000000e+06
1.439619000000000000e+06
1.441713000000000000e+06
1.443086000000000000e+06
1.444916000000000000e+06
1.447916000000000000e+06
1.449916000000000000e+06
1.451916000000000000e+06
1.453916000000000000e+06
1.455688000000000000e+06
1.457820000000000000e+06
1.460076000000000000e+06
1.461643000000000000e+06
1.463577000000000000e+06
1.465577000000000000e+06
1.467577000000000000e+06
1.469577000000000000e+06
1.472157000000000000e+06
1.473859000000000000e+06
1.476465000000000000e+06
1.478511000000000000e+06
1.480511000000000000e+06
1.482511000000000000e+06
1.484166000000000000e+06
1.486294000000000000e+06
1.488883000000000000e+06
1.490500000000000000e+06
1.492495000000000000e+06
1.494845000000000000e+06
1.496845000000000000e+06
1.498468000000000000e+06
1.500468000000000000e+06
1.502710000000000000e+06
1.505002000000000000e+06
1.506928000000000000e+06
1.508928000000000000e+06
1.511246000000000000e+06
1.513151000000000000e+06
1.515378000000000000e+06
1.517378000000000000e+06
1.519136000000000000e+06
1.520949000000000000e+06
1.523175000000000000e+06
1.525119000000000000e+06
1.526938000000000000e+06
1.529468000000000000e+06
1.531849000000000000e+06
1.533770000000000000e+06
1.535770000000000000e+06
1.537753000000000000e+06
1.539868000000000000e+06
1.541868000000000000e+06
1.543560000000000000e+06
1.545667000000000000e+06
1.547405000000000000e+06
1.550105000000000000e+06
1.551933000000000000e+06
1.554238000000000000e+06
1.556238000000000000e+06
1.557692000000000000e+06
1.560140000000000000e+06
1.561777000000000000e+06
1.564066000000000000e+06
1.566477000000000000e+06
1.568461000000000000e+06
1.569940000000000000e+06
1.572808000000000000e+06
1.574808000000000000e+06
1.576107000000000000e+06
1.578916000000000000e+06
1.580524000000000000e+06
1.582524000000000000e+06
1.584541000000000000e+06
1.586541000000000000e+06
1.588541000000000000e+06
1.590774000000000000e+06
1.593332000000000000e+06
1.595291000000000000e+06
1.597291000000000000e+06
1.599291000000000000e+06
1.601098000000000000e+06
1.602844000000000000e+06
1.605473000000000000e+06
1.607473000000000000e+06
1.609339000000000000e+06
1.611417000000000000e+06
1.613777000000000000e+06
1.615777000000000000e+06
1.617716000000000000e+06
1.619716000000000000e+06
1.621464000000000000e+06
1.623234000000000000e+06
1.625431000000000000e+06
1.627235000000000000e+06
1.629843000000000000e+06
1.631843000000000000e+06
1.634107000000000000e+06
1.636079000000000000e+06
1.638079000000000000e+06
1.640079000000000000e+06
1.642407000000000000e+06
1.643700000000000000e+06
1.645700000000000000e+06
1.648444000000000000e+06
1.650139000000000000e+06
1.652139000000000000e+06
1.654139000000000000e+06
1.656139000000000000e+06
1.658614000000000000e+06
1.660827000000000000e+06
1.662664000000000000e+06
1.664664000000000000e+06
1.666664000000000000e+06
1.668337000000000000e+06
1.670337000000000000e+06
1.672337000000000000e+06
1.674639000000000000e+06
1.676639000000000000e+06
1.678639000000000000e+06
1.680526000000000000e+06
1.683387000000000000e+06
1.685387000000000000e+06
1.687323000000000000e+06
1.689160000000000000e+06
1.691196000000000000e+06
1.693312000000000000e+06
1.695312000000000000e+06
1.697312000000000000e+06
1.699125000000000000e+06
1.700997000000000000e+06
1.703490000000000000e+06
1.705665000000000000e+06
1.707179000000000000e+06
1.709400000000000000e+06
1.711272000000000000e+06
1.713272000000000000e+06
1.715272000000000000e+06
1.717557000000000000e+06
1.719417000000000000e+06
1.721927000000000000e+06
1.723697000000000000e+06
1.725819000000000000e+06
1.727819000000000000e+06
1.729819000000000000e+06
1.732426000000000000e+06
1.734110000000000000e+06
1.735857000000000000e+06
1.737775000000000000e+06
1.740775000000000000e+06
1.742299000000000000e+06
1.744689000000000000e+06
1.746689000000000000e+06
1.748325000000000000e+06
1.750325000000000000e+06
1.752668000000000000e+06
1.754479000000000000e+06
1.756822000000000000e+06
1.758743000000000000e+06
1.760643000000000000e+06
1.762643000000000000e+06
1.765192000000000000e+06
1.767029000000000000e+06
1.769029000000000000e+06
1.771164000000000000e+06
1.773106000000000000e+06
1.775520000000000000e+06
1.777121000000000000e+06
1.779121000000000000e+06
1.781121000000000000e+06
1.783716000000000000e+06
1.785716000000000000e+06
1.787594000000000000e+06
1.789594000000000000e+06
1.791474000000000000e+06
1.793413000000000000e+06
1.795413000000000000e+06
1.797413000000000000e+06
1.800084000000000000e+06
1.802079000000000000e+06
1.804079000000000000e+06
1.806079000000000000e+06
1.808212000000000000e+06
1.810212000000000000e+06
1.812212000000000000e+06
1.814042000000000000e+06
1.816087000000000000e+06
1.817887000000000000e+06
1.819887000000000000e+06
1.822488000000000000e+06
1.824488000000000000e+06
1.826236000000000000e+06
1.828514000000000000e+06
1.830672000000000000e+06
1.832672000000000000e+06
1.834866000000000000e+06
1.836866000000000000e+06
1.838855000000000000e+06
1.840452000000000000e+06
1.842452000000000000e+06
1.844961000000000000e+06
1.846961000000000000e+06
1.848632000000000000e+06
1.851186000000000000e+06
1.852967000000000000e+06
1.854665000000000000e+06
1.857126000000000000e+06
1.859473000000000000e+06
1.861345000000000000e+06
1.863515000000000000e+06
1.865515000000000000e+06
1.867508000000000000e+06
1.869178000000000000e+06
1.870952000000000000e+06
1.873798000000000000e+06
1.875929000000000000e+06
1.877929000000000000e+06
1.879407000000000000e+06
1.881407000000000000e+06
1.884040000000000000e+06
1.885609000000000000e+06
1.887723000000000000e+06
1.890186000000000000e+06
1.892186000000000000e+06
1.893856000000000000e+06
1.896074000000000000e+06
1.898391000000000000e+06
1.899985000000000000e+06
1.901716000000000000e+06
1.904514000000000000e+06
1.906496000000000000e+06
1.908260000000000000e+06
1.910138000000000000e+06
1.912491000000000000e+06
1.914641000000000000e+06
1.916092000000000000e+06
1.918092000000000000e+06
1.920843000000000000e+06
1.922763000000000000e+06
1.924978000000000000e+06
1.927075000000000000e+06
1.929048000000000000e+06
1.930331000000000000e+06
1.932705000000000000e+06
1.935122000000000000e+06
1.937064000000000000e+06
1.938876000000000000e+06
1.941187000000000000e+06
1.943134000000000000e+06
1.945134000000000000e+06
1.947255000000000000e+06
1.949337000000000000e+06
1.951568000000000000e+06
1.953645000000000000e+06
1.955408000000000000e+06
1.957408000000000000e+06
1.959155000000000000e+06
1.961155000000000000e+06
1.963155000000000000e+06
1.965155000000000000e+06
1.967258000000000000e+06
1.969436000000000000e+06
1.971852000000000000e+06
1.973852000000000000e+06
1.976271000000000000e+06
1.978059000000000000e+06
1.979856000000000000e+06
1.981856000000000000e+06
1.984323000000000000e+06
1.986511000000000000e+06
1.987963000000000000e+06
1.989669000000000000e+06
1.992669000000000000e+06
1.994634000000000000e+06
1.996194000000000000e+06
1.998376000000000000e+06
2.000825000000000000e+06
