1.213000000000000000e+03
3.267000000000000000e+03
5.963000000000000000e+03
7.616000000000000000e+03
9.914000000000000000e+03
1.138900000000000000e+04
1.341600000000000000e+04
1.625200000000000000e+04
1.840400000000000000e+04
1.951300000000000000e+04
2.205500000000000000e+04
2.442900000000000000e+04
2.657800000000000000e+04
2.822300000000000000e+04
2.999400000000000000e+04
3.275000000000000000e+04
3.466800000000000000e+04
3.674400000000000000e+04
3.849100000000000000e+04
4.011500000000000000e+04
4.300000000000000000e+04
4.505300000000000000e+04
4.645000000000000000e+04
4.872100000000000000e+04
5.119600000000000000e+04
5.265700000000000000e+04
5.529400000000000000e+04
5.709700000000000000e+04
5.936700000000000000e+04
6.140800000000000000e+04
6.293300000000000000e+04
6.549900000000000000e+04
6.678500000000000000e+04
6.958200000000000000e+04
7.126200000000000000e+04
7.372000000000000000e+04
7.492600000000000000e+04
7.777600000000000000e+04
7.910000000000000000e+04
8.140700000000000000e+04
8.389100000000000000e+04
8.515200000000000000e+04
8.806000000000000000e+04
9.002200000000000000e+04
9.214000000000000000e+04
9.389100000000000000e+04
9.586900000000000000e+04
9.812800000000000000e+04
1.003090000000000000e+05
1.021360000000000000e+05
1.039340000000000000e+05
1.062660000000000000e+05
1.083350000000000000e+05
1.103640000000000000e+05
1.126380000000000000e+05
1.146410000000000000e+05
1.167060000000000000e+05
1.180650000000000000e+05
1.205700000000000000e+05
1.228410000000000000e+05
1.243880000000000000e+05
1.268590000000000000e+05
1.282240000000000000e+05
1.310160000000000000e+05
1.326880000000000000e+05
1.351310000000000000e+05
1.366120000000000000e+05
1.387620000000000000e+05
1.411420000000000000e+05
1.425330000000000000e+05
1.453770000000000000e+05
1.474480000000000000e+05
1.492480000000000000e+05
1.515430000000000000e+05
1.528950000000000000e+05
1.555660000000000000e+05
1.576930000000000000e+05
1.595740000000000000e+05
1.617500000000000000e+05
1.629590000000000000e+05
1.658800000000000000e+05
1.676190000000000000e+05
1.699830000000000000e+05
1.720300000000000000e+05
1.731060000000000000e+05
1.760020000000000000e+05
1.775940000000000000e+05
1.795020000000000000e+05
1.822550000000000000e+05
1.839140000000000000e+05
1.860610000000000000e+05
1.883530000000000000e+05
1.895660000000000000e+05
1.925110000000000000e+05
1.936560000000000000e+05
1.965100000000000000e+05
1.982720000000000000e+05
2.005680000000000000e+05
2.027270000000000000e+05
2.045690000000000000e+05
2.059090000000000000e+05
2.087820000000000000e+05
2.103590000000000000e+05
2.129820000000000000e+05
2.150260000000000000e+05
2.167760000000000000e+05
2.190680000000000000e+05
2.209700000000000000e+05
2.232020000000000000e+05
2.252730000000000000e+05
2.266460000000000000e+05
2.292540000000000000e+05
2.306600000000000000e+05
2.328820000000000000e+05
2.355110000000000000e+05
2.372770000000000000e+05
2.386180000000000000e+05
2.411330000000000000e+05
2.428890000000000000e+05
2.457500000000000000e+05
2.477550000000000000e+05
2.497560000000000000e+05
2.518740000000000000e+05
2.539000000000000000e+05
2.558440000000000000e+05
2.579360000000000000e+05
2.592300000000000000e+05
2.621290000000000000e+05
2.641110000000000000e+05
2.662380000000000000e+05
2.679550000000000000e+05
2.702550000000000000e+05
2.719440000000000000e+05
2.738790000000000000e+05
2.764300000000000000e+05
2.783150000000000000e+05
2.805230000000000000e+05
2.819290000000000000e+05
2.843240000000000000e+05
2.865640000000000000e+05
2.878330000000000000e+05
2.901030000000000000e+05
2.924270000000000000e+05
2.948560000000000000e+05
2.966330000000000000e+05
2.987680000000000000e+05
3.001320000000000000e+05
3.030490000000000000e+05
3.050740000000000000e+05
3.062460000000000000e+05
3.092460000000000000e+05
3.108430000000000000e+05
3.130920000000000000e+05
3.150700000000000000e+05
3.173930000000000000e+05
3.194250000000000000e+05
3.209000000000000000e+05
3.231610000000000000e+05
3.246960000000000000e+05
3.271280000000000000e+05
3.296350000000000000e+05
3.316340000000000000e+05
3.337060000000000000e+05
3.350150000000000000e+05
3.378530000000000000e+05
3.396740000000000000e+05
3.415920000000000000e+05
3.440640000000000000e+05
3.460250000000000000e+05
3.479330000000000000e+05
3.501990000000000000e+05
3.514130000000000000e+05
3.539500000000000000e+05
3.561120000000000000e+05
3.576320000000000000e+05
3.595750000000000000e+05
3.618500000000000000e+05
3.642330000000000000e+05
3.665410000000000000e+05
3.685060000000000000e+05
3.703730000000000000e+05
3.720700000000000000e+05
3.747220000000000000e+05
3.765910000000000000e+05
3.787840000000000000e+05
3.805320000000000000e+05
3.825810000000000000e+05
3.849440000000000000e+05
3.864500000000000000e+05
3.885500000000000000e+05
3.905500000000000000e+05
3.928000000000000000e+05
3.949260000000000000e+05
3.966300000000000000e+05
3.992730000000000000e+05
4.012730000000000000e+05
4.028900000000000000e+05
4.053670000000000000e+05
4.073700000000000000e+05
4.094310000000000000e+05
4.116310000000000000e+05
4.135340000000000000e+05
4.153480000000000000e+05
4.170910000000000000e+05
4.191500000000000000e+05
4.210030000000000000e+05
4.233960000000000000e+05
4.259620000000000000e+05
4.275420000000000000e+05
4.294550000000000000e+05
4.319110000000000000e+05
4.339310000000000000e+05
4.361320000000000000e+05
4.382600000000000000e+05
4.403010000000000000e+05
4.419410000000000000e+05
4.440880000000000000e+05
4.460880000000000000e+05
4.480880000000000000e+05
4.505170000000000000e+05
4.524890000000000000e+05
4.545480000000000000e+05
4.562790000000000000e+05
4.579260000000000000e+05
4.606930000000000000e+05
4.619740000000000000e+05
4.644610000000000000e+05
4.666880000000000000e+05
4.688140000000000000e+05
4.709720000000000000e+05
4.726520000000000000e+05
4.748120000000000000e+05
4.769260000000000000e+05
4.790720000000000000e+05
4.808660000000000000e+05
4.832850000000000000e+05
4.852850000000000000e+05
4.871020000000000000e+05
4.894430000000000000e+05
4.914430000000000000e+05
4.933130000000000000e+05
4.953420000000000000e+05
4.975830000000000000e+05
4.993640000000000000e+05
5.014440000000000000e+05
5.028260000000000000e+05
5.055680000000000000e+05
5.075280000000000000e+05
5.098980000000000000e+05
5.117040000000000000e+05
5.131500000000000000e+05
5.153430000000000000e+05
5.181210000000000000e+05
5.192760000000000000e+05
5.220960000000000000e+05
5.240960000000000000e+05
5.259300000000000000e+05
5.282080000000000000e+05
5.297210000000000000e+05
5.314890000000000000e+05
5.335920000000000000e+05
5.361840000000000000e+05
5.384590000000000000e+05
5.397040000000000000e+05
5.427040000000000000e+05
5.443940000000000000e+05
5.459180000000000000e+05
5.479670000000000000e+05
5.506530000000000000e+05
5.526690000000000000e+05
5.549770000000000000e+05
5.565440000000000000e+05
5.583630000000000000e+05
5.603630000000000000e+05
5.631950000000000000e+05
5.651990000000000000e+05
5.666100000000000000e+05
5.689120000000000000e+05
5.712500000000000000e+05
5.733500000000000000e+05
5.752720000000000000e+05
5.772720000000000000e+05
5.792720000000000000e+05
5.813720000000000000e+05
5.835790000000000000e+05
5.856720000000000000e+05
5.872160000000000000e+05
5.896780000000000000e+05
5.915050000000000000e+05
5.937080000000000000e+05
5.959200000000000000e+05
5.975900000000000000e+05
5.999840000000000000e+05
6.016290000000000000e+05
6.039780000000000000e+05
6.054910000000000000e+05
6.077750000000000000e+05
6.101650000000000000e+05
6.119020000000000000e+05
6.135500000000000000e+05
6.159950000000000000e+05
6.178540000000000000e+05
6.200590000000000000e+05
6.225410000000000000e+05
6.246320000000000000e+05
6.258380000000000000e+05
6.281170000000000000e+05
6.305930000000000000e+05
6.326640000000000000e+05
6.346640000000000000e+05
6.363210000000000000e+05
6.379830000000000000e+05
6.403010000000000000e+05
6.429430000000000000e+05
6.446690000000000000e+05
6.469110000000000000e+05
6.491930000000000000e+05
6.510070000000000000e+05
6.528540000000000000e+05
6.548570000000000000e+05
6.571400000000000000e+05
6.586800000000000000e+05
6.612720000000000000e+05
6.633340000000000000e+05
6.654380000000000000e+05
6.669400000000000000e+05
6.690740000000000000e+05
6.715920000000000000e+05
6.736740000000000000e+05
6.752850000000000000e+05
6.778580000000000000e+05
6.798300000000000000e+05
6.813450000000000000e+05
6.839780000000000000e+05
6.860680000000000000e+05
6.874440000000000000e+05
6.900800000000000000e+05
6.914300000000000000e+05
6.940440000000000000e+05
6.958120000000000000e+05
6.977500000000000000e+05
6.999570000000000000e+05
7.022900000000000000e+05
7.042900000000000000e+05
7.060160000000000000e+05
7.084540000000000000e+05
7.106030000000000000e+05
7.119350000000000000e+05
7.144580000000000000e+05
7.166800000000000000e+05
7.180530000000000000e+05
7.200530000000000000e+05
7.224610000000000000e+05
7.248310000000000000e+05
7.265460000000000000e+05
7.286640000000000000e+05
7.310970000000000000e+05
7.325460000000000000e+05
7.347160000000000000e+05
7.369860000000000000e+05
7.388790000000000000e+05
7.404070000000000000e+05
7.426460000000000000e+05
7.448900000000000000e+05
7.473850000000000000e+05
7.486050000000000000e+05
7.515590000000000000e+05
7.530360000000000000e+05
7.556240000000000000e+05
7.575320000000000000e+05
7.595320000000000000e+05
7.616320000000000000e+05
7.636320000000000000e+05
7.656320000000000000e+05
7.678740000000000000e+05
7.695240000000000000e+05
7.716210000000000000e+05
7.734450000000000000e+05
7.760850000000000000e+05
7.776180000000000000e+05
7.797930000000000000e+05
7.817690000000000000e+05
7.839930000000000000e+05
7.859230000000000000e+05
7.876770000000000000e+05
7.900750000000000000e+05
7.921950000000000000e+05
7.944710000000000000e+05
7.961940000000000000e+05
7.984310000000000000e+05
8.007380000000000000e+05
8.025660000000000000e+05
8.040280000000000000e+05
8.060280000000000000e+05
8.086010000000000000e+05
8.109740000000000000e+05
8.126480000000000000e+05
8.146480000000000000e+05
8.163830000000000000e+05
8.183830000000000000e+05
8.203830000000000000e+05
8.223830000000000000e+05
8.253200000000000000e+05
8.269190000000000000e+05
8.289560000000000000e+05
8.314150000000000000e+05
8.330020000000000000e+05
8.353980000000000000e+05
8.373980000000000000e+05
8.390370000000000000e+05
8.412520000000000000e+05
8.432520000000000000e+05
8.455090000000000000e+05
8.478460000000000000e+05
8.494070000000000000e+05
8.515120000000000000e+05
8.534920000000000000e+05
8.554920000000000000e+05
8.578560000000000000e+05
8.601210000000000000e+05
8.619090000000000000e+05
8.642290000000000000e+05
8.662290000000000000e+05
8.676280000000000000e+05
8.699640000000000000e+05
8.716070000000000000e+05
8.743490000000000000e+05
8.763490000000000000e+05
8.785570000000000000e+05
8.804410000000000000e+05
8.826510000000000000e+05
8.845930000000000000e+05
8.859390000000000000e+05
8.883730000000000000e+05
8.907400000000000000e+05
8.924900000000000000e+05
8.949680000000000000e+05
8.962950000000000000e+05
8.983710000000000000e+05
9.008180000000000000e+05
9.029740000000000000e+05
9.048540000000000000e+05
9.065360000000000000e+05
9.092750000000000000e+05
9.106270000000000000e+05
9.130250000000000000e+05
9.152450000000000000e+05
9.169220000000000000e+05
9.193820000000000000e+05
9.215680000000000000e+05
9.236210000000000000e+05
9.248740000000000000e+05
9.268740000000000000e+05
9.294870000000000000e+05
9.315770000000000000e+05
9.335770000000000000e+05
9.358740000000000000e+05
9.379620000000000000e+05
9.397630000000000000e+05
9.420520000000000000e+05
9.440870000000000000e+05
9.461620000000000000e+05
9.473880000000000000e+05
9.502680000000000000e+05
9.520650000000000000e+05
9.540300000000000000e+05
9.559580000000000000e+05
9.583520000000000000e+05
9.598160000000000000e+05
9.618040000000000000e+05
9.640840000000000000e+05
9.664060000000000000e+05
9.685060000000000000e+05
9.706950000000000000e+05
9.727520000000000000e+05
9.738950000000000000e+05
9.759100000000000000e+05
9.788620000000000000e+05
9.801890000000000000e+05
9.829830000000000000e+05
9.850110000000000000e+05
9.870500000000000000e+05
9.891570000000000000e+05
9.902600000000000000e+05
9.925070000000000000e+05
9.947520000000000000e+05
9.971940000000000000e+05
9.993330000000000000e+05
1.001266000000000000e+06
1.003323000000000000e+06
1.005369000000000000e+06
1.007369000000000000e+06
1.009331000000000000e+06
1.011388000000000000e+06
1.013388000000000000e+06
1.015664000000000000e+06
1.017355000000000000e+06
1.019809000000000000e+06
1.021676000000000000e+06
1.023751000000000000e+06
1.026039000000000000e+06
1.027355000000000000e+06
1.029791000000000000e+06
1.031898000000000000e+06
1.034143000000000000e+06
1.036240000000000000e+06
1.037417000000000000e+06
1.039870000000000000e+06
1.041903000000000000e+06
1.043526000000000000e+06
1.045818000000000000e+06
1.048208000000000000e+06
1.050421000000000000e+06
1.052336000000000000e+06
1.054389000000000000e+06
1.056389000000000000e+06
1.058499000000000000e+06
1.060541000000000000e+06
1.062592000000000000e+06
1.064929000000000000e+06
1.066024000000000000e+06
1.068795000000000000e+06
1.071084000000000000e+06
1.072721000000000000e+06
1.074721000000000000e+06
1.076815000000000000e+06
1.079183000000000000e+06
1.080999000000000000e+06
1.083234000000000000e+06
1.084845000000000000e+06
1.086730000000000000e+06
1.089528000000000000e+06
1.091409000000000000e+06
1.092692000000000000e+06
1.095609000000000000e+06
1.097444000000000000e+06
1.099099000000000000e+06
1.101426000000000000e+06
1.103862000000000000e+06
1.105426000000000000e+06
1.107801000000000000e+06
1.109801000000000000e+06
1.111967000000000000e+06
1.114106000000000000e+06
1.115561000000000000e+06
1.118066000000000000e+06
1.120244000000000000e+06
1.121739000000000000e+06
1.124210000000000000e+06
1.126390000000000000e+06
1.127547000000000000e+06
1.129578000000000000e+06
1.132484000000000000e+06
1.134566000000000000e+06
1.136587000000000000e+06
1.138621000000000000e+06
1.140621000000000000e+06
1.142708000000000000e+06
1.144516000000000000e+06
1.146334000000000000e+06
1.148551000000000000e+06
1.150512000000000000e+06
1.153006000000000000e+06
1.154148000000000000e+06
1.156323000000000000e+06
1.158839000000000000e+06
1.161113000000000000e+06
1.162813000000000000e+06
1.165298000000000000e+06
1.167339000000000000e+06
1.168761000000000000e+06
1.171071000000000000e+06
1.173319000000000000e+06
1.175447000000000000e+06
1.176911000000000000e+06
1.178984000000000000e+06
1.180904000000000000e+06
1.182904000000000000e+06
1.185769000000000000e+06
1.186924000000000000e+06
1.189722000000000000e+06
1.191382000000000000e+06
1.193847000000000000e+06
1.195083000000000000e+06
1.197624000000000000e+06
1.199951000000000000e+06
1.202161000000000000e+06
1.204041000000000000e+06
1.206168000000000000e+06
1.208168000000000000e+06
1.209926000000000000e+06
1.212293000000000000e+06
1.214109000000000000e+06
1.216048000000000000e+06
1.218299000000000000e+06
1.219793000000000000e+06
1.222080000000000000e+06
1.223993000000000000e+06
1.226239000000000000e+06
1.228230000000000000e+06
1.230528000000000000e+06
1.231959000000000000e+06
1.233985000000000000e+06
1.236501000000000000e+06
1.238670000000000000e+06
1.240305000000000000e+06
1.242561000000000000e+06
1.245039000000000000e+06
1.247225000000000000e+06
1.248358000000000000e+06
1.250574000000000000e+06
1.252859000000000000e+06
1.255170000000000000e+06
1.257424000000000000e+06
1.259305000000000000e+06
1.261565000000000000e+06
1.263155000000000000e+06
1.265321000000000000e+06
1.267469000000000000e+06
1.268806000000000000e+06
1.271431000000000000e+06
1.273074000000000000e+06
1.275162000000000000e+06
1.277360000000000000e+06
1.279584000000000000e+06
1.281171000000000000e+06
1.283457000000000000e+06
1.285517000000000000e+06
1.288132000000000000e+06
1.289609000000000000e+06
1.292114000000000000e+06
1.294164000000000000e+06
1.296268000000000000e+06
1.297748000000000000e+06
1.300302000000000000e+06
1.302247000000000000e+06
1.304068000000000000e+06
1.305802000000000000e+06
1.308465000000000000e+06
1.310249000000000000e+06
1.312185000000000000e+06
1.314737000000000000e+06
1.316815000000000000e+06
1.318095000000000000e+06
1.320798000000000000e+06
1.322962000000000000e+06
1.324586000000000000e+06
1.327015000000000000e+06
1.329069000000000000e+06
1.331063000000000000e+06
1.333131000000000000e+06
1.335170000000000000e+06
1.336862000000000000e+06
1.339044000000000000e+06
1.341373000000000000e+06
1.342884000000000000e+06
1.345409000000000000e+06
1.346978000000000000e+06
1.349279000000000000e+06
1.351343000000000000e+06
1.353656000000000000e+06
1.355257000000000000e+06
1.357733000000000000e+06
1.359857000000000000e+06
1.361616000000000000e+06
1.363789000000000000e+06
1.365356000000000000e+06
1.367356000000000000e+06
1.369600000000000000e+06
1.371600000000000000e+06
1.373978000000000000e+06
1.375332000000000000e+06
1.377524000000000000e+06
1.380187000000000000e+06
1.381779000000000000e+06
1.384348000000000000e+06
1.386037000000000000e+06
1.387662000000000000e+06
1.389662000000000000e+06
1.391727000000000000e+06
1.393727000000000000e+06
1.396727000000000000e+06
1.398727000000000000e+06
1.400299000000000000e+06
1.402299000000000000e+06
1.404299000000000000e+06
1.406512000000000000e+06
1.408558000000000000e+06
1.410291000000000000e+06
1.412418000000000000e+06
1.414594000000000000e+06
1.417017000000000000e+06
1.418528000000000000e+06
1.420562000000000000e+06
1.422941000000000000e+06
1.425276000000000000e+06
1.427276000000000000e+06
1.428786000000000000e+06
1.431007000000000000e+06
1.433527000000000000e+06
1.435527000000000000e+06
1.437377000000000000e+06
1.439377000000000000e+06
1.441304000000000000e+06
1.443277000000000000e+06
1.445473000000000000e+06
1.447501000000000000e+06
1.449501000000000000e+06
1.451943000000000000e+06
1.453107000000000000e+06
1.455232000000000000e+06
1.457962000000000000e+06
1.459798000000000000e+06
1.461506000000000000e+06
1.463895000000000000e+06
1.465803000000000000e+06
1.468151000000000000e+06
1.469700000000000000e+06
1.471975000000000000e+06
1.473975000000000000e+06
1.476494000000000000e+06
1.477929000000000000e+06
1.479929000000000000e+06
1.482395000000000000e+06
1.484626000000000000e+06
1.486626000000000000e+06
1.488626000000000000e+06
1.490183000000000000e+06
1.492510000000000000e+06
1.494510000000000000e+06
1.496865000000000000e+06
1.498626000000000000e+06
1.500626000000000000e+06
1.502626000000000000e+06
1.504626000000000000e+06
1.507060000000000000e+06
1.509129000000000000e+06
1.511129000000000000e+06
1.513129000000000000e+06
1.515136000000000000e+06
1.517136000000000000e+06
1.519136000000000000e+06
1.520671000000000000e+06
1.523511000000000000e+06
1.525151000000000000e+06
1.527403000000000000e+06
1.529540000000000000e+06
1.531563000000000000e+06
1.533563000000000000e+06
1.535280000000000000e+06
1.537280000000000000e+06
1.539280000000000000e+06
1.541280000000000000e+06
1.543434000000000000e+06
1.546203000000000000e+06
1.547291000000000000e+06
1.550291000000000000e+06
1.552291000000000000e+06
1.554193000000000000e+06
1.555635000000000000e+06
1.558033000000000000e+06
1.560033000000000000e+06
1.562474000000000000e+06
1.564392000000000000e+06
1.566667000000000000e+06
1.568127000000000000e+06
1.570155000000000000e+06
1.572155000000000000e+06
1.574737000000000000e+06
1.576878000000000000e+06
1.578914000000000000e+06
1.580704000000000000e+06
1.582764000000000000e+06
1.584627000000000000e+06
1.586627000000000000e+06
1.588994000000000000e+06
1.590796000000000000e+06
1.593241000000000000e+06
1.595146000000000000e+06
1.596629000000000000e+06
1.598629000000000000e+06
1.601266000000000000e+06
1.602962000000000000e+06
1.605626000000000000e+06
1.607418000000000000e+06
1.609418000000000000e+06
1.611418000000000000e+06
1.613034000000000000e+06
1.615369000000000000e+06
1.617369000000000000e+06
1.619339000000000000e+06
1.621336000000000000e+06
1.623336000000000000e+06
1.625336000000000000e+06
1.627544000000000000e+06
1.629780000000000000e+06
1.631780000000000000e+06
1.633854000000000000e+06
1.635854000000000000e+06
1.637804000000000000e+06
1.639991000000000000e+06
1.642072000000000000e+06
1.644072000000000000e+06
1.646072000000000000e+06
1.647697000000000000e+06
1.649697000000000000e+06
1.651976000000000000e+06
1.653976000000000000e+06
1.656458000000000000e+06
1.658391000000000000e+06
1.660391000000000000e+06
1.662785000000000000e+06
1.664106000000000000e+06
1.666163000000000000e+06
1.668163000000000000e+06
1.670216000000000000e+06
1.673216000000000000e+06
1.675054000000000000e+06
1.677054000000000000e+06
1.678488000000000000e+06
1.680488000000000000e+06
1.683061000000000000e+06
1.685018000000000000e+06
1.687537000000000000e+06
1.689354000000000000e+06
1.691044000000000000e+06
1.693034000000000000e+06
1.695073000000000000e+06
1.697073000000000000e+06
1.699522000000000000e+06
1.701237000000000000e+06
1.703237000000000000e+06
1.705334000000000000e+06
1.707334000000000000e+06
1.710078000000000000e+06
1.712078000000000000e+06
1.714078000000000000e+06
1.715416000000000000e+06
1.718206000000000000e+06
1.719803000000000000e+06
1.722156000000000000e+06
1.724156000000000000e+06
1.726086000000000000e+06
1.728285000000000000e+06
1.730285000000000000e+06
1.732064000000000000e+06
1.734631000000000000e+06
1.736631000000000000e+06
1.737967000000000000e+06
1.740715000000000000e+06
1.742457000000000000e+06
1.744457000000000000e+06
1.746457000000000000e+06
1.748457000000000000e+06
1.750875000000000000e+06
1.752875000000000000e+06
1.754953000000000000e+06
1.757052000000000000e+06
1.759052000000000000e+06
1.760835000000000000e+06
1.763297000000000000e+06
1.764734000000000000e+06
1.767019000000000000e+06
1.768519000000000000e+06
1.771172000000000000e+06
1.773172000000000000e+06
1.774804000000000000e+06
1.776804000000000000e+06
1.778804000000000000e+06
1.781354000000000000e+06
1.783665000000000000e+06
1.785737000000000000e+06
1.787737000000000000e+06
1.789466000000000000e+06
1.791466000000000000e+06
1.793978000000000000e+06
1.795588000000000000e+06
1.797959000000000000e+06
1.799627000000000000e+06
1.801468000000000000e+06
1.803468000000000000e+06
1.805468000000000000e+06
1.808279000000000000e+06
1.809593000000000000e+06
1.812154000000000000e+06
1.813804000000000000e+06
1.816565000000000000e+06
1.817973000000000000e+06
1.820111000000000000e+06
1.821788000000000000e+06
1.823807000000000000e+06
1.826807000000000000e+06
1.828031000000000000e+06
1.830847000000000000e+06
1.832916000000000000e+06
1.834916000000000000e+06
1.836916000000000000e+06
1.838755000000000000e+06
1.841079000000000000e+06
1.843172000000000000e+06
1.845213000000000000e+06
1.847213000000000000e+06
1.849213000000000000e+06
1.851391000000000000e+06
1.852601000000000000e+06
1.855123000000000000e+06
1.856882000000000000e+06
1.858987000000000000e+06
1.860987000000000000e+06
1.863597000000000000e+06
1.865545000000000000e+06
1.866953000000000000e+06
1.869803000000000000e+06
1.871313000000000000e+06
1.872965000000000000e+06
1.875822000000000000e+06
1.877822000000000000e+06
1.880027000000000000e+06
1.882027000000000000e+06
1.884027000000000000e+06
1.885634000000000000e+06
1.887582000000000000e+06
1.890274000000000000e+06
1.892274000000000000e+06
1.893644000000000000e+06
1.896249000000000000e+06
1.897691000000000000e+06
1.899691000000000000e+06
1.901691000000000000e+06
1.903691000000000000e+06
1.905691000000000000e+06
1.908391000000000000e+06
1.910552000000000000e+06
1.912326000000000000e+06
1.914326000000000000e+06
1.916601000000000000e+06
1.918862000000000000e+06
1.920708000000000000e+06
1.922916000000000000e+06
1.924916000000000000e+06
1.926648000000000000e+06
1.929127000000000000e+06
1.931248000000000000e+06
1.932522000000000000e+06
1.934922000000000000e+06
1.936922000000000000e+06
1.938869000000000000e+06
1.941477000000000000e+06
1.943477000000000000e+06
1.945477000000000000e+06
1.947508000000000000e+06
1.948914000000000000e+06
1.950914000000000000e+06
1.952914000000000000e+06
1.955742000000000000e+06
1.957742000000000000e+06
1.959742000000000000e+06
1.961827000000000000e+06
1.963871000000000000e+06
1.965871000000000000e+06
1.967345000000000000e+06
1.970035000000000000e+06
1.972056000000000000e+06
1.973628000000000000e+06
1.975416000000000000e+06
1.977429000000000000e+06
1.979935000000000000e+06
1.981960000000000000e+06
1.983665000000000000e+06
1.985739000000000000e+06
1.987739000000000000e+06
1.990637000000000000e+06
1.992637000000000000e+06
1.993987000000000000e+06
1.996404000000000000e+06
1.998744000000000000e+06
2.000290000000000000e+06
