2.042000000000000000e+03
4.094000000000000000e+03
6.136000000000000000e+03
8.183000000000000000e+03
1.023500000000000000e+04
1.226700000000000000e+04
1.430300000000000000e+04
1.635500000000000000e+04
1.838300000000000000e+04
2.046400000000000000e+04
2.248800000000000000e+04
2.455800000000000000e+04
2.657300000000000000e+04
2.865600000000000000e+04
3.067100000000000000e+04
3.273600000000000000e+04
3.479300000000000000e+04
3.683700000000000000e+04
3.886400000000000000e+04
4.090300000000000000e+04
4.299000000000000000e+04
4.498600000000000000e+04
4.705100000000000000e+04
4.914300000000000000e+04
5.119000000000000000e+04
5.321000000000000000e+04
5.522300000000000000e+04
5.725000000000000000e+04
5.939200000000000000e+04
6.141100000000000000e+04
6.345400000000000000e+04
6.548700000000000000e+04
6.754800000000000000e+04
6.961400000000000000e+04
7.157300000000000000e+04
7.370300000000000000e+04
7.573300000000000000e+04
7.781700000000000000e+04
7.986700000000000000e+04
8.185800000000000000e+04
8.396100000000000000e+04
8.596400000000000000e+04
8.804600000000000000e+04
9.008600000000000000e+04
9.202100000000000000e+04
9.419300000000000000e+04
9.613200000000000000e+04
9.824300000000000000e+04
1.002280000000000000e+05
1.023820000000000000e+05
1.044080000000000000e+05
1.064270000000000000e+05
1.084980000000000000e+05
1.105800000000000000e+05
1.125870000000000000e+05
1.145970000000000000e+05
1.166470000000000000e+05
1.186800000000000000e+05
1.207500000000000000e+05
1.227960000000000000e+05
1.249010000000000000e+05
1.269490000000000000e+05
1.290120000000000000e+05
1.310520000000000000e+05
1.330650000000000000e+05
1.351140000000000000e+05
1.371970000000000000e+05
1.392560000000000000e+05
1.413060000000000000e+05
1.432500000000000000e+05
1.453820000000000000e+05
1.474440000000000000e+05
1.494750000000000000e+05
1.515200000000000000e+05
1.534600000000000000e+05
1.555500000000000000e+05
1.576910000000000000e+05
1.597120000000000000e+05
1.617920000000000000e+05
1.638010000000000000e+05
1.657880000000000000e+05
1.679050000000000000e+05
1.699560000000000000e+05
1.719340000000000000e+05
1.740730000000000000e+05
1.761160000000000000e+05
1.781230000000000000e+05
1.801930000000000000e+05
1.822140000000000000e+05
1.843010000000000000e+05
1.863210000000000000e+05
1.883640000000000000e+05
1.903510000000000000e+05
1.924840000000000000e+05
1.944980000000000000e+05
1.965770000000000000e+05
1.985850000000000000e+05
2.006600000000000000e+05
2.026910000000000000e+05
2.047890000000000000e+05
2.067700000000000000e+05
2.088360000000000000e+05
2.108980000000000000e+05
2.129260000000000000e+05
2.149310000000000000e+05
2.170560000000000000e+05
2.190980000000000000e+05
2.211090000000000000e+05
2.231720000000000000e+05
2.252290000000000000e+05
2.272380000000000000e+05
2.293370000000000000e+05
2.312970000000000000e+05
2.334090000000000000e+05
2.354860000000000000e+05
2.375440000000000000e+05
2.395520000000000000e+05
2.416270000000000000e+05
2.436790000000000000e+05
2.457480000000000000e+05
2.477850000000000000e+05
2.498310000000000000e+05
2.518630000000000000e+05
2.538990000000000000e+05
2.559570000000000000e+05
2.579760000000000000e+05
2.600050000000000000e+05
2.620500000000000000e+05
2.641590000000000000e+05
2.662300000000000000e+05
2.682640000000000000e+05
2.703170000000000000e+05
2.723250000000000000e+05
2.743970000000000000e+05
2.764750000000000000e+05
2.784670000000000000e+05
2.804320000000000000e+05
2.825600000000000000e+05
2.845920000000000000e+05
2.866280000000000000e+05
2.887510000000000000e+05
2.907410000000000000e+05
2.928240000000000000e+05
2.948400000000000000e+05
2.969410000000000000e+05
2.989130000000000000e+05
3.010130000000000000e+05
3.030940000000000000e+05
3.051250000000000000e+05
3.071840000000000000e+05
3.091140000000000000e+05
3.112100000000000000e+05
3.132780000000000000e+05
3.153220000000000000e+05
3.173740000000000000e+05
3.194820000000000000e+05
3.214700000000000000e+05
3.235500000000000000e+05
3.255550000000000000e+05
3.276420000000000000e+05
3.297070000000000000e+05
3.316980000000000000e+05
3.338240000000000000e+05
3.358420000000000000e+05
3.379020000000000000e+05
3.399560000000000000e+05
3.420120000000000000e+05
3.439570000000000000e+05
3.459990000000000000e+05
3.480920000000000000e+05
3.501370000000000000e+05
3.521960000000000000e+05
3.542150000000000000e+05
3.562650000000000000e+05
3.583470000000000000e+05
3.604100000000000000e+05
3.624950000000000000e+05
3.645190000000000000e+05
3.664690000000000000e+05
3.686020000000000000e+05
3.706160000000000000e+05
3.727190000000000000e+05
3.746160000000000000e+05
3.767090000000000000e+05
3.787760000000000000e+05
3.808890000000000000e+05
3.829460000000000000e+05
3.850080000000000000e+05
3.870550000000000000e+05
3.890880000000000000e+05
3.911260000000000000e+05
3.932050000000000000e+05
3.952600000000000000e+05
3.972670000000000000e+05
3.992900000000000000e+05
4.013920000000000000e+05
4.034220000000000000e+05
4.053950000000000000e+05
4.075120000000000000e+05
4.095740000000000000e+05
4.115720000000000000e+05
4.136470000000000000e+05
4.156850000000000000e+05
4.176990000000000000e+05
4.197730000000000000e+05
4.218740000000000000e+05
4.238590000000000000e+05
4.259450000000000000e+05
4.279620000000000000e+05
4.300380000000000000e+05
4.321040000000000000e+05
4.341080000000000000e+05
4.360900000000000000e+05
4.381950000000000000e+05
4.402180000000000000e+05
4.422170000000000000e+05
4.443950000000000000e+05
4.464050000000000000e+05
4.484130000000000000e+05
4.504800000000000000e+05
4.525960000000000000e+05
4.545900000000000000e+05
4.566190000000000000e+05
4.586500000000000000e+05
4.607670000000000000e+05
4.627870000000000000e+05
4.648740000000000000e+05
4.668710000000000000e+05
4.689150000000000000e+05
4.709170000000000000e+05
4.730830000000000000e+05
4.751100000000000000e+05
4.771690000000000000e+05
4.791720000000000000e+05
4.812610000000000000e+05
4.833050000000000000e+05
4.852430000000000000e+05
4.873690000000000000e+05
4.894420000000000000e+05
4.914850000000000000e+05
4.934170000000000000e+05
4.955360000000000000e+05
4.976400000000000000e+05
4.996390000000000000e+05
5.017150000000000000e+05
5.036950000000000000e+05
5.057920000000000000e+05
5.079020000000000000e+05
5.098910000000000000e+05
5.118850000000000000e+05
5.139790000000000000e+05
5.160580000000000000e+05
5.181270000000000000e+05
5.201710000000000000e+05
5.221350000000000000e+05
5.241870000000000000e+05
5.262300000000000000e+05
5.283230000000000000e+05
5.304220000000000000e+05
5.323760000000000000e+05
5.344500000000000000e+05
5.365580000000000000e+05
5.385650000000000000e+05
5.406080000000000000e+05
5.426900000000000000e+05
5.447030000000000000e+05
5.467750000000000000e+05
5.487810000000000000e+05
5.508400000000000000e+05
5.529280000000000000e+05
5.549280000000000000e+05
5.569810000000000000e+05
5.589990000000000000e+05
5.610630000000000000e+05
5.631190000000000000e+05
5.651620000000000000e+05
5.671110000000000000e+05
5.692680000000000000e+05
5.713460000000000000e+05
5.734370000000000000e+05
5.753800000000000000e+05
5.774950000000000000e+05
5.795840000000000000e+05
5.816270000000000000e+05
5.836510000000000000e+05
5.857020000000000000e+05
5.877150000000000000e+05
5.896820000000000000e+05
5.918160000000000000e+05
5.938990000000000000e+05
5.958910000000000000e+05
5.980070000000000000e+05
6.000430000000000000e+05
6.020280000000000000e+05
6.040220000000000000e+05
6.061550000000000000e+05
6.082360000000000000e+05
6.102700000000000000e+05
6.122610000000000000e+05
6.143250000000000000e+05
6.164120000000000000e+05
6.184650000000000000e+05
6.204940000000000000e+05
6.225620000000000000e+05
6.246300000000000000e+05
6.266470000000000000e+05
6.286330000000000000e+05
6.307260000000000000e+05
6.327390000000000000e+05
6.347030000000000000e+05
6.368920000000000000e+05
6.389580000000000000e+05
6.410110000000000000e+05
6.429510000000000000e+05
6.450250000000000000e+05
6.470720000000000000e+05
6.490960000000000000e+05
6.511530000000000000e+05
6.532120000000000000e+05
6.553120000000000000e+05
6.573530000000000000e+05
6.593850000000000000e+05
6.614290000000000000e+05
6.634740000000000000e+05
6.655000000000000000e+05
6.675770000000000000e+05
6.694680000000000000e+05
6.716650000000000000e+05
6.736800000000000000e+05
6.757370000000000000e+05
6.778650000000000000e+05
6.799290000000000000e+05
6.818310000000000000e+05
6.839960000000000000e+05
6.859940000000000000e+05
6.880460000000000000e+05
6.901690000000000000e+05
6.922030000000000000e+05
6.942710000000000000e+05
6.962770000000000000e+05
6.983520000000000000e+05
7.003320000000000000e+05
7.023500000000000000e+05
7.044710000000000000e+05
7.064260000000000000e+05
7.086010000000000000e+05
7.105500000000000000e+05
7.126340000000000000e+05
7.146620000000000000e+05
7.167160000000000000e+05
7.187320000000000000e+05
7.208640000000000000e+05
7.229150000000000000e+05
7.249150000000000000e+05
7.269830000000000000e+05
7.290410000000000000e+05
7.311350000000000000e+05
7.331080000000000000e+05
7.352180000000000000e+05
7.371810000000000000e+05
7.393250000000000000e+05
7.413230000000000000e+05
7.434170000000000000e+05
7.454480000000000000e+05
7.474750000000000000e+05
7.494630000000000000e+05
7.514080000000000000e+05
7.536340000000000000e+05
7.556860000000000000e+05
7.576870000000000000e+05
7.597670000000000000e+05
7.618320000000000000e+05
7.638670000000000000e+05
7.659280000000000000e+05
7.678760000000000000e+05
7.700440000000000000e+05
7.719650000000000000e+05
7.741160000000000000e+05
7.761330000000000000e+05
7.782060000000000000e+05
7.801990000000000000e+05
7.822710000000000000e+05
7.842290000000000000e+05
7.863850000000000000e+05
7.883980000000000000e+05
7.904820000000000000e+05
7.924560000000000000e+05
7.944630000000000000e+05
7.966590000000000000e+05
7.985990000000000000e+05
8.006790000000000000e+05
8.028100000000000000e+05
8.048020000000000000e+05
8.067250000000000000e+05
8.088720000000000000e+05
8.109430000000000000e+05
8.129720000000000000e+05
8.149690000000000000e+05
8.170780000000000000e+05
8.191140000000000000e+05
8.212140000000000000e+05
8.231500000000000000e+05
8.253290000000000000e+05
8.272760000000000000e+05
8.294190000000000000e+05
8.314450000000000000e+05
8.335110000000000000e+05
8.355500000000000000e+05
8.375680000000000000e+05
8.395710000000000000e+05
8.415510000000000000e+05
8.436850000000000000e+05
8.457830000000000000e+05
8.478630000000000000e+05
8.499030000000000000e+05
8.518360000000000000e+05
8.539110000000000000e+05
8.559830000000000000e+05
8.580550000000000000e+05
8.601490000000000000e+05
8.621930000000000000e+05
8.642220000000000000e+05
8.662870000000000000e+05
8.682330000000000000e+05
8.702050000000000000e+05
8.723550000000000000e+05
8.743590000000000000e+05
8.765280000000000000e+05
8.784110000000000000e+05
8.806230000000000000e+05
8.826660000000000000e+05
8.846400000000000000e+05
8.867470000000000000e+05
8.887660000000000000e+05
8.908070000000000000e+05
8.929090000000000000e+05
8.949060000000000000e+05
8.969250000000000000e+05
8.989400000000000000e+05
9.010900000000000000e+05
9.031500000000000000e+05
9.051910000000000000e+05
9.071650000000000000e+05
9.091930000000000000e+05
9.112740000000000000e+05
9.133520000000000000e+05
9.154530000000000000e+05
9.173830000000000000e+05
9.194700000000000000e+05
9.215700000000000000e+05
9.236480000000000000e+05
9.256700000000000000e+05
9.277270000000000000e+05
9.297550000000000000e+05
9.316280000000000000e+05
9.337860000000000000e+05
9.358110000000000000e+05
9.379130000000000000e+05
9.400130000000000000e+05
9.420450000000000000e+05
9.441010000000000000e+05
9.461370000000000000e+05
9.481300000000000000e+05
9.502690000000000000e+05
9.521770000000000000e+05
9.542970000000000000e+05
9.563440000000000000e+05
9.583610000000000000e+05
9.604210000000000000e+05
9.624770000000000000e+05
9.645300000000000000e+05
9.665730000000000000e+05
9.685530000000000000e+05
9.705720000000000000e+05
9.727070000000000000e+05
9.748270000000000000e+05
9.767580000000000000e+05
9.787430000000000000e+05
9.809800000000000000e+05
9.829680000000000000e+05
9.850080000000000000e+05
9.870570000000000000e+05
9.890370000000000000e+05
9.911460000000000000e+05
9.931640000000000000e+05
9.953110000000000000e+05
9.972650000000000000e+05
9.993410000000000000e+05
1.001444000000000000e+06
1.003331000000000000e+06
1.005463000000000000e+06
1.007487000000000000e+06
1.009467000000000000e+06
1.011541000000000000e+06
1.013731000000000000e+06
1.015683000000000000e+06
1.017832000000000000e+06
1.019831000000000000e+06
1.021900000000000000e+06
1.023989000000000000e+06
1.025993000000000000e+06
1.028088000000000000e+06
1.030049000000000000e+06
1.032066000000000000e+06
1.034079000000000000e+06
1.036208000000000000e+06
1.038157000000000000e+06
1.040260000000000000e+06
1.042423000000000000e+06
1.044381000000000000e+06
1.046524000000000000e+06
1.048508000000000000e+06
1.050491000000000000e+06
1.052551000000000000e+06
1.054621000000000000e+06
1.056657000000000000e+06
1.058770000000000000e+06
1.060724000000000000e+06
1.062866000000000000e+06
1.064881000000000000e+06
1.067004000000000000e+06
1.068945000000000000e+06
1.071073000000000000e+06
1.072974000000000000e+06
1.075147000000000000e+06
1.077151000000000000e+06
1.079150000000000000e+06
1.081296000000000000e+06
1.083324000000000000e+06
1.085148000000000000e+06
1.087414000000000000e+06
1.089483000000000000e+06
1.091459000000000000e+06
1.093318000000000000e+06
1.095344000000000000e+06
1.097718000000000000e+06
1.099681000000000000e+06
1.101731000000000000e+06
1.103807000000000000e+06
1.105839000000000000e+06
1.107859000000000000e+06
1.109922000000000000e+06
1.112060000000000000e+06
1.114102000000000000e+06
1.115988000000000000e+06
1.118067000000000000e+06
1.120221000000000000e+06
1.122247000000000000e+06
1.124288000000000000e+06
1.126105000000000000e+06
1.128317000000000000e+06
1.130414000000000000e+06
1.132433000000000000e+06
1.134491000000000000e+06
1.136590000000000000e+06
1.138590000000000000e+06
1.140730000000000000e+06
1.142686000000000000e+06
1.144807000000000000e+06
1.146720000000000000e+06
1.148858000000000000e+06
1.150907000000000000e+06
1.152908000000000000e+06
1.154964000000000000e+06
1.157024000000000000e+06
1.159098000000000000e+06
1.161134000000000000e+06
1.163090000000000000e+06
1.165177000000000000e+06
1.167196000000000000e+06
1.169372000000000000e+06
1.171443000000000000e+06
1.173390000000000000e+06
1.175452000000000000e+06
1.177405000000000000e+06
1.179535000000000000e+06
1.181694000000000000e+06
1.183684000000000000e+06
1.185768000000000000e+06
1.187834000000000000e+06
1.189833000000000000e+06
1.191871000000000000e+06
1.193766000000000000e+06
1.195960000000000000e+06
1.198033000000000000e+06
1.200062000000000000e+06
1.202122000000000000e+06
1.204203000000000000e+06
1.206270000000000000e+06
1.208159000000000000e+06
1.210259000000000000e+06
1.212329000000000000e+06
1.214426000000000000e+06
1.216472000000000000e+06
1.218556000000000000e+06
1.220504000000000000e+06
1.222438000000000000e+06
1.224675000000000000e+06
1.226742000000000000e+06
1.228602000000000000e+06
1.230780000000000000e+06
1.232808000000000000e+06
1.234940000000000000e+06
1.236934000000000000e+06
1.238941000000000000e+06
1.240869000000000000e+06
1.242879000000000000e+06
1.245084000000000000e+06
1.247158000000000000e+06
1.249194000000000000e+06
1.251191000000000000e+06
1.253329000000000000e+06
1.255257000000000000e+06
1.257422000000000000e+06
1.259506000000000000e+06
1.261442000000000000e+06
1.263517000000000000e+06
1.265546000000000000e+06
1.267706000000000000e+06
1.269648000000000000e+06
1.271735000000000000e+06
1.273770000000000000e+06
1.275868000000000000e+06
1.277838000000000000e+06
1.279849000000000000e+06
1.282047000000000000e+06
1.284034000000000000e+06
1.286076000000000000e+06
1.287984000000000000e+06
1.290198000000000000e+06
1.292269000000000000e+06
1.294187000000000000e+06
1.296306000000000000e+06
1.298399000000000000e+06
1.300300000000000000e+06
1.302405000000000000e+06
1.304514000000000000e+06
1.306421000000000000e+06
1.308446000000000000e+06
1.310672000000000000e+06
1.312594000000000000e+06
1.314757000000000000e+06
1.316778000000000000e+06
1.318706000000000000e+06
1.320941000000000000e+06
1.322995000000000000e+06
1.324988000000000000e+06
1.327067000000000000e+06
1.328993000000000000e+06
1.331178000000000000e+06
1.333002000000000000e+06
1.335108000000000000e+06
1.337303000000000000e+06
1.339347000000000000e+06
1.341242000000000000e+06
1.343329000000000000e+06
1.345354000000000000e+06
1.347516000000000000e+06
1.349379000000000000e+06
1.351677000000000000e+06
1.353660000000000000e+06
1.355621000000000000e+06
1.357643000000000000e+06
1.359698000000000000e+06
1.361853000000000000e+06
1.363867000000000000e+06
1.365963000000000000e+06
1.368045000000000000e+06
1.369895000000000000e+06
1.372032000000000000e+06
1.374033000000000000e+06
1.376226000000000000e+06
1.378185000000000000e+06
1.380239000000000000e+06
1.382325000000000000e+06
1.384386000000000000e+06
1.386466000000000000e+06
1.388342000000000000e+06
1.390535000000000000e+06
1.392494000000000000e+06
1.394421000000000000e+06
1.396620000000000000e+06
1.398489000000000000e+06
1.400727000000000000e+06
1.402757000000000000e+06
1.404916000000000000e+06
1.406963000000000000e+06
1.408930000000000000e+06
1.410965000000000000e+06
1.412933000000000000e+06
1.415167000000000000e+06
1.417006000000000000e+06
1.419245000000000000e+06
1.421147000000000000e+06
1.423291000000000000e+06
1.425356000000000000e+06
1.427363000000000000e+06
1.429346000000000000e+06
1.431550000000000000e+06
1.433489000000000000e+06
1.435611000000000000e+06
1.437607000000000000e+06
1.439644000000000000e+06
1.441633000000000000e+06
1.443784000000000000e+06
1.445878000000000000e+06
1.447737000000000000e+06
1.449755000000000000e+06
1.451940000000000000e+06
1.454041000000000000e+06
1.456067000000000000e+06
1.458102000000000000e+06
1.460002000000000000e+06
1.462247000000000000e+06
1.464225000000000000e+06
1.466301000000000000e+06
1.468302000000000000e+06
1.470463000000000000e+06
1.472459000000000000e+06
1.474526000000000000e+06
1.476515000000000000e+06
1.478504000000000000e+06
1.480603000000000000e+06
1.482692000000000000e+06
1.484585000000000000e+06
1.486731000000000000e+06
1.488849000000000000e+06
1.490938000000000000e+06
1.492964000000000000e+06
1.494907000000000000e+06
1.496893000000000000e+06
1.499135000000000000e+06
1.500999000000000000e+06
1.503168000000000000e+06
1.505175000000000000e+06
1.507325000000000000e+06
1.509321000000000000e+06
1.511253000000000000e+06
1.513411000000000000e+06
1.515371000000000000e+06
1.517429000000000000e+06
1.519558000000000000e+06
1.521617000000000000e+06
1.523602000000000000e+06
1.525750000000000000e+06
1.527783000000000000e+06
1.529840000000000000e+06
1.531797000000000000e+06
1.533914000000000000e+06
1.535760000000000000e+06
1.537920000000000000e+06
1.539828000000000000e+06
1.541928000000000000e+06
1.544126000000000000e+06
1.546049000000000000e+06
1.548188000000000000e+06
1.550305000000000000e+06
1.552342000000000000e+06
1.554164000000000000e+06
1.556386000000000000e+06
1.558498000000000000e+06
1.560548000000000000e+06
1.562365000000000000e+06
1.564584000000000000e+06
1.566604000000000000e+06
1.568747000000000000e+06
1.570647000000000000e+06
1.572620000000000000e+06
1.574800000000000000e+06
1.576856000000000000e+06
1.578904000000000000e+06
1.581054000000000000e+06
1.582958000000000000e+06
1.584946000000000000e+06
1.587146000000000000e+06
1.588986000000000000e+06
1.591130000000000000e+06
1.593343000000000000e+06
1.595175000000000000e+06
1.597426000000000000e+06
1.599483000000000000e+06
1.601486000000000000e+06
1.603433000000000000e+06
1.605554000000000000e+06
1.607602000000000000e+06
1.609727000000000000e+06
1.611706000000000000e+06
1.613798000000000000e+06
1.615683000000000000e+06
1.617917000000000000e+06
1.619966000000000000e+06
1.621891000000000000e+06
1.623975000000000000e+06
1.626070000000000000e+06
1.627995000000000000e+06
1.630182000000000000e+06
1.632132000000000000e+06
1.634267000000000000e+06
1.636236000000000000e+06
1.638300000000000000e+06
1.640403000000000000e+06
1.642354000000000000e+06
1.644512000000000000e+06
1.646579000000000000e+06
1.648468000000000000e+06
1.650590000000000000e+06
1.652725000000000000e+06
1.654769000000000000e+06
1.656794000000000000e+06
1.658778000000000000e+06
1.660817000000000000e+06
1.662948000000000000e+06
1.664967000000000000e+06
1.666869000000000000e+06
1.669059000000000000e+06
1.671131000000000000e+06
1.673014000000000000e+06
1.675254000000000000e+06
1.677160000000000000e+06
1.679345000000000000e+06
1.681319000000000000e+06
1.683365000000000000e+06
1.685437000000000000e+06
1.687447000000000000e+06
1.689521000000000000e+06
1.691482000000000000e+06
1.693625000000000000e+06
1.695687000000000000e+06
1.697613000000000000e+06
1.699609000000000000e+06
1.701741000000000000e+06
1.703830000000000000e+06
1.705973000000000000e+06
1.708024000000000000e+06
1.709890000000000000e+06
1.711994000000000000e+06
1.713857000000000000e+06
1.716220000000000000e+06
1.718212000000000000e+06
1.720071000000000000e+06
1.722342000000000000e+06
1.724346000000000000e+06
1.726390000000000000e+06
1.728474000000000000e+06
1.730428000000000000e+06
1.732474000000000000e+06
1.734597000000000000e+06
1.736467000000000000e+06
1.738635000000000000e+06
1.740668000000000000e+06
1.742792000000000000e+06
1.744893000000000000e+06
1.746856000000000000e+06
1.748989000000000000e+06
1.750877000000000000e+06
1.752998000000000000e+06
1.755085000000000000e+06
1.756922000000000000e+06
1.758893000000000000e+06
1.761225000000000000e+06
1.763218000000000000e+06
1.765295000000000000e+06
1.767406000000000000e+06
1.769381000000000000e+06
1.771433000000000000e+06
1.773564000000000000e+06
1.775430000000000000e+06
1.777638000000000000e+06
1.779667000000000000e+06
1.781757000000000000e+06
1.783720000000000000e+06
1.785739000000000000e+06
1.787882000000000000e+06
1.789768000000000000e+06
1.791979000000000000e+06
1.793950000000000000e+06
1.795976000000000000e+06
1.797831000000000000e+06
1.800055000000000000e+06
1.801961000000000000e+06
1.804020000000000000e+06
1.806147000000000000e+06
1.808360000000000000e+06
1.810185000000000000e+06
1.812343000000000000e+06
1.814325000000000000e+06
1.816499000000000000e+06
1.818450000000000000e+06
1.820511000000000000e+06
1.822693000000000000e+06
1.824681000000000000e+06
1.826795000000000000e+06
1.828707000000000000e+06
1.830674000000000000e+06
1.832865000000000000e+06
1.834941000000000000e+06
1.836924000000000000e+06
1.838850000000000000e+06
1.841100000000000000e+06
1.843096000000000000e+06
1.845033000000000000e+06
1.847231000000000000e+06
1.849196000000000000e+06
1.851225000000000000e+06
1.853432000000000000e+06
1.855445000000000000e+06
1.857297000000000000e+06
1.859524000000000000e+06
1.861592000000000000e+06
1.863624000000000000e+06
1.865618000000000000e+06
1.867734000000000000e+06
1.869701000000000000e+06
1.871778000000000000e+06
1.873794000000000000e+06
1.875783000000000000e+06
1.877902000000000000e+06
1.880047000000000000e+06
1.881991000000000000e+06
1.883984000000000000e+06
1.886030000000000000e+06
1.888135000000000000e+06
1.890142000000000000e+06
1.892223000000000000e+06
1.894377000000000000e+06
1.896234000000000000e+06
1.898390000000000000e+06
1.900306000000000000e+06
1.902573000000000000e+06
1.904557000000000000e+06
1.906420000000000000e+06
1.908616000000000000e+06
1.910663000000000000e+06
1.912710000000000000e+06
1.914739000000000000e+06
1.916805000000000000e+06
1.918835000000000000e+06
1.920821000000000000e+06
1.923010000000000000e+06
1.925092000000000000e+06
1.927066000000000000e+06
1.929118000000000000e+06
1.931211000000000000e+06
1.933096000000000000e+06
1.935132000000000000e+06
1.936996000000000000e+06
1.939394000000000000e+06
1.941484000000000000e+06
1.943305000000000000e+06
1.945484000000000000e+06
1.947591000000000000e+06
1.949668000000000000e+06
1.951462000000000000e+06
1.953582000000000000e+06
1.955745000000000000e+06
1.957765000000000000e+06
1.959864000000000000e+06
1.961794000000000000e+06
1.963882000000000000e+06
1.965997000000000000e+06
1.968115000000000000e+06
1.970101000000000000e+06
1.971902000000000000e+06
1.974046000000000000e+06
1.976114000000000000e+06
1.978252000000000000e+06
1.980290000000000000e+06
1.982349000000000000e+06
1.984326000000000000e+06
1.986411000000000000e+06
1.988416000000000000e+06
1.990645000000000000e+06
1.992642000000000000e+06
1.994554000000000000e+06
1.996788000000000000e+06
1.998770000000000000e+06
2.000773000000000000e+06
