2.042000000000000000e+03
4.093000000000000000e+03
6.136000000000000000e+03
8.189000000000000000e+03
1.023600000000000000e+04
1.226600000000000000e+04
1.431000000000000000e+04
1.637300000000000000e+04
1.843200000000000000e+04
2.044900000000000000e+04
2.248900000000000000e+04
2.453300000000000000e+04
2.656800000000000000e+04
2.863900000000000000e+04
3.069800000000000000e+04
3.275400000000000000e+04
3.480400000000000000e+04
3.683800000000000000e+04
3.889500000000000000e+04
4.092200000000000000e+04
4.297800000000000000e+04
4.501600000000000000e+04
4.708500000000000000e+04
4.909200000000000000e+04
5.117500000000000000e+04
5.324000000000000000e+04
5.528200000000000000e+04
5.732900000000000000e+04
5.935200000000000000e+04
6.137900000000000000e+04
6.345500000000000000e+04
6.550400000000000000e+04
6.755000000000000000e+04
6.961400000000000000e+04
7.167200000000000000e+04
7.370600000000000000e+04
7.574800000000000000e+04
7.776600000000000000e+04
7.980800000000000000e+04
8.190000000000000000e+04
8.392400000000000000e+04
8.598300000000000000e+04
8.802100000000000000e+04
9.008300000000000000e+04
9.212700000000000000e+04
9.417500000000000000e+04
9.620100000000000000e+04
9.830000000000000000e+04
1.003090000000000000e+05
1.023420000000000000e+05
1.043980000000000000e+05
1.064720000000000000e+05
1.084780000000000000e+05
1.105620000000000000e+05
1.126130000000000000e+05
1.146750000000000000e+05
1.167130000000000000e+05
1.187210000000000000e+05
1.208240000000000000e+05
1.228350000000000000e+05
1.248750000000000000e+05
1.269320000000000000e+05
1.289820000000000000e+05
1.310080000000000000e+05
1.329850000000000000e+05
1.351160000000000000e+05
1.371840000000000000e+05
1.392570000000000000e+05
1.412620000000000000e+05
1.433460000000000000e+05
1.453400000000000000e+05
1.474470000000000000e+05
1.494860000000000000e+05
1.515200000000000000e+05
1.536000000000000000e+05
1.556060000000000000e+05
1.576580000000000000e+05
1.596400000000000000e+05
1.617170000000000000e+05
1.638310000000000000e+05
1.658500000000000000e+05
1.679090000000000000e+05
1.699450000000000000e+05
1.719930000000000000e+05
1.740370000000000000e+05
1.760770000000000000e+05
1.781740000000000000e+05
1.801220000000000000e+05
1.821600000000000000e+05
1.842940000000000000e+05
1.863610000000000000e+05
1.883940000000000000e+05
1.904620000000000000e+05
1.925090000000000000e+05
1.944830000000000000e+05
1.965550000000000000e+05
1.985990000000000000e+05
2.006760000000000000e+05
2.027430000000000000e+05
2.046980000000000000e+05
2.068470000000000000e+05
2.088010000000000000e+05
2.109310000000000000e+05
2.129510000000000000e+05
2.149970000000000000e+05
2.170540000000000000e+05
2.190780000000000000e+05
2.211840000000000000e+05
2.231990000000000000e+05
2.252560000000000000e+05
2.272420000000000000e+05
2.293020000000000000e+05
2.313720000000000000e+05
2.333540000000000000e+05
2.354680000000000000e+05
2.374940000000000000e+05
2.396020000000000000e+05
2.415360000000000000e+05
2.436410000000000000e+05
2.457240000000000000e+05
2.477260000000000000e+05
2.498550000000000000e+05
2.518920000000000000e+05
2.539510000000000000e+05
2.559450000000000000e+05
2.579340000000000000e+05
2.600350000000000000e+05
2.620630000000000000e+05
2.641610000000000000e+05
2.661710000000000000e+05
2.682850000000000000e+05
2.702920000000000000e+05
2.723500000000000000e+05
2.744030000000000000e+05
2.764410000000000000e+05
2.784830000000000000e+05
2.805530000000000000e+05
2.825240000000000000e+05
2.846460000000000000e+05
2.866870000000000000e+05
2.886800000000000000e+05
2.907700000000000000e+05
2.928130000000000000e+05
2.948960000000000000e+05
2.969100000000000000e+05
2.989950000000000000e+05
3.009590000000000000e+05
3.030830000000000000e+05
3.050410000000000000e+05
3.071370000000000000e+05
3.091220000000000000e+05
3.112470000000000000e+05
3.133300000000000000e+05
3.152830000000000000e+05
3.174130000000000000e+05
3.194480000000000000e+05
3.214540000000000000e+05
3.235080000000000000e+05
3.255790000000000000e+05
3.276640000000000000e+05
3.296640000000000000e+05
3.316800000000000000e+05
3.337380000000000000e+05
3.357900000000000000e+05
3.378520000000000000e+05
3.399230000000000000e+05
3.419750000000000000e+05
3.440450000000000000e+05
3.461050000000000000e+05
3.481550000000000000e+05
3.501380000000000000e+05
3.521660000000000000e+05
3.542740000000000000e+05
3.563340000000000000e+05
3.583690000000000000e+05
3.604470000000000000e+05
3.624790000000000000e+05
3.644950000000000000e+05
3.665680000000000000e+05
3.686040000000000000e+05
3.706350000000000000e+05
3.727220000000000000e+05
3.747260000000000000e+05
3.767620000000000000e+05
3.788670000000000000e+05
3.808300000000000000e+05
3.828540000000000000e+05
3.849880000000000000e+05
3.870380000000000000e+05
3.889820000000000000e+05
3.910970000000000000e+05
3.930210000000000000e+05
3.952640000000000000e+05
3.972520000000000000e+05
3.992750000000000000e+05
4.013170000000000000e+05
4.034120000000000000e+05
4.054540000000000000e+05
4.074460000000000000e+05
4.095360000000000000e+05
4.115720000000000000e+05
4.136020000000000000e+05
4.156340000000000000e+05
4.177650000000000000e+05
4.197410000000000000e+05
4.217700000000000000e+05
4.238450000000000000e+05
4.259340000000000000e+05
4.278880000000000000e+05
4.300170000000000000e+05
4.320310000000000000e+05
4.341000000000000000e+05
4.361740000000000000e+05
4.382170000000000000e+05
4.403000000000000000e+05
4.422680000000000000e+05
4.443200000000000000e+05
4.464220000000000000e+05
4.484290000000000000e+05
4.505600000000000000e+05
4.524990000000000000e+05
4.546480000000000000e+05
4.566950000000000000e+05
4.587520000000000000e+05
4.607100000000000000e+05
4.628440000000000000e+05
4.648780000000000000e+05
4.668600000000000000e+05
4.689600000000000000e+05
4.709630000000000000e+05
4.730400000000000000e+05
4.750890000000000000e+05
4.771710000000000000e+05
4.792250000000000000e+05
4.812260000000000000e+05
4.832770000000000000e+05
4.853630000000000000e+05
4.873010000000000000e+05
4.894670000000000000e+05
4.915030000000000000e+05
4.935040000000000000e+05
4.955640000000000000e+05
4.975820000000000000e+05
4.996760000000000000e+05
5.017420000000000000e+05
5.037100000000000000e+05
5.058560000000000000e+05
5.078800000000000000e+05
5.098780000000000000e+05
5.119610000000000000e+05
5.139820000000000000e+05
5.160760000000000000e+05
5.180910000000000000e+05
5.201130000000000000e+05
5.221690000000000000e+05
5.242690000000000000e+05
5.262580000000000000e+05
5.283000000000000000e+05
5.303910000000000000e+05
5.323710000000000000e+05
5.344510000000000000e+05
5.364960000000000000e+05
5.385410000000000000e+05
5.405120000000000000e+05
5.426990000000000000e+05
5.445990000000000000e+05
5.467180000000000000e+05
5.487370000000000000e+05
5.508990000000000000e+05
5.529370000000000000e+05
5.548950000000000000e+05
5.570070000000000000e+05
5.589790000000000000e+05
5.610040000000000000e+05
5.631830000000000000e+05
5.652380000000000000e+05
5.672910000000000000e+05
5.692850000000000000e+05
5.711360000000000000e+05
5.734110000000000000e+05
5.754660000000000000e+05
5.774190000000000000e+05
5.795450000000000000e+05
5.815230000000000000e+05
5.835480000000000000e+05
5.856340000000000000e+05
5.877390000000000000e+05
5.897390000000000000e+05
5.917050000000000000e+05
5.938780000000000000e+05
5.958370000000000000e+05
5.979850000000000000e+05
6.000250000000000000e+05
6.021080000000000000e+05
6.040540000000000000e+05
6.061230000000000000e+05
6.082470000000000000e+05
6.101570000000000000e+05
6.122980000000000000e+05
6.143380000000000000e+05
6.164280000000000000e+05
6.183430000000000000e+05
6.204230000000000000e+05
6.224520000000000000e+05
6.246280000000000000e+05
6.266120000000000000e+05
6.286980000000000000e+05
6.307590000000000000e+05
6.327040000000000000e+05
6.348370000000000000e+05
6.368020000000000000e+05
6.387910000000000000e+05
6.409890000000000000e+05
6.429550000000000000e+05
6.451100000000000000e+05
6.471270000000000000e+05
6.492090000000000000e+05
6.512420000000000000e+05
6.532570000000000000e+05
6.552710000000000000e+05
6.572960000000000000e+05
6.594230000000000000e+05
6.614910000000000000e+05
6.633770000000000000e+05
6.655450000000000000e+05
6.675020000000000000e+05
6.696090000000000000e+05
6.717310000000000000e+05
6.737010000000000000e+05
6.757370000000000000e+05
6.778230000000000000e+05
6.797510000000000000e+05
6.818320000000000000e+05
6.837790000000000000e+05
6.860440000000000000e+05
6.880110000000000000e+05
6.900820000000000000e+05
6.920810000000000000e+05
6.942110000000000000e+05
6.962140000000000000e+05
6.982910000000000000e+05
7.003230000000000000e+05
7.023240000000000000e+05
7.044120000000000000e+05
7.065180000000000000e+05
7.085240000000000000e+05
7.105540000000000000e+05
7.125850000000000000e+05
7.147260000000000000e+05
7.166460000000000000e+05
7.187960000000000000e+05
7.208270000000000000e+05
7.228670000000000000e+05
7.249550000000000000e+05
7.270350000000000000e+05
7.289290000000000000e+05
7.310300000000000000e+05
7.331420000000000000e+05
7.352280000000000000e+05
7.372710000000000000e+05
7.392980000000000000e+05
7.412890000000000000e+05
7.433160000000000000e+05
7.453310000000000000e+05
7.474720000000000000e+05
7.494830000000000000e+05
7.515490000000000000e+05
7.534740000000000000e+05
7.556250000000000000e+05
7.577580000000000000e+05
7.596630000000000000e+05
7.617340000000000000e+05
7.637230000000000000e+05
7.658660000000000000e+05
7.678800000000000000e+05
7.698800000000000000e+05
7.720240000000000000e+05
7.741260000000000000e+05
7.761350000000000000e+05
7.782350000000000000e+05
7.801980000000000000e+05
7.822060000000000000e+05
7.842650000000000000e+05
7.863390000000000000e+05
7.884410000000000000e+05
7.904510000000000000e+05
7.923060000000000000e+05
7.945490000000000000e+05
7.965920000000000000e+05
7.987110000000000000e+05
8.006050000000000000e+05
8.028090000000000000e+05
8.047340000000000000e+05
8.068540000000000000e+05
8.087870000000000000e+05
8.109720000000000000e+05
8.129420000000000000e+05
8.150690000000000000e+05
8.170650000000000000e+05
8.191180000000000000e+05
8.211980000000000000e+05
8.232660000000000000e+05
8.252220000000000000e+05
8.273740000000000000e+05
8.291520000000000000e+05
8.314670000000000000e+05
8.334810000000000000e+05
8.354570000000000000e+05
8.375590000000000000e+05
8.396100000000000000e+05
8.416540000000000000e+05
8.437400000000000000e+05
8.456480000000000000e+05
8.478700000000000000e+05
8.498890000000000000e+05
8.519130000000000000e+05
8.539380000000000000e+05
8.560510000000000000e+05
8.579750000000000000e+05
8.601580000000000000e+05
8.620750000000000000e+05
8.641460000000000000e+05
8.662580000000000000e+05
8.683380000000000000e+05
8.702600000000000000e+05
8.721970000000000000e+05
8.742880000000000000e+05
8.764440000000000000e+05
8.784430000000000000e+05
8.805840000000000000e+05
8.825070000000000000e+05
8.847360000000000000e+05
8.867070000000000000e+05
8.887640000000000000e+05
8.908590000000000000e+05
8.927980000000000000e+05
8.948260000000000000e+05
8.968880000000000000e+05
8.990400000000000000e+05
9.009570000000000000e+05
9.029910000000000000e+05
9.051830000000000000e+05
9.072500000000000000e+05
9.093040000000000000e+05
9.112690000000000000e+05
9.133660000000000000e+05
9.153180000000000000e+05
9.174040000000000000e+05
9.194310000000000000e+05
9.214820000000000000e+05
9.236090000000000000e+05
9.256300000000000000e+05
9.276240000000000000e+05
9.295680000000000000e+05
9.317500000000000000e+05
9.337750000000000000e+05
9.357350000000000000e+05
9.379420000000000000e+05
9.399450000000000000e+05
9.419740000000000000e+05
9.440630000000000000e+05
9.461640000000000000e+05
9.481780000000000000e+05
9.502320000000000000e+05
9.522310000000000000e+05
9.543350000000000000e+05
9.561950000000000000e+05
9.583230000000000000e+05
9.604760000000000000e+05
9.623580000000000000e+05
9.645120000000000000e+05
9.665220000000000000e+05
9.686550000000000000e+05
9.707040000000000000e+05
9.726110000000000000e+05
9.747910000000000000e+05
9.768050000000000000e+05
9.789180000000000000e+05
9.809500000000000000e+05
9.830280000000000000e+05
9.848180000000000000e+05
9.870450000000000000e+05
9.890610000000000000e+05
9.910870000000000000e+05
9.930580000000000000e+05
9.952980000000000000e+05
9.972310000000000000e+05
9.993830000000000000e+05
1.001262000000000000e+06
1.003230000000000000e+06
1.005546000000000000e+06
1.007587000000000000e+06
1.009515000000000000e+06
1.011585000000000000e+06
1.013720000000000000e+06
1.015747000000000000e+06
1.017832000000000000e+06
1.019872000000000000e+06
1.021902000000000000e+06
1.023942000000000000e+06
1.025956000000000000e+06
1.027993000000000000e+06
1.029867000000000000e+06
1.032064000000000000e+06
1.034210000000000000e+06
1.036216000000000000e+06
1.038088000000000000e+06
1.040265000000000000e+06
1.042352000000000000e+06
1.044312000000000000e+06
1.046439000000000000e+06
1.048543000000000000e+06
1.050569000000000000e+06
1.052465000000000000e+06
1.054620000000000000e+06
1.056684000000000000e+06
1.058800000000000000e+06
1.060757000000000000e+06
1.062767000000000000e+06
1.064764000000000000e+06
1.066983000000000000e+06
1.069035000000000000e+06
1.070980000000000000e+06
1.073132000000000000e+06
1.075189000000000000e+06
1.077221000000000000e+06
1.079081000000000000e+06
1.081329000000000000e+06
1.083353000000000000e+06
1.085321000000000000e+06
1.087481000000000000e+06
1.089520000000000000e+06
1.091482000000000000e+06
1.093581000000000000e+06
1.095462000000000000e+06
1.097586000000000000e+06
1.099651000000000000e+06
1.101585000000000000e+06
1.103847000000000000e+06
1.105907000000000000e+06
1.107968000000000000e+06
1.109776000000000000e+06
1.111978000000000000e+06
1.113984000000000000e+06
1.115965000000000000e+06
1.118102000000000000e+06
1.120168000000000000e+06
1.121967000000000000e+06
1.124305000000000000e+06
1.126255000000000000e+06
1.128356000000000000e+06
1.130374000000000000e+06
1.132360000000000000e+06
1.134477000000000000e+06
1.136613000000000000e+06
1.138558000000000000e+06
1.140575000000000000e+06
1.142736000000000000e+06
1.144492000000000000e+06
1.146782000000000000e+06
1.148920000000000000e+06
1.150867000000000000e+06
1.152916000000000000e+06
1.155012000000000000e+06
1.156993000000000000e+06
1.159108000000000000e+06
1.161023000000000000e+06
1.163159000000000000e+06
1.165196000000000000e+06
1.167213000000000000e+06
1.169162000000000000e+06
1.171246000000000000e+06
1.173237000000000000e+06
1.175537000000000000e+06
1.177464000000000000e+06
1.179557000000000000e+06
1.181553000000000000e+06
1.183652000000000000e+06
1.185777000000000000e+06
1.187703000000000000e+06
1.189851000000000000e+06
1.191835000000000000e+06
1.193834000000000000e+06
1.195918000000000000e+06
1.198020000000000000e+06
1.199949000000000000e+06
1.202003000000000000e+06
1.204015000000000000e+06
1.206115000000000000e+06
1.208162000000000000e+06
1.210313000000000000e+06
1.212346000000000000e+06
1.214373000000000000e+06
1.216439000000000000e+06
1.218547000000000000e+06
1.220175000000000000e+06
1.222614000000000000e+06
1.224605000000000000e+06
1.226620000000000000e+06
1.228611000000000000e+06
1.230704000000000000e+06
1.232855000000000000e+06
1.234940000000000000e+06
1.236941000000000000e+06
1.238871000000000000e+06
1.240937000000000000e+06
1.243076000000000000e+06
1.245042000000000000e+06
1.247180000000000000e+06
1.249036000000000000e+06
1.251281000000000000e+06
1.253183000000000000e+06
1.255415000000000000e+06
1.257432000000000000e+06
1.259504000000000000e+06
1.261339000000000000e+06
1.263584000000000000e+06
1.265312000000000000e+06
1.267711000000000000e+06
1.269492000000000000e+06
1.271804000000000000e+06
1.273850000000000000e+06
1.275787000000000000e+06
1.277866000000000000e+06
1.279848000000000000e+06
1.281896000000000000e+06
1.284050000000000000e+06
1.286019000000000000e+06
1.288137000000000000e+06
1.290151000000000000e+06
1.292214000000000000e+06
1.294185000000000000e+06
1.296337000000000000e+06
1.298333000000000000e+06
1.300427000000000000e+06
1.302468000000000000e+06
1.304394000000000000e+06
1.306430000000000000e+06
1.308635000000000000e+06
1.310610000000000000e+06
1.312604000000000000e+06
1.314710000000000000e+06
1.316666000000000000e+06
1.318707000000000000e+06
1.320939000000000000e+06
1.322853000000000000e+06
1.325042000000000000e+06
1.327005000000000000e+06
1.329023000000000000e+06
1.331071000000000000e+06
1.333160000000000000e+06
1.335203000000000000e+06
1.337091000000000000e+06
1.339352000000000000e+06
1.341187000000000000e+06
1.343166000000000000e+06
1.345398000000000000e+06
1.347330000000000000e+06
1.349481000000000000e+06
1.351553000000000000e+06
1.353714000000000000e+06
1.355523000000000000e+06
1.357754000000000000e+06
1.359766000000000000e+06
1.361737000000000000e+06
1.363899000000000000e+06
1.365570000000000000e+06
1.367880000000000000e+06
1.370087000000000000e+06
1.372080000000000000e+06
1.374127000000000000e+06
1.376086000000000000e+06
1.377995000000000000e+06
1.380166000000000000e+06
1.382306000000000000e+06
1.384225000000000000e+06
1.386398000000000000e+06
1.388497000000000000e+06
1.390452000000000000e+06
1.392475000000000000e+06
1.394600000000000000e+06
1.396708000000000000e+06
1.398756000000000000e+06
1.400611000000000000e+06
1.402868000000000000e+06
1.404825000000000000e+06
1.406735000000000000e+06
1.408955000000000000e+06
1.411027000000000000e+06
1.413108000000000000e+06
1.415077000000000000e+06
1.417052000000000000e+06
1.419044000000000000e+06
1.421217000000000000e+06
1.423300000000000000e+06
1.425097000000000000e+06
1.427208000000000000e+06
1.429423000000000000e+06
1.431396000000000000e+06
1.433376000000000000e+06
1.435523000000000000e+06
1.437670000000000000e+06
1.439527000000000000e+06
1.441576000000000000e+06
1.443769000000000000e+06
1.445664000000000000e+06
1.447692000000000000e+06
1.449927000000000000e+06
1.452005000000000000e+06
1.453914000000000000e+06
1.455723000000000000e+06
1.458160000000000000e+06
1.460038000000000000e+06
1.462055000000000000e+06
1.464308000000000000e+06
1.466076000000000000e+06
1.468071000000000000e+06
1.470307000000000000e+06
1.472443000000000000e+06
1.474528000000000000e+06
1.476373000000000000e+06
1.478490000000000000e+06
1.480657000000000000e+06
1.482640000000000000e+06
1.484574000000000000e+06
1.486739000000000000e+06
1.488791000000000000e+06
1.490760000000000000e+06
1.492961000000000000e+06
1.494873000000000000e+06
1.496970000000000000e+06
1.498952000000000000e+06
1.501113000000000000e+06
1.503180000000000000e+06
1.505259000000000000e+06
1.507096000000000000e+06
1.509151000000000000e+06
1.511337000000000000e+06
1.513471000000000000e+06
1.515224000000000000e+06
1.517367000000000000e+06
1.519517000000000000e+06
1.521221000000000000e+06
1.523644000000000000e+06
1.525743000000000000e+06
1.527755000000000000e+06
1.529736000000000000e+06
1.531856000000000000e+06
1.533599000000000000e+06
1.535485000000000000e+06
1.537960000000000000e+06
1.540021000000000000e+06
1.542045000000000000e+06
1.544144000000000000e+06
1.545932000000000000e+06
1.548047000000000000e+06
1.550210000000000000e+06
1.552368000000000000e+06
1.554262000000000000e+06
1.556365000000000000e+06
1.558473000000000000e+06
1.560438000000000000e+06
1.562416000000000000e+06
1.564565000000000000e+06
1.566659000000000000e+06
1.568426000000000000e+06
1.570598000000000000e+06
1.572819000000000000e+06
1.574873000000000000e+06
1.576834000000000000e+06
1.578975000000000000e+06
1.580960000000000000e+06
1.582965000000000000e+06
1.585082000000000000e+06
1.587057000000000000e+06
1.589021000000000000e+06
1.591252000000000000e+06
1.593305000000000000e+06
1.595307000000000000e+06
1.597381000000000000e+06
1.599393000000000000e+06
1.601217000000000000e+06
1.603363000000000000e+06
1.605571000000000000e+06
1.607606000000000000e+06
1.609469000000000000e+06
1.611740000000000000e+06
1.613766000000000000e+06
1.615778000000000000e+06
1.617747000000000000e+06
1.619683000000000000e+06
1.621937000000000000e+06
1.623730000000000000e+06
1.626103000000000000e+06
1.628045000000000000e+06
1.630140000000000000e+06
1.631843000000000000e+06
1.634114000000000000e+06
1.636154000000000000e+06
1.638254000000000000e+06
1.640315000000000000e+06
1.642439000000000000e+06
1.644112000000000000e+06
1.646583000000000000e+06
1.648583000000000000e+06
1.650525000000000000e+06
1.652477000000000000e+06
1.654662000000000000e+06
1.656712000000000000e+06
1.658787000000000000e+06
1.660692000000000000e+06
1.662818000000000000e+06
1.664985000000000000e+06
1.666950000000000000e+06
1.668928000000000000e+06
1.671115000000000000e+06
1.673052000000000000e+06
1.675061000000000000e+06
1.677096000000000000e+06
1.679359000000000000e+06
1.681275000000000000e+06
1.683419000000000000e+06
1.685320000000000000e+06
1.687443000000000000e+06
1.689506000000000000e+06
1.691504000000000000e+06
1.693491000000000000e+06
1.695416000000000000e+06
1.697413000000000000e+06
1.699746000000000000e+06
1.701705000000000000e+06
1.703936000000000000e+06
1.705860000000000000e+06
1.707955000000000000e+06
1.710058000000000000e+06
1.711966000000000000e+06
1.714076000000000000e+06
1.716151000000000000e+06
1.718224000000000000e+06
1.720215000000000000e+06
1.722161000000000000e+06
1.724163000000000000e+06
1.726264000000000000e+06
1.728424000000000000e+06
1.730453000000000000e+06
1.732362000000000000e+06
1.734485000000000000e+06
1.736574000000000000e+06
1.738742000000000000e+06
1.740760000000000000e+06
1.742735000000000000e+06
1.744530000000000000e+06
1.746788000000000000e+06
1.748892000000000000e+06
1.750880000000000000e+06
1.752916000000000000e+06
1.754877000000000000e+06
1.757109000000000000e+06
1.759067000000000000e+06
1.761185000000000000e+06
1.763136000000000000e+06
1.765213000000000000e+06
1.767156000000000000e+06
1.769208000000000000e+06
1.771474000000000000e+06
1.773319000000000000e+06
1.775429000000000000e+06
1.777606000000000000e+06
1.779711000000000000e+06
1.781695000000000000e+06
1.783711000000000000e+06
1.785856000000000000e+06
1.787487000000000000e+06
1.789947000000000000e+06
1.791994000000000000e+06
1.794000000000000000e+06
1.795958000000000000e+06
1.798083000000000000e+06
1.800090000000000000e+06
1.802169000000000000e+06
1.804236000000000000e+06
1.806005000000000000e+06
1.808330000000000000e+06
1.810330000000000000e+06
1.812426000000000000e+06
1.814400000000000000e+06
1.816551000000000000e+06
1.818368000000000000e+06
1.820348000000000000e+06
1.822547000000000000e+06
1.824756000000000000e+06
1.826303000000000000e+06
1.828848000000000000e+06
1.830858000000000000e+06
1.832856000000000000e+06
1.834756000000000000e+06
1.836988000000000000e+06
1.838924000000000000e+06
1.840996000000000000e+06
1.842959000000000000e+06
1.845114000000000000e+06
1.847029000000000000e+06
1.849281000000000000e+06
1.851044000000000000e+06
1.853425000000000000e+06
1.855313000000000000e+06
1.857535000000000000e+06
1.859393000000000000e+06
1.861435000000000000e+06
1.863671000000000000e+06
1.865685000000000000e+06
1.867643000000000000e+06
1.869678000000000000e+06
1.871566000000000000e+06
1.873877000000000000e+06
1.875860000000000000e+06
1.877985000000000000e+06
1.879889000000000000e+06
1.881872000000000000e+06
1.884153000000000000e+06
1.886126000000000000e+06
1.888195000000000000e+06
1.890289000000000000e+06
1.892331000000000000e+06
1.894287000000000000e+06
1.896440000000000000e+06
1.898480000000000000e+06
1.900330000000000000e+06
1.902557000000000000e+06
1.904640000000000000e+06
1.906629000000000000e+06
1.908683000000000000e+06
1.910760000000000000e+06
1.912635000000000000e+06
1.914657000000000000e+06
1.916675000000000000e+06
1.918906000000000000e+06
1.920953000000000000e+06
1.922902000000000000e+06
1.925098000000000000e+06
1.927096000000000000e+06
1.929209000000000000e+06
1.930983000000000000e+06
1.933018000000000000e+06
1.935327000000000000e+06
1.937328000000000000e+06
1.939376000000000000e+06
1.941456000000000000e+06
1.943479000000000000e+06
1.945401000000000000e+06
1.947427000000000000e+06
1.949658000000000000e+06
1.951547000000000000e+06
1.953743000000000000e+06
1.955603000000000000e+06
1.957695000000000000e+06
1.959926000000000000e+06
1.961927000000000000e+06
1.963988000000000000e+06
1.965928000000000000e+06
1.968044000000000000e+06
1.970098000000000000e+06
1.972077000000000000e+06
1.974163000000000000e+06
1.976003000000000000e+06
1.978336000000000000e+06
1.980353000000000000e+06
1.982314000000000000e+06
1.984381000000000000e+06
1.986410000000000000e+06
1.988604000000000000e+06
1.990525000000000000e+06
1.992414000000000000e+06
1.994549000000000000e+06
1.996787000000000000e+06
1.998635000000000000e+06
2.000792000000000000e+06
