2.041000000000000000e+03
4.078000000000000000e+03
6.133000000000000000e+03
8.130000000000000000e+03
1.018700000000000000e+04
1.226300000000000000e+04
1.428300000000000000e+04
1.629100000000000000e+04
1.837900000000000000e+04
2.046500000000000000e+04
2.251900000000000000e+04
2.452600000000000000e+04
2.657200000000000000e+04
2.862000000000000000e+04
3.071800000000000000e+04
3.268900000000000000e+04
3.468900000000000000e+04
3.675900000000000000e+04
3.886100000000000000e+04
4.092400000000000000e+04
4.290600000000000000e+04
4.499700000000000000e+04
4.694100000000000000e+04
4.904700000000000000e+04
5.110500000000000000e+04
5.303800000000000000e+04
5.522100000000000000e+04
5.708700000000000000e+04
5.922300000000000000e+04
6.142300000000000000e+04
6.344100000000000000e+04
6.544600000000000000e+04
6.755700000000000000e+04
6.943900000000000000e+04
7.160400000000000000e+04
7.368900000000000000e+04
7.567800000000000000e+04
7.766000000000000000e+04
7.968500000000000000e+04
8.176100000000000000e+04
8.376000000000000000e+04
8.597900000000000000e+04
8.796200000000000000e+04
9.010500000000000000e+04
9.203700000000000000e+04
9.414000000000000000e+04
9.609700000000000000e+04
9.829400000000000000e+04
1.002950000000000000e+05
1.022370000000000000e+05
1.043620000000000000e+05
1.063750000000000000e+05
1.084130000000000000e+05
1.104200000000000000e+05
1.125890000000000000e+05
1.146260000000000000e+05
1.165560000000000000e+05
1.187280000000000000e+05
1.206410000000000000e+05
1.226340000000000000e+05
1.247250000000000000e+05
1.269270000000000000e+05
1.289130000000000000e+05
1.309430000000000000e+05
1.330710000000000000e+05
1.351080000000000000e+05
1.371070000000000000e+05
1.391500000000000000e+05
1.412910000000000000e+05
1.431870000000000000e+05
1.453410000000000000e+05
1.472830000000000000e+05
1.494470000000000000e+05
1.513780000000000000e+05
1.534270000000000000e+05
1.554820000000000000e+05
1.576210000000000000e+05
1.596980000000000000e+05
1.616310000000000000e+05
1.636990000000000000e+05
1.657470000000000000e+05
1.678490000000000000e+05
1.699430000000000000e+05
1.720290000000000000e+05
1.740470000000000000e+05
1.760140000000000000e+05
1.780270000000000000e+05
1.802090000000000000e+05
1.822420000000000000e+05
1.842060000000000000e+05
1.861690000000000000e+05
1.883450000000000000e+05
1.902790000000000000e+05
1.924870000000000000e+05
1.943910000000000000e+05
1.965510000000000000e+05
1.986450000000000000e+05
2.005550000000000000e+05
2.026270000000000000e+05
2.047720000000000000e+05
2.068350000000000000e+05
2.088020000000000000e+05
2.107700000000000000e+05
2.129240000000000000e+05
2.147820000000000000e+05
2.170010000000000000e+05
2.189290000000000000e+05
2.210950000000000000e+05
2.229760000000000000e+05
2.250830000000000000e+05
2.270950000000000000e+05
2.292380000000000000e+05
2.312510000000000000e+05
2.332470000000000000e+05
2.353370000000000000e+05
2.375490000000000000e+05
2.395740000000000000e+05
2.415720000000000000e+05
2.436020000000000000e+05
2.456280000000000000e+05
2.477030000000000000e+05
2.496990000000000000e+05
2.517380000000000000e+05
2.537330000000000000e+05
2.558360000000000000e+05
2.578570000000000000e+05
2.598390000000000000e+05
2.620000000000000000e+05
2.641100000000000000e+05
2.660860000000000000e+05
2.682820000000000000e+05
2.701180000000000000e+05
2.720940000000000000e+05
2.742160000000000000e+05
2.763390000000000000e+05
2.783690000000000000e+05
2.801240000000000000e+05
2.825590000000000000e+05
2.843940000000000000e+05
2.864830000000000000e+05
2.885460000000000000e+05
2.907630000000000000e+05
2.925970000000000000e+05
2.947510000000000000e+05
2.968910000000000000e+05
2.987710000000000000e+05
3.009870000000000000e+05
3.029710000000000000e+05
3.049620000000000000e+05
3.069610000000000000e+05
3.089310000000000000e+05
3.109630000000000000e+05
3.132920000000000000e+05
3.148180000000000000e+05
3.173220000000000000e+05
3.194840000000000000e+05
3.214790000000000000e+05
3.234880000000000000e+05
3.254610000000000000e+05
3.274850000000000000e+05
3.295820000000000000e+05
3.315330000000000000e+05
3.337550000000000000e+05
3.357780000000000000e+05
3.375220000000000000e+05
3.395290000000000000e+05
3.414210000000000000e+05
3.437040000000000000e+05
3.460140000000000000e+05
3.481260000000000000e+05
3.494410000000000000e+05
3.522160000000000000e+05
3.542910000000000000e+05
3.563410000000000000e+05
3.583340000000000000e+05
3.602110000000000000e+05
3.624510000000000000e+05
3.643860000000000000e+05
3.656600000000000000e+05
3.677780000000000000e+05
3.701190000000000000e+05
3.722670000000000000e+05
3.746860000000000000e+05
3.764220000000000000e+05
3.787320000000000000e+05
3.807720000000000000e+05
3.828020000000000000e+05
3.846680000000000000e+05
3.864710000000000000e+05
3.888010000000000000e+05
3.911130000000000000e+05
3.928860000000000000e+05
3.949200000000000000e+05
3.970800000000000000e+05
3.993260000000000000e+05
4.013960000000000000e+05
4.029950000000000000e+05
4.053420000000000000e+05
4.072160000000000000e+05
4.095190000000000000e+05
4.114030000000000000e+05
4.135680000000000000e+05
4.156920000000000000e+05
4.175370000000000000e+05
4.197060000000000000e+05
4.217920000000000000e+05
4.239260000000000000e+05
4.253250000000000000e+05
4.276890000000000000e+05
4.300440000000000000e+05
4.318700000000000000e+05
4.340540000000000000e+05
4.362170000000000000e+05
4.377680000000000000e+05
4.394560000000000000e+05
4.421190000000000000e+05
4.441260000000000000e+05
4.463810000000000000e+05
4.484360000000000000e+05
4.498930000000000000e+05
4.525920000000000000e+05
4.545920000000000000e+05
4.564420000000000000e+05
4.581100000000000000e+05
4.601100000000000000e+05
4.627270000000000000e+05
4.648510000000000000e+05
4.667150000000000000e+05
4.683550000000000000e+05
4.701450000000000000e+05
4.729130000000000000e+05
4.741930000000000000e+05
4.770050000000000000e+05
4.790050000000000000e+05
4.802900000000000000e+05
4.828340000000000000e+05
4.850000000000000000e+05
4.870240000000000000e+05
4.886770000000000000e+05
4.914010000000000000e+05
4.934010000000000000e+05
4.955910000000000000e+05
4.969490000000000000e+05
4.995820000000000000e+05
5.011110000000000000e+05
5.037220000000000000e+05
5.051240000000000000e+05
5.069160000000000000e+05
5.096310000000000000e+05
5.119350000000000000e+05
5.132540000000000000e+05
5.160890000000000000e+05
5.179780000000000000e+05
5.198510000000000000e+05
5.218940000000000000e+05
5.241070000000000000e+05
5.261080000000000000e+05
5.279560000000000000e+05
5.300170000000000000e+05
5.322920000000000000e+05
5.342350000000000000e+05
5.364090000000000000e+05
5.383600000000000000e+05
5.403600000000000000e+05
5.425070000000000000e+05
5.446290000000000000e+05
5.467490000000000000e+05
5.481200000000000000e+05
5.501140000000000000e+05
5.528810000000000000e+05
5.549100000000000000e+05
5.568030000000000000e+05
5.590200000000000000e+05
5.609230000000000000e+05
5.630040000000000000e+05
5.644370000000000000e+05
5.671760000000000000e+05
5.686270000000000000e+05
5.709500000000000000e+05
5.726720000000000000e+05
5.748860000000000000e+05
5.773140000000000000e+05
5.791690000000000000e+05
5.811690000000000000e+05
5.832900000000000000e+05
5.852770000000000000e+05
5.877600000000000000e+05
5.893070000000000000e+05
5.909570000000000000e+05
5.929570000000000000e+05
5.956870000000000000e+05
5.974750000000000000e+05
5.998070000000000000e+05
6.018070000000000000e+05
6.038070000000000000e+05
6.059450000000000000e+05
6.082530000000000000e+05
6.095740000000000000e+05
6.118020000000000000e+05
6.141050000000000000e+05
6.161050000000000000e+05
6.181050000000000000e+05
6.201050000000000000e+05
6.221050000000000000e+05
6.241050000000000000e+05
6.263390000000000000e+05
6.281380000000000000e+05
6.305490000000000000e+05
6.322940000000000000e+05
6.345800000000000000e+05
6.369050000000000000e+05
6.389050000000000000e+05
6.406130000000000000e+05
6.428890000000000000e+05
6.446320000000000000e+05
6.469190000000000000e+05
6.485700000000000000e+05
6.505700000000000000e+05
6.525700000000000000e+05
6.548180000000000000e+05
6.565280000000000000e+05
6.591530000000000000e+05
6.614850000000000000e+05
6.631670000000000000e+05
6.651290000000000000e+05
6.671290000000000000e+05
6.694120000000000000e+05
6.710460000000000000e+05
6.734110000000000000e+05
6.750140000000000000e+05
6.769570000000000000e+05
6.797800000000000000e+05
6.819460000000000000e+05
6.833120000000000000e+05
6.853120000000000000e+05
6.878550000000000000e+05
6.893500000000000000e+05
6.913500000000000000e+05
6.938450000000000000e+05
6.960980000000000000e+05
6.980980000000000000e+05
7.004070000000000000e+05
7.022460000000000000e+05
7.042460000000000000e+05
7.056420000000000000e+05
7.086070000000000000e+05
7.106070000000000000e+05
7.126070000000000000e+05
7.146070000000000000e+05
7.162450000000000000e+05
7.182450000000000000e+05
7.205580000000000000e+05
7.228830000000000000e+05
7.249210000000000000e+05
7.265470000000000000e+05
7.290070000000000000e+05
7.310130000000000000e+05
7.324250000000000000e+05
7.342570000000000000e+05
7.372570000000000000e+05
7.392570000000000000e+05
7.412570000000000000e+05
7.432570000000000000e+05
7.452570000000000000e+05
7.473340000000000000e+05
7.490420000000000000e+05
7.510420000000000000e+05
7.535670000000000000e+05
7.548590000000000000e+05
7.570610000000000000e+05
7.592070000000000000e+05
7.617430000000000000e+05
7.629200000000000000e+05
7.659000000000000000e+05
7.671140000000000000e+05
7.694410000000000000e+05
7.714410000000000000e+05
7.732710000000000000e+05
7.752710000000000000e+05
7.777660000000000000e+05
7.797660000000000000e+05
7.815100000000000000e+05
7.839530000000000000e+05
7.861190000000000000e+05
7.878120000000000000e+05
7.898120000000000000e+05
7.921180000000000000e+05
7.939080000000000000e+05
7.965810000000000000e+05
7.985810000000000000e+05
8.007090000000000000e+05
8.020460000000000000e+05
8.045930000000000000e+05
8.065930000000000000e+05
8.082210000000000000e+05
8.103160000000000000e+05
8.125060000000000000e+05
8.149800000000000000e+05
8.169800000000000000e+05
8.186450000000000000e+05
8.206450000000000000e+05
8.226450000000000000e+05
8.243760000000000000e+05
8.273550000000000000e+05
8.287150000000000000e+05
8.309290000000000000e+05
8.333350000000000000e+05
8.353350000000000000e+05
8.373590000000000000e+05
8.396760000000000000e+05
8.408960000000000000e+05
8.432290000000000000e+05
8.453600000000000000e+05
8.473600000000000000e+05
8.496280000000000000e+05
8.516280000000000000e+05
8.536280000000000000e+05
8.555020000000000000e+05
8.576550000000000000e+05
8.594160000000000000e+05
8.612270000000000000e+05
8.634840000000000000e+05
8.657120000000000000e+05
8.677210000000000000e+05
8.702340000000000000e+05
8.722340000000000000e+05
8.742340000000000000e+05
8.765400000000000000e+05
8.778990000000000000e+05
8.802470000000000000e+05
8.823730000000000000e+05
8.841150000000000000e+05
8.864350000000000000e+05
8.879000000000000000e+05
8.899030000000000000e+05
8.922650000000000000e+05
8.946800000000000000e+05
8.967730000000000000e+05
8.987730000000000000e+05
9.004340000000000000e+05
9.022240000000000000e+05
9.047440000000000000e+05
9.065260000000000000e+05
9.091370000000000000e+05
9.111010000000000000e+05
9.133590000000000000e+05
9.148460000000000000e+05
9.173980000000000000e+05
9.188050000000000000e+05
9.208700000000000000e+05
9.231450000000000000e+05
9.255570000000000000e+05
9.273510000000000000e+05
9.292750000000000000e+05
9.310020000000000000e+05
9.337830000000000000e+05
9.356520000000000000e+05
9.376520000000000000e+05
9.396520000000000000e+05
9.415590000000000000e+05
9.435590000000000000e+05
9.455590000000000000e+05
9.479040000000000000e+05
9.499040000000000000e+05
9.522220000000000000e+05
9.536960000000000000e+05
9.556370000000000000e+05
9.582760000000000000e+05
9.600080000000000000e+05
9.620080000000000000e+05
9.642530000000000000e+05
9.662530000000000000e+05
9.684550000000000000e+05
9.704550000000000000e+05
9.719610000000000000e+05
9.743740000000000000e+05
9.763740000000000000e+05
9.784250000000000000e+05
9.804250000000000000e+05
9.824250000000000000e+05
9.847040000000000000e+05
9.868880000000000000e+05
9.885980000000000000e+05
9.910540000000000000e+05
9.923870000000000000e+05
9.948350000000000000e+05
9.970300000000000000e+05
9.993750000000000000e+05
1.001375000000000000e+06
1.003064000000000000e+06
1.005064000000000000e+06
1.007340000000000000e+06
1.009340000000000000e+06
1.011102000000000000e+06
1.013102000000000000e+06
1.015102000000000000e+06
1.017824000000000000e+06
1.019234000000000000e+06
1.021234000000000000e+06
1.023234000000000000e+06
1.025653000000000000e+06
1.027420000000000000e+06
1.029767000000000000e+06
1.031905000000000000e+06
1.034156000000000000e+06
1.035921000000000000e+06
1.037746000000000000e+06
1.039911000000000000e+06
1.041911000000000000e+06
1.044116000000000000e+06
1.046042000000000000e+06
1.048348000000000000e+06
1.050417000000000000e+06
1.052468000000000000e+06
1.054090000000000000e+06
1.056354000000000000e+06
1.058734000000000000e+06
1.060193000000000000e+06
1.062429000000000000e+06
1.064377000000000000e+06
1.066662000000000000e+06
1.068076000000000000e+06
1.070356000000000000e+06
1.072867000000000000e+06
1.074539000000000000e+06
1.076320000000000000e+06
1.078735000000000000e+06
1.080928000000000000e+06
1.083332000000000000e+06
1.085415000000000000e+06
1.086723000000000000e+06
1.089460000000000000e+06
1.091460000000000000e+06
1.093592000000000000e+06
1.095403000000000000e+06
1.097257000000000000e+06
1.099348000000000000e+06
1.101211000000000000e+06
1.103447000000000000e+06
1.105664000000000000e+06
1.107476000000000000e+06
1.109299000000000000e+06
1.111711000000000000e+06
1.113826000000000000e+06
1.115895000000000000e+06
1.117882000000000000e+06
1.119336000000000000e+06
1.121336000000000000e+06
1.124336000000000000e+06
1.126336000000000000e+06
1.128336000000000000e+06
1.129795000000000000e+06
1.131795000000000000e+06
1.133795000000000000e+06
1.136314000000000000e+06
1.138314000000000000e+06
1.140600000000000000e+06
1.142600000000000000e+06
1.144760000000000000e+06
1.146760000000000000e+06
1.148760000000000000e+06
1.150056000000000000e+06
1.152056000000000000e+06
1.154932000000000000e+06
1.156932000000000000e+06
1.158883000000000000e+06
1.160883000000000000e+06
1.162623000000000000e+06
1.164623000000000000e+06
1.166623000000000000e+06
1.169363000000000000e+06
1.171361000000000000e+06
1.173216000000000000e+06
1.174682000000000000e+06
1.176682000000000000e+06
1.178950000000000000e+06
1.181283000000000000e+06
1.183412000000000000e+06
1.185412000000000000e+06
1.187673000000000000e+06
1.189556000000000000e+06
1.191521000000000000e+06
1.193962000000000000e+06
1.195369000000000000e+06
1.197126000000000000e+06
1.200126000000000000e+06
1.201577000000000000e+06
1.203577000000000000e+06
1.205577000000000000e+06
1.207577000000000000e+06
1.209756000000000000e+06
1.211968000000000000e+06
1.213572000000000000e+06
1.215572000000000000e+06
1.218028000000000000e+06
1.220028000000000000e+06
1.222028000000000000e+06
1.224028000000000000e+06
1.226341000000000000e+06
1.228036000000000000e+06
1.230458000000000000e+06
1.232894000000000000e+06
1.234894000000000000e+06
1.236312000000000000e+06
1.238292000000000000e+06
1.241001000000000000e+06
1.243001000000000000e+06
1.244250000000000000e+06
1.246250000000000000e+06
1.248517000000000000e+06
1.251155000000000000e+06
1.253155000000000000e+06
1.255155000000000000e+06
1.257155000000000000e+06
1.259485000000000000e+06
1.260739000000000000e+06
1.263250000000000000e+06
1.264815000000000000e+06
1.267686000000000000e+06
1.269619000000000000e+06
1.271728000000000000e+06
1.273728000000000000e+06
1.275742000000000000e+06
1.277448000000000000e+06
1.279448000000000000e+06
1.281913000000000000e+06
1.283116000000000000e+06
1.285973000000000000e+06
1.287708000000000000e+06
1.289708000000000000e+06
1.291708000000000000e+06
1.293400000000000000e+06
1.296106000000000000e+06
1.297813000000000000e+06
1.300115000000000000e+06
1.301807000000000000e+06
1.304190000000000000e+06
1.306614000000000000e+06
1.307899000000000000e+06
1.310012000000000000e+06
1.312550000000000000e+06
1.314597000000000000e+06
1.316590000000000000e+06
1.318208000000000000e+06
1.320208000000000000e+06
1.322208000000000000e+06
1.324230000000000000e+06
1.326875000000000000e+06
1.328875000000000000e+06
1.331058000000000000e+06
1.333058000000000000e+06
1.334975000000000000e+06
1.337150000000000000e+06
1.339150000000000000e+06
1.341096000000000000e+06
1.342914000000000000e+06
1.345013000000000000e+06
1.347148000000000000e+06
1.349148000000000000e+06
1.351148000000000000e+06
1.353148000000000000e+06
1.355626000000000000e+06
1.357316000000000000e+06
1.359679000000000000e+06
1.361654000000000000e+06
1.363654000000000000e+06
1.365400000000000000e+06
1.367400000000000000e+06
1.369280000000000000e+06
1.371280000000000000e+06
1.373280000000000000e+06
1.375280000000000000e+06
1.378190000000000000e+06
1.380190000000000000e+06
1.382190000000000000e+06
1.384147000000000000e+06
1.386451000000000000e+06
1.388360000000000000e+06
1.390360000000000000e+06
1.392360000000000000e+06
1.394446000000000000e+06
1.396446000000000000e+06
1.398641000000000000e+06
1.399979000000000000e+06
1.401979000000000000e+06
1.404330000000000000e+06
1.406330000000000000e+06
1.408232000000000000e+06
1.410232000000000000e+06
1.412518000000000000e+06
1.415029000000000000e+06
1.416243000000000000e+06
1.418735000000000000e+06
1.420934000000000000e+06
1.423012000000000000e+06
1.424641000000000000e+06
1.427028000000000000e+06
1.428584000000000000e+06
1.430584000000000000e+06
1.433584000000000000e+06
1.435263000000000000e+06
1.437263000000000000e+06
1.439263000000000000e+06
1.441493000000000000e+06
1.443493000000000000e+06
1.445883000000000000e+06
1.447909000000000000e+06
1.449982000000000000e+06
1.451311000000000000e+06
1.453311000000000000e+06
1.455311000000000000e+06
1.457311000000000000e+06
1.459311000000000000e+06
1.461591000000000000e+06
1.463591000000000000e+06
1.465951000000000000e+06
1.467951000000000000e+06
1.470050000000000000e+06
1.472050000000000000e+06
1.473733000000000000e+06
1.475853000000000000e+06
1.477853000000000000e+06
1.480117000000000000e+06
1.482117000000000000e+06
1.484456000000000000e+06
1.486456000000000000e+06
1.488789000000000000e+06
1.490791000000000000e+06
1.492948000000000000e+06
1.494948000000000000e+06
1.496478000000000000e+06
1.498876000000000000e+06
1.500876000000000000e+06
1.503071000000000000e+06
1.504915000000000000e+06
1.507149000000000000e+06
1.509149000000000000e+06
1.511149000000000000e+06
1.513149000000000000e+06
1.515149000000000000e+06
1.517040000000000000e+06
1.518862000000000000e+06
1.521537000000000000e+06
1.522764000000000000e+06
1.524764000000000000e+06
1.527764000000000000e+06
1.529764000000000000e+06
1.530963000000000000e+06
1.532963000000000000e+06
1.535553000000000000e+06
1.537509000000000000e+06
1.539864000000000000e+06
1.541280000000000000e+06
1.543280000000000000e+06
1.545873000000000000e+06
1.547873000000000000e+06
1.549873000000000000e+06
1.552125000000000000e+06
1.553919000000000000e+06
1.555919000000000000e+06
1.558182000000000000e+06
1.560182000000000000e+06
1.562182000000000000e+06
1.564124000000000000e+06
1.566639000000000000e+06
1.568759000000000000e+06
1.570700000000000000e+06
1.572446000000000000e+06
1.574446000000000000e+06
1.576844000000000000e+06
1.578682000000000000e+06
1.580682000000000000e+06
1.582429000000000000e+06
1.584749000000000000e+06
1.586749000000000000e+06
1.588716000000000000e+06
1.591041000000000000e+06
1.593041000000000000e+06
1.595041000000000000e+06
1.596591000000000000e+06
1.599298000000000000e+06
1.601298000000000000e+06
1.603298000000000000e+06
1.605478000000000000e+06
1.606792000000000000e+06
1.609049000000000000e+06
1.611585000000000000e+06
1.613036000000000000e+06
1.615036000000000000e+06
1.617516000000000000e+06
1.619659000000000000e+06
1.621701000000000000e+06
1.623600000000000000e+06
1.625652000000000000e+06
1.627503000000000000e+06
1.629503000000000000e+06
1.632028000000000000e+06
1.634028000000000000e+06
1.635700000000000000e+06
1.637962000000000000e+06
1.640157000000000000e+06
1.641928000000000000e+06
1.644256000000000000e+06
1.646210000000000000e+06
1.648528000000000000e+06
1.650330000000000000e+06
1.652384000000000000e+06
1.654343000000000000e+06
1.656618000000000000e+06
1.657882000000000000e+06
1.660346000000000000e+06
1.662774000000000000e+06
1.664257000000000000e+06
1.666656000000000000e+06
1.668656000000000000e+06
1.670656000000000000e+06
1.672455000000000000e+06
1.674455000000000000e+06
1.676455000000000000e+06
1.678580000000000000e+06
1.680580000000000000e+06
1.682959000000000000e+06
1.685369000000000000e+06
1.686874000000000000e+06
1.689428000000000000e+06
1.691184000000000000e+06
1.693557000000000000e+06
1.695559000000000000e+06
1.697750000000000000e+06
1.699354000000000000e+06
1.701690000000000000e+06
1.703772000000000000e+06
1.705353000000000000e+06
1.707103000000000000e+06
1.709939000000000000e+06
1.711510000000000000e+06
1.713394000000000000e+06
1.715394000000000000e+06
1.717614000000000000e+06
1.719928000000000000e+06
1.721747000000000000e+06
1.723587000000000000e+06
1.725524000000000000e+06
1.728187000000000000e+06
1.730164000000000000e+06
1.731985000000000000e+06
1.734517000000000000e+06
1.736517000000000000e+06
1.738651000000000000e+06
1.739865000000000000e+06
1.742519000000000000e+06
1.744640000000000000e+06
1.746640000000000000e+06
1.748640000000000000e+06
1.750640000000000000e+06
1.752365000000000000e+06
1.754365000000000000e+06
1.757052000000000000e+06
1.758578000000000000e+06
1.760853000000000000e+06
1.762365000000000000e+06
1.765251000000000000e+06
1.767199000000000000e+06
1.769152000000000000e+06
1.771154000000000000e+06
1.772776000000000000e+06
1.775056000000000000e+06
1.776988000000000000e+06
1.778844000000000000e+06
1.780844000000000000e+06
1.782877000000000000e+06
1.785816000000000000e+06
1.787897000000000000e+06
1.789357000000000000e+06
1.791561000000000000e+06
1.794043000000000000e+06
1.795567000000000000e+06
1.797655000000000000e+06
1.799853000000000000e+06
1.801685000000000000e+06
1.803998000000000000e+06
1.805957000000000000e+06
1.807516000000000000e+06
1.810376000000000000e+06
1.812376000000000000e+06
1.814383000000000000e+06
1.815584000000000000e+06
1.818382000000000000e+06
1.819771000000000000e+06
1.822239000000000000e+06
1.824598000000000000e+06
1.826616000000000000e+06
1.828616000000000000e+06
1.830494000000000000e+06
1.832052000000000000e+06
1.834922000000000000e+06
1.836645000000000000e+06
1.838583000000000000e+06
1.840955000000000000e+06
1.842301000000000000e+06
1.844998000000000000e+06
1.846417000000000000e+06
1.849218000000000000e+06
1.851218000000000000e+06
1.853382000000000000e+06
1.855095000000000000e+06
1.856759000000000000e+06
1.858759000000000000e+06
1.861216000000000000e+06
1.863159000000000000e+06
1.865413000000000000e+06
1.867107000000000000e+06
1.868886000000000000e+06
1.871142000000000000e+06
1.873789000000000000e+06
1.875355000000000000e+06
1.877930000000000000e+06
1.879382000000000000e+06
1.881296000000000000e+06
1.883238000000000000e+06
1.885978000000000000e+06
1.888231000000000000e+06
1.890157000000000000e+06
1.891664000000000000e+06
1.893475000000000000e+06
1.895475000000000000e+06
1.898475000000000000e+06
1.900276000000000000e+06
1.902217000000000000e+06
1.904217000000000000e+06
1.905744000000000000e+06
1.908108000000000000e+06
1.910108000000000000e+06
1.912108000000000000e+06
1.914858000000000000e+06
1.916858000000000000e+06
1.918883000000000000e+06
1.920646000000000000e+06
1.922904000000000000e+06
1.924648000000000000e+06
1.927124000000000000e+06
1.928718000000000000e+06
1.930781000000000000e+06
1.932879000000000000e+06
1.934741000000000000e+06
1.936973000000000000e+06
1.938973000000000000e+06
1.940973000000000000e+06
1.943168000000000000e+06
1.945168000000000000e+06
1.946970000000000000e+06
1.949637000000000000e+06
1.951519000000000000e+06
1.953429000000000000e+06
1.955332000000000000e+06
1.957821000000000000e+06
1.959375000000000000e+06
1.961860000000000000e+06
1.963440000000000000e+06
1.965251000000000000e+06
1.967701000000000000e+06
1.969548000000000000e+06
1.971876000000000000e+06
1.974222000000000000e+06
1.975640000000000000e+06
1.977881000000000000e+06
1.979994000000000000e+06
1.982328000000000000e+06
1.984347000000000000e+06
1.986213000000000000e+06
1.988356000000000000e+06
1.990312000000000000e+06
1.992147000000000000e+06
1.994306000000000000e+06
1.996800000000000000e+06
1.998689000000000000e+06
2.000425000000000000e+06
