-6.032393514948910251e+02
-6.127295678742767677e+02
-5.771196791104207477e+02
-5.558306612444534949e+02
-5.390180888415694653e+02
-5.187249211833185427e+02
-5.090503520984709098e+02
-4.921842249530780009e+02
-4.762109308944985173e+02
-4.580377291190752658e+02
-4.418520413859429823e+02
-4.501092984649455389e+02
-4.487041941291830085e+02
-4.475881194639914611e+02
-4.428186126520761263e+02
-4.375053510420155476e+02
-4.314166795541116812e+02
-4.245296374326159707e+02
-4.175101288237935933e+02
-4.116589638691751247e+02
-4.027364958647461322e+02
-4.031933059517866695e+02
-4.023633882923923579e+02
-3.999823455117003164e+02
-3.969687513222637563e+02
-3.946142885573386820e+02
-3.946049769154301998e+02
-3.906942351519709860e+02
-3.848581115173004150e+02
-3.776893167836156522e+02
-3.729032760581781645e+02
-3.671177895000456033e+02
-3.646538870221857565e+02
-3.627389121325820724e+02
-3.590307723206676656e+02
-3.557623172530411466e+02
-3.513886682533845374e+02
-3.472689972771344173e+02
-3.422313814358329864e+02
-3.377304277740730640e+02
-3.327216492779319310e+02
-3.273410830015125157e+02
-3.231916155794312999e+02
-3.203173992493998412e+02
-3.158902436353598091e+02
-3.116867034985648957e+02
-3.080744373179757645e+02
-3.038716684413370217e+02
-2.990790082921833459e+02
-2.875993316920095140e+02
-2.763277777203475125e+02
-2.673630879264287614e+02
-2.535120858765887419e+02
-2.447914199956288712e+02
-2.352476798748080284e+02
-2.275380929101440870e+02
-2.204364282966015196e+02
-2.143048227073404348e+02
-2.094464604123205334e+02
-1.986004821977413428e+02
-1.866367432786234417e+02
-1.773095931017758176e+02
-1.631245360520662473e+02
-1.525148055619582976e+02
-1.418188074539496313e+02
-1.314010562001851667e+02
-1.213988422181016915e+02
-1.085380729196026124e+02
-9.581712397079439825e+01
-7.921244676262330131e+01
-6.196285405782983702e+01
-4.372150688853109557e+01
-2.582616438122714086e+01
-1.293224043898502451e+01
2.822665431567726646e+00
1.792379014946151372e+01
3.126920506779010012e+01
4.554632982286290854e+01
5.910509302347648486e+01
7.518459774999463718e+01
9.431565339301083384e+01
1.120729525305884096e+02
1.310613275080360722e+02
1.571622737126065203e+02
1.704857178032068248e+02
1.841888769717939454e+02
1.985723682033829789e+02
2.141031732037832853e+02
2.289332940137261971e+02
2.407813502536143915e+02
2.578628971981648306e+02
2.753304052377045537e+02
2.926916635336891659e+02
2.992730997495690985e+02
3.131122467977729116e+02
3.268226316135214233e+02
3.414329819777750572e+02
3.557368927114543453e+02
3.653306372476829438e+02
3.810580490659098132e+02
3.969676395122280042e+02
4.122998309858106722e+02
4.278927007517741004e+02
4.445421885851631600e+02
4.683419418461557484e+02
4.812530091423136014e+02
4.953223935923601857e+02
5.107593435252428549e+02
5.202688728127754985e+02
5.350452297858070096e+02
5.503424699446636623e+02
5.636464072567923722e+02
5.773471600776979358e+02
5.795231620221659341e+02
5.925750305649380607e+02
6.020577234499323822e+02
6.079241435955329962e+02
6.146242268365281234e+02
6.214948310075570816e+02
6.222633486983470448e+02
6.275752787426188206e+02
6.268545620001816587e+02
6.285254914614582731e+02
6.286761249621746401e+02
6.375075465192998081e+02
6.426479542274072401e+02
6.465728502844136756e+02
6.512358288459847699e+02
6.517373282198104789e+02
6.517377764952912003e+02
6.562257412169665258e+02
6.510755045976748079e+02
6.535204629159371734e+02
6.608568810398655842e+02
6.697505396760841450e+02
6.781688169036569889e+02
6.817783615167982134e+02
6.835077172500567713e+02
6.898550450080914516e+02
6.883477022425047380e+02
6.863899106958036782e+02
6.809284856071893728e+02
6.853317207764382601e+02
6.925070552644160671e+02
6.988588614572198594e+02
7.040490344289352151e+02
7.063981916691913057e+02
7.141100115445328811e+02
7.155110430923880358e+02
7.168555467176487355e+02
7.173549495526973487e+02
7.195893715521765444e+02
7.204312292971968645e+02
7.213800023955861889e+02
7.249188357976809129e+02
7.286883390851498916e+02
7.351468740049263033e+02
7.335903648120861362e+02
7.347794112899947550e+02
7.358730156782596623e+02
7.361274394437247111e+02
7.362660635767277881e+02
7.467749434362999637e+02
7.461413130794576318e+02
7.504238318210711896e+02
7.562367902001597031e+02
7.606005845510755989e+02
7.618587744653258369e+02
7.670307334100616572e+02
7.665730800703777277e+02
7.688112838464472816e+02
7.758395997532949195e+02
7.789542409245455019e+02
7.788597123957247277e+02
7.741882175203400038e+02
7.789961865655382098e+02
7.831032590912157048e+02
7.819917208589608890e+02
7.796732420943758370e+02
7.873722210722199861e+02
7.868569915290245262e+02
7.865337860965034906e+02
7.855252839742782953e+02
7.845893714493695370e+02
7.716698323100473544e+02
7.647700859102219511e+02
7.690311255953411091e+02
7.742267597655109057e+02
7.779620827390962177e+02
7.701630051913566604e+02
7.762065042279735962e+02
7.761507805114068788e+02
7.745600291167378373e+02
7.743368607106815489e+02
7.759604000699005155e+02
7.783281886528810674e+02
7.799343449647547004e+02
7.814795066873633687e+02
7.824060389002207785e+02
7.819412272233111025e+02
7.806615402359713016e+02
7.800961805273094569e+02
7.640346694311821238e+02
7.631914965274595488e+02
7.485786643066885517e+02
7.493993432860095254e+02
7.589069304223902463e+02
7.613096493346504303e+02
7.617847206659446329e+02
7.609699299900401002e+02
7.605706435825428571e+02
7.611616917267482449e+02
7.615257636720867822e+02
7.619999954049678763e+02
7.616543304579895448e+02
7.631339095333697742e+02
7.671976395392920267e+02
7.699278348856153116e+02
7.771338964941007816e+02
7.781730413291860486e+02
7.849892458496221934e+02
7.849585664249757428e+02
7.946773400020526879e+02
7.940612712535975106e+02
7.931696584322327226e+02
8.061991157675987552e+02
8.090137135148877405e+02
8.138903938461186272e+02
8.177252504376278921e+02
8.066996941443795777e+02
7.932701598917899446e+02
7.931244361436630470e+02
7.947542213766199666e+02
8.200858337199592825e+02
8.204271843973779141e+02
8.209993050022187617e+02
8.243583496885953537e+02
8.274228468333454884e+02
8.453040659708924522e+02
8.502918349650840355e+02
8.511474651982633759e+02
8.523757271996113332e+02
8.528232522338585113e+02
8.544416527388929126e+02
8.552316942131642463e+02
8.572842545506833858e+02
8.593726930039749732e+02
8.626020959595442719e+02
8.660031692998388735e+02
8.696379650074856045e+02
8.695004393356655328e+02
8.858871334249253096e+02
8.879575654327745724e+02
9.028379675757522591e+02
9.045349078337699211e+02
9.044085557241206743e+02
9.051787890066073032e+02
9.061918725733864903e+02
9.109996048894383875e+02
9.146348205915205654e+02
9.187113954346884839e+02
9.204826954954780831e+02
9.214112596043233907e+02
9.210908777419913349e+02
9.214729001319552708e+02
9.212058476440892036e+02
9.214038335702803124e+02
9.206372931118822862e+02
9.239203241656545060e+02
9.264060854584371327e+02
9.296872418892215819e+02
9.299151892832808244e+02
9.308318791721878824e+02
9.320449833711558085e+02
9.323725026695475435e+02
9.328187771723256674e+02
9.336224793376525213e+02
9.335768637783939994e+02
9.335461578633135105e+02
9.504094649727896922e+02
9.675515374285733969e+02
9.538678202394378332e+02
9.542432395936432385e+02
9.549977042063925410e+02
9.554615485063874303e+02
9.564194769476296187e+02
9.575205384742117758e+02
9.574993668293121800e+02
9.570113826090830571e+02
9.605577995253906920e+02
9.638679250507993856e+02
9.665631403491191804e+02
9.669443545893236660e+02
9.669427016094111877e+02
9.659836092864774173e+02
9.651840502767844328e+02
9.647629796328719749e+02
9.490731770480692830e+02
9.481766481418054582e+02
9.517037998372619541e+02
9.537493389695107453e+02
9.552357525231892623e+02
9.583677503544595311e+02
9.585103578927920580e+02
9.595851394132408814e+02
9.596608284392718815e+02
9.600175686584949517e+02
9.601939751766716427e+02
9.604251501136745901e+02
9.622016025106364623e+02
9.633136653390849915e+02
9.650834621657212438e+02
9.665047915606967308e+02
9.666395262606096139e+02
9.663985820416646675e+02
9.660979241440659280e+02
9.517223721313296210e+02
9.523095425326692975e+02
9.523921101503041200e+02
9.536997744556055068e+02
9.565686022997222153e+02
9.586877364595098925e+02
9.602238138991436927e+02
9.605050793250348988e+02
9.591463163706175692e+02
9.585270310071157382e+02
9.581751955358996611e+02
9.584551233645991033e+02
9.580451533637890407e+02
9.575157700021544542e+02
9.767967210695231870e+02
9.804075584724002965e+02
9.837976522945673423e+02
9.857819844541405701e+02
9.839412440517176037e+02
9.832255393866018949e+02
9.827914090871325925e+02
9.828769297192483236e+02
9.817375093583627859e+02
9.806296417125133758e+02
9.832119543900554390e+02
9.854212755602297875e+02
9.872771277083992345e+02
9.894131549826255423e+02
9.882465944493359302e+02
9.876116549069530492e+02
1.004333927937666772e+03
1.003693907529109424e+03
1.003566360518471583e+03
1.003373734708545840e+03
9.883456902065252052e+02
9.906756734754688978e+02
9.929868064771984564e+02
9.938637965432178589e+02
9.945548425426900394e+02
9.943606260545863051e+02
9.935765888025680397e+02
9.924554139199872225e+02
9.917658688679433681e+02
9.906628947510663465e+02
9.888437255956712306e+02
9.909767833402759152e+02
9.936665955588548513e+02
9.964105867913934844e+02
9.983944399426850396e+02
1.013311670346650772e+03
1.012252362548607493e+03
1.011867127546343113e+03
1.011792135079636410e+03
1.010999749572315523e+03
1.010586948231635574e+03
1.009126191181758145e+03
1.010262117569452130e+03
1.012668083960717922e+03
1.015240174175225548e+03
1.014515420334413307e+03
1.014515514850044724e+03
1.014591878153522543e+03
1.015616784982901549e+03
1.015325926812969442e+03
1.014143868258075713e+03
1.012753700401659898e+03
1.011799853417154623e+03
1.015419638379530625e+03
1.019308516965757576e+03
1.021883606245688725e+03
1.006427359799648457e+03
1.005878819546490377e+03
1.004982867399466500e+03
1.004149026340487580e+03
1.004217288829855988e+03
1.003886093883592935e+03
1.003888368976579045e+03
1.006529242388960711e+03
1.008795043048085404e+03
1.011115949193800020e+03
1.010539513948836543e+03
1.009934775722595646e+03
1.010218494489371210e+03
1.024891764739688369e+03
1.024764388784180028e+03
1.024557649506204370e+03
1.024681237206280002e+03
1.024688655027149252e+03
1.026700495265774634e+03
1.028078322570240744e+03
1.030597947280937888e+03
1.029258747298789331e+03
1.030639638189602238e+03
1.031073023525946610e+03
1.031823693514352044e+03
1.031309081378365818e+03
1.031251032363334161e+03
1.031622048916309041e+03
1.033619353803976310e+03
1.036546957029525402e+03
1.038112637679718091e+03
1.037088866951624595e+03
1.036561996083354416e+03
1.036074981787764500e+03
1.037251157881323934e+03
1.037904691189926098e+03
1.037855597483617657e+03
1.037538930812364015e+03
1.040488489296641546e+03
1.042699828942418208e+03
1.044315702279593324e+03
1.044856855010582876e+03
1.042892155863660491e+03
1.043451933458437907e+03
1.042540911731751748e+03
1.040328647576392768e+03
1.039885505513232147e+03
1.038748524264165098e+03
1.040603710590923356e+03
1.043358072329369406e+03
1.045667233765355377e+03
1.048100159811443291e+03
1.047331242012438224e+03
1.047255454756181052e+03
1.046613752779762081e+03
1.046052638406269352e+03
1.045163976574918252e+03
1.029687018871242799e+03
1.031028583508517841e+03
1.032963115490936843e+03
1.034484956501466058e+03
1.035398520805304770e+03
1.033901038718595601e+03
1.033256765521383841e+03
1.033403259909008057e+03
1.032812078192516083e+03
1.032403458037217888e+03
1.031805514314030233e+03
1.031043728599044925e+03
1.033743594315100154e+03
1.036993861614375874e+03
1.037853219910023654e+03
1.038583900150563295e+03
1.024766767825570923e+03
1.023792509148529007e+03
1.022635993280836715e+03
1.023023263181817583e+03
1.022239447602347468e+03
1.021371090666165060e+03
1.023891730094523268e+03
1.025751410201248291e+03
1.028073276425586300e+03
1.028359970824779339e+03
1.027313304514639640e+03
1.027538466127872653e+03
1.026202640099987548e+03
1.025121107288183794e+03
1.023757817319365245e+03
1.022864106361627023e+03
1.022576088891900326e+03
1.025614699190574811e+03
1.028336211319049653e+03
1.029617752894991099e+03
1.031279497623780117e+03
1.031241360806595821e+03
1.030419308212655778e+03
1.029582026931807377e+03
1.028479767831398703e+03
1.042420460011922160e+03
1.041680313160970400e+03
1.043464502144606286e+03
1.045327532896591720e+03
1.047515858692572010e+03
1.048180373734909608e+03
1.047826877051241354e+03
1.046703762734101701e+03
1.060268212713245930e+03
1.060088963347219078e+03
1.059653133501781667e+03
1.059309382236854390e+03
1.044709027817466222e+03
1.047283174171811424e+03
1.048577726668183686e+03
1.049513530789351762e+03
1.049310428653652934e+03
1.049072344732542660e+03
1.047809086353646990e+03
1.047756449660559838e+03
1.046494085233330225e+03
1.045569694549647238e+03
1.045059806661359062e+03
1.043375293569807354e+03
1.045161870284352972e+03
1.060501521957775140e+03
1.061980079656503221e+03
1.060685135035281519e+03
1.060388900149507890e+03
1.059067305922851574e+03
1.057064925697192848e+03
1.056275105464707167e+03
1.055169543545286842e+03
1.054952697404636638e+03
1.055992884221981285e+03
1.056272103511055775e+03
1.057608206650246530e+03
1.057356316137406338e+03
1.056623842265442590e+03
1.055926292464852622e+03
1.054870435708413879e+03
1.052640546959338508e+03
1.051884276585724365e+03
1.050641486676969407e+03
1.049464352626682967e+03
1.050927005166658773e+03
1.052238332198427088e+03
1.052894665473710575e+03
1.052632579920033322e+03
1.052237583069387483e+03
1.051618913949273519e+03
1.050406737975560873e+03
1.049736659082026563e+03
1.048400245445547853e+03
1.048420646500987232e+03
1.049947933838220251e+03
1.050952471159462448e+03
1.052749361759817475e+03
1.052776132316585290e+03
1.051313157769118789e+03
1.050746203305726340e+03
1.063931245028220928e+03
1.062773922712750391e+03
1.062217911444616220e+03
1.061568215686565964e+03
1.062749167259014257e+03
1.064046923499269496e+03
1.065004787763758259e+03
1.065212472998903877e+03
1.064367333608942317e+03
1.064449721294856317e+03
1.063561990548941822e+03
1.063274823362052302e+03
1.063322024699890562e+03
1.062436038604680107e+03
1.063862319469558543e+03
1.065422608810061320e+03
1.067063908461153915e+03
1.068712919842342899e+03
1.069040061942370585e+03
1.067615497567532202e+03
1.067758947043691933e+03
1.066435289535790616e+03
1.066126559686942073e+03
1.065171498670689743e+03
1.066953108273565249e+03
1.068749025007599812e+03
1.071662717171831446e+03
1.073385819677897643e+03
1.073472954491396649e+03
1.073207860377727229e+03
1.072834322784295864e+03
1.073066050724307388e+03
1.072492768566880613e+03
1.071696054669072737e+03
1.071052593090263372e+03
1.073498386154886930e+03
1.075412910528660404e+03
1.076274578416840768e+03
1.078497339701733154e+03
1.078002162701014640e+03
1.077201411511677634e+03
1.076932523717020104e+03
1.076023561605409213e+03
1.075919801716849406e+03
1.076943197440963331e+03
1.078005241204689128e+03
1.078924182580967454e+03
1.080925714427669845e+03
1.082902291492965333e+03
1.068042727301686682e+03
1.067075534676587495e+03
1.066464676387419104e+03
1.065672303954592735e+03
1.064684233340348328e+03
1.064107017697070660e+03
1.064082800120072307e+03
1.066599775328797477e+03
1.068977789469812024e+03
1.070087416255419157e+03
1.071136620866971271e+03
1.070003972642068902e+03
1.069689148027580131e+03
1.068796445193659338e+03
1.067877853526425952e+03
1.067773857743371309e+03
1.067147864738803264e+03
1.069053208469783158e+03
1.070827929964842951e+03
1.072329378049541901e+03
1.074264582401530106e+03
1.074688846138546523e+03
1.074170093640856976e+03
1.074528223093539282e+03
1.073944172341583908e+03
1.072445013921595319e+03
1.071945584035735919e+03
1.071580970731141633e+03
1.072953873682693484e+03
1.074568450641031632e+03
1.076118080337773790e+03
1.076026692704656853e+03
1.076149440460404094e+03
1.075935873595296471e+03
1.076843745147062691e+03
1.076891594750183458e+03
1.075911195705001774e+03
1.075771383123910482e+03
1.075681929458038894e+03
1.077508515073056287e+03
1.079441857605359019e+03
1.080758910236499560e+03
1.080531077325013257e+03
1.079289547019293877e+03
1.078917367843970169e+03
1.078652862874367656e+03
1.078342248256398534e+03
1.078682036140980699e+03
1.078359771893251263e+03
1.094894518736820146e+03
1.097070789100859884e+03
1.099925900897627344e+03
1.100065300864404890e+03
1.099609607028368373e+03
1.099619206763058173e+03
1.099014840306814449e+03
1.098707242966653666e+03
1.097957877626744903e+03
1.098384492344100863e+03
1.097586435394260434e+03
1.100860501287268335e+03
1.102383754627221151e+03
1.105152189822035325e+03
1.104609053036649357e+03
1.103117534765173559e+03
1.103146228063839089e+03
1.103377469846062922e+03
1.102564705990724633e+03
1.102569498501285580e+03
1.101945004371707682e+03
1.103852427393117750e+03
1.105725362359753717e+03
1.107897638153822527e+03
1.107936650409459844e+03
1.107576596716573476e+03
1.106197518190666869e+03
1.105896692483255720e+03
1.105715669978272217e+03
1.105349408641617856e+03
1.104908698953513067e+03
1.105716308718333494e+03
1.106450300686033643e+03
1.108309249576053162e+03
1.108447861509584072e+03
1.107603172447490124e+03
1.107215623194221735e+03
1.105789274858596855e+03
1.104787232217548080e+03
1.104102674340042086e+03
1.102779932003565136e+03
1.104594563644067421e+03
1.106203284954274068e+03
1.108059651586168002e+03
1.108650657836755954e+03
1.107804754447867708e+03
1.106615325785488949e+03
1.105266796279528990e+03
1.104153382409753704e+03
1.103107327709758920e+03
1.102461350835074199e+03
1.104072209644814620e+03
1.105023838830761861e+03
1.106435478001279080e+03
1.108292408385711497e+03
1.108096530891678185e+03
1.108124872852718454e+03
1.107504692778871004e+03
1.107257986841870206e+03
1.107123278086462051e+03
1.106149691762384009e+03
1.104440700622673376e+03
1.105782438775888750e+03
1.107550040161723700e+03
1.109485365824711607e+03
1.109070942569964245e+03
1.108019668832549996e+03
1.107667886702521855e+03
1.107409700694172443e+03
1.106171819986451510e+03
1.105262958488481900e+03
1.104269920731404000e+03
1.105230853306514973e+03
1.106405469963757014e+03
1.108198496739458051e+03
1.110173396479705161e+03
1.109733203480601333e+03
1.108142583157905619e+03
1.107554088045042135e+03
1.106522505424020892e+03
1.105548655448127192e+03
1.105047718714231223e+03
1.104113709352007163e+03
1.106011672834534011e+03
1.106805521302966099e+03
1.108913971522585371e+03
1.110080197685052553e+03
1.109162178465125862e+03
1.109091410890287307e+03
1.108962167588139891e+03
1.108346651967695152e+03
1.107565799380574390e+03
1.106822248246700383e+03
1.108276374831078328e+03
1.109708298513535055e+03
1.111778316414136498e+03
1.097631308291631967e+03
1.097632337772999790e+03
1.098179584579048651e+03
1.097811501404809405e+03
1.096271123492914512e+03
1.095354450571833922e+03
1.094546108618342032e+03
1.093945087849852825e+03
1.096066714465998757e+03
1.097450455593990682e+03
1.098275422536279393e+03
1.096830406746646304e+03
1.095321472080241620e+03
1.095013844784314415e+03
1.094722887595774182e+03
1.093665097544070704e+03
1.093781761421761303e+03
1.093941881806135825e+03
1.093897614200181351e+03
1.095666663093993520e+03
1.098072967835787040e+03
1.099256221520515282e+03
1.098872061039595565e+03
1.098623773694171859e+03
1.097970233396903723e+03
1.097874819970696763e+03
1.097085953063424313e+03
1.096576383969759490e+03
1.096384048093480487e+03
1.097100484267501997e+03
1.098868921223561529e+03
1.100393681952681618e+03
1.099251634540236182e+03
1.099094873328994254e+03
1.098953928799196092e+03
1.099002048372271474e+03
1.097758000407369309e+03
1.097906567625919934e+03
1.097665431017686842e+03
1.097350167235727213e+03
1.099070365342557352e+03
1.100050801901254090e+03
1.100938360060287778e+03
1.100605685555562786e+03
1.100388902350224498e+03
1.100399530827930903e+03
1.099722191017327759e+03
1.098905627997334477e+03
1.098097642555388347e+03
1.114044753305838185e+03
1.114567819600488292e+03
1.114892853100215916e+03
1.115539148997843768e+03
1.116048811719600280e+03
1.115858687363093850e+03
1.115765222554050752e+03
1.115164477838155335e+03
1.114088481253972986e+03
1.113524420572971621e+03
1.112286024564581567e+03
1.113554926953630002e+03
1.114984526537275997e+03
1.116626128369012804e+03
1.117409514168911755e+03
1.116465320269442373e+03
1.115352342836548360e+03
1.114084742817547976e+03
1.113699785991960198e+03
1.112020679529866356e+03
1.111254884682073225e+03
1.112310161634268979e+03
1.113837529378148247e+03
1.115601627146755163e+03
1.099639099647027706e+03
1.098923122969191127e+03
1.098204137727716898e+03
1.096981168111936086e+03
1.095847136295382143e+03
1.095329979035744827e+03
1.095186953322825048e+03
1.097135775562394656e+03
1.099495037412599459e+03
1.100782914227122774e+03
1.102063582852018726e+03
1.101002345227489741e+03
1.098969325449210146e+03
1.098307100849576500e+03
1.098467231534865959e+03
1.097737672494801473e+03
1.096333141940946916e+03
1.095302324957029668e+03
1.096297083074006878e+03
1.097269871000783041e+03
1.099383623675325907e+03
1.100910900503109588e+03
1.100434301430202368e+03
1.099553749011150558e+03
1.099234487972838906e+03
1.098351763693174917e+03
1.097872762005764571e+03
1.098394234016876908e+03
1.098238844678583291e+03
1.099893982039091725e+03
1.101768259977761090e+03
1.102912091626925076e+03
1.101558631351927261e+03
1.101656036958198911e+03
1.100840760369248073e+03
1.100925199333445107e+03
1.101009161514884909e+03
1.101718573115245590e+03
1.101022291583985862e+03
1.101767445634580554e+03
1.103005908730181545e+03
1.104631446093168734e+03
1.105879882082338099e+03
1.104100201699121044e+03
1.103340842027569806e+03
1.102332116844126176e+03
1.102573130066675276e+03
1.101285206697532431e+03
1.101535650888425380e+03
1.120075064763099817e+03
1.121500380524803177e+03
1.123775863245446544e+03
1.126397388043262708e+03
1.126486244263573553e+03
1.126622792055853552e+03
1.125635576019334849e+03
1.124646838051999339e+03
1.123715633333152027e+03
1.122907649780093152e+03
1.122386109386189673e+03
1.124749386781468047e+03
1.127389372967629015e+03
1.128553497786632306e+03
1.127641913229577312e+03
1.126918413924616971e+03
1.126134536254488694e+03
1.125814186426483275e+03
1.126167074505467099e+03
1.125972630578521148e+03
1.125234891272377354e+03
1.124046337715104528e+03
1.124983000135201792e+03
1.126706426223319795e+03
1.127922810529532626e+03
1.127684993706151090e+03
1.127080751902776683e+03
1.125953559100447819e+03
1.125558707019700023e+03
1.125086301649532288e+03
1.124313868727684849e+03
1.123965472864096910e+03
1.125466533389487040e+03
1.125766885881982489e+03
1.126867906191520433e+03
1.126597435548428393e+03
1.124966082980031160e+03
1.122639702248606227e+03
1.121918630738057800e+03
1.121815983086244159e+03
1.122632088738364246e+03
1.122286875922159197e+03
1.121307039837689445e+03
1.122570025615000986e+03
1.125112575341232059e+03
1.127581636678643463e+03
1.125692745708461644e+03
1.124721314203929524e+03
1.122866646216546542e+03
1.122292191600911792e+03
1.122437847372777696e+03
1.121174594092079587e+03
1.120408760197765105e+03
1.121197999015284495e+03
1.123024994015457651e+03
1.125125204653913215e+03
1.124572294597043083e+03
1.123773056002220983e+03
1.122501021751307690e+03
1.122283095133924689e+03
1.120933106835273293e+03
1.121443786659962598e+03
1.120636557990955680e+03
1.121545512716940948e+03
1.123212420931920406e+03
1.126018443909689722e+03
1.127261485935725432e+03
1.126352070411822751e+03
1.108936717442705003e+03
1.107961878701861906e+03
1.108154920894093721e+03
1.106541932000872066e+03
1.106031444777903289e+03
1.107084524604239050e+03
1.108595296992843032e+03
1.110504668640710634e+03
1.112911675120517202e+03
1.112732525876099771e+03
1.111037389955369918e+03
1.110232832862584019e+03
1.109406165642258202e+03
1.108322383081458611e+03
1.108138401011719907e+03
1.109908798026682916e+03
1.112168245066087593e+03
1.113424404625447778e+03
1.115059839349549748e+03
1.114960805942344678e+03
1.113991847297703544e+03
1.096176605137315391e+03
1.094909604487465685e+03
1.094893003584132430e+03
1.094704106622865083e+03
1.093215186749270060e+03
1.093882441801931918e+03
1.096889788029572173e+03
1.098495861246848790e+03
1.099514730161632997e+03
1.098859555179027438e+03
1.097782919550776342e+03
1.096510956329889495e+03
1.096091939008087820e+03
1.095261245074161479e+03
1.093478192787361422e+03
1.094362380504182966e+03
1.095898486467116072e+03
1.097403951745548511e+03
1.099131040359986173e+03
1.098987891408006362e+03
1.097196831250724472e+03
1.096556348078320070e+03
1.095970673857036672e+03
1.094123551621720708e+03
1.093069484735407968e+03
1.091197166263224290e+03
1.092222638252589149e+03
