-6.973256906694161898e+02
-7.063954524338607825e+02
-6.373076094691605249e+02
-6.048624381092702151e+02
-5.621686401558467878e+02
-5.343447280262467984e+02
-5.190717890522645348e+02
-5.105694039396514654e+02
-4.869456469132771304e+02
-4.744968516874529882e+02
-4.617788647732922414e+02
-4.691196726132088770e+02
-4.617606706267798700e+02
-4.541364383294775848e+02
-4.482349382200725927e+02
-4.421955995967617810e+02
-4.387241095266668935e+02
-4.311758862305096045e+02
-4.250949287476665290e+02
-4.197509586755890041e+02
-4.106177456031407473e+02
-4.150590899892621906e+02
-4.149611950859610374e+02
-4.117984160989599900e+02
-4.105929954830149313e+02
-4.091133122779174869e+02
-4.064306870024091722e+02
-4.019253321347326846e+02
-3.995041786718454659e+02
-3.933486277726119624e+02
-3.873604199816240339e+02
-3.815840375230905579e+02
-3.810436049422419273e+02
-3.782450861113215979e+02
-3.731061826582172216e+02
-3.699423454856731155e+02
-3.647885837557771538e+02
-3.588721935855104448e+02
-3.542226454455473004e+02
-3.500980742781309800e+02
-3.464291968731578777e+02
-3.404683393586787474e+02
-3.400950700075656528e+02
-3.407167984940878682e+02
-3.358503470195719274e+02
-3.333506458143544364e+02
-3.297437242535478958e+02
-3.267956817459597687e+02
-3.238572752732426920e+02
-3.109803161910183462e+02
-2.985360802743039699e+02
-2.904414889450778787e+02
-2.802846396841399610e+02
-2.788522129240473646e+02
-2.741031185220178941e+02
-2.690434518442907006e+02
-2.648073758820556236e+02
-2.598899008632374716e+02
-2.563865165867597966e+02
-2.469970611912370089e+02
-2.361844852766067788e+02
-2.292977746744495278e+02
-2.239312406992285389e+02
-2.224340749569439879e+02
-2.162168472714161567e+02
-2.108066300914675537e+02
-2.061334447479000005e+02
-2.007999676655895769e+02
-1.944197280885393866e+02
-1.827581799719492039e+02
-1.746847855320429801e+02
-1.664300877979515008e+02
-1.636096423298062348e+02
-1.560800697093952181e+02
-1.497703756049441211e+02
-1.465481230985291177e+02
-1.450693757396837782e+02
-1.367803971861376340e+02
-1.333996014579138603e+02
-1.300780206310303697e+02
-1.234654714673272196e+02
-1.174875477721009389e+02
-1.133372490109504582e+02
-1.038171039450188289e+02
-9.724636212634166554e+01
-9.331134540456278614e+01
-8.696301296136283554e+01
-8.790343123783435431e+01
-8.220441391643085183e+01
-7.505255567813389916e+01
-6.911645120883810023e+01
-6.239487824696464457e+01
-5.510885726073709634e+01
-4.923240563527490110e+01
-4.561369953693074564e+01
-3.651105100046100205e+01
-3.587456455973522651e+01
-2.599052749773672844e+01
-2.130555877598897041e+01
-1.793122561052408059e+01
-1.046780005294321825e+01
-7.535766295262349423e+00
4.453742716367759868e+00
1.901617745754174749e+01
3.235343292251758385e+01
3.884369670362963234e+01
4.110237613017778813e+01
4.449514298582497673e+01
5.916854275714067768e+01
6.496191418344082535e+01
7.989372649505918389e+01
9.299744226288788695e+01
1.123365875951015340e+02
1.247782502758807510e+02
1.446002285460036774e+02
1.505359701977503448e+02
1.635695999223424906e+02
1.747416674891291279e+02
1.845953392280624712e+02
1.984072766378587858e+02
2.151107897072397463e+02
2.362634294017930472e+02
2.539923636164148490e+02
2.747951082296603431e+02
2.953429880364602695e+02
3.009256322252855966e+02
3.050534995009224417e+02
3.188528553655919495e+02
3.339760484304268857e+02
3.537782512237507717e+02
3.673684364623051692e+02
3.883651893497532797e+02
4.087302334174200382e+02
4.171789365805250895e+02
4.380691403271851527e+02
4.596430264939192512e+02
4.661826557849073538e+02
4.822187235941549375e+02
4.953496772119520983e+02
5.104235305565069325e+02
5.210516199937715101e+02
5.276873723458380709e+02
5.367355452432298080e+02
5.644170519534023924e+02
5.750805511132956553e+02
5.955641644944640802e+02
6.056991845595545101e+02
6.085219900753253341e+02
6.182870338877069116e+02
6.284706489797349604e+02
6.445171358940731352e+02
6.608169699043320406e+02
6.728808904182960759e+02
6.941212157438978920e+02
7.057458959479313307e+02
7.210610721544719581e+02
7.472345510762654612e+02
7.430964906343800749e+02
7.588325786225498177e+02
7.510282189925420653e+02
7.595800937240961730e+02
7.541967300363045297e+02
7.606891844504419851e+02
7.611419346075496151e+02
7.806279183747097932e+02
7.976874886470081947e+02
8.167939157991780803e+02
8.167710482487732406e+02
8.261233357924743359e+02
8.232626608391706213e+02
8.333276191208711907e+02
8.429590943511958585e+02
8.429501867935451855e+02
8.452086026916913397e+02
8.646888511325405489e+02
8.809192465559093534e+02
9.013475544858051762e+02
9.217112965148812691e+02
9.296461710657200683e+02
9.339605410430491474e+02
9.415510693991777771e+02
9.517216228745570561e+02
9.465580493413458498e+02
9.308468881604343323e+02
9.566123019256477846e+02
9.736930688761323154e+02
9.776119034573225690e+02
1.000387604764475100e+03
1.009012443341700077e+03
1.004394473102830830e+03
1.024089122665350487e+03
1.034986706991871642e+03
1.034525234143720354e+03
1.052379031800817529e+03
1.066061505521636036e+03
1.090459678144084819e+03
1.102607033772936802e+03
1.129047147011936204e+03
1.140475989529973958e+03
1.139424723116601172e+03
1.146272496286917203e+03
1.138472069110691564e+03
1.151814386742036049e+03
1.152895515085384204e+03
1.175653374003655927e+03
1.187003021522249128e+03
1.192068674289281944e+03
1.188921061832358873e+03
1.216420232380060725e+03
1.232271326730150122e+03
1.252697625792946837e+03
1.240663638689254640e+03
1.246675636272243082e+03
1.256290386945886667e+03
1.264312277312840706e+03
1.277444940599957818e+03
1.302816031709456411e+03
1.329104239255893617e+03
1.346925345978900623e+03
1.336546020686593238e+03
1.351457374990800190e+03
1.361078645598697221e+03
1.363364741826961108e+03
1.371632542503423792e+03
1.378468702908431396e+03
1.357237831676890210e+03
1.356964807620606052e+03
1.373798373433354072e+03
1.391213723502826724e+03
1.407793536269626657e+03
1.399322923584564023e+03
1.426552095618793373e+03
1.419881693867600461e+03
1.420072823149172791e+03
1.429197395228376308e+03
1.442890923048430750e+03
1.436333647009315428e+03
1.447983107154229856e+03
1.473261807296422830e+03
1.492071452538280028e+03
1.494231155082874466e+03
1.511331707532089240e+03
1.512154136728232515e+03
1.513436627546148657e+03
1.513530737065431367e+03
1.522241902638116471e+03
1.522190727384113188e+03
1.532881908845668477e+03
1.545363111517633570e+03
1.539151926899118962e+03
1.555615855531770876e+03
1.556999606380761861e+03
1.568121994471234302e+03
1.567315438851653653e+03
1.572877699805942939e+03
1.600174297514870204e+03
1.623887582918225007e+03
1.641779401688907910e+03
1.641983906188356059e+03
1.636323891858284696e+03
1.672814844671510855e+03
1.676837714781005843e+03
1.681746055117429023e+03
1.682485491414449143e+03
1.678707115019574076e+03
1.670366364931878024e+03
1.663491209181046315e+03
1.659226667494664980e+03
1.669987046994681577e+03
1.665312127349389584e+03
1.684007770230609367e+03
1.670884027086782226e+03
1.689061275614610167e+03
1.677657636929001683e+03
1.705036201277554710e+03
1.713105330028046410e+03
1.708278347303184773e+03
1.709591903081673308e+03
1.679220595016550988e+03
1.690420495545982249e+03
1.727443301555889775e+03
1.744526626752582388e+03
1.754264052316338166e+03
1.760972027331996742e+03
1.757015687133570509e+03
1.772821043913477524e+03
1.784804091215528388e+03
1.788113869448032119e+03
1.784454083651519113e+03
1.788416602023274436e+03
1.788143600572971081e+03
1.780741346303337878e+03
1.787380624060457876e+03
1.796654123427611466e+03
1.795263403316289441e+03
1.799017591085919094e+03
1.796440390036322242e+03
1.803320786907479715e+03
1.823081541638552380e+03
1.833093141850470374e+03
1.845256829360673692e+03
1.862298422992637143e+03
1.852114557336619782e+03
1.851746576216171434e+03
1.841571639240099785e+03
1.838464010927178833e+03
1.838212546242777080e+03
1.862840654902797723e+03
1.871534806875070217e+03
1.881610623770085112e+03
1.888480959080605771e+03
1.893618232553933012e+03
1.890851188426224780e+03
1.892301091111112328e+03
1.896414600497118954e+03
1.905840148576958654e+03
1.900515895635646302e+03
1.914014645651172032e+03
1.925357510884053681e+03
1.941111102256214053e+03
1.950424934603596739e+03
1.967552084571330397e+03
1.975906455337695434e+03
1.981215153588972498e+03
1.970975267328546352e+03
1.969331070496324628e+03
1.984644902534943867e+03
2.001759438626564815e+03
2.004215118859905715e+03
2.002330223862620414e+03
2.007669437943490266e+03
2.017566034008302950e+03
2.021312188279834572e+03
2.022799393451577998e+03
2.013554840984165594e+03
2.012010575900992762e+03
2.015813271349545175e+03
2.010354524967488942e+03
2.019260951966028870e+03
2.036282190212961268e+03
2.031618241425303268e+03
2.041692358017944571e+03
2.048750721546004115e+03
2.054143507246171339e+03
2.057043313437751294e+03
2.055210928786186741e+03
2.054102834286249617e+03
2.052836121122878012e+03
2.053859617096451530e+03
2.056276577969341815e+03
2.058262854821531619e+03
2.064084171624346254e+03
2.069938893321583237e+03
2.088486495866936366e+03
2.085150348828983624e+03
2.082410461263518300e+03
2.084294613747907533e+03
2.060515957143462856e+03
2.064187071794254734e+03
2.062787530575211804e+03
2.061784415038128373e+03
2.072408267707692175e+03
2.083437969285498184e+03
2.090631018300650339e+03
2.103879825164394333e+03
2.094056900820173269e+03
2.077958802781242412e+03
2.077009178623136449e+03
2.069386979784753294e+03
2.070466310797490223e+03
2.062495269815619849e+03
2.060767021631340867e+03
2.070942183675872911e+03
2.097323788985696410e+03
2.096762408096932177e+03
2.096986382442673403e+03
2.097807908520604997e+03
2.100196895218736699e+03
2.101282365224146815e+03
2.101109365612414422e+03
2.096971941921594407e+03
2.102771202638509749e+03
2.089013381285968080e+03
2.118547834403485012e+03
2.135183499461026713e+03
2.149464713812515129e+03
2.156605797370878918e+03
2.160654765556277198e+03
2.143323325011764609e+03
2.159158369007544024e+03
2.160166693081337144e+03
2.159432661668458877e+03
2.161009335750254650e+03
2.170093397163783266e+03
2.184034799230136286e+03
2.175771960409645544e+03
2.160172800065815863e+03
2.158518936996555567e+03
2.136304699994949260e+03
2.113313331105603993e+03
2.128754929630505103e+03
2.133919760091840089e+03
2.126569003837604669e+03
2.137689950188155763e+03
2.148649616907024210e+03
2.148366139464427761e+03
2.157688132332271834e+03
2.147146778839762192e+03
2.137297714037735204e+03
2.137043852160647020e+03
2.143073299180774029e+03
2.147051203150185302e+03
2.141488206469136458e+03
2.141942284815527273e+03
2.166640609866803970e+03
2.197874439947507199e+03
2.205698322972080405e+03
2.219324347613481223e+03
2.224802027475077466e+03
2.237877896180581956e+03
2.243656812813446322e+03
2.234470865143518495e+03
2.230363719466553448e+03
2.244342683768253664e+03
2.229916733338099220e+03
2.227762422827448972e+03
2.234418938984419128e+03
2.243987490151346719e+03
2.251433562573271047e+03
2.254320514957194064e+03
2.254638574862318364e+03
2.269091326608424879e+03
2.241820286594943809e+03
2.230299253219594902e+03
2.235349022313277601e+03
2.243564199179284515e+03
2.241570960793699214e+03
2.264131934781455584e+03
2.244998159101659439e+03
2.240360426738031038e+03
2.242590633458155480e+03
2.248563158002310956e+03
2.249036554399245233e+03
2.249900327134788768e+03
2.298868435995658729e+03
2.295604528332023165e+03
2.329231670275003580e+03
2.348957816427622674e+03
2.342784116193517548e+03
2.331250821814536721e+03
2.331750811545088254e+03
2.333743968594562830e+03
2.336757530207371019e+03
2.337530590368749017e+03
2.330406232024607561e+03
2.356181204536018413e+03
2.354977057200754189e+03
2.377352881990956575e+03
2.370760950829697322e+03
2.361661701588844608e+03
2.351925402188187945e+03
2.327342306858665779e+03
2.325041589131543788e+03
2.325080371355551961e+03
2.325370798774229570e+03
2.330729569843964782e+03
2.334871122574828405e+03
2.321926843305920102e+03
2.327560453173257883e+03
2.327078536237879234e+03
2.318788343140460256e+03
2.319990320772342329e+03
2.304786820115725732e+03
2.327763768775248991e+03
2.341567296525431630e+03
2.340106257672655829e+03
2.343403059122748800e+03
2.351084447965530217e+03
2.350454248046926296e+03
2.316742688288551108e+03
2.313034194776857476e+03
2.331203791804023240e+03
2.343236972031228561e+03
2.325761912439934804e+03
2.284564623427533661e+03
2.296398847812835811e+03
2.300746530263971181e+03
2.323443014026679066e+03
2.338950170577947574e+03
2.345536313555838206e+03
2.322312975193670809e+03
2.298971364585420361e+03
2.283758445749415387e+03
2.268252665624605925e+03
2.251561592094889875e+03
2.249233064821150492e+03
2.238643459569253992e+03
2.243433672747091805e+03
2.263653241775326478e+03
2.277938274940778683e+03
2.259692442397608374e+03
2.257496642286458609e+03
2.261005100614255753e+03
2.240152253171764187e+03
2.220881334616159165e+03
2.238812534417019833e+03
2.238423665620747670e+03
2.235105026151808943e+03
2.273734636642479018e+03
2.293704006834488609e+03
2.327811542855441530e+03
2.321724940337424414e+03
2.314031368829537314e+03
2.306961126663962659e+03
2.287329669946944705e+03
2.269280354434335095e+03
2.273114753142867812e+03
2.259736701521876967e+03
2.253876780113905625e+03
2.276384880523797165e+03
2.267824318689418760e+03
2.285337908752916974e+03
2.282186628931737687e+03
2.262645976971718028e+03
2.259236925682395395e+03
2.249807304040995405e+03
2.235228435332227036e+03
2.222596616530871870e+03
2.229097006905505623e+03
2.264114379309328342e+03
2.271346242442281891e+03
2.274361383493455378e+03
2.282874760442988190e+03
2.316919534463504533e+03
2.316419745291378149e+03
2.310324599631100682e+03
2.308956034638275469e+03
2.287892934870510544e+03
2.262658701456360177e+03
2.293584680059746006e+03
2.321777555991335703e+03
2.341204199843945844e+03
2.354298443396995026e+03
2.359511370884983990e+03
2.356349425329194219e+03
2.363499485026221464e+03
2.380922350540568914e+03
2.380746806289187589e+03
2.380402106840707347e+03
2.399292786640924987e+03
2.403867740116890218e+03
2.389040497687278730e+03
2.436342316036481861e+03
2.445664108596913593e+03
2.447194244972934939e+03
2.442935754340468520e+03
2.433812231098902430e+03
2.429816678200083970e+03
2.421071747295833120e+03
2.403059007672317875e+03
2.411709053739919455e+03
2.421011298405956950e+03
2.430073108564216454e+03
2.446166094964444710e+03
2.465500363254127024e+03
2.480589066467922294e+03
2.472780444743246335e+03
2.458567936945555630e+03
2.452192330871337163e+03
2.473518403766665415e+03
2.476392082947830659e+03
2.484413876443508343e+03
2.504126739753157381e+03
2.509601784874118948e+03
2.494423043927721210e+03
2.490785886107573333e+03
2.513015965438358307e+03
2.521726216101429145e+03
2.515465617070850840e+03
2.502488745632985228e+03
2.508544764183332973e+03
2.520966943122947214e+03
2.519291669926753002e+03
2.518777094058638795e+03
2.514585555597550865e+03
2.523959202542289859e+03
2.529331130426829532e+03
2.549254639468196274e+03
2.547995118095009730e+03
2.548110048740651564e+03
2.542039809617996525e+03
2.548082231028946808e+03
2.565417564924011913e+03
2.568150668191588466e+03
2.544768923600981452e+03
2.527392159763449854e+03
2.523609740784768746e+03
2.512915754761363132e+03
2.513486828157900618e+03
2.510552284684835740e+03
2.529219968182078901e+03
2.531408307564283405e+03
2.538108522719540360e+03
2.527725640291079799e+03
2.526896342002126403e+03
2.535600396487190665e+03
2.540456543805040837e+03
2.526701687317547112e+03
2.532811159051910636e+03
2.529646419983189389e+03
2.527024570481692081e+03
2.531527856617754423e+03
2.534676111792501615e+03
2.527555585229733879e+03
2.531529934345106994e+03
2.518102470657470803e+03
2.526680215899350060e+03
2.492596647106291130e+03
2.469449404031792710e+03
2.447098318199789901e+03
2.443104563429849350e+03
2.442875920737522847e+03
2.421338571510352267e+03
2.441424400188695927e+03
2.461431194837739440e+03
2.452141994946314298e+03
2.452039629500869069e+03
2.438101044017677850e+03
2.447911958081797366e+03
2.418997554059635604e+03
2.402887125492272389e+03
2.415631166722739636e+03
2.429190830133375130e+03
2.416447370814260012e+03
2.417989929554171795e+03
2.408959263731401734e+03
2.399369300277714956e+03
2.384300497699388416e+03
2.353387515387394160e+03
2.353053881595105850e+03
2.350446500228082641e+03
2.354563074588898871e+03
2.348051090715796363e+03
2.377374801725101861e+03
2.405303291671869374e+03
2.412529338686473238e+03
2.423370657877224858e+03
2.402520526321424313e+03
2.393142775645397705e+03
2.391385270054997363e+03
2.376100723343081881e+03
2.372495935968493086e+03
2.385479452029821914e+03
2.383860039997545300e+03
2.398190845711624206e+03
2.402665952113195090e+03
2.409344974706635639e+03
2.423135955477479001e+03
2.421589547875157677e+03
2.423476298728217444e+03
2.405234215209046852e+03
2.402417070988728483e+03
2.417680127253896899e+03
2.418168830696386522e+03
2.424445085137206661e+03
2.444069240762195477e+03
2.485645448456298254e+03
2.505556490441036658e+03
2.504251204987113397e+03
2.509271522615736103e+03
2.478783730757610101e+03
2.496794042036508927e+03
2.499421549248757856e+03
2.493291861044071084e+03
2.501916352225016908e+03
2.503596600124441920e+03
2.529897806525673786e+03
2.548155088630786395e+03
2.576609634487860149e+03
2.563702349071650588e+03
2.545667549728619178e+03
2.560867171080457410e+03
2.558331741026379859e+03
2.562191612351092772e+03
2.583953632201732489e+03
2.575894909792606086e+03
2.572768965482197473e+03
2.596777980450402083e+03
2.594088523037526102e+03
2.592022290504976354e+03
2.589513541196190545e+03
2.578646509896533189e+03
2.576060343096994529e+03
2.555318488829115722e+03
2.558713746127874401e+03
2.561266732615035380e+03
2.590624625296171871e+03
2.596833599483807575e+03
2.593679387693629451e+03
2.607992747544944450e+03
2.610604418777912997e+03
2.611977127194094464e+03
2.589633733007012779e+03
2.591655982265908733e+03
2.590170032775150958e+03
2.607528219592441019e+03
2.611145692001755378e+03
2.618345796117027930e+03
2.625291866437747558e+03
2.639493162417833446e+03
2.641203026735062394e+03
2.618395917038754305e+03
2.626492951116519180e+03
2.631232256971791685e+03
2.623084680103987466e+03
2.621269831296007851e+03
2.643451656241123601e+03
2.647955669200919147e+03
2.658157876339844734e+03
2.661368672952805809e+03
2.659633275406529265e+03
2.657595841998514970e+03
2.662574940962047549e+03
2.662353581271793701e+03
2.658988150813574521e+03
2.642252963440974327e+03
2.640283293343080913e+03
2.639920554006708699e+03
2.657811238219535426e+03
2.676005129604092417e+03
2.673705405548197632e+03
2.654490187984540626e+03
2.647482368011678773e+03
2.632889633624160069e+03
2.654983622828988700e+03
2.636970280868888949e+03
2.649467700628210878e+03
2.666032728074837905e+03
2.654818170739100879e+03
2.662911860125627300e+03
2.669636964784308020e+03
2.648874027662464869e+03
2.663631349371795750e+03
2.661799251887390710e+03
2.660721673722173819e+03
2.663949238337342194e+03
2.646317235993623399e+03
2.649348558841518297e+03
2.652053632354578440e+03
2.660275915971092218e+03
2.653655555069539332e+03
2.666734783179906117e+03
2.642243576483315337e+03
2.618819138620038757e+03
2.615930750357674242e+03
2.613600602975304810e+03
2.613063987635862759e+03
2.607716285538004740e+03
2.615406285418432617e+03
2.617006063439418085e+03
2.641016256058388990e+03
2.641926310477169409e+03
2.636945343222325846e+03
2.636673014767239238e+03
2.640476476111939974e+03
2.639430282085566432e+03
2.619776129606513223e+03
2.625102960396554408e+03
2.642044720749144744e+03
2.619437035326056503e+03
2.629305109280189299e+03
2.623782788535164855e+03
2.584068285839218788e+03
2.580512297670306907e+03
2.591014073359201120e+03
2.573562936387259469e+03
2.578190658993215038e+03
2.560608664930308350e+03
2.560796247709040472e+03
2.542629504080223342e+03
2.563620938194227620e+03
2.547851820604580098e+03
2.550199831245477981e+03
2.570456863061243894e+03
2.578499637065929619e+03
2.578188022936562902e+03
2.581072864641997512e+03
2.585711741752783837e+03
2.576083491377160044e+03
2.587263476298909609e+03
2.606558819839319767e+03
2.612146283301045969e+03
2.605560496308685288e+03
2.589073739094746543e+03
2.565028216070377766e+03
2.578511001835949173e+03
2.578293378748434861e+03
2.560890480201906485e+03
2.530212933127997530e+03
2.527810861002806178e+03
2.519648002183662811e+03
2.542543521175961814e+03
2.570936174647954886e+03
2.567993168902805337e+03
2.566162450849231845e+03
2.564744929765730831e+03
2.564099035896111673e+03
2.563352746607833524e+03
2.545387092121482056e+03
2.553225452608717205e+03
2.555725657774832143e+03
2.568633255029772499e+03
2.571115554630539464e+03
2.547928983668319688e+03
2.557916201654063570e+03
2.522764213884155197e+03
2.507473202326231785e+03
2.508733886247984628e+03
2.532931236933358832e+03
2.533612826713677350e+03
2.553363644075723641e+03
2.575809511861303690e+03
2.581737987087076363e+03
2.572936639662098514e+03
2.570508190143478259e+03
2.567920707693069289e+03
2.567788375352104595e+03
2.565003288028206043e+03
2.592350872092423288e+03
2.590915672841440028e+03
2.614776212444942303e+03
2.612735346642179593e+03
2.591962701320809629e+03
2.601642626932140956e+03
2.594015117007998924e+03
2.593805061621862023e+03
2.595934202737962551e+03
2.595348868414542721e+03
2.604963925827987623e+03
2.591910565628788390e+03
2.599094960446961977e+03
2.606625017613771888e+03
2.644790861680270609e+03
2.634496823700232198e+03
2.633023621570140222e+03
2.656262067812309397e+03
2.677721470867865719e+03
2.678480984748123319e+03
2.681328616236159178e+03
2.688390192214291346e+03
2.686387431055631623e+03
2.675066331988211459e+03
2.686680725770468143e+03
2.691604409764074262e+03
2.677803922150927065e+03
2.672578537461196902e+03
2.661997055015106071e+03
2.645489036638077778e+03
2.646549722157954420e+03
2.645323062599437435e+03
2.598552510005403747e+03
2.602216731933051506e+03
2.620077795395576231e+03
2.634483804382793096e+03
2.674484298190696336e+03
2.690281559945491608e+03
2.687493262189403595e+03
2.679990793122027753e+03
2.660912252439414715e+03
2.643716752516258111e+03
2.644882531944118000e+03
2.641473963859858941e+03
2.649390791840841302e+03
2.662193117856168556e+03
2.676913625715879789e+03
2.649537119324869764e+03
2.626094695270502143e+03
2.604293970019082280e+03
2.601191341581024062e+03
2.576345059820513598e+03
2.595757437934098562e+03
2.618708561872726477e+03
2.618542365195967250e+03
2.627028651683593125e+03
2.629893865730698053e+03
2.625700135096487884e+03
2.624945495655619197e+03
2.611530268233712832e+03
2.604412975698409809e+03
2.568876902458596305e+03
2.565082125311232630e+03
2.556016594590644218e+03
2.569280831908391974e+03
2.550810587725183268e+03
2.554727578097967125e+03
2.554278573858428445e+03
2.550299944661905101e+03
2.554148578618821830e+03
2.559961032493270977e+03
2.541829594360978717e+03
2.550183963458674953e+03
2.547974599568017766e+03
2.543523660297389142e+03
2.538639322388123674e+03
2.567135072929866055e+03
2.583853360998178687e+03
2.616288876144904407e+03
2.599566239073441011e+03
2.595448815496354655e+03
2.637942931142215912e+03
2.628958428055364038e+03
2.637590187838062320e+03
2.636200962014107517e+03
2.629433980377652460e+03
2.623630334180456884e+03
2.627922006759914893e+03
2.636535181623902190e+03
2.657509243918978427e+03
2.674980628932059062e+03
2.655190734964599415e+03
2.645139781560100801e+03
2.625135713485641645e+03
2.637450628195575973e+03
2.635141742608510413e+03
2.667953041209972980e+03
2.695601775506254853e+03
2.719394960464142514e+03
2.751512078408083653e+03
2.736382007018981312e+03
2.730949544836542373e+03
2.717074258709426886e+03
2.713894558658866572e+03
2.708513754707956650e+03
2.698725427628045964e+03
2.718559954155061860e+03
2.723763056099061032e+03
2.738412060962989926e+03
2.760916682623910674e+03
2.759369277822087042e+03
2.746913180761222065e+03
2.732534100655911516e+03
2.735878049338976325e+03
2.756344757630440654e+03
2.756224127191202570e+03
2.760846422076673662e+03
2.765713636447619592e+03
2.764698595480536369e+03
2.788941274671898555e+03
2.779803656678930111e+03
2.779159723712322375e+03
2.777097841287048595e+03
2.778206567773544975e+03
2.779207054935623091e+03
2.774513524285812309e+03
2.769384704872515158e+03
2.774033242823208184e+03
2.793104315124877758e+03
2.799197619757622761e+03
2.785512203370443785e+03
2.782617504885262406e+03
2.766732496253391673e+03
2.767847266489241520e+03
2.769689782403467689e+03
2.769324801980414122e+03
2.769124831455467302e+03
2.771956571567444371e+03
2.774928279741685401e+03
2.797076708604102805e+03
2.805967339911114323e+03
2.816799406404295951e+03
2.841263543518713050e+03
2.814883132282141560e+03
2.814024498082050286e+03
2.812514645767274033e+03
2.783953585645348539e+03
2.767734819701671313e+03
2.773401711964714195e+03
