-7.073420787683139110e+01
-6.871687746472035485e+01
-6.508440836443627120e+01
-6.558344578311604778e+01
-6.464001600940679282e+01
-6.408011341385503101e+01
-6.438222182551319861e+01
-6.340848996113660974e+01
-6.151199223533409111e+01
-6.138442114616513123e+01
-6.098056694133003219e+01
-6.030400101446582539e+01
-5.955254783808944552e+01
-5.934360462934414926e+01
-5.860172121317241078e+01
-5.809541438349894804e+01
-5.778046013575449535e+01
-5.694080432824856075e+01
-5.620586628562518428e+01
-5.543895024589257048e+01
-5.430272390242773639e+01
-5.374280201778059762e+01
-5.331744246031744439e+01
-5.282149622024054025e+01
-5.232019213694992033e+01
-5.151224500119657534e+01
-5.108660210960633918e+01
-5.066804647321099964e+01
-5.022026444173059190e+01
-4.996892295779374393e+01
-4.928519374798968755e+01
-4.883966811966652699e+01
-4.836258970810360580e+01
-4.796820778366438986e+01
-4.760168773190117264e+01
-4.715356674477952481e+01
-4.671726909175762188e+01
-4.625980801170806700e+01
-4.573087578414865817e+01
-4.525118711567882457e+01
-4.488651905833054201e+01
-4.428116231795765145e+01
-4.378446931648038998e+01
-4.338957708732194618e+01
-4.286405090916064609e+01
-4.241185351856104546e+01
-4.190948115531261209e+01
-4.144643128036746305e+01
-4.100937557500050445e+01
-3.983898985934693115e+01
-3.933667878511587190e+01
-3.847427530570004706e+01
-3.738735239133487198e+01
-3.646097286089704426e+01
-3.552438294687365072e+01
-3.447181967089311172e+01
-3.358981321576346346e+01
-3.284275160074250266e+01
-3.175057937591725121e+01
-3.075072675693261459e+01
-2.977646976321997840e+01
-2.879515943937871114e+01
-2.723623493114658345e+01
-2.625069814096174881e+01
-2.523483440910818132e+01
-2.427986036352267618e+01
-2.329046768062723771e+01
-2.223898089032795866e+01
-2.136076797867540833e+01
-2.038219016255780147e+01
-1.930680175796165798e+01
-1.824363512284150701e+01
-1.703242897539536926e+01
-1.591151395809946756e+01
-1.487776048125943085e+01
-1.368808155492267531e+01
-1.232088900403658549e+01
-1.115473870912610899e+01
-9.889670867919138075e+00
-8.939164999629696240e+00
-7.755598279575051102e+00
-6.485160501222034135e+00
-5.188759746494060465e+00
-3.195209363238972866e+00
-1.720239326688454806e+00
-3.272850837107296185e-01
1.083926274649175348e+00
2.323781858166519054e+00
3.764043344619287357e+00
5.166370153081285999e+00
6.682801090295586555e+00
7.991945083065814970e+00
9.276984910643985671e+00
1.049903158870757736e+01
1.183267348728015556e+01
1.300237605126509521e+01
1.430136298055858113e+01
1.568674553295730867e+01
1.701385042691141436e+01
1.882596977140489258e+01
2.011574715451685336e+01
2.125258105831220590e+01
2.252684874369990808e+01
2.361690326832972175e+01
2.570944855482505176e+01
2.689390332880473977e+01
2.817361045853128587e+01
2.961897540729242451e+01
3.095508357992387616e+01
3.224023865929880373e+01
3.318325538399044916e+01
3.435931266514055693e+01
3.559473673855673326e+01
3.675916388458692552e+01
3.795102723377804921e+01
3.910079946320121280e+01
4.023862497366084057e+01
4.135528240229998431e+01
4.258728980982473189e+01
4.365672802140398545e+01
4.477769047426649962e+01
4.577001982845003880e+01
4.691835830349423020e+01
4.780783565700854609e+01
4.916953776570602486e+01
4.991783520865470791e+01
5.083284902799755400e+01
5.178869158168708964e+01
5.274689688906232732e+01
5.360788741537637492e+01
5.436125582090480179e+01
5.518708243018699022e+01
5.595784421713221235e+01
5.661921947844755465e+01
5.727534876418856413e+01
5.794513958460924385e+01
5.872810801981859896e+01
5.936987156673367139e+01
5.999279437114688562e+01
6.060565992823976700e+01
6.128191645492221795e+01
6.189739504503651091e+01
6.255325628478237121e+01
6.323535720375453906e+01
6.395130511687821695e+01
6.485426582739697210e+01
6.516386186208032427e+01
6.575889245160867347e+01
6.635599805016319408e+01
6.691453364707668072e+01
6.753891583409330224e+01
6.866089219231091079e+01
6.899336102248516056e+01
6.952122646239200776e+01
7.003570477704386121e+01
7.056811108355888962e+01
7.092501093546074742e+01
7.129812785363326100e+01
7.174240334242723804e+01
7.241028240113854508e+01
7.284434480814036306e+01
7.330863124654692342e+01
7.378042852828178866e+01
7.423255620898974882e+01
7.442415664092185068e+01
7.476350910921401294e+01
7.529900918254135433e+01
7.565577069931866561e+01
7.602890258931788026e+01
7.634821639825725015e+01
7.649933851519357120e+01
7.673280207597194646e+01
7.710635529786729592e+01
7.736849907938136539e+01
7.750857623783323902e+01
7.774083726777729453e+01
7.792090872391077028e+01
7.819666511002921538e+01
7.852676615596129750e+01
7.874507299993075549e+01
7.893454700565411031e+01
7.919700881091652889e+01
7.943381447921800032e+01
7.960944222270855164e+01
7.974243568586975073e+01
7.993748628486545726e+01
7.999791635187415295e+01
8.027345572162403187e+01
8.043866361068332083e+01
8.074132816609854046e+01
8.101064819744344447e+01
8.122627780625940375e+01
8.145750588646659196e+01
8.164697189252223097e+01
8.178357968104009501e+01
8.215463412431044787e+01
8.230416096402120729e+01
8.242411918448696895e+01
8.252629230193998922e+01
8.260602337877406853e+01
8.262470275742752790e+01
8.295751241644715890e+01
8.306211514867379719e+01
8.319338783576633034e+01
8.326957142049241156e+01
8.319972274624933561e+01
8.344306276660454103e+01
8.353285957304714771e+01
8.382437439528099787e+01
8.408264091601114387e+01
8.416393419735206294e+01
8.426060793271645366e+01
8.456491739048524892e+01
8.472789807543871632e+01
8.496521035578180658e+01
8.479095812212132444e+01
8.485030771564372287e+01
8.501602128810912973e+01
8.518499560339380139e+01
8.540322562588846722e+01
8.514374652532097798e+01
8.533789073892683064e+01
8.562751183015376455e+01
8.596483409028334677e+01
8.596197258973747068e+01
8.614693880321354413e+01
8.630500539626105194e+01
8.634297341268560899e+01
8.641433046929036266e+01
8.645208981768763579e+01
8.633919889568166184e+01
8.635260046827285407e+01
8.645755470610876614e+01
8.649572226176368872e+01
8.672467218968142788e+01
8.686093541864603651e+01
8.704929568497827574e+01
8.707137407842928667e+01
8.734304742655835696e+01
8.754359015817259149e+01
8.767277725685609369e+01
8.788715758496365993e+01
8.804205929568847466e+01
8.827448419575331684e+01
8.841715320558743940e+01
8.852560702776236212e+01
8.885287805906668268e+01
8.914382389896567815e+01
8.934064135062024548e+01
8.975452089071370665e+01
8.991885504007812813e+01
8.984194754675171168e+01
9.010637594474664525e+01
9.030410543628924813e+01
9.083725943445479345e+01
9.100605268142129489e+01
9.115210132592363834e+01
9.124278611365166114e+01
9.135261131018960157e+01
9.163918925977122854e+01
9.193397930146720398e+01
9.218524497215517499e+01
9.236807327410458868e+01
9.255619956862425113e+01
9.308816753065458727e+01
9.338243859737062280e+01
9.367739564275603925e+01
9.382059825026136934e+01
9.409578043679942994e+01
9.472823278324678142e+01
9.499864689818161878e+01
9.522836346938430552e+01
9.553980465118678467e+01
9.607554544713879352e+01
9.621678325766828266e+01
9.643784611404906570e+01
9.687778767511639444e+01
9.718919370016398318e+01
9.783714253480405887e+01
9.841210415528308886e+01
9.873690023657474057e+01
9.904210108049684891e+01
9.947451142004143776e+01
9.944388077501653811e+01
9.988056657764359159e+01
1.001345004403953851e+02
1.004573172546518549e+02
1.005520185909700217e+02
1.005432703960001533e+02
1.007349665522342548e+02
1.007564144445122452e+02
1.011479870734172266e+02
1.014036602355857326e+02
1.015077636153459935e+02
1.016476205222256084e+02
1.018485313597802957e+02
1.018453333177096169e+02
1.019556265580087029e+02
1.021124002741986203e+02
1.022811026045090443e+02
1.027468786513226178e+02
1.026708092224557731e+02
1.026981135503256723e+02
1.024722356705555484e+02
1.027046381999851263e+02
1.029222160971732620e+02
1.030483888961870065e+02
1.032511857649875679e+02
1.034683373817384222e+02
1.034003913270498742e+02
1.034991223179965942e+02
1.037129934760174024e+02
1.038788057596898966e+02
1.039809893281344415e+02
1.040121455714816676e+02
1.041733493226716547e+02
1.043380047394562951e+02
1.044652489817751189e+02
1.046268386161112289e+02
1.047772529879793382e+02
1.049830460659450182e+02
1.049388650321294705e+02
1.049910643372350449e+02
1.050730339891536573e+02
1.049830500523828221e+02
1.051032364502048466e+02
1.051647094637122564e+02
1.050394886103681387e+02
1.050743002786199156e+02
1.052152750295091437e+02
1.052440064425779269e+02
1.052505087873589105e+02
1.054389322672779912e+02
1.055389823008741956e+02
1.056047786490936602e+02
1.056717361453924440e+02
1.059165300900048123e+02
1.059791908348546912e+02
1.060360444153247101e+02
1.061425277418668713e+02
1.060606616228098176e+02
1.060787948821991478e+02
1.061950404973502486e+02
1.063121369162905836e+02
1.064413271737617777e+02
1.067770752377426646e+02
1.068471123269290217e+02
1.069270901395667153e+02
1.070039705999916038e+02
1.071639106820526592e+02
1.074585877968194723e+02
1.074930306909342477e+02
1.079003823284341905e+02
1.078849966954004032e+02
1.081301309426125243e+02
1.082874673892791151e+02
1.083460977062119923e+02
1.085335199746050421e+02
1.088022180007723421e+02
1.089748071980585706e+02
1.090533060995229278e+02
1.092583185878537364e+02
1.093583996481444416e+02
1.094696779902980666e+02
1.096769450261338505e+02
1.098154885410968689e+02
1.099906789200477277e+02
1.101647788011141103e+02
1.102738006160810613e+02
1.105205045859880357e+02
1.108366148063728360e+02
1.109954687771411272e+02
1.113129437197028864e+02
1.116562219103201699e+02
1.118765080687976337e+02
1.120656023399622114e+02
1.122281811554926207e+02
1.123250674900736357e+02
1.125489778484793959e+02
1.128129485406014680e+02
1.128308919354669513e+02
1.131363748193377745e+02
1.132688489611106917e+02
1.134477361314081492e+02
1.136692383056741278e+02
1.139464452897911002e+02
1.138993995522869795e+02
1.141120565825664386e+02
1.141714981868070566e+02
1.144392278427907570e+02
1.147169552324498483e+02
1.147607190881334276e+02
1.148521985941988390e+02
1.148297344162059233e+02
1.148507188614934478e+02
1.150543353906053028e+02
1.150212891058677513e+02
1.152291661919702506e+02
1.152815480644382831e+02
1.154577243288903219e+02
1.155068048080548522e+02
1.155953571170982599e+02
1.156402296936556127e+02
1.157607106253007601e+02
1.157273743273204474e+02
1.158134518101212365e+02
1.158409229438342152e+02
1.157992569662984863e+02
1.157897667448888797e+02
1.157340501087485194e+02
1.157188330895299089e+02
1.158390636309663790e+02
1.159492844886396767e+02
1.159446107333734659e+02
1.160348051079403575e+02
1.159273465428346697e+02
1.157913296466516329e+02
1.158959205594670721e+02
1.158607141920853678e+02
1.159773415112078396e+02
1.160084234221152855e+02
1.161281438345081938e+02
1.162031412377637594e+02
1.162283726187310293e+02
1.163117179459399040e+02
1.164663385111061018e+02
1.165187833673367521e+02
1.165197652624814282e+02
1.165410973992168664e+02
1.167256569776463522e+02
1.167740641351445277e+02
1.167622796392501954e+02
1.168100958759208936e+02
1.169608537239682136e+02
1.169419615001205273e+02
1.173264345876287251e+02
1.174190747845877496e+02
1.175468659246761973e+02
1.175653172377853082e+02
1.177376435775679369e+02
1.180290529836293558e+02
1.181447056132437297e+02
1.183684692869985042e+02
1.184910926437818830e+02
1.187385445333424485e+02
1.189333211958236944e+02
1.190227630696843022e+02
1.191995163487001292e+02
1.192862209631304893e+02
1.195307029069190321e+02
1.195665299133689246e+02
1.198113140271607762e+02
1.198674347709919346e+02
1.201064049213351268e+02
1.201685444398072491e+02
1.203662026858664831e+02
1.207274716032829929e+02
1.207927865293172545e+02
1.211538625166194691e+02
1.213104611066651870e+02
1.215556149439752005e+02
1.217940141353260657e+02
1.217179645691634704e+02
1.219943538197699269e+02
1.221425534415618017e+02
1.225322139038562455e+02
1.226783082780782337e+02
1.227659830507662946e+02
1.229611497374336011e+02
1.231278117321985093e+02
1.232869838537927052e+02
1.235068173663263451e+02
1.237480537878365681e+02
1.238195443880084667e+02
1.239080065396593113e+02
1.241433434087974774e+02
1.243289873920971331e+02
1.245333757778498693e+02
1.245758760273145640e+02
1.249322188866108831e+02
1.250836821307501623e+02
1.252344423085844198e+02
1.252966832904911456e+02
1.253387987730258430e+02
1.255152184842000906e+02
1.258010249679567210e+02
1.261471674854544460e+02
1.262795534316816202e+02
1.263709398664125843e+02
1.264866484455173463e+02
1.267237711234622850e+02
1.267352978145772369e+02
1.268314211410595931e+02
1.269962986451986922e+02
1.270195968221295999e+02
1.272097368610348695e+02
1.273147815134212522e+02
1.275230403857485868e+02
1.276290984986091104e+02
1.278569998120609483e+02
1.280730542431399499e+02
1.280569616624451328e+02
1.283719670730392011e+02
1.284756940537122887e+02
1.283858673072344629e+02
1.285329144634171712e+02
1.287556787848662623e+02
1.288299984856157039e+02
1.289611503768970522e+02
1.289842958378118283e+02
1.290530317331056551e+02
1.292050537008026936e+02
1.291676514332785928e+02
1.293476651567199269e+02
1.293403332477843719e+02
1.294090599451032517e+02
1.293781134564003423e+02
1.294744975364658330e+02
1.295603987946656730e+02
1.295711267692921922e+02
1.294555244917522145e+02
1.294432476318546890e+02
1.294253104432446264e+02
1.295477660657903414e+02
1.296139939601573019e+02
1.295926816370853203e+02
1.297786527807305674e+02
1.297712005112976499e+02
1.297317606346457524e+02
1.297864212794537764e+02
1.297463754988042695e+02
1.297195084490696217e+02
1.297671897346426135e+02
1.296958753181632460e+02
1.296245932051458283e+02
1.295187749337043783e+02
1.295165047909700036e+02
1.296553892194199022e+02
1.296608302185939294e+02
1.296178497480725866e+02
1.296968833132979455e+02
1.297551948882485817e+02
1.297789225313300960e+02
1.297878206664198899e+02
1.297106717993863754e+02
1.298642799761663298e+02
1.299439104239745575e+02
1.299266731686111882e+02
1.300658314337905779e+02
1.300486364651851545e+02
1.301484608255080957e+02
1.299866619404908761e+02
1.300056008095666868e+02
1.301852023839821868e+02
1.302144323105652859e+02
1.303232828192821842e+02
1.303171216989383083e+02
1.303240801438540188e+02
1.303958242912477203e+02
1.303886039903877645e+02
1.305158073445738864e+02
1.305404506630996195e+02
1.305712770160667162e+02
1.304310147374187636e+02
1.305398147757771312e+02
1.305857771094420912e+02
1.306209578393916786e+02
1.306776117134261312e+02
1.308432119388970989e+02
1.308726147098616082e+02
1.309850415507394814e+02
1.311788458098797037e+02
1.312198927310712975e+02
1.313173350781335387e+02
1.314148940814125979e+02
1.314252601662264226e+02
1.314917712569785806e+02
1.315972387554753311e+02
1.316889587382515003e+02
1.317427682653926695e+02
1.318801893781406136e+02
1.321483844825224594e+02
1.321887434050584602e+02
1.321821199750532969e+02
1.323066138224717463e+02
1.323693498043315344e+02
1.323470496858952004e+02
1.323739856653853622e+02
1.324887572624687948e+02
1.326887307033840955e+02
1.327183765978327870e+02
1.329271928117281618e+02
1.330087157917564298e+02
1.331102661871610735e+02
1.329875111708790882e+02
1.328982293592663666e+02
1.329227967396502947e+02
1.328986263550601450e+02
1.329264743635508523e+02
1.330317113476161808e+02
1.331359292431267818e+02
1.332554931605098147e+02
1.332108663361535150e+02
1.332327984496865554e+02
1.333253915917350980e+02
1.332845472827641515e+02
1.333852507839742998e+02
1.333675784892263891e+02
1.333837069423053663e+02
1.334494718422175481e+02
1.335764650108383762e+02
1.337071408631039162e+02
1.338416755245583829e+02
1.339082413702592760e+02
1.339772481925516558e+02
1.340223471546295002e+02
1.340905164927441433e+02
1.340925798071553174e+02
1.342092647894009758e+02
1.342815230797810386e+02
1.343400925080846378e+02
1.343896673031991895e+02
1.343489481817324247e+02
1.343601826307288150e+02
1.343270539208152456e+02
1.344210205255930646e+02
1.345082301475393933e+02
1.345656599997629996e+02
1.346366694391277861e+02
1.346966175512366135e+02
1.347341913740560244e+02
1.349354104050876515e+02
1.349145478898190618e+02
1.349963310062747439e+02
1.349996357839316374e+02
1.350473939015197118e+02
1.351766677415046445e+02
1.353116936809374238e+02
1.352490538771286026e+02
1.353320264493858645e+02
1.353011206715915762e+02
1.352575943931668974e+02
1.352808037614570935e+02
1.354723901574622573e+02
1.356638596041307494e+02
1.358920968550929729e+02
1.359423925855649031e+02
1.359738079433365954e+02
1.361705230564869566e+02
1.361967972519375110e+02
1.363682539330951045e+02
1.364386862237926721e+02
1.365037063046784738e+02
1.365120314952177694e+02
1.365626747788352020e+02
1.365536428209237840e+02
1.366652626165431741e+02
1.367941356895356648e+02
1.368987797628993235e+02
1.369015120933312346e+02
1.369931598598920175e+02
1.371005469390883036e+02
1.371322692671973869e+02
1.372456045919569192e+02
1.372181109144119660e+02
1.372153712865469970e+02
1.372872177673950773e+02
1.372964673187096309e+02
1.372610151308235231e+02
1.372987182448283079e+02
1.373663966607779514e+02
1.374052619929342143e+02
1.374537555647318072e+02
1.375599176169832845e+02
1.377034298583538714e+02
1.377512026137019348e+02
1.378721280731536467e+02
1.379151058705552941e+02
1.379804755589500473e+02
1.380006354512370876e+02
1.381153123951456507e+02
1.383523359602444316e+02
1.383090986477111528e+02
1.383026908291716666e+02
1.383148641303394584e+02
1.383733460891222080e+02
1.383154438876258894e+02
1.382095632356085559e+02
1.381782359576932038e+02
1.381913892577345280e+02
1.383409282982739796e+02
1.384708941237566933e+02
1.384908280094110467e+02
1.385428002160714982e+02
1.384971010638091968e+02
1.385129176715306869e+02
1.384028331856087561e+02
1.383290693875509589e+02
1.383802177235646127e+02
1.382857060251198504e+02
1.383613667014032274e+02
1.384772697543954791e+02
1.384512504255818612e+02
1.385933345701672295e+02
1.387568471823544201e+02
1.388337308651854869e+02
1.387598517374572111e+02
1.387234835005579612e+02
1.388237988432659051e+02
1.388494390462288379e+02
1.390280753381529451e+02
1.390279249290424559e+02
1.390534659476909098e+02
1.392136554368480859e+02
1.393612916790892200e+02
1.393903024288064501e+02
1.393976704850811927e+02
1.395297657588189395e+02
1.394606197324442292e+02
1.395639496107438333e+02
1.395794014337677709e+02
1.396426432554412997e+02
1.397466780863300926e+02
1.396904070209358508e+02
1.397227227085994627e+02
1.397601858097890499e+02
1.397893411117858307e+02
1.397288520769051843e+02
1.397312248294089159e+02
1.397264285968221600e+02
1.398335647503281223e+02
1.399434034963297506e+02
1.400736133128490906e+02
1.401204419192879129e+02
1.400302786107750990e+02
1.401640280918174426e+02
1.402309067455543357e+02
1.403819716884177637e+02
1.404082092383870304e+02
1.404712071293108693e+02
1.403769480156376801e+02
1.403993817729234479e+02
1.404704000696824551e+02
1.404897103405918699e+02
1.405708110273451723e+02
1.408188423777529863e+02
1.409221314051961258e+02
1.410364977221015863e+02
1.410945463780227556e+02
1.411086766601805778e+02
1.412442996026802007e+02
1.412002717022616594e+02
1.412528812393594535e+02
1.411698480893844589e+02
1.411941778994358287e+02
1.413178635702789450e+02
1.414183347049039412e+02
1.414062660050825571e+02
1.413244550844933940e+02
1.413113532948936779e+02
1.413417616172901887e+02
1.413472999738655176e+02
1.413350791887014282e+02
1.413019144728888250e+02
1.413637732306040675e+02
1.414266233930661087e+02
1.414019239375048755e+02
1.415962848418924409e+02
1.415873544884180717e+02
1.417404498081175461e+02
1.419161015958801499e+02
1.419478802731096039e+02
1.420293095160003816e+02
1.420137873679304050e+02
1.421571019460631646e+02
1.421018266739149851e+02
1.418850972628593468e+02
1.419136696967095759e+02
1.419819234700766799e+02
1.418509417977851683e+02
1.418708496427698549e+02
1.419168761443824280e+02
1.419272441523152679e+02
1.420353126860102293e+02
1.421136175681689622e+02
1.422042689846200858e+02
1.421672980913420474e+02
1.422762684649653409e+02
1.421464078236263617e+02
1.421491149214122345e+02
1.421530290479682606e+02
1.421749166830720696e+02
1.422636794690937734e+02
1.422494664476986657e+02
1.420792054983209312e+02
1.420741825994465444e+02
1.420641681009566071e+02
1.420445653464047666e+02
1.420352762088205623e+02
1.418765246814546401e+02
1.419106851065109538e+02
1.419374216221454219e+02
1.419913856751681749e+02
1.420151973877055411e+02
1.421235488755739880e+02
1.420867461897034332e+02
1.420565697539362304e+02
1.420939052104102984e+02
1.420110346823044836e+02
1.419743362629779710e+02
1.420683458049300327e+02
1.420472299230121962e+02
1.419977842838427762e+02
1.419734821150888138e+02
1.420910431045246582e+02
1.419517751624129858e+02
1.419777331317152971e+02
1.419497266687038177e+02
1.419727139445847399e+02
1.419584754250518301e+02
1.418998862808991248e+02
1.417761971687700964e+02
1.418708419630091271e+02
1.417576915130900943e+02
1.419226501446610769e+02
1.421835225649980430e+02
1.422294633241304780e+02
1.421561803175633258e+02
1.422583290566527410e+02
1.422072430009522179e+02
1.421707463740050343e+02
1.423505723327550356e+02
1.423711455861954391e+02
1.424019748410986779e+02
1.424438450531059743e+02
1.425805502685011277e+02
1.425657324147669271e+02
1.426381593914236703e+02
1.426130033193815336e+02
1.427655871804570040e+02
1.427973534776128588e+02
1.429756876429809438e+02
1.428742793740297259e+02
1.429859051235569041e+02
1.430347539396946104e+02
1.430716906671234483e+02
1.431983409179485704e+02
1.431875940568613146e+02
1.433592446608268460e+02
1.434232107275291810e+02
1.434581934712927023e+02
1.434145106130229976e+02
1.433245801378323563e+02
1.431947643428792674e+02
1.432334039013311440e+02
1.433150562642314867e+02
1.433692953002085630e+02
1.434499706289554979e+02
1.434666875149696637e+02
1.434577752390373746e+02
1.435014778482424731e+02
1.435841963883179346e+02
1.436822797754412875e+02
1.437818220098689324e+02
1.438433171623729265e+02
1.438173033804264662e+02
1.438207951749982101e+02
1.438272337675979600e+02
1.437992218469298962e+02
1.437932801813909975e+02
1.439311604078405935e+02
1.438402129435389156e+02
1.439155609378772454e+02
1.437996434550510685e+02
1.437685848802834983e+02
1.439397437228024330e+02
1.439567635161701844e+02
1.440055356754969296e+02
1.439527034652613224e+02
1.439748413168752279e+02
1.439384856558456534e+02
1.440059742244160077e+02
1.439401332140280658e+02
1.440061186087740452e+02
1.438989654616489986e+02
1.439366256409238076e+02
1.439427730523182447e+02
1.440899844134663965e+02
1.440857258635030007e+02
1.440956197271892165e+02
1.439966869978057957e+02
1.441061104558355055e+02
1.441125610559836900e+02
1.440949500701082684e+02
1.440483992657880776e+02
1.440193763110175951e+02
1.440023954323057183e+02
1.439591491253798949e+02
1.438655848031004041e+02
1.439126488294374155e+02
1.439743698322374428e+02
1.440589958808452593e+02
1.440391017074812794e+02
1.441530625747202237e+02
1.441411297594139569e+02
1.441770857502658032e+02
1.441427272430161111e+02
1.442309671434820189e+02
1.442059848811803704e+02
1.441861838418286084e+02
1.442017901292389297e+02
1.441963131280842276e+02
1.440755429520536381e+02
1.440056374411441880e+02
1.440494644627481478e+02
1.440669565730543695e+02
1.440233333101517985e+02
1.439690710447634387e+02
1.440475740839539185e+02
1.439961553075330585e+02
1.441025891510502390e+02
1.440947209238430275e+02
1.441612216163032940e+02
1.441869159536487928e+02
1.441406219373836279e+02
1.441820742120170280e+02
1.442809573467188216e+02
1.442505024473834112e+02
1.442885725614351315e+02
1.443504490199627242e+02
1.443535119463355159e+02
1.443829560698535488e+02
1.443951810491059291e+02
1.443670656779478350e+02
1.445332748294323437e+02
1.445915004405008233e+02
1.445006357603424760e+02
1.444762554858176316e+02
1.443875385478316957e+02
1.442923906263476965e+02
1.443612689498006034e+02
1.444107798766613371e+02
1.444532783738698640e+02
1.444768174592443017e+02
1.445891186347210748e+02
1.445829348505844223e+02
1.445870585241501374e+02
1.446623117388803621e+02
1.447256122352660270e+02
1.447766932900022141e+02
1.448610166114453648e+02
1.448952329025303527e+02
1.448058265858454376e+02
1.447966370102407438e+02
1.447906470517643527e+02
1.448209359136207297e+02
1.447601935780148210e+02
1.447953291126501085e+02
1.447591298113655682e+02
1.446729445272513033e+02
1.447033285913160228e+02
1.448086343439831296e+02
1.449090557604928335e+02
1.449354711092068158e+02
1.449214137388918857e+02
1.448594542223011103e+02
1.449369300951645982e+02
1.449427168764607927e+02
1.448662746331872313e+02
1.447565935993889354e+02
1.448835693425244813e+02
1.447944131992149153e+02
1.447409984222446155e+02
1.447259512411234823e+02
1.447690846287003126e+02
1.447159367148149727e+02
1.447627374101062969e+02
