-1.101025037196229697e-02
-3.333297102360641873e+01
-2.350896819614861499e+01
-3.266848398384864538e+01
-2.789968307420059546e+01
-3.176000063298003795e+01
-2.995769136722695336e+01
-3.469469796989260146e+01
-3.316442011494631714e+01
-3.580831265834257948e+01
-3.312998199565844715e+01
-3.538321351942654047e+01
-3.313305087248699010e+01
-3.458381473172370590e+01
-3.281187351195413981e+01
-3.413436616617887864e+01
-3.305618364362165096e+01
-3.409145280605902428e+01
-3.325042122250162180e+01
-3.355063702758867805e+01
-3.282259304564865232e+01
-3.331560557491417995e+01
-3.199818665416944086e+01
-3.289396365653630028e+01
-3.191486698560522584e+01
-3.230075725914226581e+01
-3.136851961698983615e+01
-3.193458249399995452e+01
-3.135170150215792972e+01
-3.183405533688338807e+01
-3.114942322221142490e+01
-3.167175878878214945e+01
-3.056078497704757879e+01
-3.100841051358643696e+01
-3.023843306123050922e+01
-3.063330478359899445e+01
-3.006248878759630117e+01
-3.046514238054934154e+01
-2.980053456566183812e+01
-2.996204466347820983e+01
-2.951565470218860199e+01
-2.990340141932704654e+01
-2.893988149846579461e+01
-2.929772234104542150e+01
-2.858473347372450135e+01
-2.883332147642664722e+01
-2.843010002196641395e+01
-2.849557038892456262e+01
-2.808776850952262194e+01
-2.877504038720092083e+01
-2.724664618283190975e+01
-2.795422277971105984e+01
-2.669851476609430918e+01
-2.688905804156574675e+01
-2.593185700819460138e+01
-2.594098244186007207e+01
-2.499620370879094367e+01
-2.497499659523390036e+01
-2.417188907467991754e+01
-2.483252666129174102e+01
-2.385094281033931196e+01
-2.437784163448972663e+01
-2.352175941680663129e+01
-2.350457313021409789e+01
-2.263113743923583954e+01
-2.264304429637275007e+01
-2.219647754146474128e+01
-2.246324005797178103e+01
-2.171128767181977182e+01
-2.175646060925727809e+01
-2.155126603660816187e+01
-2.146113751448935503e+01
-2.102547683715211235e+01
-2.098400229883070978e+01
-2.036835706446147753e+01
-2.035223166386748161e+01
-1.952928540251040346e+01
-1.940707673475776573e+01
-1.943406827167745021e+01
-1.955318136439871424e+01
-1.875166296712986735e+01
-1.912869648370676856e+01
-1.831896388882152849e+01
-1.892560764281277130e+01
-1.806624920185621619e+01
-1.785798761622030995e+01
-1.705551435505803326e+01
-1.704326928126119967e+01
-1.626699491362490591e+01
-1.626148900773632988e+01
-1.554158815725470966e+01
-1.559042010380579768e+01
-1.499840463313383410e+01
-1.492015934900105734e+01
-1.373074087353579742e+01
-1.382862296563405380e+01
-1.287280039755527028e+01
-1.271710935055114255e+01
-1.158955991901171245e+01
-1.198903661463628545e+01
-1.089047157119317433e+01
-1.140446873182128229e+01
-1.036703290708074832e+01
-1.050105052932486771e+01
-8.741076592258746558e+00
-8.661713502515228313e+00
-7.246852693224225206e+00
-6.914936502071050484e+00
-6.104626554046920006e+00
-5.800344045575647201e+00
-4.214890207603303018e+00
-4.085933043522328667e+00
-2.861761314025313307e+00
-2.849789852036341831e+00
-1.492218208335726271e+00
-9.252701189366138168e-01
9.301990019385146802e-01
9.409612911561354709e-01
2.645405381787843346e+00
3.042571536185604497e+00
4.589849529872719991e+00
4.425193114528001459e+00
5.872817282528680849e+00
6.143424811415338027e+00
7.574253830210205152e+00
7.802310472899974592e+00
9.756137317422247435e+00
1.081832217673810170e+01
1.294417253544236779e+01
1.354444883879573069e+01
1.554689610187184812e+01
1.579712347622468549e+01
1.803681187678672515e+01
1.880555878474197229e+01
2.043581297585176415e+01
2.119070306372892887e+01
2.366765931254753497e+01
2.393036749483353276e+01
2.647042605540709559e+01
2.691192550242018910e+01
2.919765919624952488e+01
2.967327418512840254e+01
3.195287952195042536e+01
3.175373173811949812e+01
3.381295050565741889e+01
3.421381863861960682e+01
3.714587474074770057e+01
3.763645475816012720e+01
4.050443743252582607e+01
4.089223928295459132e+01
4.352238999032144307e+01
4.409411443516271589e+01
4.650288015283079091e+01
4.542096858373316337e+01
4.702686828513739670e+01
4.793965910187323942e+01
5.088127328507898994e+01
5.155749970620259148e+01
5.323436121458485815e+01
5.328820320527002252e+01
5.576227864767241726e+01
5.613692652671108618e+01
5.857412097146050911e+01
5.845160477193842752e+01
5.916694435671863772e+01
5.750043986423267484e+01
5.980871864460729626e+01
6.001701655963068305e+01
6.275372241487474412e+01
6.291120395368905349e+01
6.590368769313583641e+01
6.618338398838420744e+01
6.840390846695223104e+01
6.797536490764514383e+01
7.025080872819222577e+01
6.999681219414637212e+01
7.161410061006048977e+01
7.173398075487649805e+01
7.391188275850358025e+01
7.393840705824399606e+01
7.693504120570672455e+01
7.583195130400036987e+01
7.775872655870232109e+01
7.689372681170981139e+01
7.901580946276843065e+01
7.731609538383760594e+01
7.918840451519072587e+01
7.876340273901254818e+01
8.067438512923081362e+01
8.001240259981777569e+01
8.196477726930550034e+01
8.168078800841094278e+01
8.395622613613342367e+01
8.294376266397721054e+01
8.372607739045238873e+01
8.352069562553236892e+01
8.435037161700313391e+01
8.361975753065590311e+01
8.310221178396267305e+01
8.262399368310389036e+01
8.454127371878432484e+01
8.423612919895288087e+01
8.741799648138669454e+01
8.673041546879557018e+01
8.838562858048214821e+01
8.721631044645599218e+01
8.921804025021017992e+01
8.872758722238012297e+01
9.045641688758126975e+01
9.021932079244510305e+01
9.197238033318312489e+01
9.064259007760658449e+01
9.412608093691883937e+01
9.371286182965772582e+01
9.558755611800246754e+01
9.493942795955774727e+01
9.398875642265619490e+01
9.150391456666243073e+01
9.255876666931942509e+01
9.195907274870900494e+01
9.400856320346323969e+01
9.400355728663188870e+01
9.666191575892716514e+01
9.591083245728000861e+01
9.812039334227897314e+01
9.786165283692076855e+01
9.872761098796495105e+01
9.748316295189066238e+01
9.889840210916905505e+01
9.891301665052885994e+01
1.012827948413978447e+02
1.016775970404220857e+02
1.035002926178468670e+02
1.040178973611746187e+02
1.063216166561490184e+02
1.042153512402037450e+02
1.062313013411973941e+02
1.054332301059084358e+02
1.077921682621189916e+02
1.066455154358987301e+02
1.090057054522351621e+02
1.083030426514119284e+02
1.115623628251746169e+02
1.110269078261136144e+02
1.132327572918723462e+02
1.118512123308540254e+02
1.146692030003389959e+02
1.157850106132815426e+02
1.177432878875105189e+02
1.166252988955594816e+02
1.190102033408640807e+02
1.183284717893707096e+02
1.211606559643287824e+02
1.207331463251911003e+02
1.226894351190921952e+02
1.217619599730266060e+02
1.239082060896234339e+02
1.239868656519921188e+02
1.250581630972407225e+02
1.250017166919168830e+02
1.259769789423297652e+02
1.250230068659132883e+02
1.287828608848539886e+02
1.283795190735517053e+02
1.306029154453950127e+02
1.318424989909433975e+02
1.359826902905641646e+02
1.355168631049954229e+02
1.371674559624101164e+02
1.361795630012532285e+02
1.378480851539708283e+02
1.367681051011362570e+02
1.391479967011273118e+02
1.386930482421178681e+02
1.406848275311226928e+02
1.389345117214435561e+02
1.408709598167888828e+02
1.390932956245063110e+02
1.405125755391038922e+02
1.400956795431880266e+02
1.407286005313288229e+02
1.401339264183691853e+02
1.422555906353192938e+02
1.412332259020920162e+02
1.446342918415683414e+02
1.437128434183898946e+02
1.452031648911591333e+02
1.447565818642236195e+02
1.463913809629697198e+02
1.451706203447536154e+02
1.463800865288931448e+02
1.450547836650168279e+02
1.468591946114599693e+02
1.455186478287456566e+02
1.480404809805216360e+02
1.473877536551876801e+02
1.489812844077170269e+02
1.482165469409777074e+02
1.496967582548763005e+02
1.466549339256656026e+02
1.478194534816200303e+02
1.463449772426673121e+02
1.476899210949115968e+02
1.471126735691923670e+02
1.484643042350120083e+02
1.484125257984831023e+02
1.498132627968714132e+02
1.486721819669009790e+02
1.524140255244566333e+02
1.509983711395466344e+02
1.519047614795360914e+02
1.507398474985578787e+02
1.518233153684545016e+02
1.514392837713215840e+02
1.527256147407215394e+02
1.520156992775016818e+02
1.535544834156567902e+02
1.535709667282960424e+02
1.544222612336820362e+02
1.538838316201639884e+02
1.542905267621354710e+02
1.537763971874984179e+02
1.541753580770920564e+02
1.558900060260589555e+02
1.568335203148302810e+02
1.577550730979408513e+02
1.591150990161357299e+02
1.563696741380959168e+02
1.577212605939483296e+02
1.568524977212923943e+02
1.582527052261570759e+02
1.573892102454413475e+02
1.583114065820124097e+02
1.578150561837488226e+02
1.592144279954748072e+02
1.589328238181236657e+02
1.604262392205156118e+02
1.598951563137939331e+02
1.610424862337574723e+02
1.605320466414148655e+02
1.616314889847421625e+02
1.614301857868656498e+02
1.623359368823445550e+02
1.619523670416640755e+02
1.636005210045624381e+02
1.633222333113952800e+02
1.646508470711591201e+02
1.647687679076755387e+02
1.676282157706456530e+02
1.678424115215777874e+02
1.692021302359065658e+02
1.683782603516243057e+02
1.700120225648593362e+02
1.692529040387471468e+02
1.708631487253761634e+02
1.689655133921186518e+02
1.713142055779957218e+02
1.713510375945787985e+02
1.724836752777422646e+02
1.707117766256542097e+02
1.720384850486338451e+02
1.710112586408612572e+02
1.725312799923641762e+02
1.713222307833748062e+02
1.730478240291681402e+02
1.721907484207845016e+02
1.736846508314618518e+02
1.729032746872781843e+02
1.746769812219214089e+02
1.743658442108485644e+02
1.758614450174366084e+02
1.755086559177708239e+02
1.769513457186988035e+02
1.761294310433933106e+02
1.774072294573936972e+02
1.745415613174925227e+02
1.788111317777712941e+02
1.779055969718715176e+02
1.794723919118560218e+02
1.789764082367961464e+02
1.802656257707975271e+02
1.797662221267477491e+02
1.811515338159182704e+02
1.806567022938481841e+02
1.811094127509460350e+02
1.806573155351827040e+02
1.825770213980227084e+02
1.819389202761775550e+02
1.838481456815628121e+02
1.820603551030898188e+02
1.834515028039225513e+02
1.830983713243905697e+02
1.832906068634541157e+02
1.818452410289614534e+02
1.819988553762281640e+02
1.803730129714945747e+02
1.820280729989647455e+02
1.794205087243281866e+02
1.809839518473236240e+02
1.800546653020769270e+02
1.790155274837238153e+02
1.783523886557294134e+02
1.796004026408737388e+02
1.791900488554040578e+02
1.810118751279591152e+02
1.805169670818353893e+02
1.809442254132125640e+02
1.797801673260431983e+02
1.831613250455481818e+02
1.823039577559272288e+02
1.838086687802361894e+02
1.828071909936026600e+02
1.847274558263954987e+02
1.836873735044434568e+02
1.849674891317903587e+02
1.837005450512910727e+02
1.847965739674710903e+02
1.832581085128531129e+02
1.844060913604966743e+02
1.834376652300329340e+02
1.849449274640726060e+02
1.837229614697381521e+02
1.850263203034678270e+02
1.844210693644274954e+02
1.873471551499782493e+02
1.836686440577518056e+02
1.849121473472667674e+02
1.831572039131323208e+02
1.845374780938264792e+02
1.841768232124848907e+02
1.855328157914575797e+02
1.848409911579179266e+02
1.860874338258066985e+02
1.822496298074203196e+02
1.831804662498558116e+02
1.824064578542432287e+02
1.834963475943741287e+02
1.833947229362815676e+02
1.853586933531115335e+02
1.846338278026690887e+02
1.860354944778158028e+02
1.864205756111413450e+02
1.888518812913418401e+02
1.887279362254713817e+02
1.897326557816163302e+02
1.907208632315235945e+02
1.912715977174432567e+02
1.906049899802562493e+02
1.946105927428930613e+02
1.938482529495491065e+02
1.950622302929025409e+02
1.936426209284055915e+02
1.947958814733495387e+02
1.941378241460899972e+02
1.956096424453310760e+02
1.945467759439324880e+02
1.959779102738711742e+02
1.928866863672501495e+02
1.945163552446223605e+02
1.930134842192225051e+02
1.943958682580653488e+02
1.937711221858765498e+02
1.951890246045787478e+02
1.945358147673774454e+02
1.960425349296838249e+02
1.958516014231064730e+02
1.967414394846101970e+02
1.961596982924948804e+02
1.967792081457812969e+02
1.961923399678797182e+02
1.980775899594643761e+02
1.976765228431921457e+02
1.989608527599155821e+02
1.973437243131610046e+02
2.010466623597346256e+02
2.018415983820137001e+02
2.031338484344741744e+02
1.994960267720048535e+02
2.006415032149258195e+02
2.002050261868290875e+02
2.017184264231746056e+02
2.022177582954868456e+02
2.062988529932021322e+02
2.057797066849562100e+02
2.072178998496329143e+02
2.066600324311154679e+02
2.078703480036069209e+02
2.067184502196950859e+02
2.080121395796988395e+02
2.067853345882348606e+02
2.084770625429213737e+02
2.075167100825104001e+02
2.088194774505034843e+02
2.080480176872733580e+02
2.099834928207723976e+02
2.097172133393202955e+02
2.113183919044899142e+02
2.099255535403979138e+02
2.115186074090692614e+02
2.103442850934791863e+02
2.132132594039569540e+02
2.125822973786609964e+02
2.144613903521273528e+02
2.137241345998346844e+02
2.151800122840504343e+02
2.138268285013546119e+02
2.173282693684149365e+02
2.168997072272258890e+02
2.169416242981685343e+02
2.176503316763971156e+02
2.189718868791268278e+02
2.178095954604123961e+02
2.196649692544486641e+02
2.188237053528779370e+02
2.203785767786838790e+02
2.191451266070339159e+02
2.206549473119171694e+02
2.203108986387942423e+02
2.217687031522287668e+02
2.201854158239497110e+02
2.214934354361578528e+02
2.204011816307940421e+02
2.210824056548781584e+02
2.201772560504804517e+02
2.215396950966643885e+02
2.206887231721303522e+02
2.242831958159668773e+02
2.233051791683712111e+02
2.238408069133145659e+02
2.230590715054955240e+02
2.231068008726838912e+02
2.219049947011515656e+02
2.233842611865294145e+02
2.221900142226961918e+02
2.233864772613753757e+02
2.222419178202607952e+02
2.237000927426837791e+02
2.231523087693134357e+02
2.241743319117332476e+02
2.229785668116882960e+02
2.241879462536692813e+02
2.232901327936734504e+02
2.249896594957590708e+02
2.235423619753481148e+02
2.247348708652017990e+02
2.237867129137770235e+02
2.251604223878178175e+02
2.245516268860997684e+02
2.255260545168686122e+02
2.209877794867989280e+02
2.216750208346083753e+02
2.202329610633978234e+02
2.212176578716271536e+02
2.206262919672134046e+02
2.228152199313221615e+02
2.218832738622939473e+02
2.231650993226034529e+02
2.222208543029006194e+02
2.237504905201696204e+02
2.220941233326063866e+02
2.233981156511250674e+02
2.219545807693200459e+02
2.226313009662665081e+02
2.222818563940460876e+02
2.230939060758639130e+02
2.195742782826887662e+02
2.175845185620607651e+02
2.167745435789574060e+02
2.181269447653499185e+02
2.172940263604893687e+02
2.204351717405806710e+02
2.198892502546542573e+02
2.203085437334351013e+02
2.203892860541729135e+02
2.216035427199449259e+02
2.210287762552381992e+02
2.223545357607771109e+02
2.221730048348096886e+02
2.236493598353810341e+02
2.227917647798910536e+02
2.240830139535790977e+02
2.228221338026010585e+02
2.238181689884854109e+02
2.226368481089137958e+02
2.241378539536392793e+02
2.231914759985252772e+02
2.245688187870365198e+02
2.239304794213151126e+02
2.248628349461262701e+02
2.244255693668218044e+02
2.249094271401857270e+02
2.242875736699351990e+02
2.250746347000416563e+02
2.240328243894923332e+02
2.254825495932503827e+02
2.245159232506111664e+02
2.262127034572331752e+02
2.285221271065070709e+02
2.301757556727049803e+02
2.299544213541298916e+02
2.316358162027958372e+02
2.303148178726821129e+02
2.310492444360749573e+02
2.275810908966681723e+02
2.290846023109253338e+02
2.289658055452102019e+02
2.301160226758906049e+02
2.293439104120299703e+02
2.306407478097380874e+02
2.300858166161112877e+02
2.316941598118493175e+02
2.306297479760542899e+02
2.318312764983110412e+02
2.309563535589458354e+02
2.345034065210431038e+02
2.359658737491258194e+02
2.378567653546189149e+02
2.371384644494568761e+02
2.385532542406338337e+02
2.374795491944790911e+02
2.388368327976731109e+02
2.381046130823818316e+02
2.388073346384394995e+02
2.374562893608959655e+02
2.383189089011221995e+02
2.367966448402121671e+02
2.383748011858444329e+02
2.377097003430082225e+02
2.394469869383902676e+02
2.385272075751774423e+02
2.395148253680887365e+02
2.348801815766124435e+02
2.364848303145812451e+02
2.354693640564211705e+02
2.357082256566509386e+02
2.352574868212485626e+02
2.369281048093488096e+02
2.361369557926336995e+02
2.375619620534882017e+02
2.367326489424787610e+02
2.379278029393859697e+02
2.371540513723761592e+02
2.391213080739718748e+02
2.380251975481049271e+02
2.389921003461702753e+02
2.374737491729026715e+02
2.394338955194559162e+02
2.383653184052187726e+02
2.397393329568619151e+02
2.385972788852690485e+02
2.397054596630079573e+02
2.388822970004932245e+02
2.420914763737127089e+02
2.412796863022872742e+02
2.417347124219076022e+02
2.412037205262358839e+02
2.419397796007636998e+02
2.407596893029686669e+02
2.423196734927662703e+02
2.409918326775090236e+02
2.424157677287708168e+02
2.418310416873500515e+02
2.430457247715379765e+02
2.425212940335452458e+02
2.441975835475727195e+02
2.429493849356693431e+02
2.436308447788072726e+02
2.421969245721606683e+02
2.437215607289297736e+02
2.424001565582280193e+02
2.437421374408668555e+02
2.425189208737645572e+02
2.440250434702049347e+02
2.438561087617851513e+02
2.451683472145840312e+02
2.438512697909337703e+02
2.424162999384342640e+02
2.411977821587773292e+02
2.425814350606246137e+02
2.418322476743421134e+02
2.469477972760741125e+02
2.465416569578336805e+02
2.478504415163864110e+02
2.467274256830661159e+02
2.474737750212910328e+02
2.460809091032819538e+02
2.469109495326630963e+02
2.457036078176928413e+02
2.466058445995969066e+02
2.459002059875195414e+02
2.467920802921248367e+02
2.452953250531068647e+02
2.464524225583192276e+02
2.458406987866014219e+02
2.464655214420422169e+02
2.456777515344714686e+02
2.460412313536022566e+02
2.452040648294838547e+02
2.466860080846151959e+02
2.459760761775210369e+02
2.475429891033591048e+02
2.469015539648131039e+02
2.484608876654693574e+02
2.479079036699263554e+02
2.491645342559226890e+02
2.484618962256704151e+02
2.499155045403935276e+02
2.487519298807330301e+02
2.506882967548190493e+02
2.497814156989628884e+02
2.515805815415884297e+02
2.506456414074190207e+02
2.516384539011048673e+02
2.508048108610768168e+02
2.518310931930893162e+02
2.518733706549263331e+02
2.530435883430516242e+02
2.525219708687077969e+02
2.530204960633375322e+02
2.525403131511893662e+02
2.537708679787190817e+02
2.529631846011960761e+02
2.538004798820861936e+02
2.536344616399445044e+02
2.570803549923364812e+02
2.563306598244579391e+02
2.575011571011074238e+02
2.563279574983679936e+02
2.574255874337316072e+02
2.561531913493659545e+02
2.577081333835466808e+02
2.571733904009878984e+02
2.591092310231290980e+02
2.584483802080236501e+02
2.596692639162409364e+02
2.593795115105219793e+02
2.607852823796586108e+02
2.545566536573508643e+02
2.552979165156589829e+02
2.541835737122312935e+02
2.561415606433035919e+02
2.549990172402689836e+02
2.563394097179942719e+02
2.549582269997701474e+02
2.566801914385407599e+02
2.554872206351963086e+02
2.566081713203494132e+02
2.554514600800644928e+02
2.565981175421761691e+02
2.555639213118508621e+02
2.569079896190826275e+02
2.556108671367247780e+02
2.570236445702414585e+02
2.563362346220804966e+02
2.572435562157749018e+02
2.561665230173105101e+02
2.572441871016117716e+02
2.565300081654654605e+02
2.565793598808804745e+02
2.551838593670114221e+02
2.555501223430046878e+02
2.542225418035414179e+02
2.560487962729667402e+02
2.551448824869658267e+02
2.554685402659866043e+02
2.541298404449192105e+02
2.552882028815348576e+02
2.551814398568675415e+02
2.560805810293449554e+02
2.549314761455871974e+02
2.561596177072058254e+02
2.552729560352779572e+02
2.563951292128215300e+02
2.553763374781782147e+02
2.565352451290515887e+02
2.559291379257329311e+02
2.565234027911994303e+02
2.560346588452819674e+02
2.568265859423750612e+02
2.565587922605168956e+02
2.564878725454222490e+02
2.551556011140568501e+02
2.564366653068645405e+02
2.543466952151241003e+02
2.555108302605306108e+02
2.543571389434860919e+02
2.603461836542238643e+02
2.600409267444047714e+02
2.612878257373882889e+02
2.604523907187939926e+02
2.616295280145021138e+02
2.576541965750769236e+02
2.591206452659072283e+02
2.577859636768234282e+02
2.592886693582306634e+02
2.584870757640663328e+02
2.598596081832074560e+02
2.589857578179576194e+02
2.600105267288816435e+02
2.587352099742190603e+02
2.594582445363272996e+02
2.550405864647312342e+02
2.559545822707472098e+02
2.554981005569255785e+02
2.562444405035670343e+02
2.556459702090301960e+02
2.567197739492897881e+02
2.563744386283960353e+02
2.529603088447387904e+02
2.518319247052121739e+02
2.526470673048654589e+02
2.513745461126668204e+02
2.521643137543371722e+02
2.514120007318949490e+02
2.528166461464361134e+02
2.516716415713260631e+02
2.523454397968461933e+02
2.522119634270741528e+02
2.532566930415738966e+02
2.520451020088766825e+02
2.520215785561195219e+02
2.516515217945901099e+02
2.516922865527224360e+02
2.512057464022913678e+02
2.528828988756385741e+02
2.522189756069022337e+02
2.527921157867926070e+02
2.522788263287561392e+02
2.531782677175685592e+02
2.528043137787083197e+02
2.535272358669633093e+02
2.521142007352121368e+02
2.542206119081861857e+02
2.523641173185030766e+02
2.534883586258167725e+02
2.527344631660169796e+02
2.536968134764807417e+02
2.495694050967875910e+02
2.504465090796700224e+02
2.501818169643347858e+02
2.534763265096552232e+02
2.531350567551434096e+02
2.533897194409011604e+02
2.527137042247072998e+02
2.536877154990641543e+02
2.531887087214810492e+02
2.542372946527296449e+02
2.535547954252867839e+02
2.545972441683825593e+02
2.539412225964030938e+02
2.577485873939789371e+02
2.549448280660007811e+02
2.555133827812161655e+02
2.509366461511004616e+02
2.517355473514992354e+02
2.510757890692185583e+02
2.574780754693699691e+02
2.566246423792615019e+02
2.580233670059113251e+02
2.571579402740997580e+02
2.583163748675512466e+02
2.573259353438513699e+02
2.589770373986307277e+02
2.575402402978068039e+02
2.585943522081115589e+02
2.574713382753939186e+02
2.581497105396555867e+02
2.568445881877320289e+02
2.584861689821427717e+02
2.578015096036373279e+02
2.589325691132605698e+02
2.584286397417457692e+02
2.592782574662861066e+02
2.577464925635515556e+02
2.587741405453238031e+02
2.578010578524508105e+02
2.593034712421606969e+02
2.582202140783174968e+02
2.591868297994628847e+02
2.580647085407742338e+02
2.597901983630578684e+02
2.591159353253042354e+02
2.608524578441542872e+02
2.599437307143940075e+02
2.598437611176480004e+02
2.590089375326479058e+02
2.638872035929757089e+02
2.627157459288575296e+02
2.637269916931863349e+02
2.623655176827493847e+02
2.632374014646905493e+02
2.602118855271705797e+02
2.616421248761664060e+02
2.600267186378148381e+02
2.607303255941821476e+02
2.591853114928101149e+02
2.606706659231635399e+02
2.599315933927947526e+02
2.614458946770336638e+02
2.606461236671484016e+02
2.632369338342603555e+02
2.623022764866391867e+02
2.668160241329766222e+02
2.645939320340036147e+02
2.648508533241262626e+02
2.641391630579609568e+02
2.648362175669186058e+02
2.576770214578432387e+02
2.592229554925729644e+02
2.583154202430285409e+02
2.591077692628617797e+02
2.575842639040550921e+02
2.585648972966604333e+02
2.580892531656061237e+02
2.594129255488253989e+02
2.580773032928511270e+02
2.590760108552197494e+02
2.579012476828634135e+02
2.592486753047544425e+02
2.577567885662481331e+02
2.590935372946086659e+02
2.578483380425547011e+02
2.588880503593993581e+02
2.582236669191264014e+02
2.565321883696793179e+02
2.550998579234412205e+02
2.558261464741374311e+02
2.544298019075496597e+02
2.550335997130198677e+02
2.541143609176598659e+02
2.545916593972370947e+02
2.539721176530245828e+02
2.549273582480631717e+02
2.528620355297692868e+02
2.490676132633792861e+02
2.471346560500752787e+02
2.475222993380380956e+02
2.463557962148615559e+02
2.473530212813084290e+02
2.468337084910401700e+02
2.499280295106315748e+02
2.492620814030970848e+02
2.503071879960172055e+02
2.497202796021836093e+02
2.500998361169949931e+02
2.493020880519569573e+02
2.496944011347949015e+02
2.482950496556627797e+02
2.494658529287487454e+02
2.481949960760324529e+02
2.496351450952184905e+02
2.490151748463548813e+02
2.518190774370028180e+02
2.512560209234748640e+02
2.521512613483232030e+02
2.509619812972685793e+02
2.577152116908496282e+02
2.562268674329750979e+02
2.573879569575072424e+02
2.568891334063841327e+02
2.580365104179797981e+02
2.573138465047737782e+02
2.580473554769500311e+02
2.573073184701938771e+02
2.580023785334709032e+02
2.571458857247458809e+02
2.572634205140564632e+02
2.567246991527934483e+02
2.573943774928488892e+02
2.568101542203957024e+02
2.579657675956045750e+02
2.571895412235044205e+02
2.608250374843111103e+02
2.602007078455014266e+02
2.613982165910957178e+02
2.610026584480593215e+02
2.624674014667271535e+02
