1.449640737412167590e+00
1.730272019487130164e+00
2.348771591153529403e+00
3.216277646872828022e+00
4.555145957456940842e+00
5.820886384519974754e+00
7.220926644631305180e+00
8.366461395100310838e+00
1.074133969969021507e+01
1.249518059282710247e+01
1.407737080797824625e+01
1.550970747295484209e+01
1.698469683465652835e+01
1.808353741430561001e+01
1.928232963854460991e+01
2.026374872217409617e+01
2.102605795718859838e+01
2.137332160201328790e+01
2.202315475214062346e+01
2.266006011073043425e+01
2.351666134515288675e+01
2.397964540352186802e+01
2.455755155540966328e+01
2.522060320214312412e+01
2.581199922774506206e+01
2.649451511433898787e+01
2.727588430337264569e+01
2.790535391731134496e+01
2.889330366342214873e+01
3.006900643937813911e+01
3.035352110770772072e+01
3.124617705683786895e+01
3.259724385647889733e+01
3.385829845754106771e+01
3.455704288706529326e+01
3.468493118578200551e+01
3.569815381182471015e+01
3.690541509018731148e+01
3.726008143744965651e+01
3.843299873190803595e+01
3.900558952080696429e+01
4.025480607346111128e+01
4.229381222040257171e+01
4.391274433220638684e+01
4.534807788476990709e+01
4.680577045772722045e+01
4.809138611758102400e+01
4.909566150129773376e+01
5.101681827785789380e+01
5.201469797429265896e+01
5.245359800303121744e+01
5.234786299468884607e+01
5.251599416098153483e+01
5.368769140432309683e+01
5.472230240386640787e+01
5.534250055744229968e+01
5.606097601580616185e+01
5.576426715658642053e+01
5.661960598356544949e+01
5.783697502935421397e+01
5.890064175327341189e+01
6.017422063519769893e+01
6.108348017186536794e+01
6.053362012005199233e+01
6.093150275753591671e+01
6.082859829433360233e+01
6.132727295853946003e+01
6.208344264803263002e+01
6.226407732167859876e+01
6.140006226659702548e+01
6.045685062309786417e+01
6.028959803481022561e+01
5.904453646173585923e+01
5.798562766431323467e+01
5.830850840866219897e+01
5.743752842407917569e+01
5.674278176800940798e+01
5.643874060849216789e+01
5.671428497020433213e+01
5.657831748875764077e+01
5.607834683384373164e+01
5.754092695736273555e+01
5.772162965659572365e+01
5.907746652467956494e+01
5.950837625596208369e+01
5.992777639266191869e+01
6.005930042017345727e+01
6.055405631341153594e+01
6.044629845142867453e+01
6.136046665024787217e+01
6.210601836819890309e+01
6.246223372314793920e+01
6.273032882013166045e+01
6.206561790444204973e+01
6.264251683133309001e+01
6.280860725643558595e+01
6.275009960732829484e+01
6.325165625148938631e+01
6.313540614091283487e+01
6.311298281481259664e+01
6.365486229582243993e+01
6.396456126736974568e+01
6.464091752708550587e+01
6.523060157298814943e+01
6.588955064225866920e+01
6.652786505585031307e+01
6.655278139359745637e+01
6.578029512573257875e+01
6.612384586799075237e+01
6.547092838813266269e+01
6.510690149928386461e+01
6.496765238910843721e+01
6.421880760790165255e+01
6.325297823131897701e+01
6.311331847997028177e+01
6.271104197671391489e+01
6.353804265836429011e+01
6.460862698827298800e+01
6.471774178252726983e+01
6.441723810044467768e+01
6.470432263317881905e+01
6.492756254993810217e+01
6.503893800414184057e+01
6.580783670072352720e+01
6.581297005693653546e+01
6.591528629774364845e+01
6.587608457409355367e+01
6.596794281668377380e+01
6.662556704965925292e+01
6.696869059927432488e+01
6.841599565566735919e+01
6.851229198313920676e+01
6.957857514027780610e+01
7.000101057267731619e+01
7.070024026249282656e+01
7.151780201226284817e+01
7.205599803963497152e+01
7.365195834572564593e+01
7.513362218394644287e+01
7.710383089118147382e+01
7.706419404123528238e+01
7.882064490025709347e+01
7.955683697127842890e+01
7.966317329734756925e+01
8.088367055030641950e+01
8.128756248117915106e+01
8.202500425514190852e+01
8.175121140441466139e+01
8.161942026445784393e+01
8.223168069995068663e+01
8.084744176154622153e+01
7.844557184005229544e+01
7.847829476942889926e+01
7.865683025782753646e+01
7.651327538894521751e+01
7.663343234340223376e+01
7.576596005538641521e+01
7.494607609400129888e+01
7.556251057923800829e+01
7.504907253935343192e+01
7.517381668726348209e+01
7.511770584731416989e+01
7.430005812146764299e+01
7.438120682126229610e+01
7.450453954232212084e+01
7.456477917784989984e+01
7.494242061158269053e+01
7.441309500807953725e+01
7.402866178896915983e+01
7.436849343171476789e+01
7.521552680380926859e+01
7.532847640840699910e+01
7.477355703328522907e+01
7.504138042146959720e+01
7.586309165422233036e+01
7.698917283567496384e+01
7.683195934063756738e+01
7.581930645326146134e+01
7.736454798439309855e+01
7.768703937119661873e+01
7.728331129966572632e+01
7.813375458651189831e+01
7.755139598207033202e+01
7.778162299870088248e+01
7.864847860011099101e+01
8.002841133797259943e+01
8.004725599965391325e+01
8.074896775764378276e+01
7.989046654078482845e+01
8.011930166000377085e+01
7.940095591985304679e+01
8.025552995346936314e+01
7.947141074553452711e+01
7.896505159641706939e+01
7.877539745540890692e+01
7.827612789621160516e+01
7.816165188874218472e+01
7.705049527542557541e+01
7.720808200369452834e+01
7.718439775829585869e+01
7.764457843543378601e+01
7.831130839255578735e+01
7.913678905593059199e+01
7.867877379902326140e+01
7.896647132499870736e+01
7.978326782362046288e+01
7.988595891488931500e+01
8.104030862339372732e+01
8.151043166690085684e+01
8.069624091754600670e+01
8.055599637268244351e+01
7.997872059466763517e+01
8.000126186089104863e+01
8.013988063118432592e+01
8.019465025171089678e+01
8.098519813339139262e+01
8.184676212918787996e+01
8.154912109619586147e+01
8.185426969826428945e+01
8.148950418837885934e+01
8.235061377380996817e+01
8.255360012734222153e+01
8.320612589872884257e+01
8.513989952978703002e+01
8.403761993087636029e+01
8.492908883533415576e+01
8.563981493963001412e+01
8.558088245640958291e+01
8.640478037700417246e+01
8.541161064326493602e+01
8.477959464708531812e+01
8.522802525179110944e+01
8.666201280588235534e+01
8.741207421892633533e+01
8.831889674294171755e+01
8.864141543887819807e+01
8.719539483243819689e+01
8.767671564389496552e+01
8.741294267939582596e+01
8.660679035491753552e+01
8.688776389198858396e+01
8.667607051338637802e+01
8.565134088367194920e+01
8.668314470369135449e+01
8.562194426705731587e+01
8.484497573858872954e+01
8.335591720323650122e+01
8.154669089602839449e+01
8.312819301412211814e+01
8.481963413258574747e+01
8.677814864711847065e+01
8.645536060584488780e+01
8.634068034359390253e+01
8.627183139585200422e+01
8.596681915098125160e+01
8.605612008816844138e+01
8.720578633290287485e+01
8.725424203457863825e+01
8.644507373539978801e+01
8.873599241622349609e+01
8.887267115607176038e+01
8.897252545566185233e+01
8.781341617791738940e+01
8.652214320005660397e+01
8.643474250412236870e+01
8.774076211138134340e+01
8.824981950417746646e+01
8.910546748757207070e+01
8.895722934253382164e+01
8.861849700249032935e+01
8.948007900672990900e+01
9.106264632432467465e+01
8.957842968219115676e+01
8.852720087700124907e+01
8.740042590549195722e+01
8.659114353213895754e+01
8.777571528907390075e+01
8.711176008968963913e+01
8.646500344125003323e+01
8.707814868120023277e+01
8.601918960183749618e+01
8.647830291966023708e+01
8.812540458939716359e+01
8.719166136306540693e+01
8.707965821937042961e+01
8.714767113312562685e+01
8.902765328733799777e+01
8.827988960418511510e+01
8.828311367474849192e+01
8.910840671196928042e+01
8.911707139449747217e+01
8.986284850523921364e+01
8.983804689632697205e+01
8.977499868632735058e+01
9.024535051512042116e+01
9.006088185559319470e+01
9.089429883768676177e+01
9.040058007556312702e+01
9.051247891267387047e+01
9.101027944577131734e+01
8.923415422793785012e+01
9.103986888837333424e+01
9.207912724422885731e+01
9.187725602334352004e+01
9.047453152670405530e+01
9.094490542185167214e+01
9.010140627768205945e+01
8.916973253001484068e+01
8.872915703891959538e+01
8.796965201053784256e+01
8.887196746909270928e+01
8.870998899660264669e+01
8.798153786746662774e+01
8.900737865802653914e+01
8.928595259789769045e+01
8.693240799126671448e+01
8.705552837354716189e+01
8.696204132444600532e+01
8.666496955019846382e+01
8.752600644025967824e+01
8.776917471983280450e+01
8.950014005489867941e+01
8.889789768033693917e+01
8.851651489885836099e+01
8.771487560391162219e+01
8.810933366787698162e+01
8.758464487809956722e+01
8.839583230932645108e+01
8.901101038074968130e+01
8.864839362531040479e+01
8.867903072589932378e+01
8.849166871328485229e+01
8.847640441572370662e+01
8.901211151551000000e+01
8.858131134868055767e+01
8.933567331087857610e+01
8.954312280381802225e+01
8.926646816547879837e+01
8.915702837904278510e+01
8.919531307784383500e+01
9.009562010010860433e+01
8.976255567910818911e+01
9.003198403275919759e+01
9.044932112193076534e+01
9.200617145560705978e+01
9.297015954285843975e+01
9.255644720150276328e+01
9.212999161883308830e+01
9.065955716928965558e+01
9.164936770076414518e+01
9.284254622812605362e+01
9.242642753683121271e+01
9.312728768887505737e+01
9.175715313617607194e+01
9.205878475262137783e+01
9.171188583689614404e+01
9.100754002274976528e+01
9.055275115653263640e+01
8.954766401138381582e+01
8.956300805170438650e+01
9.030977499073929948e+01
9.204358265939521289e+01
9.379945652463766237e+01
9.259412893521911769e+01
9.095785859284031005e+01
9.229992744583391584e+01
9.249453571501726401e+01
9.445928555497667389e+01
9.280937692632895164e+01
9.349674116219776465e+01
9.325099169440596825e+01
9.163768013963330361e+01
9.162498899910725925e+01
9.185099508800149692e+01
9.204294856981000805e+01
8.998667172921658164e+01
9.017659790152201538e+01
9.020573084278140641e+01
8.922016387999696008e+01
9.029907541368538659e+01
9.081903159451661622e+01
9.003585496144037847e+01
9.081186383960888975e+01
9.100838552046062091e+01
9.219619799402235572e+01
9.390882087632013508e+01
9.520042816510469663e+01
9.548421276276125980e+01
9.472385818597325624e+01
9.450544909031776797e+01
9.440700589463428116e+01
9.478348722838910589e+01
9.461123238703468985e+01
9.555864277949390839e+01
9.400182313931232159e+01
9.453743741630097475e+01
9.432750171717655974e+01
9.388396897394862606e+01
9.473722569135173899e+01
9.497596520159282818e+01
9.512481636718577249e+01
9.539105295718167099e+01
9.603877028940013361e+01
9.642455591006826410e+01
9.520398654532799299e+01
9.485511916707386604e+01
9.615835819417549146e+01
9.487140758145004327e+01
9.521188298202126532e+01
9.387540943691034556e+01
9.383067042075899167e+01
9.571434139713706202e+01
9.613018013603739576e+01
9.490000012744263813e+01
9.418087423233056654e+01
9.461142623583580757e+01
9.469989845369508430e+01
9.435978540134655645e+01
9.456259055073748243e+01
9.430405196547857827e+01
9.582124706946588333e+01
9.608645206718946952e+01
9.642412801804898947e+01
9.653563008880955465e+01
9.854145250207446338e+01
9.831702656310999089e+01
9.816837107065002499e+01
9.849984709916958536e+01
9.824716797800242318e+01
9.914580050221462670e+01
9.852942363305541562e+01
9.816100611092605277e+01
9.747505866786397632e+01
9.736797630856081298e+01
9.742049875026461336e+01
9.518507968357823756e+01
9.484577873621223887e+01
9.515606882459654514e+01
9.474415828999475764e+01
9.368558681922353060e+01
9.212634070434623368e+01
9.141208371080125517e+01
9.017670202574150551e+01
9.173510667282411646e+01
9.157617969964405802e+01
9.200099163185075213e+01
9.223959854006720605e+01
9.226718501822378471e+01
9.198520945580170860e+01
9.447670085547309782e+01
9.497272295889038674e+01
9.559897442026439762e+01
9.617581344465956761e+01
9.670965325340689844e+01
9.666835581131532251e+01
9.692901487327706889e+01
9.679847683221287014e+01
9.693753785442447679e+01
9.728046931608093928e+01
9.700679031396565222e+01
9.774475552484258856e+01
9.866319492783637202e+01
9.970137507655907427e+01
9.903496865070427191e+01
9.813982432118818622e+01
9.787059088386699557e+01
9.667152480501518141e+01
9.584178069613525963e+01
9.704109734114152275e+01
9.777499771333779677e+01
9.829732872962918577e+01
9.769229908944367935e+01
9.623952672806170483e+01
9.648653094471752922e+01
9.663981388764706537e+01
9.565217866602000640e+01
9.531509546251351139e+01
9.613977440634367611e+01
9.591435651829986853e+01
9.668985109510414588e+01
9.697348996194664039e+01
9.751283708062072719e+01
9.680714800005584664e+01
9.605208006615504246e+01
9.554303247339136362e+01
9.547616172657211564e+01
9.721158247510351202e+01
9.714600592140023139e+01
9.874934266158645357e+01
9.883527406483395339e+01
9.871692770756675372e+01
9.773567783762578642e+01
9.868331799584161956e+01
9.858736114194778111e+01
9.837600073230387920e+01
9.791061016624635727e+01
9.938689298477906675e+01
1.005240781738926472e+02
1.020855704059659530e+02
1.032390828211114098e+02
1.036912597866599555e+02
1.044782667403522964e+02
1.040674340038433883e+02
1.020081640166278163e+02
1.024108281996849286e+02
1.028119460892297354e+02
1.023838924250343752e+02
1.021429967002120094e+02
9.903333026465372768e+01
9.906572982256318483e+01
1.013856932707880105e+02
9.884391749880522582e+01
9.727211759888801623e+01
9.466791495019839431e+01
9.351417751520870070e+01
9.289301232127016306e+01
9.263472351285528816e+01
9.351198905056713784e+01
9.159798081526861324e+01
9.133389764586713966e+01
9.305066407575083076e+01
9.295288941319016374e+01
9.595889134169522094e+01
9.588328497407816542e+01
9.530808685141944636e+01
9.517667315927999994e+01
9.672396045611010607e+01
9.802620842471634433e+01
9.899000128523927344e+01
1.004940396487877621e+02
1.008595440611226337e+02
1.009534945951938312e+02
9.999233940605701321e+01
9.825834777990483815e+01
9.926623679878137807e+01
9.899225495609167069e+01
9.889536086702993600e+01
9.743776555733251143e+01
9.861597772428753217e+01
9.938090494169435374e+01
9.826419707164477302e+01
9.750817341124452753e+01
9.730847107339440072e+01
9.805191661597085329e+01
9.757335454874741743e+01
9.755865670183410998e+01
9.734817286750629250e+01
9.930406939755830820e+01
1.001909191531994452e+02
1.004170840803272995e+02
1.015851162742105629e+02
1.012430416594092577e+02
1.011222612124527984e+02
1.023059673453126805e+02
1.025122631153577260e+02
1.030754691576501614e+02
1.025243272726655448e+02
1.021373347237888964e+02
1.008385307999289893e+02
1.006312722868633074e+02
1.002211456223527364e+02
9.875652273459057540e+01
9.860905254015179366e+01
9.858226110288849497e+01
9.732768472283430583e+01
9.684462691578335125e+01
9.711056141299616229e+01
9.611865498713932254e+01
9.565203127136186367e+01
9.451030217144733570e+01
9.467655418148551405e+01
9.525642873305928049e+01
9.617251795816682147e+01
9.536265221516569568e+01
9.738963709589695839e+01
9.801319006208838402e+01
9.970593299712541580e+01
9.924485862095900757e+01
9.718177075340514648e+01
9.813940527116008639e+01
9.778414285623738067e+01
9.717241467410383393e+01
9.812503819010626671e+01
9.890791276651675901e+01
9.880902230843757650e+01
9.982356418707246348e+01
9.906653514683185335e+01
9.900981173458299622e+01
9.829104611946004866e+01
9.830334494683354762e+01
9.721045296653747414e+01
9.900024797795722975e+01
9.900190302895603622e+01
1.004259633179005107e+02
1.011007648049504297e+02
1.016476426430428006e+02
1.028673237497331883e+02
1.018573946620633990e+02
1.015003448648287900e+02
1.023041565362840686e+02
1.029006780378585404e+02
1.041572431626314028e+02
1.043468338949460161e+02
1.048359501115597965e+02
1.038401175924179967e+02
1.038111050244544344e+02
1.020245327688948720e+02
1.022135944944489836e+02
1.004538132863794857e+02
1.000501548918265087e+02
9.918540766342022152e+01
9.989311442860656598e+01
9.916923765157332582e+01
9.726925961700230516e+01
9.577832048951243848e+01
9.483192004786010898e+01
9.542599418625265173e+01
9.559499367997712227e+01
9.484049737720125961e+01
9.563911684587849038e+01
9.745025205974668836e+01
9.706758350553465675e+01
9.830925787798427962e+01
9.725271532705937716e+01
9.826445970486379622e+01
9.843766235186615177e+01
9.839137290056422103e+01
9.944860070341439950e+01
1.003962252433345412e+02
1.003592838470578386e+02
1.015648311117785312e+02
1.001828486421969160e+02
1.006029035283270758e+02
1.012207096760624552e+02
1.014829315578305113e+02
1.020614462914922314e+02
1.024062023629267486e+02
1.032769566601996445e+02
1.049280809529229543e+02
1.045013431498354635e+02
1.041393093967561754e+02
1.047131264630488801e+02
1.045546036540290373e+02
1.065392480816780818e+02
1.064830074323880353e+02
1.042782923941939401e+02
1.054099444436410522e+02
1.051165356317069950e+02
1.048066145580336013e+02
1.035566061228615808e+02
1.022554554582220590e+02
1.022623771925268983e+02
1.017299682572250816e+02
1.017442207848540221e+02
1.026562636606541616e+02
1.028818015752752189e+02
1.034796072952920554e+02
1.045727841300517866e+02
1.046230688798150368e+02
1.051983018324922767e+02
1.063938858828024365e+02
1.073613552672048286e+02
1.070664650934458280e+02
1.084155510120124859e+02
1.079526191009743030e+02
1.089371492722181927e+02
1.089052241048973855e+02
1.090999069317647496e+02
1.083073120262279616e+02
1.087282663161114158e+02
1.074056105038369395e+02
1.071310066700778094e+02
1.071038828566757246e+02
1.063961761285918897e+02
1.063306139464856983e+02
1.054508640626731903e+02
1.058460503608715584e+02
1.058931497565430391e+02
1.054222227409183148e+02
1.057114709892035194e+02
1.058697356211156091e+02
1.062859026132414897e+02
1.044304645419281599e+02
1.066349389793163738e+02
1.057717740785812595e+02
1.069250102608486515e+02
1.078548173340404759e+02
1.081855102488230358e+02
1.096953349763987831e+02
1.101129665552227408e+02
1.095358773005409745e+02
1.110379025291705517e+02
1.122062500681286537e+02
1.125421116514887956e+02
1.138248075486820881e+02
1.143216622447976079e+02
1.155576692171432711e+02
1.169460096376540719e+02
1.170911780021715458e+02
1.183869283058799056e+02
1.171953919368032615e+02
1.165496249045832116e+02
1.168669773813113721e+02
1.152769694103247957e+02
1.135958984971118895e+02
1.125796416460198657e+02
1.126171916819378396e+02
1.132277399851843995e+02
1.121366227870748844e+02
1.128093898460309532e+02
1.104784392282035839e+02
1.092373714191969754e+02
1.092041825143901406e+02
1.075769444754616728e+02
1.069441513935381209e+02
1.089438192371883503e+02
1.079587301169446505e+02
1.076100734607482394e+02
1.053687238571037454e+02
1.051402708752579542e+02
1.043521450924416456e+02
1.060731273620030493e+02
1.034403701965749178e+02
1.026174313180135016e+02
1.017385749839003779e+02
1.024042026535405654e+02
1.007923789954089244e+02
1.004434343985871436e+02
1.006792202144550288e+02
9.919572150469898020e+01
9.960728308573166601e+01
1.008960420604211379e+02
1.013209039761369468e+02
1.030130110376606325e+02
1.034959760821499799e+02
1.028547217286759405e+02
1.038567687806843765e+02
1.039003738822791121e+02
1.048281063974973080e+02
1.047535121284989543e+02
1.046716548136547829e+02
1.065895999001665757e+02
1.070336421819573616e+02
1.085452092929617862e+02
1.089315594251700645e+02
1.070648704356044760e+02
1.064448769515581859e+02
1.067231014648371570e+02
1.073868333845896927e+02
1.065671848389769423e+02
1.071607851088883194e+02
1.072296129536145628e+02
1.078340516943929259e+02
1.078684666879953511e+02
1.080329016342789856e+02
1.088546034352701071e+02
1.091573342812878877e+02
1.088897811053861346e+02
1.094682031994847904e+02
1.081933854557298815e+02
1.083833433413591365e+02
1.096506370973422264e+02
1.098971452348690718e+02
1.113838771543723709e+02
1.108411677795903358e+02
1.119003403305660811e+02
1.102536693625210660e+02
1.091957731032118630e+02
1.086678959538652691e+02
1.091135174831416634e+02
1.092204254480529073e+02
1.092378430413055810e+02
1.080619382714195353e+02
1.051976613695095466e+02
1.057881248654848747e+02
1.065171332194753404e+02
1.054217053716883612e+02
1.057288906927922625e+02
1.046954283894448423e+02
1.046513417134892734e+02
1.031422553663221038e+02
1.039122036554444293e+02
1.040341070753109420e+02
1.042854333657829926e+02
1.043406026802659881e+02
1.032266963181157564e+02
1.027946280981020379e+02
1.029251215504040715e+02
1.049589621945184774e+02
1.049056337649629711e+02
1.061068365567267335e+02
1.065345048276806779e+02
1.066156469934477116e+02
1.050560654414991575e+02
1.055355558854472235e+02
1.070527247829808175e+02
1.078564749541758232e+02
1.074829643914560222e+02
1.084147893057458845e+02
1.083592445669871580e+02
1.092331372182691496e+02
1.088863258719312057e+02
1.095728009025089307e+02
1.083491583146184354e+02
1.073558550397647906e+02
1.074729120871513288e+02
1.075519635903088584e+02
1.052756422606221491e+02
1.061588482841892045e+02
1.058092192432722385e+02
1.051853301170996957e+02
1.038174112248512699e+02
1.024974450043075933e+02
1.036420178964760623e+02
1.028131029109977987e+02
1.032399105132965218e+02
1.039010642097964450e+02
1.030899164268718664e+02
1.038700255439736111e+02
1.023623518122292495e+02
1.025996123462702627e+02
1.021717007241101953e+02
1.019666726305442523e+02
1.034969742378281836e+02
1.042337748696875082e+02
1.033440249101254409e+02
1.054294977449299751e+02
1.063882041846966189e+02
1.055752573433840240e+02
1.056818123399731064e+02
1.056390063181165146e+02
1.058004168359669848e+02
1.053897508728612280e+02
1.053515338728168587e+02
1.060074832213264386e+02
1.050000981555217123e+02
1.047100736611345013e+02
1.059513685617251326e+02
1.060199579758070172e+02
1.055692471517279358e+02
1.058377869091488606e+02
1.049009856312561908e+02
1.032693698404977880e+02
1.039261566217944335e+02
1.043053171170797242e+02
1.051493469057591028e+02
1.053214224928321698e+02
1.045340925874860432e+02
1.039078770965007834e+02
1.039143610830810047e+02
1.040410313013371848e+02
1.056052011782731341e+02
1.049529447235531165e+02
1.057842515714331171e+02
1.049418479719297608e+02
1.038799577073616263e+02
1.048364907431761708e+02
1.049336930343881988e+02
1.045595071481540401e+02
1.027512414620832146e+02
1.024845504190206356e+02
1.020604214039822040e+02
1.031068331345994409e+02
1.030343864743380067e+02
1.026507251552268229e+02
1.027800730186788627e+02
1.016944973278351227e+02
1.023555686963879623e+02
1.017732416588724504e+02
1.019028846840273985e+02
1.020642217671131817e+02
1.016550829640337383e+02
1.028782535795656941e+02
1.046769634805707625e+02
1.058830772754891996e+02
1.061621818697605164e+02
1.070329360256027087e+02
1.073473926999419916e+02
1.067875035377128938e+02
1.086585548327723671e+02
1.093553285509068758e+02
1.094161707826662138e+02
1.092630064833714698e+02
1.090017546780345441e+02
1.093702475041788631e+02
1.090094219734986041e+02
1.097613837760856796e+02
1.106436107876319568e+02
1.081642692348855661e+02
1.079597835496813474e+02
1.072459249959493377e+02
1.073246960388809157e+02
1.054668180120010419e+02
1.073567657512567024e+02
1.074359872881350810e+02
1.058467714189380757e+02
1.036424359146750049e+02
1.043394105457998364e+02
1.041777024034439449e+02
1.034131796805374108e+02
1.028880170841683253e+02
1.030706698108249526e+02
1.018281935243841332e+02
1.020334958293875758e+02
1.022059854196346294e+02
1.012779509656006098e+02
1.013669399536454705e+02
1.034203805516303873e+02
1.019609665828277372e+02
1.017931062663191426e+02
1.011242197504867164e+02
1.013989769679031383e+02
1.018764343028570494e+02
1.022993719356293809e+02
1.024186052334436852e+02
1.033347954742178558e+02
1.029494795373168756e+02
1.036688816979410461e+02
1.051466370848347083e+02
1.063104829787418453e+02
1.064692740840968384e+02
1.073366227246546032e+02
1.078264758406335062e+02
1.083776145259833470e+02
1.066082214583740893e+02
1.068768104277481541e+02
1.083239965717887543e+02
1.080560103593167582e+02
1.092077173525068758e+02
1.099214800898902951e+02
1.107385912134711532e+02
1.095277834918266677e+02
1.093086220117741334e+02
1.077075471386527141e+02
1.074264582244146169e+02
1.073054472175379175e+02
1.051608761268761185e+02
1.042971623415664055e+02
1.035115268762841083e+02
1.046889906455082695e+02
1.058001595310722536e+02
1.060678169800387138e+02
1.068298042426869330e+02
1.064738949854354502e+02
1.060925980544759284e+02
1.060705842502599126e+02
1.079286518741509866e+02
1.077462175548388643e+02
1.079811520696348879e+02
1.082409345245011565e+02
1.086346711724694387e+02
1.075449907493137829e+02
1.079198611162831583e+02
1.082937219796303339e+02
1.096716000670166551e+02
1.088869664967329101e+02
1.084798515593553532e+02
1.080424297964690652e+02
1.086890349892634333e+02
1.092186649401110543e+02
1.085989696737366046e+02
1.088556821536514008e+02
1.084071917592698782e+02
1.084077613505579052e+02
1.077626755887468732e+02
1.070856231454719705e+02
1.075928215525994744e+02
1.083153941124982822e+02
1.091158698996493683e+02
1.095732597376694457e+02
1.100212045031126991e+02
1.101931691092337076e+02
1.098362826507611629e+02
1.100481384132770586e+02
1.081944069658104439e+02
1.083183186870153634e+02
1.064907958072735283e+02
