2.010000000000000000e+03
4.060000000000000000e+03
6.089000000000000000e+03
8.067000000000000000e+03
1.011200000000000000e+04
1.221900000000000000e+04
1.428000000000000000e+04
1.635600000000000000e+04
1.841800000000000000e+04
2.048900000000000000e+04
2.251400000000000000e+04
2.458100000000000000e+04
2.665600000000000000e+04
2.870700000000000000e+04
3.065100000000000000e+04
3.277200000000000000e+04
3.492000000000000000e+04
3.687100000000000000e+04
3.894400000000000000e+04
4.101700000000000000e+04
4.305500000000000000e+04
4.507000000000000000e+04
4.708900000000000000e+04
4.923000000000000000e+04
5.127900000000000000e+04
5.324200000000000000e+04
5.520700000000000000e+04
5.722800000000000000e+04
5.932000000000000000e+04
6.131100000000000000e+04
6.332500000000000000e+04
6.532200000000000000e+04
6.733000000000000000e+04
6.943700000000000000e+04
7.153100000000000000e+04
7.364600000000000000e+04
7.573600000000000000e+04
7.782800000000000000e+04
8.000000000000000000e+04
8.199500000000000000e+04
8.396100000000000000e+04
8.604800000000000000e+04
8.801800000000000000e+04
9.019200000000000000e+04
9.217400000000000000e+04
9.432700000000000000e+04
9.642300000000000000e+04
9.840800000000000000e+04
1.003850000000000000e+05
1.024460000000000000e+05
1.044330000000000000e+05
1.064700000000000000e+05
1.084970000000000000e+05
1.104810000000000000e+05
1.125450000000000000e+05
1.145700000000000000e+05
1.166440000000000000e+05
1.186790000000000000e+05
1.207570000000000000e+05
1.227740000000000000e+05
1.247100000000000000e+05
1.267280000000000000e+05
1.286920000000000000e+05
1.307620000000000000e+05
1.327560000000000000e+05
1.349140000000000000e+05
1.370080000000000000e+05
1.389760000000000000e+05
1.411090000000000000e+05
1.431570000000000000e+05
1.452270000000000000e+05
1.472620000000000000e+05
1.492510000000000000e+05
1.512410000000000000e+05
1.532330000000000000e+05
1.551600000000000000e+05
1.574320000000000000e+05
1.595760000000000000e+05
1.615640000000000000e+05
1.636400000000000000e+05
1.656110000000000000e+05
1.675230000000000000e+05
1.693670000000000000e+05
1.713810000000000000e+05
1.734670000000000000e+05
1.755170000000000000e+05
1.774550000000000000e+05
1.793420000000000000e+05
1.812820000000000000e+05
1.833030000000000000e+05
1.854240000000000000e+05
1.875010000000000000e+05
1.896460000000000000e+05
1.917850000000000000e+05
1.939060000000000000e+05
1.958250000000000000e+05
1.978060000000000000e+05
1.998990000000000000e+05
2.018390000000000000e+05
2.039690000000000000e+05
2.060600000000000000e+05
2.079770000000000000e+05
2.099740000000000000e+05
2.119410000000000000e+05
2.140630000000000000e+05
2.159940000000000000e+05
2.180420000000000000e+05
2.199900000000000000e+05
2.219330000000000000e+05
2.240320000000000000e+05
2.260130000000000000e+05
2.282330000000000000e+05
2.299960000000000000e+05
2.320410000000000000e+05
2.339330000000000000e+05
2.362020000000000000e+05
2.376020000000000000e+05
2.396940000000000000e+05
2.416270000000000000e+05
2.434250000000000000e+05
2.454490000000000000e+05
2.477920000000000000e+05
2.498280000000000000e+05
2.516720000000000000e+05
2.536340000000000000e+05
2.557150000000000000e+05
2.577890000000000000e+05
2.596860000000000000e+05
2.618880000000000000e+05
2.639120000000000000e+05
2.658450000000000000e+05
2.679600000000000000e+05
2.701390000000000000e+05
2.721830000000000000e+05
2.742780000000000000e+05
2.764030000000000000e+05
2.784230000000000000e+05
2.804700000000000000e+05
2.824210000000000000e+05
2.845310000000000000e+05
2.865260000000000000e+05
2.886030000000000000e+05
2.906810000000000000e+05
2.924740000000000000e+05
2.942910000000000000e+05
2.963750000000000000e+05
2.985770000000000000e+05
3.007490000000000000e+05
3.027590000000000000e+05
3.047270000000000000e+05
3.066320000000000000e+05
3.086340000000000000e+05
3.107110000000000000e+05
3.126120000000000000e+05
3.144670000000000000e+05
3.163490000000000000e+05
3.186150000000000000e+05
3.207920000000000000e+05
3.228720000000000000e+05
3.250630000000000000e+05
3.272260000000000000e+05
3.290060000000000000e+05
3.310420000000000000e+05
3.330780000000000000e+05
3.348650000000000000e+05
3.371420000000000000e+05
3.391260000000000000e+05
3.411230000000000000e+05
3.431590000000000000e+05
3.451080000000000000e+05
3.472030000000000000e+05
3.491130000000000000e+05
3.510920000000000000e+05
3.530710000000000000e+05
3.553670000000000000e+05
3.574180000000000000e+05
3.593580000000000000e+05
3.613800000000000000e+05
3.635020000000000000e+05
3.657480000000000000e+05
3.678320000000000000e+05
3.698520000000000000e+05
3.717500000000000000e+05
3.739450000000000000e+05
3.758890000000000000e+05
3.776710000000000000e+05
3.797500000000000000e+05
3.816930000000000000e+05
3.837400000000000000e+05
3.858180000000000000e+05
3.877750000000000000e+05
3.899580000000000000e+05
3.919970000000000000e+05
3.941980000000000000e+05
3.961760000000000000e+05
3.984910000000000000e+05
3.996980000000000000e+05
4.018280000000000000e+05
4.037380000000000000e+05
4.058050000000000000e+05
4.076420000000000000e+05
4.098130000000000000e+05
4.118990000000000000e+05
4.141900000000000000e+05
4.162080000000000000e+05
4.180740000000000000e+05
4.201240000000000000e+05
4.221220000000000000e+05
4.242420000000000000e+05
4.263900000000000000e+05
4.287100000000000000e+05
4.305600000000000000e+05
4.325810000000000000e+05
4.347080000000000000e+05
4.366050000000000000e+05
4.387950000000000000e+05
4.409910000000000000e+05
4.431700000000000000e+05
4.451240000000000000e+05
4.469900000000000000e+05
4.488690000000000000e+05
4.508800000000000000e+05
4.529390000000000000e+05
4.552270000000000000e+05
4.572130000000000000e+05
4.594010000000000000e+05
4.613230000000000000e+05
4.632920000000000000e+05
4.652610000000000000e+05
4.671890000000000000e+05
4.693120000000000000e+05
4.715400000000000000e+05
4.735860000000000000e+05
4.756690000000000000e+05
4.777210000000000000e+05
4.797430000000000000e+05
4.817940000000000000e+05
4.839870000000000000e+05
4.858630000000000000e+05
4.878080000000000000e+05
4.897290000000000000e+05
4.917760000000000000e+05
4.937100000000000000e+05
4.957670000000000000e+05
4.979530000000000000e+05
4.999170000000000000e+05
5.019960000000000000e+05
5.041220000000000000e+05
5.061890000000000000e+05
5.082080000000000000e+05
5.102640000000000000e+05
5.121630000000000000e+05
5.140050000000000000e+05
5.161780000000000000e+05
5.180150000000000000e+05
5.199360000000000000e+05
5.222110000000000000e+05
5.241220000000000000e+05
5.261420000000000000e+05
5.282640000000000000e+05
5.302990000000000000e+05
5.323260000000000000e+05
5.344730000000000000e+05
5.364640000000000000e+05
5.386560000000000000e+05
5.409250000000000000e+05
5.428730000000000000e+05
5.448850000000000000e+05
5.469760000000000000e+05
5.488670000000000000e+05
5.508960000000000000e+05
5.528880000000000000e+05
5.549980000000000000e+05
5.570560000000000000e+05
5.592100000000000000e+05
5.614080000000000000e+05
5.634910000000000000e+05
5.653460000000000000e+05
5.671560000000000000e+05
5.692410000000000000e+05
5.714490000000000000e+05
5.735690000000000000e+05
5.755550000000000000e+05
5.778540000000000000e+05
5.798390000000000000e+05
5.819850000000000000e+05
5.839820000000000000e+05
5.860610000000000000e+05
5.881130000000000000e+05
5.901900000000000000e+05
5.924370000000000000e+05
5.942430000000000000e+05
5.963620000000000000e+05
5.984670000000000000e+05
6.003500000000000000e+05
6.024040000000000000e+05
6.044690000000000000e+05
6.065960000000000000e+05
6.087530000000000000e+05
6.108480000000000000e+05
6.129660000000000000e+05
6.149990000000000000e+05
6.171140000000000000e+05
6.192250000000000000e+05
6.212870000000000000e+05
6.233080000000000000e+05
6.252390000000000000e+05
6.274160000000000000e+05
6.295710000000000000e+05
6.315880000000000000e+05
6.336930000000000000e+05
6.355600000000000000e+05
6.375080000000000000e+05
6.395190000000000000e+05
6.414650000000000000e+05
6.437900000000000000e+05
6.458120000000000000e+05
6.478940000000000000e+05
6.500230000000000000e+05
6.519230000000000000e+05
6.538580000000000000e+05
6.560160000000000000e+05
6.580300000000000000e+05
6.600190000000000000e+05
6.621290000000000000e+05
6.643050000000000000e+05
6.663580000000000000e+05
6.683540000000000000e+05
6.706390000000000000e+05
6.727580000000000000e+05
6.746320000000000000e+05
6.766160000000000000e+05
6.786690000000000000e+05
6.808280000000000000e+05
6.828560000000000000e+05
6.848050000000000000e+05
6.867980000000000000e+05
6.888070000000000000e+05
6.908190000000000000e+05
6.926670000000000000e+05
6.946220000000000000e+05
6.968130000000000000e+05
6.989410000000000000e+05
7.007470000000000000e+05
7.027350000000000000e+05
7.042420000000000000e+05
7.063040000000000000e+05
7.084500000000000000e+05
7.107280000000000000e+05
7.130300000000000000e+05
7.150540000000000000e+05
7.171020000000000000e+05
7.191720000000000000e+05
7.213360000000000000e+05
7.233780000000000000e+05
7.255390000000000000e+05
7.275730000000000000e+05
7.296990000000000000e+05
7.317620000000000000e+05
7.337860000000000000e+05
7.359160000000000000e+05
7.379700000000000000e+05
7.401350000000000000e+05
7.420870000000000000e+05
7.440680000000000000e+05
7.461490000000000000e+05
7.481290000000000000e+05
7.502040000000000000e+05
7.524160000000000000e+05
7.544460000000000000e+05
7.563740000000000000e+05
7.584890000000000000e+05
7.604890000000000000e+05
7.624620000000000000e+05
7.644840000000000000e+05
7.666200000000000000e+05
7.686420000000000000e+05
7.708020000000000000e+05
7.728540000000000000e+05
7.749090000000000000e+05
7.769330000000000000e+05
7.789150000000000000e+05
7.809900000000000000e+05
7.831220000000000000e+05
7.850320000000000000e+05
7.870810000000000000e+05
7.892990000000000000e+05
7.912600000000000000e+05
7.932280000000000000e+05
7.952790000000000000e+05
7.972710000000000000e+05
7.991660000000000000e+05
8.012860000000000000e+05
8.032780000000000000e+05
8.052250000000000000e+05
8.072370000000000000e+05
8.091970000000000000e+05
8.113790000000000000e+05
8.133990000000000000e+05
8.153960000000000000e+05
8.173580000000000000e+05
8.195240000000000000e+05
8.217120000000000000e+05
8.239930000000000000e+05
8.258800000000000000e+05
8.278420000000000000e+05
8.298850000000000000e+05
8.320810000000000000e+05
8.341040000000000000e+05
8.360350000000000000e+05
8.382660000000000000e+05
8.403070000000000000e+05
8.423850000000000000e+05
8.443970000000000000e+05
8.464770000000000000e+05
8.484820000000000000e+05
8.504510000000000000e+05
8.526140000000000000e+05
8.545700000000000000e+05
8.566450000000000000e+05
8.588970000000000000e+05
8.609460000000000000e+05
8.632550000000000000e+05
8.650810000000000000e+05
8.670190000000000000e+05
8.690460000000000000e+05
8.709100000000000000e+05
8.731710000000000000e+05
8.750660000000000000e+05
8.771570000000000000e+05
8.789240000000000000e+05
8.808350000000000000e+05
8.827880000000000000e+05
8.849770000000000000e+05
8.868850000000000000e+05
8.889680000000000000e+05
8.909380000000000000e+05
8.927610000000000000e+05
8.940120000000000000e+05
8.960860000000000000e+05
8.984570000000000000e+05
9.004890000000000000e+05
9.022700000000000000e+05
9.045170000000000000e+05
9.066120000000000000e+05
9.085420000000000000e+05
9.101490000000000000e+05
9.120360000000000000e+05
9.142680000000000000e+05
9.164930000000000000e+05
9.185410000000000000e+05
9.204570000000000000e+05
9.225560000000000000e+05
9.244720000000000000e+05
9.266630000000000000e+05
9.287620000000000000e+05
9.307580000000000000e+05
9.328930000000000000e+05
9.349370000000000000e+05
9.370650000000000000e+05
9.390210000000000000e+05
9.411250000000000000e+05
9.429710000000000000e+05
9.451580000000000000e+05
9.472230000000000000e+05
9.491340000000000000e+05
9.511330000000000000e+05
9.530170000000000000e+05
9.551270000000000000e+05
9.570190000000000000e+05
9.593630000000000000e+05
9.612300000000000000e+05
9.634290000000000000e+05
9.655100000000000000e+05
9.674850000000000000e+05
9.695320000000000000e+05
9.717540000000000000e+05
9.737100000000000000e+05
9.758490000000000000e+05
9.779250000000000000e+05
9.799360000000000000e+05
9.821510000000000000e+05
9.841690000000000000e+05
9.863400000000000000e+05
9.883670000000000000e+05
9.905390000000000000e+05
9.927520000000000000e+05
9.947590000000000000e+05
9.968150000000000000e+05
9.987940000000000000e+05
1.000823000000000000e+06
1.002720000000000000e+06
1.004755000000000000e+06
1.006497000000000000e+06
1.008532000000000000e+06
1.010527000000000000e+06
1.012352000000000000e+06
1.014457000000000000e+06
1.016432000000000000e+06
1.018289000000000000e+06
1.020264000000000000e+06
1.022368000000000000e+06
1.024379000000000000e+06
1.026327000000000000e+06
1.028424000000000000e+06
1.030497000000000000e+06
1.032637000000000000e+06
1.034772000000000000e+06
1.036782000000000000e+06
1.038896000000000000e+06
1.041058000000000000e+06
1.042947000000000000e+06
1.045235000000000000e+06
1.047168000000000000e+06
1.049205000000000000e+06
1.051221000000000000e+06
1.053340000000000000e+06
1.055271000000000000e+06
1.057328000000000000e+06
1.059382000000000000e+06
1.061469000000000000e+06
1.063658000000000000e+06
1.065862000000000000e+06
1.067980000000000000e+06
1.070024000000000000e+06
1.072177000000000000e+06
1.074209000000000000e+06
1.076201000000000000e+06
1.078294000000000000e+06
1.080542000000000000e+06
1.082678000000000000e+06
1.084735000000000000e+06
1.086833000000000000e+06
1.088930000000000000e+06
1.091039000000000000e+06
1.092879000000000000e+06
1.094768000000000000e+06
1.096812000000000000e+06
1.098945000000000000e+06
1.100816000000000000e+06
1.102782000000000000e+06
1.104946000000000000e+06
1.106945000000000000e+06
1.108970000000000000e+06
1.110993000000000000e+06
1.113103000000000000e+06
1.115157000000000000e+06
1.117133000000000000e+06
1.119167000000000000e+06
1.121341000000000000e+06
1.123342000000000000e+06
1.125640000000000000e+06
1.127592000000000000e+06
1.129515000000000000e+06
1.131504000000000000e+06
1.133784000000000000e+06
1.135826000000000000e+06
1.137900000000000000e+06
1.139979000000000000e+06
1.141945000000000000e+06
1.144073000000000000e+06
1.146106000000000000e+06
1.148092000000000000e+06
1.150323000000000000e+06
1.152538000000000000e+06
1.154562000000000000e+06
1.156496000000000000e+06
1.158575000000000000e+06
1.160528000000000000e+06
1.162786000000000000e+06
1.164963000000000000e+06
1.166879000000000000e+06
1.168936000000000000e+06
1.171053000000000000e+06
1.173201000000000000e+06
1.175266000000000000e+06
1.177290000000000000e+06
1.179277000000000000e+06
1.181320000000000000e+06
1.183525000000000000e+06
1.185586000000000000e+06
1.187668000000000000e+06
1.189632000000000000e+06
1.191871000000000000e+06
1.194064000000000000e+06
1.196154000000000000e+06
1.198142000000000000e+06
1.200257000000000000e+06
1.202246000000000000e+06
1.204371000000000000e+06
1.206373000000000000e+06
1.208579000000000000e+06
1.210530000000000000e+06
1.212647000000000000e+06
1.214605000000000000e+06
1.216722000000000000e+06
1.218974000000000000e+06
1.221136000000000000e+06
1.223196000000000000e+06
1.225160000000000000e+06
1.227146000000000000e+06
1.229415000000000000e+06
1.231716000000000000e+06
1.233821000000000000e+06
1.235735000000000000e+06
1.237722000000000000e+06
1.239812000000000000e+06
1.241875000000000000e+06
1.243970000000000000e+06
1.246160000000000000e+06
1.247968000000000000e+06
1.250085000000000000e+06
1.252146000000000000e+06
1.254390000000000000e+06
1.256451000000000000e+06
1.258434000000000000e+06
1.260507000000000000e+06
1.262403000000000000e+06
1.264504000000000000e+06
1.266712000000000000e+06
1.268523000000000000e+06
1.270376000000000000e+06
1.272449000000000000e+06
1.274641000000000000e+06
1.276698000000000000e+06
1.278650000000000000e+06
1.280562000000000000e+06
1.282941000000000000e+06
1.284843000000000000e+06
1.287035000000000000e+06
1.289292000000000000e+06
1.291345000000000000e+06
1.293462000000000000e+06
1.295690000000000000e+06
1.297558000000000000e+06
1.299600000000000000e+06
1.301578000000000000e+06
1.303399000000000000e+06
1.305504000000000000e+06
1.307439000000000000e+06
1.309595000000000000e+06
1.311591000000000000e+06
1.313583000000000000e+06
1.315719000000000000e+06
1.317742000000000000e+06
1.319454000000000000e+06
1.321500000000000000e+06
1.323588000000000000e+06
1.325723000000000000e+06
1.327754000000000000e+06
1.329833000000000000e+06
1.331704000000000000e+06
1.333842000000000000e+06
1.335898000000000000e+06
1.337827000000000000e+06
1.339760000000000000e+06
1.341887000000000000e+06
1.343904000000000000e+06
1.346054000000000000e+06
1.348074000000000000e+06
1.350178000000000000e+06
1.352233000000000000e+06
1.354263000000000000e+06
1.356400000000000000e+06
1.358411000000000000e+06
1.360244000000000000e+06
1.362444000000000000e+06
1.364441000000000000e+06
1.366461000000000000e+06
1.368656000000000000e+06
1.370930000000000000e+06
1.373122000000000000e+06
1.375028000000000000e+06
1.377281000000000000e+06
1.379320000000000000e+06
1.381695000000000000e+06
1.383569000000000000e+06
1.385793000000000000e+06
1.387946000000000000e+06
1.389842000000000000e+06
1.391664000000000000e+06
1.393664000000000000e+06
1.395720000000000000e+06
1.397654000000000000e+06
1.399863000000000000e+06
1.401929000000000000e+06
1.404111000000000000e+06
1.406126000000000000e+06
1.408080000000000000e+06
1.410186000000000000e+06
1.412148000000000000e+06
1.414231000000000000e+06
1.416336000000000000e+06
1.418556000000000000e+06
1.420766000000000000e+06
1.422907000000000000e+06
1.425130000000000000e+06
1.427152000000000000e+06
1.429430000000000000e+06
1.431625000000000000e+06
1.433593000000000000e+06
1.435490000000000000e+06
1.437498000000000000e+06
1.439578000000000000e+06
1.441635000000000000e+06
1.443924000000000000e+06
1.446111000000000000e+06
1.448279000000000000e+06
1.450103000000000000e+06
1.452244000000000000e+06
1.454146000000000000e+06
1.456063000000000000e+06
1.458324000000000000e+06
1.460526000000000000e+06
1.462439000000000000e+06
1.464469000000000000e+06
1.466742000000000000e+06
1.468706000000000000e+06
1.470522000000000000e+06
1.472645000000000000e+06
1.474671000000000000e+06
1.476608000000000000e+06
1.478502000000000000e+06
1.480667000000000000e+06
1.482759000000000000e+06
1.484728000000000000e+06
1.486862000000000000e+06
1.488702000000000000e+06
1.490879000000000000e+06
1.492823000000000000e+06
1.494924000000000000e+06
1.497000000000000000e+06
1.499110000000000000e+06
1.501056000000000000e+06
1.502813000000000000e+06
1.504906000000000000e+06
1.507002000000000000e+06
1.508993000000000000e+06
1.510860000000000000e+06
1.512924000000000000e+06
1.514885000000000000e+06
1.517438000000000000e+06
1.519454000000000000e+06
1.521628000000000000e+06
1.523553000000000000e+06
1.525486000000000000e+06
1.527767000000000000e+06
1.529666000000000000e+06
1.531622000000000000e+06
1.533784000000000000e+06
1.535918000000000000e+06
1.538053000000000000e+06
1.540181000000000000e+06
1.542144000000000000e+06
1.544190000000000000e+06
1.546216000000000000e+06
1.548202000000000000e+06
1.550202000000000000e+06
1.552401000000000000e+06
1.554425000000000000e+06
1.556671000000000000e+06
1.557922000000000000e+06
1.559956000000000000e+06
1.562070000000000000e+06
1.563856000000000000e+06
1.565891000000000000e+06
1.567833000000000000e+06
1.569915000000000000e+06
1.571984000000000000e+06
1.574002000000000000e+06
1.575865000000000000e+06
1.577598000000000000e+06
1.579674000000000000e+06
1.581889000000000000e+06
1.583999000000000000e+06
1.585999000000000000e+06
1.588228000000000000e+06
1.590416000000000000e+06
1.592516000000000000e+06
1.594531000000000000e+06
1.596691000000000000e+06
1.598892000000000000e+06
1.601118000000000000e+06
1.603323000000000000e+06
1.605278000000000000e+06
1.607321000000000000e+06
1.609558000000000000e+06
1.611494000000000000e+06
1.613651000000000000e+06
1.615761000000000000e+06
1.617886000000000000e+06
1.619941000000000000e+06
1.621861000000000000e+06
1.623937000000000000e+06
1.626295000000000000e+06
1.628097000000000000e+06
1.630107000000000000e+06
1.631859000000000000e+06
1.633796000000000000e+06
1.635703000000000000e+06
1.637571000000000000e+06
1.639671000000000000e+06
1.641811000000000000e+06
1.643797000000000000e+06
1.645970000000000000e+06
1.648001000000000000e+06
1.650243000000000000e+06
1.652321000000000000e+06
1.654157000000000000e+06
1.656218000000000000e+06
1.658251000000000000e+06
1.660278000000000000e+06
1.662348000000000000e+06
1.664431000000000000e+06
1.666623000000000000e+06
1.668710000000000000e+06
1.670675000000000000e+06
1.672724000000000000e+06
1.674832000000000000e+06
1.676948000000000000e+06
1.679058000000000000e+06
1.681139000000000000e+06
1.682998000000000000e+06
1.685192000000000000e+06
1.687080000000000000e+06
1.688922000000000000e+06
1.690971000000000000e+06
1.693029000000000000e+06
1.695102000000000000e+06
1.697329000000000000e+06
1.699229000000000000e+06
1.701328000000000000e+06
1.703408000000000000e+06
1.705523000000000000e+06
1.707629000000000000e+06
1.709700000000000000e+06
1.711772000000000000e+06
1.713546000000000000e+06
1.715647000000000000e+06
1.717710000000000000e+06
1.719656000000000000e+06
1.721689000000000000e+06
1.723792000000000000e+06
1.725671000000000000e+06
1.727790000000000000e+06
1.729976000000000000e+06
1.732140000000000000e+06
1.734140000000000000e+06
1.736155000000000000e+06
1.738117000000000000e+06
1.740321000000000000e+06
1.742386000000000000e+06
1.744636000000000000e+06
1.746576000000000000e+06
1.748575000000000000e+06
1.750418000000000000e+06
1.752221000000000000e+06
1.754239000000000000e+06
1.756310000000000000e+06
1.758425000000000000e+06
1.760372000000000000e+06
1.762752000000000000e+06
1.764883000000000000e+06
1.767000000000000000e+06
1.768965000000000000e+06
1.771085000000000000e+06
1.773180000000000000e+06
1.775429000000000000e+06
1.777547000000000000e+06
1.779455000000000000e+06
1.781470000000000000e+06
1.783557000000000000e+06
1.785725000000000000e+06
1.787538000000000000e+06
1.789603000000000000e+06
1.791631000000000000e+06
1.793789000000000000e+06
1.795681000000000000e+06
1.797512000000000000e+06
1.799753000000000000e+06
1.801852000000000000e+06
1.803860000000000000e+06
1.805692000000000000e+06
1.807590000000000000e+06
1.809675000000000000e+06
1.811669000000000000e+06
1.813616000000000000e+06
1.815470000000000000e+06
1.817652000000000000e+06
1.819618000000000000e+06
1.821795000000000000e+06
1.823818000000000000e+06
1.826013000000000000e+06
1.828290000000000000e+06
1.830073000000000000e+06
1.831925000000000000e+06
1.833730000000000000e+06
1.835673000000000000e+06
1.837548000000000000e+06
1.839655000000000000e+06
1.841674000000000000e+06
1.843599000000000000e+06
1.845671000000000000e+06
1.847445000000000000e+06
1.849534000000000000e+06
1.851678000000000000e+06
1.853575000000000000e+06
1.855517000000000000e+06
1.857406000000000000e+06
1.859481000000000000e+06
1.861328000000000000e+06
1.863463000000000000e+06
1.865261000000000000e+06
1.867328000000000000e+06
1.869541000000000000e+06
1.871502000000000000e+06
1.873719000000000000e+06
1.875953000000000000e+06
1.877984000000000000e+06
1.880008000000000000e+06
1.881902000000000000e+06
1.884207000000000000e+06
1.886416000000000000e+06
1.888484000000000000e+06
1.890662000000000000e+06
1.892595000000000000e+06
1.894485000000000000e+06
1.896436000000000000e+06
1.898334000000000000e+06
1.900247000000000000e+06
1.902133000000000000e+06
1.904213000000000000e+06
1.906276000000000000e+06
1.908460000000000000e+06
1.910518000000000000e+06
1.912670000000000000e+06
1.914754000000000000e+06
1.916583000000000000e+06
1.918563000000000000e+06
1.920459000000000000e+06
1.922596000000000000e+06
1.924536000000000000e+06
1.926701000000000000e+06
1.928669000000000000e+06
1.930823000000000000e+06
1.932725000000000000e+06
1.934799000000000000e+06
1.937124000000000000e+06
1.939060000000000000e+06
1.941113000000000000e+06
1.943198000000000000e+06
1.945363000000000000e+06
1.947237000000000000e+06
1.949271000000000000e+06
1.951028000000000000e+06
1.953108000000000000e+06
1.955002000000000000e+06
1.956968000000000000e+06
1.959207000000000000e+06
1.961144000000000000e+06
1.963061000000000000e+06
1.965333000000000000e+06
1.967300000000000000e+06
1.969264000000000000e+06
1.971362000000000000e+06
1.973562000000000000e+06
1.975474000000000000e+06
1.977588000000000000e+06
1.979756000000000000e+06
1.982000000000000000e+06
1.984170000000000000e+06
1.986095000000000000e+06
1.988320000000000000e+06
1.990437000000000000e+06
1.992807000000000000e+06
1.994612000000000000e+06
1.996477000000000000e+06
1.998624000000000000e+06
2.000460000000000000e+06
