2.030000000000000000e+03
4.088000000000000000e+03
6.114000000000000000e+03
8.135000000000000000e+03
1.020700000000000000e+04
1.222800000000000000e+04
1.429800000000000000e+04
1.637900000000000000e+04
1.839700000000000000e+04
2.040200000000000000e+04
2.248400000000000000e+04
2.452700000000000000e+04
2.657000000000000000e+04
2.864100000000000000e+04
3.070200000000000000e+04
3.266500000000000000e+04
3.480100000000000000e+04
3.672700000000000000e+04
3.887600000000000000e+04
4.089500000000000000e+04
4.289800000000000000e+04
4.499900000000000000e+04
4.698900000000000000e+04
4.909800000000000000e+04
5.110600000000000000e+04
5.307000000000000000e+04
5.518000000000000000e+04
5.722100000000000000e+04
5.927600000000000000e+04
6.135500000000000000e+04
6.343900000000000000e+04
6.550600000000000000e+04
6.730300000000000000e+04
6.938700000000000000e+04
7.150700000000000000e+04
7.357000000000000000e+04
7.565800000000000000e+04
7.764200000000000000e+04
7.979700000000000000e+04
8.178300000000000000e+04
8.376700000000000000e+04
8.580600000000000000e+04
8.797800000000000000e+04
8.995700000000000000e+04
9.199200000000000000e+04
9.413300000000000000e+04
9.613200000000000000e+04
9.818200000000000000e+04
1.003500000000000000e+05
1.021210000000000000e+05
1.043890000000000000e+05
1.064020000000000000e+05
1.083480000000000000e+05
1.105740000000000000e+05
1.125300000000000000e+05
1.146370000000000000e+05
1.167150000000000000e+05
1.185900000000000000e+05
1.207880000000000000e+05
1.224670000000000000e+05
1.247760000000000000e+05
1.269140000000000000e+05
1.288820000000000000e+05
1.307940000000000000e+05
1.329540000000000000e+05
1.349810000000000000e+05
1.371180000000000000e+05
1.389760000000000000e+05
1.411340000000000000e+05
1.431890000000000000e+05
1.453530000000000000e+05
1.473190000000000000e+05
1.492480000000000000e+05
1.512960000000000000e+05
1.533260000000000000e+05
1.555530000000000000e+05
1.575370000000000000e+05
1.592200000000000000e+05
1.617350000000000000e+05
1.638220000000000000e+05
1.658430000000000000e+05
1.676870000000000000e+05
1.699520000000000000e+05
1.718480000000000000e+05
1.740180000000000000e+05
1.759670000000000000e+05
1.781680000000000000e+05
1.802110000000000000e+05
1.822130000000000000e+05
1.840810000000000000e+05
1.863280000000000000e+05
1.879190000000000000e+05
1.902320000000000000e+05
1.922860000000000000e+05
1.944390000000000000e+05
1.961440000000000000e+05
1.986010000000000000e+05
2.006840000000000000e+05
2.023020000000000000e+05
2.044850000000000000e+05
2.066550000000000000e+05
2.088950000000000000e+05
2.109150000000000000e+05
2.125960000000000000e+05
2.149380000000000000e+05
2.167620000000000000e+05
2.188740000000000000e+05
2.210910000000000000e+05
2.230980000000000000e+05
2.251200000000000000e+05
2.270830000000000000e+05
2.292690000000000000e+05
2.311520000000000000e+05
2.332510000000000000e+05
2.351890000000000000e+05
2.372900000000000000e+05
2.394100000000000000e+05
2.412650000000000000e+05
2.436900000000000000e+05
2.455600000000000000e+05
2.472260000000000000e+05
2.497670000000000000e+05
2.518910000000000000e+05
2.534850000000000000e+05
2.558750000000000000e+05
2.574640000000000000e+05
2.598780000000000000e+05
2.621340000000000000e+05
2.639940000000000000e+05
2.657480000000000000e+05
2.681390000000000000e+05
2.702190000000000000e+05
2.722050000000000000e+05
2.738340000000000000e+05
2.762780000000000000e+05
2.785010000000000000e+05
2.805610000000000000e+05
2.825450000000000000e+05
2.841810000000000000e+05
2.862220000000000000e+05
2.886060000000000000e+05
2.903920000000000000e+05
2.922150000000000000e+05
2.948010000000000000e+05
2.963460000000000000e+05
2.989810000000000000e+05
3.008850000000000000e+05
3.028140000000000000e+05
3.048890000000000000e+05
3.069930000000000000e+05
3.088430000000000000e+05
3.110840000000000000e+05
3.130700000000000000e+05
3.152150000000000000e+05
3.171950000000000000e+05
3.192690000000000000e+05
3.214480000000000000e+05
3.234240000000000000e+05
3.248800000000000000e+05
3.274540000000000000e+05
3.295920000000000000e+05
3.313520000000000000e+05
3.335170000000000000e+05
3.357810000000000000e+05
3.376830000000000000e+05
3.397930000000000000e+05
3.419070000000000000e+05
3.437070000000000000e+05
3.457050000000000000e+05
3.479180000000000000e+05
3.498210000000000000e+05
3.521150000000000000e+05
3.541860000000000000e+05
3.559490000000000000e+05
3.578770000000000000e+05
3.604180000000000000e+05
3.619930000000000000e+05
3.644220000000000000e+05
3.663150000000000000e+05
3.686290000000000000e+05
3.703150000000000000e+05
3.725130000000000000e+05
3.747740000000000000e+05
3.766770000000000000e+05
3.787900000000000000e+05
3.808600000000000000e+05
3.828910000000000000e+05
3.847450000000000000e+05
3.869200000000000000e+05
3.887920000000000000e+05
3.906350000000000000e+05
3.930370000000000000e+05
3.950370000000000000e+05
3.970720000000000000e+05
3.989490000000000000e+05
4.011870000000000000e+05
4.029480000000000000e+05
4.054940000000000000e+05
4.071550000000000000e+05
4.092720000000000000e+05
4.115550000000000000e+05
4.133740000000000000e+05
4.155990000000000000e+05
4.176740000000000000e+05
4.196470000000000000e+05
4.216010000000000000e+05
4.237860000000000000e+05
4.259760000000000000e+05
4.276240000000000000e+05
4.299070000000000000e+05
4.319960000000000000e+05
4.340340000000000000e+05
4.357960000000000000e+05
4.381090000000000000e+05
4.400510000000000000e+05
4.423220000000000000e+05
4.443450000000000000e+05
4.462350000000000000e+05
4.484560000000000000e+05
4.498900000000000000e+05
4.526000000000000000e+05
4.544240000000000000e+05
4.563160000000000000e+05
4.585190000000000000e+05
4.607850000000000000e+05
4.622630000000000000e+05
4.648260000000000000e+05
4.663950000000000000e+05
4.688320000000000000e+05
4.708530000000000000e+05
4.727820000000000000e+05
4.746600000000000000e+05
4.770680000000000000e+05
4.790070000000000000e+05
4.810520000000000000e+05
4.830200000000000000e+05
4.850640000000000000e+05
4.868430000000000000e+05
4.891660000000000000e+05
4.908180000000000000e+05
4.934850000000000000e+05
4.947210000000000000e+05
4.971790000000000000e+05
4.993600000000000000e+05
5.008260000000000000e+05
5.036430000000000000e+05
5.055000000000000000e+05
5.075100000000000000e+05
5.095300000000000000e+05
5.118580000000000000e+05
5.137200000000000000e+05
5.160830000000000000e+05
5.178030000000000000e+05
5.199590000000000000e+05
5.220150000000000000e+05
5.239820000000000000e+05
5.261560000000000000e+05
5.283680000000000000e+05
5.297840000000000000e+05
5.324400000000000000e+05
5.341610000000000000e+05
5.364580000000000000e+05
5.383350000000000000e+05
5.403320000000000000e+05
5.427130000000000000e+05
5.444380000000000000e+05
5.466440000000000000e+05
5.485160000000000000e+05
5.507160000000000000e+05
5.526310000000000000e+05
5.549840000000000000e+05
5.563170000000000000e+05
5.588890000000000000e+05
5.608840000000000000e+05
5.626830000000000000e+05
5.652460000000000000e+05
5.671770000000000000e+05
5.692240000000000000e+05
5.711630000000000000e+05
5.731590000000000000e+05
5.753640000000000000e+05
5.773260000000000000e+05
5.793260000000000000e+05
5.807460000000000000e+05
5.835630000000000000e+05
5.855630000000000000e+05
5.876110000000000000e+05
5.892020000000000000e+05
5.914590000000000000e+05
5.938670000000000000e+05
5.951240000000000000e+05
5.978420000000000000e+05
5.991310000000000000e+05
6.020060000000000000e+05
6.041110000000000000e+05
6.058810000000000000e+05
6.079610000000000000e+05
6.098880000000000000e+05
6.122280000000000000e+05
6.139330000000000000e+05
6.163880000000000000e+05
6.182040000000000000e+05
6.203810000000000000e+05
6.223450000000000000e+05
6.244380000000000000e+05
6.265220000000000000e+05
6.282970000000000000e+05
6.303560000000000000e+05
6.327060000000000000e+05
6.345170000000000000e+05
6.366660000000000000e+05
6.387810000000000000e+05
6.409120000000000000e+05
6.426100000000000000e+05
6.447950000000000000e+05
6.466820000000000000e+05
6.487120000000000000e+05
6.511570000000000000e+05
6.528920000000000000e+05
6.550760000000000000e+05
6.572880000000000000e+05
6.593260000000000000e+05
6.612500000000000000e+05
6.633740000000000000e+05
6.654650000000000000e+05
6.675410000000000000e+05
6.694360000000000000e+05
6.716630000000000000e+05
6.735870000000000000e+05
6.752580000000000000e+05
6.775190000000000000e+05
6.797320000000000000e+05
6.818050000000000000e+05
6.834410000000000000e+05
6.858050000000000000e+05
6.879460000000000000e+05
6.897140000000000000e+05
6.920930000000000000e+05
6.940110000000000000e+05
6.956150000000000000e+05
6.977540000000000000e+05
6.997670000000000000e+05
7.024550000000000000e+05
7.043430000000000000e+05
7.064420000000000000e+05
7.085330000000000000e+05
7.105260000000000000e+05
7.124960000000000000e+05
7.147360000000000000e+05
7.162100000000000000e+05
7.182670000000000000e+05
7.208700000000000000e+05
7.228700000000000000e+05
7.243760000000000000e+05
7.268520000000000000e+05
7.290250000000000000e+05
7.308210000000000000e+05
7.327900000000000000e+05
7.349960000000000000e+05
7.372010000000000000e+05
7.390500000000000000e+05
7.413090000000000000e+05
7.428510000000000000e+05
7.453350000000000000e+05
7.474440000000000000e+05
7.494440000000000000e+05
7.514110000000000000e+05
7.536070000000000000e+05
7.553810000000000000e+05
7.571260000000000000e+05
7.596500000000000000e+05
7.617850000000000000e+05
7.636420000000000000e+05
7.655100000000000000e+05
7.672490000000000000e+05
7.697400000000000000e+05
7.719750000000000000e+05
7.735230000000000000e+05
7.760320000000000000e+05
7.781900000000000000e+05
7.793060000000000000e+05
7.820300000000000000e+05
7.843660000000000000e+05
7.860730000000000000e+05
7.884400000000000000e+05
7.898180000000000000e+05
7.921560000000000000e+05
7.945790000000000000e+05
7.959290000000000000e+05
7.981800000000000000e+05
8.004880000000000000e+05
8.022110000000000000e+05
8.046330000000000000e+05
8.064120000000000000e+05
8.084270000000000000e+05
8.108880000000000000e+05
8.127720000000000000e+05
8.149390000000000000e+05
8.165930000000000000e+05
8.189910000000000000e+05
8.208720000000000000e+05
8.227780000000000000e+05
8.252170000000000000e+05
8.273290000000000000e+05
8.291360000000000000e+05
8.313180000000000000e+05
8.331220000000000000e+05
8.354410000000000000e+05
8.373020000000000000e+05
8.396290000000000000e+05
8.407490000000000000e+05
8.436870000000000000e+05
8.456700000000000000e+05
8.478250000000000000e+05
8.492150000000000000e+05
8.518050000000000000e+05
8.536200000000000000e+05
8.558810000000000000e+05
8.577000000000000000e+05
8.601410000000000000e+05
8.618550000000000000e+05
8.640370000000000000e+05
8.662770000000000000e+05
8.682700000000000000e+05
8.702010000000000000e+05
8.724330000000000000e+05
8.743850000000000000e+05
8.763720000000000000e+05
8.782490000000000000e+05
8.801990000000000000e+05
8.820270000000000000e+05
8.844300000000000000e+05
8.861550000000000000e+05
8.886000000000000000e+05
8.902960000000000000e+05
8.929080000000000000e+05
8.947410000000000000e+05
8.967810000000000000e+05
8.982330000000000000e+05
9.009940000000000000e+05
9.029990000000000000e+05
9.043570000000000000e+05
9.072260000000000000e+05
9.088590000000000000e+05
9.113250000000000000e+05
9.133470000000000000e+05
9.153900000000000000e+05
9.173770000000000000e+05
9.190120000000000000e+05
9.215210000000000000e+05
9.233960000000000000e+05
9.249100000000000000e+05
9.276360000000000000e+05
9.293950000000000000e+05
9.315250000000000000e+05
9.337750000000000000e+05
9.358010000000000000e+05
9.379440000000000000e+05
9.399270000000000000e+05
9.419970000000000000e+05
9.437660000000000000e+05
9.453630000000000000e+05
9.473060000000000000e+05
9.500810000000000000e+05
9.521350000000000000e+05
9.542910000000000000e+05
9.558660000000000000e+05
9.581530000000000000e+05
9.597340000000000000e+05
9.625040000000000000e+05
9.643820000000000000e+05
9.664440000000000000e+05
9.686860000000000000e+05
9.705170000000000000e+05
9.721070000000000000e+05
9.744770000000000000e+05
9.768860000000000000e+05
9.788630000000000000e+05
9.809110000000000000e+05
9.830380000000000000e+05
9.849500000000000000e+05
9.869690000000000000e+05
9.889090000000000000e+05
9.904140000000000000e+05
9.925090000000000000e+05
9.947020000000000000e+05
9.968910000000000000e+05
9.990720000000000000e+05
1.001297000000000000e+06
1.003453000000000000e+06
1.004917000000000000e+06
1.007560000000000000e+06
1.009444000000000000e+06
1.011444000000000000e+06
1.013545000000000000e+06
1.015496000000000000e+06
1.017714000000000000e+06
1.019716000000000000e+06
1.021265000000000000e+06
1.023938000000000000e+06
1.025842000000000000e+06
1.027521000000000000e+06
1.029892000000000000e+06
1.031368000000000000e+06
1.033920000000000000e+06
1.036131000000000000e+06
1.038180000000000000e+06
1.040097000000000000e+06
1.042247000000000000e+06
1.044405000000000000e+06
1.046423000000000000e+06
1.048409000000000000e+06
1.050285000000000000e+06
1.052580000000000000e+06
1.053974000000000000e+06
1.056447000000000000e+06
1.058208000000000000e+06
1.060295000000000000e+06
1.062912000000000000e+06
1.064921000000000000e+06
1.066559000000000000e+06
1.069034000000000000e+06
1.070915000000000000e+06
1.072939000000000000e+06
1.074755000000000000e+06
1.077164000000000000e+06
1.078968000000000000e+06
1.081126000000000000e+06
1.082654000000000000e+06
1.085128000000000000e+06
1.087135000000000000e+06
1.089024000000000000e+06
1.091515000000000000e+06
1.093272000000000000e+06
1.095466000000000000e+06
1.097505000000000000e+06
1.099682000000000000e+06
1.101598000000000000e+06
1.103623000000000000e+06
1.105335000000000000e+06
1.107705000000000000e+06
1.109586000000000000e+06
1.111795000000000000e+06
1.114048000000000000e+06
1.115701000000000000e+06
1.117473000000000000e+06
1.120249000000000000e+06
1.122237000000000000e+06
1.123861000000000000e+06
1.126021000000000000e+06
1.128389000000000000e+06
1.130227000000000000e+06
1.132428000000000000e+06
1.134317000000000000e+06
1.136320000000000000e+06
1.138471000000000000e+06
1.139966000000000000e+06
1.142372000000000000e+06
1.144805000000000000e+06
1.146632000000000000e+06
1.148851000000000000e+06
1.150734000000000000e+06
1.152872000000000000e+06
1.154486000000000000e+06
1.156373000000000000e+06
1.159138000000000000e+06
1.161069000000000000e+06
1.163076000000000000e+06
1.164940000000000000e+06
1.167320000000000000e+06
1.169346000000000000e+06
1.171044000000000000e+06
1.173449000000000000e+06
1.175378000000000000e+06
1.177534000000000000e+06
1.178883000000000000e+06
1.181676000000000000e+06
1.183319000000000000e+06
1.184815000000000000e+06
1.187000000000000000e+06
1.189688000000000000e+06
1.191862000000000000e+06
1.193225000000000000e+06
1.195900000000000000e+06
1.197754000000000000e+06
1.199802000000000000e+06
1.202119000000000000e+06
1.204040000000000000e+06
1.205895000000000000e+06
1.208308000000000000e+06
1.210215000000000000e+06
1.212342000000000000e+06
1.214263000000000000e+06
1.216445000000000000e+06
1.218341000000000000e+06
1.220463000000000000e+06
1.222585000000000000e+06
1.224634000000000000e+06
1.226362000000000000e+06
1.228368000000000000e+06
1.230699000000000000e+06
1.232723000000000000e+06
1.234711000000000000e+06
1.236383000000000000e+06
1.238850000000000000e+06
1.241007000000000000e+06
1.242944000000000000e+06
1.244548000000000000e+06
1.247023000000000000e+06
1.248738000000000000e+06
1.251213000000000000e+06
1.253323000000000000e+06
1.255076000000000000e+06
1.257399000000000000e+06
1.258835000000000000e+06
1.261412000000000000e+06
1.263525000000000000e+06
1.265523000000000000e+06
1.267449000000000000e+06
1.269476000000000000e+06
1.271585000000000000e+06
1.273843000000000000e+06
1.275784000000000000e+06
1.277784000000000000e+06
1.279816000000000000e+06
1.281941000000000000e+06
1.284081000000000000e+06
1.285903000000000000e+06
1.288151000000000000e+06
1.290004000000000000e+06
1.291499000000000000e+06
1.294278000000000000e+06
1.296354000000000000e+06
1.298311000000000000e+06
1.299823000000000000e+06
1.302037000000000000e+06
1.304502000000000000e+06
1.306083000000000000e+06
1.308575000000000000e+06
1.309889000000000000e+06
1.312707000000000000e+06
1.314376000000000000e+06
1.316518000000000000e+06
1.318875000000000000e+06
1.320241000000000000e+06
1.322607000000000000e+06
1.324741000000000000e+06
1.326929000000000000e+06
1.328947000000000000e+06
1.330550000000000000e+06
1.333072000000000000e+06
1.335031000000000000e+06
1.336901000000000000e+06
1.339251000000000000e+06
1.341169000000000000e+06
1.343324000000000000e+06
1.345275000000000000e+06
1.347545000000000000e+06
1.349336000000000000e+06
1.351468000000000000e+06
1.353205000000000000e+06
1.355422000000000000e+06
1.357314000000000000e+06
1.359794000000000000e+06
1.361736000000000000e+06
1.363552000000000000e+06
1.365941000000000000e+06
1.367257000000000000e+06
1.370060000000000000e+06
1.372139000000000000e+06
1.374166000000000000e+06
1.375998000000000000e+06
1.377351000000000000e+06
1.379415000000000000e+06
1.382395000000000000e+06
1.384224000000000000e+06
1.386364000000000000e+06
1.388534000000000000e+06
1.390396000000000000e+06
1.392488000000000000e+06
1.394491000000000000e+06
1.396546000000000000e+06
1.398291000000000000e+06
1.400795000000000000e+06
1.402741000000000000e+06
1.404817000000000000e+06
1.406559000000000000e+06
1.408929000000000000e+06
1.410848000000000000e+06
1.412849000000000000e+06
1.415164000000000000e+06
1.416897000000000000e+06
1.419217000000000000e+06
1.421285000000000000e+06
1.423094000000000000e+06
1.424983000000000000e+06
1.427265000000000000e+06
1.428777000000000000e+06
1.430883000000000000e+06
1.433540000000000000e+06
1.435416000000000000e+06
1.437634000000000000e+06
1.439720000000000000e+06
1.441743000000000000e+06
1.443771000000000000e+06
1.445872000000000000e+06
1.447831000000000000e+06
1.449907000000000000e+06
1.451634000000000000e+06
1.453804000000000000e+06
1.456110000000000000e+06
1.457644000000000000e+06
1.459922000000000000e+06
1.462242000000000000e+06
1.463991000000000000e+06
1.466298000000000000e+06
1.468217000000000000e+06
1.470351000000000000e+06
1.472302000000000000e+06
1.474109000000000000e+06
1.476147000000000000e+06
1.478652000000000000e+06
1.480688000000000000e+06
1.482118000000000000e+06
1.484655000000000000e+06
1.486469000000000000e+06
1.488811000000000000e+06
1.490761000000000000e+06
1.492606000000000000e+06
1.494869000000000000e+06
1.496870000000000000e+06
1.498951000000000000e+06
1.500962000000000000e+06
1.503101000000000000e+06
1.504874000000000000e+06
1.507257000000000000e+06
1.509163000000000000e+06
1.511133000000000000e+06
1.513381000000000000e+06
1.515163000000000000e+06
1.517341000000000000e+06
1.519477000000000000e+06
1.521240000000000000e+06
1.523696000000000000e+06
1.525724000000000000e+06
1.527785000000000000e+06
1.529322000000000000e+06
1.531759000000000000e+06
1.533455000000000000e+06
1.535788000000000000e+06
1.537738000000000000e+06
1.539476000000000000e+06
1.541464000000000000e+06
1.543958000000000000e+06
1.545596000000000000e+06
1.548022000000000000e+06
1.550218000000000000e+06
1.552139000000000000e+06
1.554220000000000000e+06
1.555780000000000000e+06
1.557621000000000000e+06
1.559933000000000000e+06
1.562488000000000000e+06
1.564666000000000000e+06
1.566480000000000000e+06
1.568583000000000000e+06
1.570540000000000000e+06
1.572634000000000000e+06
1.574673000000000000e+06
1.576371000000000000e+06
1.578761000000000000e+06
1.580506000000000000e+06
1.582233000000000000e+06
1.584992000000000000e+06
1.587090000000000000e+06
1.588994000000000000e+06
1.590997000000000000e+06
1.592882000000000000e+06
1.595048000000000000e+06
1.596845000000000000e+06
1.599354000000000000e+06
1.601390000000000000e+06
1.603370000000000000e+06
1.605254000000000000e+06
1.607624000000000000e+06
1.609609000000000000e+06
1.611589000000000000e+06
1.613640000000000000e+06
1.615511000000000000e+06
1.617755000000000000e+06
1.619622000000000000e+06
1.621966000000000000e+06
1.623177000000000000e+06
1.625862000000000000e+06
1.627623000000000000e+06
1.630110000000000000e+06
1.632145000000000000e+06
1.634153000000000000e+06
1.636016000000000000e+06
1.637494000000000000e+06
1.640410000000000000e+06
1.642264000000000000e+06
1.644016000000000000e+06
1.646219000000000000e+06
1.648179000000000000e+06
1.649937000000000000e+06
1.652585000000000000e+06
1.654532000000000000e+06
1.656460000000000000e+06
1.658748000000000000e+06
1.660927000000000000e+06
1.662360000000000000e+06
1.664532000000000000e+06
1.666972000000000000e+06
1.668411000000000000e+06
1.670689000000000000e+06
1.672262000000000000e+06
1.674377000000000000e+06
1.676864000000000000e+06
1.679094000000000000e+06
1.680651000000000000e+06
1.683302000000000000e+06
1.685250000000000000e+06
1.687415000000000000e+06
1.689269000000000000e+06
1.691646000000000000e+06
1.692920000000000000e+06
1.695249000000000000e+06
1.697681000000000000e+06
1.699502000000000000e+06
1.701763000000000000e+06
1.703726000000000000e+06
1.705395000000000000e+06
1.707727000000000000e+06
1.709922000000000000e+06
1.711881000000000000e+06
1.713457000000000000e+06
1.715797000000000000e+06
1.718074000000000000e+06
1.719953000000000000e+06
1.722262000000000000e+06
1.724336000000000000e+06
1.726392000000000000e+06
1.727638000000000000e+06
1.730230000000000000e+06
1.732315000000000000e+06
1.734446000000000000e+06
1.736620000000000000e+06
1.738466000000000000e+06
1.740772000000000000e+06
1.742718000000000000e+06
1.744770000000000000e+06
1.746841000000000000e+06
1.748910000000000000e+06
1.750783000000000000e+06
1.752780000000000000e+06
1.754403000000000000e+06
1.757143000000000000e+06
1.759177000000000000e+06
1.761061000000000000e+06
1.763325000000000000e+06
1.765255000000000000e+06
1.766993000000000000e+06
1.769412000000000000e+06
1.771461000000000000e+06
1.773135000000000000e+06
1.775380000000000000e+06
1.777493000000000000e+06
1.779583000000000000e+06
1.781514000000000000e+06
1.783479000000000000e+06
1.785621000000000000e+06
1.787569000000000000e+06
1.789719000000000000e+06
1.791869000000000000e+06
1.793747000000000000e+06
1.795328000000000000e+06
1.797872000000000000e+06
1.799803000000000000e+06
1.802179000000000000e+06
1.803802000000000000e+06
1.806237000000000000e+06
1.808302000000000000e+06
1.810199000000000000e+06
1.812346000000000000e+06
1.814212000000000000e+06
1.816300000000000000e+06
1.817982000000000000e+06
1.820549000000000000e+06
1.822160000000000000e+06
1.824490000000000000e+06
1.826590000000000000e+06
1.828529000000000000e+06
1.830841000000000000e+06
1.832947000000000000e+06
1.834810000000000000e+06
1.836584000000000000e+06
1.838949000000000000e+06
1.841004000000000000e+06
1.842451000000000000e+06
1.845069000000000000e+06
1.847186000000000000e+06
1.848547000000000000e+06
1.851270000000000000e+06
1.853244000000000000e+06
1.854996000000000000e+06
1.857464000000000000e+06
1.859509000000000000e+06
1.861410000000000000e+06
1.863199000000000000e+06
1.865511000000000000e+06
1.867523000000000000e+06
1.869760000000000000e+06
1.871654000000000000e+06
1.873903000000000000e+06
1.875897000000000000e+06
1.877501000000000000e+06
1.879942000000000000e+06
1.881971000000000000e+06
1.883907000000000000e+06
1.886140000000000000e+06
1.888154000000000000e+06
1.890231000000000000e+06
1.892261000000000000e+06
1.893493000000000000e+06
1.896146000000000000e+06
1.898453000000000000e+06
1.899998000000000000e+06
1.902449000000000000e+06
1.904472000000000000e+06
1.906392000000000000e+06
1.908488000000000000e+06
1.910683000000000000e+06
1.912717000000000000e+06
1.914468000000000000e+06
1.916925000000000000e+06
1.918858000000000000e+06
1.920824000000000000e+06
1.922288000000000000e+06
1.924640000000000000e+06
1.926787000000000000e+06
1.929107000000000000e+06
1.931059000000000000e+06
1.933070000000000000e+06
1.935098000000000000e+06
1.937236000000000000e+06
1.939182000000000000e+06
1.941443000000000000e+06
1.943424000000000000e+06
1.945442000000000000e+06
1.947566000000000000e+06
1.949693000000000000e+06
1.951429000000000000e+06
1.953686000000000000e+06
1.955798000000000000e+06
1.957297000000000000e+06
1.959538000000000000e+06
1.961234000000000000e+06
1.963836000000000000e+06
1.965922000000000000e+06
1.967615000000000000e+06
1.969270000000000000e+06
1.971321000000000000e+06
1.974110000000000000e+06
1.975879000000000000e+06
1.978170000000000000e+06
1.980050000000000000e+06
1.982090000000000000e+06
1.983990000000000000e+06
1.986200000000000000e+06
1.988365000000000000e+06
1.990314000000000000e+06
1.992410000000000000e+06
1.994280000000000000e+06
1.996605000000000000e+06
1.998721000000000000e+06
2.000793000000000000e+06
