1.694358551341368369e+00
1.709994931636427129e+00
3.347237207844589335e+00
4.515132570596616546e+00
6.285110359044593586e+00
8.652163418638787462e+00
1.161160065044261103e+01
1.476906654574386124e+01
1.707049246179284907e+01
1.888613492155317886e+01
2.069631254888193439e+01
2.207847598303168013e+01
2.270314755810327512e+01
2.352351545012747636e+01
2.487072301068370095e+01
2.660797030199678304e+01
2.750490860999627429e+01
2.867471615151081465e+01
2.965630790019317331e+01
3.082308001632052452e+01
3.188044437487256033e+01
3.314161240237432793e+01
3.409840052336161875e+01
3.603175414774473495e+01
3.776571133007883674e+01
4.062156367545064484e+01
4.284056436858187311e+01
4.531042775029978742e+01
4.813136758589894981e+01
5.029861728797860110e+01
5.238200868610386607e+01
5.505662822092335773e+01
5.740575789037708887e+01
5.884687437092279083e+01
6.040207596652450661e+01
6.081347842007257043e+01
6.203249635380592508e+01
6.403286890001461984e+01
6.442693724802478528e+01
6.623041854162150344e+01
6.828508078214892407e+01
6.941381136489863479e+01
7.139133343844522983e+01
7.196384451073548405e+01
7.274225597729115123e+01
7.353659648763770917e+01
7.564751269910505016e+01
7.661310985927222816e+01
7.831509303120225240e+01
7.928641575774361172e+01
7.991456296847454155e+01
8.090183275901615900e+01
8.107986631917123077e+01
8.063341621378093294e+01
8.145687281746955932e+01
8.183502660981585564e+01
8.278980691240478507e+01
8.289651010275615306e+01
8.349460620360372332e+01
8.298955855568303264e+01
8.322367006619822405e+01
8.224483900349714816e+01
8.181141289613351830e+01
8.212177914610394680e+01
8.209746003349474108e+01
8.172890133147782876e+01
8.181659093871756738e+01
8.163878623586188610e+01
8.131564599487681733e+01
8.135484527752593920e+01
8.286336246446293785e+01
8.291956171439328216e+01
8.322374993363666817e+01
8.264868738051987407e+01
8.313389466141481421e+01
8.421361706920019685e+01
8.516503936054766655e+01
8.543808631029965284e+01
8.683228277728584033e+01
8.734136416941346681e+01
8.855160963786752859e+01
9.009343916786734496e+01
8.980551473533570572e+01
8.968323228032812722e+01
8.926808292934252620e+01
9.126211864139160923e+01
9.281541110567320629e+01
9.487356408994243395e+01
9.532921829383421652e+01
9.508382701902482381e+01
9.609470810349367298e+01
9.530986309540254808e+01
9.520875052415085804e+01
9.477567720406554486e+01
9.491462899736136194e+01
9.502621812326931661e+01
9.395492662004362217e+01
9.534115954947634464e+01
9.674842297809684055e+01
9.800653231218836936e+01
9.880086381679640795e+01
9.902764237935306824e+01
9.715255964623342777e+01
9.716397648869819648e+01
9.676198955350679398e+01
9.730016653465126808e+01
9.880920872089187412e+01
9.904350531534859670e+01
9.937006777388275225e+01
1.007059040257796312e+02
1.006873327738256734e+02
1.013908074469264875e+02
1.021150760218352502e+02
1.041349622048661701e+02
1.043457593136814694e+02
1.048951466130401258e+02
1.051317814765898220e+02
1.063464232861780943e+02
1.085227953474918223e+02
1.097745206262602693e+02
1.098324864464419477e+02
1.112464919080771324e+02
1.137974460828554157e+02
1.151102430451283709e+02
1.158696268422368263e+02
1.158299842218631994e+02
1.175194601769619283e+02
1.191780814683458090e+02
1.193810969887635451e+02
1.213660113663182756e+02
1.221134726386684974e+02
1.208728982987860405e+02
1.213103687793164340e+02
1.195837961958720541e+02
1.207048388281568378e+02
1.189490509053438956e+02
1.158265196100269492e+02
1.170304969601277065e+02
1.162309184219210181e+02
1.158961253457937914e+02
1.151357967380614866e+02
1.151505502734761848e+02
1.155434415309370593e+02
1.165500467202359829e+02
1.163076946482182024e+02
1.169030851934623598e+02
1.172548531233583731e+02
1.177085375813233554e+02
1.170539849567208535e+02
1.167578716541501365e+02
1.185934630748616883e+02
1.213725778649443754e+02
1.225865345375013788e+02
1.247366711921802249e+02
1.258450466198715674e+02
1.262095118467202184e+02
1.291590647339653515e+02
1.312490883585587085e+02
1.307760153339380906e+02
1.297424782024563115e+02
1.284878268016408356e+02
1.296976453997518490e+02
1.305996946248304766e+02
1.326326413803886055e+02
1.344339876155787010e+02
1.376992723624847770e+02
1.377240283372690897e+02
1.376569404420325782e+02
1.371569650877089259e+02
1.390211951287143961e+02
1.417745475307569620e+02
1.433161133136838714e+02
1.387710099765113227e+02
1.352750193649340247e+02
1.361851873359277079e+02
1.372324190343704515e+02
1.386467888491871747e+02
1.372123544342862544e+02
1.389060912836640966e+02
1.406974241524850413e+02
1.422935026825948341e+02
1.443597260230538950e+02
1.473409479123855590e+02
1.459780482861269491e+02
1.442192688340899167e+02
1.457377215770797818e+02
1.430108975952417723e+02
1.432280098627432778e+02
1.464618970423163660e+02
1.453718777570229292e+02
1.456281177718350648e+02
1.448040789374832116e+02
1.448208614291364142e+02
1.476428392552967921e+02
1.481350256570187582e+02
1.493825069170928543e+02
1.490971107367879540e+02
1.482841678258423883e+02
1.493469892375436245e+02
1.489837224861145728e+02
1.488955719311444454e+02
1.486656297324300340e+02
1.512662678243088408e+02
1.526810428273514901e+02
1.522040098284563783e+02
1.521278477668837184e+02
1.534714084312841464e+02
1.500294343373799393e+02
1.477979721093357739e+02
1.495631623865581048e+02
1.508904226186085964e+02
1.511725975153571540e+02
1.516067554739603906e+02
1.541776215930100591e+02
1.526406152978086084e+02
1.504115101939843271e+02
1.513860844914158861e+02
1.518381795914462202e+02
1.539050960423422794e+02
1.541850735612173366e+02
1.517287154595373124e+02
1.506989234732189971e+02
1.466122409159777078e+02
1.433835818395597528e+02
1.414046811471477838e+02
1.416362639039024884e+02
1.439999683168417448e+02
1.470025658400927284e+02
1.467876105212040727e+02
1.486842461583012494e+02
1.511117674116649710e+02
1.529791754840734654e+02
1.518222829933188223e+02
1.481782762008793668e+02
1.502668954319314878e+02
1.482603899240622809e+02
1.505928404159988361e+02
1.488282089293803381e+02
1.499716883178796820e+02
1.491791775353337925e+02
1.462057183756203926e+02
1.472423291636052340e+02
1.515357239753433589e+02
1.524111879587643443e+02
1.532971974085820079e+02
1.571899814362205348e+02
1.613010421923416686e+02
1.610699625524109706e+02
1.598992096556440003e+02
1.541706145808319377e+02
1.543047427995024634e+02
1.526650974992056717e+02
1.528661847098305202e+02
1.520887733456671640e+02
1.504919657064416754e+02
1.518311544542615650e+02
1.516831465871377702e+02
1.562632848599629085e+02
1.556632133579788899e+02
1.556228911157144523e+02
1.532591475718873255e+02
1.543885929612226846e+02
1.534634750451935759e+02
1.547316518172640087e+02
1.497025302293220932e+02
1.486088604276438048e+02
1.468518558326916832e+02
1.452951597808479107e+02
1.482924455297856809e+02
1.492587989782371096e+02
1.511058465886735291e+02
1.508392974579971622e+02
1.500885880525061680e+02
1.501067900304923342e+02
1.516735578145481043e+02
1.499173740728479913e+02
1.508509656752659964e+02
1.472167560670222315e+02
1.431353491383382277e+02
1.430270337339791240e+02
1.445751122699623750e+02
1.442043090366933313e+02
1.439268304186979606e+02
1.464011250718667725e+02
1.447915201250973212e+02
1.441604538996372185e+02
1.455948699178922539e+02
1.480003792789331953e+02
1.461374669372630706e+02
1.472943709331752586e+02
1.455625004346815956e+02
1.513292448392425911e+02
1.491055773957385213e+02
1.502008028117550396e+02
1.480301299493849001e+02
1.444525254630642621e+02
1.458544552075493641e+02
1.452577400871435316e+02
1.457461607975355662e+02
1.476072766169500881e+02
1.464463221054009807e+02
1.465614229087910587e+02
1.469119861436969643e+02
1.425251329570912731e+02
1.449465606611846624e+02
1.459824867895874263e+02
1.464873688209615068e+02
1.503549130305887616e+02
1.498746675062855616e+02
1.494311861738557354e+02
1.476406738297994252e+02
1.429167689860832127e+02
1.418044829287599953e+02
1.413378160333880658e+02
1.408819658775673247e+02
1.425564552027903176e+02
1.421691074537585564e+02
1.436604466743910109e+02
1.424905718954368581e+02
1.420420215318497696e+02
1.437355402318808331e+02
1.429534459394051282e+02
1.438574999788661160e+02
1.438526508670182977e+02
1.422307113685048989e+02
1.418774086216989190e+02
1.402087377519870870e+02
1.387842332625961035e+02
1.401714512251098768e+02
1.398446515202631701e+02
1.412885652686989602e+02
1.434681721846594655e+02
1.456591592558288824e+02
1.499087718661274948e+02
1.507480998182005294e+02
1.540535338863534207e+02
1.513423072482908367e+02
1.522104236711297744e+02
1.493731317507162828e+02
1.496952692519344339e+02
1.465795687483911820e+02
1.477520655539167365e+02
1.453959628439336598e+02
1.450526992749495605e+02
1.492349045737458937e+02
1.521959324970784735e+02
1.522651276129060989e+02
1.512412817641625509e+02
1.521505692620086734e+02
1.519453693242516295e+02
1.519297009871385171e+02
1.537365278035239271e+02
1.506824517971379009e+02
1.525246276422052745e+02
1.521179084324837447e+02
1.539852841380525774e+02
1.531175293758805367e+02
1.530616579195275619e+02
1.525231505588371022e+02
1.555766932018902935e+02
1.569388292660492255e+02
1.579675386898489649e+02
1.605282583098078533e+02
1.660125631553096071e+02
1.656514932764797834e+02
1.679113310985867145e+02
1.706595823130693077e+02
1.692177579204644928e+02
1.656887857717001680e+02
1.669245356331885830e+02
1.694912414879272262e+02
1.738863105725672256e+02
1.708777868422363326e+02
1.711816927376383717e+02
1.720527666223161702e+02
1.728024535624046507e+02
1.716436299211327139e+02
1.680029397354654463e+02
1.685258511684937162e+02
1.700023426057362030e+02
1.697421469949448749e+02
1.709550867973253503e+02
1.725309596981243487e+02
1.689075269850147265e+02
1.671411822696391880e+02
1.649132518129820539e+02
1.626599861340146447e+02
1.631817658808991212e+02
1.598865030911871088e+02
1.615164975632570474e+02
1.616319501463908637e+02
1.636501643138708175e+02
1.614414517278094650e+02
1.636622265494495139e+02
1.611254545938064098e+02
1.610964014734972523e+02
1.612995834228534875e+02
1.623784385189053125e+02
1.626449037145667660e+02
1.638559560148318326e+02
1.633978262794566945e+02
1.612238133861106064e+02
1.625321106955587425e+02
1.624213687981998646e+02
1.613561611743743072e+02
1.628033184391052544e+02
1.639026255917005699e+02
1.654597629977804445e+02
1.657537345340051615e+02
1.658341184806270121e+02
1.661131082263191558e+02
1.685173744817774377e+02
1.689417071055173096e+02
1.693589193263594268e+02
1.686442643639487926e+02
1.675918765012852987e+02
1.687532631782862609e+02
1.692908533506969491e+02
1.735526364697754218e+02
1.755599172252817084e+02
1.730177374544104794e+02
1.699703890268356190e+02
1.728494571119127556e+02
1.708659943408324011e+02
1.710433358521916034e+02
1.695245378249836108e+02
1.700516908478457765e+02
1.685631394036218182e+02
1.697762815398797329e+02
1.701588434801200549e+02
1.685155155548699213e+02
1.698184633010664299e+02
1.716589994274575588e+02
1.722794230633604116e+02
1.764072498710451384e+02
1.765091932538653339e+02
1.755004151347676782e+02
1.769731497487850049e+02
1.735465176227646964e+02
1.700309558885781485e+02
1.689041322911079135e+02
1.681603162379176126e+02
1.695297932515728405e+02
1.706162745625535422e+02
1.740585107356130266e+02
1.743783050068094269e+02
1.769329996148693454e+02
1.767422282662229520e+02
1.782040265492274500e+02
1.784073401746790921e+02
1.781505349461730532e+02
1.806812719268349952e+02
1.825679805393706658e+02
1.852434770658460081e+02
1.864518788656393440e+02
1.910803687240135389e+02
1.923574143921613313e+02
1.937345487233078813e+02
1.965604269238275492e+02
1.975926273149966903e+02
1.970059004254038939e+02
1.993019338969386069e+02
2.001633423636588134e+02
2.008904381644616706e+02
2.015087316563290756e+02
2.027768558019549232e+02
2.065793892371426352e+02
2.101260393008242033e+02
2.132408334451469329e+02
2.141723904512969625e+02
2.127173598912348496e+02
2.130222593942058609e+02
2.116384782075895430e+02
2.119626472682587064e+02
2.100650373747258470e+02
2.099935734870209956e+02
2.115139831142012952e+02
2.118015637720453128e+02
2.137941107271852559e+02
2.140730436156696612e+02
2.094230448771667454e+02
2.064845721041156992e+02
2.019227120317650872e+02
1.989878885971208717e+02
1.946194264584898406e+02
1.909530435477994672e+02
1.898827918501750958e+02
1.847423491881419864e+02
1.819841721664364798e+02
1.831489660143124638e+02
1.813332390960875387e+02
1.809777921791328481e+02
1.779041734445166867e+02
1.797508878331618689e+02
1.815903798763021655e+02
1.805048761103675190e+02
1.829050554967605819e+02
1.800494951556327976e+02
1.796961431212247362e+02
1.760083639823037061e+02
1.772655175130588532e+02
1.770265074617735763e+02
1.771229088384410773e+02
1.774779369275397869e+02
1.805376160701894435e+02
1.830865606237364034e+02
1.837958794985860038e+02
1.830143265047093450e+02
1.838126061329002141e+02
1.855544924737577333e+02
1.854194808680368567e+02
1.870084376621321951e+02
1.882213500751430502e+02
1.905275199425648225e+02
1.916760351024926194e+02
1.900302915783393871e+02
1.903511054916529588e+02
1.918778608898622053e+02
1.933715091148426666e+02
1.931109657937930990e+02
1.916141811217352995e+02
1.931309539073496353e+02
1.934102718045567997e+02
1.952493502998154042e+02
1.996028363049045709e+02
2.009009379724607527e+02
2.009413851974666727e+02
2.015155978439343301e+02
2.046345104924730265e+02
2.060795501222614519e+02
2.085658228838535138e+02
2.112036797729523698e+02
2.130025804277446184e+02
2.142927305186107958e+02
2.152587107739305168e+02
2.171463034494345550e+02
2.215069539741940332e+02
2.257483992842624616e+02
2.225074533579729632e+02
2.232654041050078320e+02
2.250728048991757930e+02
2.254153221550326691e+02
2.272084763738442348e+02
2.243204447195556952e+02
2.250519354586987504e+02
2.242011668327583891e+02
2.255016351140637596e+02
2.213373244800725956e+02
2.237745019469987540e+02
2.252553946004803151e+02
2.210821137477319667e+02
2.165213353823924649e+02
2.193797355819854147e+02
2.169498069243467455e+02
2.206604107665225740e+02
2.216324319587464515e+02
2.172518368279705783e+02
2.174104635967410957e+02
2.148373810693563826e+02
2.144797668820215790e+02
2.098099561241126025e+02
2.096615880588427672e+02
2.051090614552040279e+02
2.034635025415037433e+02
2.019551164841163313e+02
2.013370015030002094e+02
2.012814403216534345e+02
1.989028191557832770e+02
2.002887479882845128e+02
1.983282382424974628e+02
1.982850256933414528e+02
1.952368741137887582e+02
1.949396225929722561e+02
1.964931502760755109e+02
1.918104913437965706e+02
1.926552380801562663e+02
1.937313437954617541e+02
1.949143060478504310e+02
1.905960396238060639e+02
1.890083052153112533e+02
1.900354853949158098e+02
1.910126888745434144e+02
1.864654281902120090e+02
1.863413178452637737e+02
1.863344338917150083e+02
1.843625347944009718e+02
1.868672441593244287e+02
1.864189561753816804e+02
1.855739641833816620e+02
1.876617410845371410e+02
1.857402600559012456e+02
1.838582515145445768e+02
1.832579191564747703e+02
1.843009410563348922e+02
1.844292774227294274e+02
1.876524752073406432e+02
1.843960355246573215e+02
1.853405351398593837e+02
1.838147398530488204e+02
1.826873994927774447e+02
1.807651570650437520e+02
1.811578979630963886e+02
1.833456030219592776e+02
1.845987352827650909e+02
1.834634889197571113e+02
1.865381084259090585e+02
1.864398728398790297e+02
1.850571375435046093e+02
1.832162125938230020e+02
1.824048517516896482e+02
1.789691218661470771e+02
1.797467296466333266e+02
1.810420536405980840e+02
1.781728752351431240e+02
1.795706535648533873e+02
1.828393029362466393e+02
1.841958015057511489e+02
1.842776470298391303e+02
1.874353460555363995e+02
1.887036384181792812e+02
1.883970083414517944e+02
1.913321046325068266e+02
1.918286244638776452e+02
1.923586155797324295e+02
1.958524562639119040e+02
2.004139558306768834e+02
2.028926034559744949e+02
2.035572879939537358e+02
2.022213302549782838e+02
2.011966431646487763e+02
2.005696883999656848e+02
1.982627220476773573e+02
1.990494946695203851e+02
1.977539906562658416e+02
2.006366775026226605e+02
2.028406622899988463e+02
2.053724704443122278e+02
2.032026564777336262e+02
2.051234921322437685e+02
2.042185517427152206e+02
2.097240095371306268e+02
2.109029650631230766e+02
2.112080060655129898e+02
2.085447222071019553e+02
2.087990921133576876e+02
2.082117782211506949e+02
2.068666945715390568e+02
2.061565428367816537e+02
2.071903682610707733e+02
2.055656025172885961e+02
2.095440977503271256e+02
2.106798362863655711e+02
2.070525974060204248e+02
2.082543844287327772e+02
2.081581169617503519e+02
2.053896647808346927e+02
2.063502340571347986e+02
2.068087603328914099e+02
2.092855418987489884e+02
2.117434134789097584e+02
2.143817887624164484e+02
2.156644827216510123e+02
2.173688872379916859e+02
2.193772127846598323e+02
2.223916824875716429e+02
2.236051124948625954e+02
2.243866921892634139e+02
2.256152206974007584e+02
2.261621008403700728e+02
2.220841999554768336e+02
2.199961498266158060e+02
2.191856754398489784e+02
2.203141829543777988e+02
2.204112174679304701e+02
2.197195142864145225e+02
2.197723172500481041e+02
2.226664366883012178e+02
2.214262152414852380e+02
2.225523420593310675e+02
2.199324614241296842e+02
2.191439591032870453e+02
2.171289322081831017e+02
2.171228890068113060e+02
2.192024738409510860e+02
2.214585802751378196e+02
2.225669422168729454e+02
2.215337637402097641e+02
2.233900300003742529e+02
2.176668230356846436e+02
2.188334665748438681e+02
2.185664814143019328e+02
2.167660489838445130e+02
2.132594069988026320e+02
2.136657029560591070e+02
2.139424362392593366e+02
2.159498890253564127e+02
2.157862842029743717e+02
2.160500149407120318e+02
2.158720082402224136e+02
2.190126932216716966e+02
2.183712767923084641e+02
2.216817041651590898e+02
2.220219662832415395e+02
2.220981090276176246e+02
2.206419352337596251e+02
2.179442497821316351e+02
2.137439341545587013e+02
2.129417118883312412e+02
2.129022458815092875e+02
2.087835329928241777e+02
2.083757747426231504e+02
2.096794668826778150e+02
2.086225390563646442e+02
2.102900208822323123e+02
2.096612624316104814e+02
2.108316357481864145e+02
2.094121944286342227e+02
2.079560671932092077e+02
2.098898663377665343e+02
2.119637510155787368e+02
2.098337791117944562e+02
2.069687589731505568e+02
2.083979136477172744e+02
2.105448695717342105e+02
2.106988454232271408e+02
2.125605903066179962e+02
2.107719803585196985e+02
2.131796639091199950e+02
2.124231338940508067e+02
2.104213462336460054e+02
2.094537833313040665e+02
2.083261366025999450e+02
2.095509933934102946e+02
2.114993208882907822e+02
2.165389794480225873e+02
2.184236978395302913e+02
2.187222820935865002e+02
2.220813313476502913e+02
2.238007164148417303e+02
2.263878029710620865e+02
2.231854297736726949e+02
2.257178914936077945e+02
2.232416165643329578e+02
2.230369772713427778e+02
2.194144452229945443e+02
2.216808469426123054e+02
2.240004018480678099e+02
2.222061458217091854e+02
2.215086150991450893e+02
2.220508762746663081e+02
2.226228834000865788e+02
2.203635923903971729e+02
2.202037695905083865e+02
2.186404320262972476e+02
2.204859443658706653e+02
2.160659579970131858e+02
2.161510337674165214e+02
2.167639368358687761e+02
2.194930258246348842e+02
2.199888970494259866e+02
2.194055964681006401e+02
2.216713082604979093e+02
2.227894798982728162e+02
2.204694956976194931e+02
2.228075091000703480e+02
2.224550046541106667e+02
2.209586089797473392e+02
2.205105927181564027e+02
2.224257135226493745e+02
2.237260678874129383e+02
2.245766465157502125e+02
2.259956873726754338e+02
2.251566045644825067e+02
2.265845073325764645e+02
2.224227672023825733e+02
2.208490572624772312e+02
2.201110625022675720e+02
2.220162066903975528e+02
2.181030953824896415e+02
2.217895945062958276e+02
2.218034584758105439e+02
2.207802201773709498e+02
2.243503725254443282e+02
2.235829395928766701e+02
2.215228681760792711e+02
2.218662451332240835e+02
2.204594803296662349e+02
2.165566859696672282e+02
2.147405638316846535e+02
2.113801645873967345e+02
2.097296496575579567e+02
2.097682682373629461e+02
2.118006574861709055e+02
2.098537661454188026e+02
2.112996719962189331e+02
2.085857345418149293e+02
2.104102199080849687e+02
2.096443491460341022e+02
2.099261289019065941e+02
2.124892315269722189e+02
2.119951145838257673e+02
2.139571667930485148e+02
2.156199042598847200e+02
2.167270703302951063e+02
2.197299767621277340e+02
2.206120748649896939e+02
2.225303647956835391e+02
2.227441448190436120e+02
2.214452924232283237e+02
2.208545498953968149e+02
2.216515570343882189e+02
2.211515025710012594e+02
2.236652188955251006e+02
2.250090152394268443e+02
2.266730518051798242e+02
2.256799998833066923e+02
2.282295877317048962e+02
2.283275454752603650e+02
2.305959439539896323e+02
2.329779982061708097e+02
2.360468001276140342e+02
2.378901544403535695e+02
2.384825077796955100e+02
2.375100353542192124e+02
2.373799564962044428e+02
2.379960608714665682e+02
2.392673350592115469e+02
2.410366016671954696e+02
2.391998828230136951e+02
2.361155779194766637e+02
2.378235521898343734e+02
2.388289275531231510e+02
2.363908986017729035e+02
2.350485977972288083e+02
2.365315600405363909e+02
2.337928384087367988e+02
2.349486670331609730e+02
2.361863444032700841e+02
2.383275947054358141e+02
2.390015621345540353e+02
2.357259292915366302e+02
2.343306835615878754e+02
2.352238988715883181e+02
2.356844513917810104e+02
2.354021269314003177e+02
2.355445653868799525e+02
2.361552477325784878e+02
2.393930110956894453e+02
2.378640663400337871e+02
2.366762816877838986e+02
2.373256475370097860e+02
2.344845584229756810e+02
2.359370356646931270e+02
2.364804427576351031e+02
2.367444208194289104e+02
2.368360318244328369e+02
2.375219521224837820e+02
2.337707477588554923e+02
2.362355079322279323e+02
2.359980701851274034e+02
2.389574795369990170e+02
2.379882254966227322e+02
2.365829098141485076e+02
2.390021389898709572e+02
2.381635521330670144e+02
2.380495606656254779e+02
2.401860070680124011e+02
2.369863345272046331e+02
2.341829206966384334e+02
2.357088611438456098e+02
2.372205704517864433e+02
2.386549671767737095e+02
2.395688206192984921e+02
2.375424137265110289e+02
2.345034298039016676e+02
2.360342837845583972e+02
2.356833501800093416e+02
2.344467854176805588e+02
2.369982589820287160e+02
2.349648598190724442e+02
2.306996453517686803e+02
2.275417612856500966e+02
2.263889149292928380e+02
2.259159977688669017e+02
2.267045752967349870e+02
2.277614287957002261e+02
2.280951031019436357e+02
2.294864500078705305e+02
2.291812487537980303e+02
2.291215573373264363e+02
2.289759867612345658e+02
2.301900016183963089e+02
2.289243675433977785e+02
2.298481406973770902e+02
2.286354685202876738e+02
2.314968730706387703e+02
2.315674374732259082e+02
2.309644308553939709e+02
2.275489151852416398e+02
2.296769777797392180e+02
2.280273791911722867e+02
2.288643217904834444e+02
2.297680426774950604e+02
2.292086560599512950e+02
2.319303480564986728e+02
2.288803883911334651e+02
2.312776024197077334e+02
2.313432275561866902e+02
2.303998334904941032e+02
2.332608202925886189e+02
2.360021741963876138e+02
2.376561935420523071e+02
2.401785655253801224e+02
2.432985099929020691e+02
2.434046392486373520e+02
2.426781728212378937e+02
2.403528410255843824e+02
2.412689810617833075e+02
2.423126311284689791e+02
2.436750770008053451e+02
2.434711223038818559e+02
2.422452803667845274e+02
2.425556936460718589e+02
2.393916742322035418e+02
2.418396347616842377e+02
2.427857073161027870e+02
2.387984761075430242e+02
2.397060060411800464e+02
2.375941093817707497e+02
2.404155721818446523e+02
2.390993642329603688e+02
2.405908078183441603e+02
2.414648041087040724e+02
2.399034342193700695e+02
2.404757649482010322e+02
2.390699693992497430e+02
2.435746900593262296e+02
2.425637504035772167e+02
2.430945550824635291e+02
2.443051643892437994e+02
2.433441145071907101e+02
2.457378179200238151e+02
2.454874315352402903e+02
2.450703850626826465e+02
2.458387229299536614e+02
2.447579176253853745e+02
2.466894152843351549e+02
2.466819003160956356e+02
2.446348543784661160e+02
2.467333119343864780e+02
2.444640338427186066e+02
2.413381291551448555e+02
2.405179529915850480e+02
2.418439951340170353e+02
2.421334321764468029e+02
2.428800077091237881e+02
2.417267819970055882e+02
2.433335357644528187e+02
2.432504246259526610e+02
2.445337610008330671e+02
2.449517393758926005e+02
2.420458333613347293e+02
2.413225380441720063e+02
2.409915344614398691e+02
2.391522270504127619e+02
2.381839985395885719e+02
2.332530499496457423e+02
2.296685325524780694e+02
2.305438852284887332e+02
2.308421658997323220e+02
2.295342237421473044e+02
2.257742226879680061e+02
2.268075184617586331e+02
2.259360435477341582e+02
2.256197696011840037e+02
2.229895379116834704e+02
2.211240300834640209e+02
