1.952000000000000000e+03
4.016000000000000000e+03
6.046000000000000000e+03
8.087000000000000000e+03
1.010100000000000000e+04
1.214500000000000000e+04
1.416600000000000000e+04
1.612400000000000000e+04
1.806500000000000000e+04
2.005500000000000000e+04
2.199300000000000000e+04
2.398600000000000000e+04
2.615700000000000000e+04
2.826900000000000000e+04
3.027300000000000000e+04
3.223900000000000000e+04
3.422300000000000000e+04
3.623900000000000000e+04
3.838000000000000000e+04
4.038300000000000000e+04
4.230800000000000000e+04
4.431300000000000000e+04
4.639500000000000000e+04
4.851300000000000000e+04
5.057700000000000000e+04
5.255700000000000000e+04
5.461900000000000000e+04
5.675700000000000000e+04
5.881100000000000000e+04
6.084900000000000000e+04
6.289500000000000000e+04
6.505900000000000000e+04
6.715600000000000000e+04
6.916800000000000000e+04
7.123400000000000000e+04
7.332800000000000000e+04
7.542300000000000000e+04
7.741400000000000000e+04
7.939100000000000000e+04
8.155900000000000000e+04
8.361600000000000000e+04
8.564400000000000000e+04
8.769500000000000000e+04
8.981200000000000000e+04
9.198100000000000000e+04
9.409700000000000000e+04
9.614500000000000000e+04
9.822300000000000000e+04
1.002020000000000000e+05
1.021780000000000000e+05
1.042210000000000000e+05
1.062930000000000000e+05
1.083810000000000000e+05
1.104470000000000000e+05
1.125740000000000000e+05
1.147240000000000000e+05
1.166630000000000000e+05
1.188290000000000000e+05
1.207730000000000000e+05
1.228180000000000000e+05
1.248680000000000000e+05
1.269350000000000000e+05
1.290540000000000000e+05
1.311310000000000000e+05
1.332140000000000000e+05
1.352190000000000000e+05
1.372410000000000000e+05
1.392030000000000000e+05
1.412260000000000000e+05
1.433720000000000000e+05
1.454380000000000000e+05
1.474420000000000000e+05
1.493990000000000000e+05
1.514810000000000000e+05
1.535280000000000000e+05
1.554840000000000000e+05
1.575080000000000000e+05
1.595110000000000000e+05
1.616000000000000000e+05
1.637690000000000000e+05
1.658520000000000000e+05
1.677770000000000000e+05
1.699740000000000000e+05
1.718610000000000000e+05
1.736520000000000000e+05
1.755990000000000000e+05
1.775180000000000000e+05
1.796770000000000000e+05
1.814830000000000000e+05
1.835730000000000000e+05
1.855390000000000000e+05
1.877070000000000000e+05
1.896950000000000000e+05
1.918080000000000000e+05
1.938000000000000000e+05
1.958750000000000000e+05
1.982290000000000000e+05
2.004230000000000000e+05
2.026530000000000000e+05
2.047770000000000000e+05
2.063650000000000000e+05
2.085030000000000000e+05
2.104170000000000000e+05
2.125150000000000000e+05
2.143890000000000000e+05
2.163020000000000000e+05
2.183630000000000000e+05
2.204260000000000000e+05
2.224430000000000000e+05
2.245590000000000000e+05
2.265850000000000000e+05
2.286800000000000000e+05
2.308720000000000000e+05
2.328410000000000000e+05
2.349350000000000000e+05
2.373090000000000000e+05
2.394070000000000000e+05
2.414810000000000000e+05
2.434120000000000000e+05
2.456070000000000000e+05
2.474220000000000000e+05
2.498880000000000000e+05
2.515170000000000000e+05
2.537110000000000000e+05
2.557110000000000000e+05
2.572970000000000000e+05
2.588560000000000000e+05
2.604860000000000000e+05
2.623740000000000000e+05
2.646880000000000000e+05
2.659750000000000000e+05
2.678930000000000000e+05
2.697670000000000000e+05
2.715640000000000000e+05
2.729860000000000000e+05
2.748350000000000000e+05
2.763670000000000000e+05
2.788290000000000000e+05
2.802490000000000000e+05
2.822640000000000000e+05
2.842640000000000000e+05
2.864520000000000000e+05
2.882940000000000000e+05
2.903170000000000000e+05
2.923170000000000000e+05
2.939180000000000000e+05
2.953660000000000000e+05
2.975100000000000000e+05
2.997820000000000000e+05
3.016140000000000000e+05
3.034790000000000000e+05
3.051180000000000000e+05
3.066750000000000000e+05
3.088040000000000000e+05
3.101240000000000000e+05
3.120650000000000000e+05
3.140650000000000000e+05
3.157490000000000000e+05
3.174210000000000000e+05
3.193070000000000000e+05
3.207190000000000000e+05
3.225530000000000000e+05
3.244440000000000000e+05
3.262860000000000000e+05
3.282860000000000000e+05
3.300250000000000000e+05
3.317530000000000000e+05
3.336650000000000000e+05
3.356650000000000000e+05
3.375500000000000000e+05
3.395500000000000000e+05
3.416460000000000000e+05
3.436050000000000000e+05
3.457900000000000000e+05
3.474250000000000000e+05
3.502310000000000000e+05
3.522280000000000000e+05
3.546940000000000000e+05
3.576940000000000000e+05
3.598730000000000000e+05
3.618730000000000000e+05
3.636570000000000000e+05
3.653940000000000000e+05
3.676500000000000000e+05
3.694640000000000000e+05
3.709180000000000000e+05
3.729180000000000000e+05
3.747110000000000000e+05
3.769710000000000000e+05
3.796460000000000000e+05
3.817270000000000000e+05
3.835360000000000000e+05
3.850350000000000000e+05
3.866790000000000000e+05
3.884260000000000000e+05
3.904590000000000000e+05
3.922790000000000000e+05
3.938760000000000000e+05
3.960830000000000000e+05
3.982880000000000000e+05
4.003330000000000000e+05
4.022730000000000000e+05
4.044580000000000000e+05
4.067420000000000000e+05
4.089750000000000000e+05
4.113050000000000000e+05
4.140350000000000000e+05
4.161570000000000000e+05
4.182760000000000000e+05
4.203860000000000000e+05
4.230930000000000000e+05
4.251700000000000000e+05
4.271670000000000000e+05
4.291210000000000000e+05
4.311210000000000000e+05
4.331590000000000000e+05
4.350800000000000000e+05
4.371590000000000000e+05
4.391590000000000000e+05
4.416390000000000000e+05
4.436390000000000000e+05
4.456380000000000000e+05
4.480390000000000000e+05
4.494330000000000000e+05
4.508720000000000000e+05
4.529390000000000000e+05
4.549390000000000000e+05
4.572490000000000000e+05
4.592490000000000000e+05
4.613040000000000000e+05
4.636340000000000000e+05
4.652970000000000000e+05
4.672970000000000000e+05
4.693370000000000000e+05
4.708840000000000000e+05
4.731560000000000000e+05
4.745380000000000000e+05
4.770120000000000000e+05
4.784130000000000000e+05
4.805520000000000000e+05
4.825270000000000000e+05
4.843580000000000000e+05
4.862510000000000000e+05
4.879130000000000000e+05
4.895730000000000000e+05
4.919720000000000000e+05
4.938830000000000000e+05
4.955890000000000000e+05
4.972410000000000000e+05
4.998200000000000000e+05
5.018200000000000000e+05
5.040890000000000000e+05
5.063800000000000000e+05
5.083370000000000000e+05
5.103370000000000000e+05
5.125710000000000000e+05
5.148490000000000000e+05
5.166680000000000000e+05
5.184140000000000000e+05
5.203850000000000000e+05
5.222520000000000000e+05
5.239240000000000000e+05
5.265430000000000000e+05
5.284370000000000000e+05
5.300360000000000000e+05
5.320510000000000000e+05
5.337020000000000000e+05
5.357530000000000000e+05
5.378090000000000000e+05
5.402140000000000000e+05
5.413910000000000000e+05
5.430290000000000000e+05
5.450890000000000000e+05
5.469540000000000000e+05
5.490110000000000000e+05
5.513490000000000000e+05
5.530040000000000000e+05
5.552480000000000000e+05
5.576060000000000000e+05
5.596210000000000000e+05
5.610910000000000000e+05
5.631620000000000000e+05
5.652180000000000000e+05
5.673580000000000000e+05
5.691420000000000000e+05
5.709220000000000000e+05
5.727530000000000000e+05
5.742720000000000000e+05
5.762720000000000000e+05
5.781540000000000000e+05
5.799930000000000000e+05
5.818580000000000000e+05
5.844830000000000000e+05
5.861460000000000000e+05
5.882190000000000000e+05
5.903560000000000000e+05
5.923560000000000000e+05
5.942500000000000000e+05
5.962500000000000000e+05
5.979470000000000000e+05
6.004030000000000000e+05
6.023530000000000000e+05
6.049410000000000000e+05
6.069690000000000000e+05
6.088680000000000000e+05
6.111180000000000000e+05
6.131060000000000000e+05
6.152480000000000000e+05
6.167130000000000000e+05
6.188310000000000000e+05
6.207010000000000000e+05
6.228910000000000000e+05
6.248640000000000000e+05
6.273030000000000000e+05
6.290290000000000000e+05
6.311830000000000000e+05
6.327100000000000000e+05
6.350930000000000000e+05
6.372960000000000000e+05
6.391630000000000000e+05
6.414640000000000000e+05
6.433410000000000000e+05
6.452350000000000000e+05
6.470390000000000000e+05
6.483960000000000000e+05
6.503960000000000000e+05
6.522240000000000000e+05
6.533690000000000000e+05
6.555600000000000000e+05
6.573490000000000000e+05
6.597060000000000000e+05
6.620340000000000000e+05
6.640340000000000000e+05
6.663590000000000000e+05
6.675870000000000000e+05
6.690150000000000000e+05
6.709720000000000000e+05
6.730370000000000000e+05
6.746250000000000000e+05
6.763340000000000000e+05
6.777090000000000000e+05
6.796630000000000000e+05
6.816630000000000000e+05
6.835570000000000000e+05
6.859620000000000000e+05
6.877980000000000000e+05
6.897150000000000000e+05
6.923720000000000000e+05
6.947380000000000000e+05
6.968580000000000000e+05
6.988580000000000000e+05
7.008580000000000000e+05
7.028580000000000000e+05
7.054220000000000000e+05
7.074220000000000000e+05
7.094220000000000000e+05
7.114220000000000000e+05
7.135650000000000000e+05
7.156520000000000000e+05
7.183440000000000000e+05
7.200300000000000000e+05
7.220300000000000000e+05
7.242720000000000000e+05
7.262540000000000000e+05
7.287250000000000000e+05
7.307530000000000000e+05
7.329200000000000000e+05
7.347750000000000000e+05
7.362450000000000000e+05
7.382060000000000000e+05
7.403380000000000000e+05
7.426390000000000000e+05
7.442370000000000000e+05
7.462720000000000000e+05
7.485190000000000000e+05
7.505730000000000000e+05
7.522300000000000000e+05
7.544440000000000000e+05
7.564090000000000000e+05
7.591220000000000000e+05
7.610960000000000000e+05
7.634920000000000000e+05
7.654920000000000000e+05
7.676360000000000000e+05
7.696360000000000000e+05
7.713040000000000000e+05
7.736960000000000000e+05
7.761730000000000000e+05
7.784810000000000000e+05
7.805650000000000000e+05
7.829070000000000000e+05
7.846680000000000000e+05
7.866680000000000000e+05
7.889680000000000000e+05
7.909680000000000000e+05
7.933520000000000000e+05
7.951070000000000000e+05
7.973260000000000000e+05
7.988890000000000000e+05
8.008670000000000000e+05
8.025070000000000000e+05
8.042350000000000000e+05
8.062350000000000000e+05
8.082690000000000000e+05
8.102690000000000000e+05
8.130730000000000000e+05
8.150370000000000000e+05
8.170010000000000000e+05
8.186860000000000000e+05
8.201680000000000000e+05
8.221680000000000000e+05
8.236060000000000000e+05
8.251800000000000000e+05
8.279390000000000000e+05
8.297360000000000000e+05
8.311710000000000000e+05
8.331360000000000000e+05
8.350850000000000000e+05
8.370850000000000000e+05
8.390210000000000000e+05
8.410210000000000000e+05
8.429190000000000000e+05
8.450920000000000000e+05
8.470520000000000000e+05
8.490520000000000000e+05
8.504800000000000000e+05
8.524300000000000000e+05
8.544130000000000000e+05
8.564130000000000000e+05
8.580500000000000000e+05
8.600760000000000000e+05
8.623360000000000000e+05
8.643360000000000000e+05
8.659220000000000000e+05
8.677140000000000000e+05
8.702540000000000000e+05
8.722540000000000000e+05
8.743280000000000000e+05
8.763280000000000000e+05
8.781530000000000000e+05
8.801530000000000000e+05
8.823470000000000000e+05
8.843470000000000000e+05
8.864210000000000000e+05
8.884210000000000000e+05
8.898220000000000000e+05
8.923750000000000000e+05
8.942980000000000000e+05
8.954260000000000000e+05
8.978520000000000000e+05
8.993960000000000000e+05
9.017200000000000000e+05
9.039640000000000000e+05
9.063730000000000000e+05
9.083730000000000000e+05
9.103730000000000000e+05
9.127580000000000000e+05
9.144750000000000000e+05
9.164750000000000000e+05
9.186910000000000000e+05
9.205850000000000000e+05
9.231310000000000000e+05
9.252880000000000000e+05
9.275330000000000000e+05
9.295330000000000000e+05
9.312750000000000000e+05
9.326230000000000000e+05
9.344690000000000000e+05
9.364040000000000000e+05
9.391550000000000000e+05
9.415920000000000000e+05
9.433610000000000000e+05
9.458100000000000000e+05
9.478190000000000000e+05
9.494410000000000000e+05
9.517590000000000000e+05
9.532580000000000000e+05
9.561540000000000000e+05
9.580830000000000000e+05
9.594600000000000000e+05
9.614600000000000000e+05
9.636210000000000000e+05
9.662670000000000000e+05
9.687670000000000000e+05
9.704510000000000000e+05
9.729560000000000000e+05
9.749560000000000000e+05
9.775990000000000000e+05
9.795990000000000000e+05
9.821070000000000000e+05
9.841070000000000000e+05
9.861070000000000000e+05
9.881070000000000000e+05
9.904350000000000000e+05
9.924350000000000000e+05
9.939710000000000000e+05
9.957990000000000000e+05
9.979850000000000000e+05
9.993700000000000000e+05
1.002060000000000000e+06
1.003805000000000000e+06
1.005787000000000000e+06
1.007347000000000000e+06
1.009206000000000000e+06
1.011120000000000000e+06
1.012819000000000000e+06
1.014040000000000000e+06
1.016101000000000000e+06
1.017639000000000000e+06
1.019679000000000000e+06
1.021559000000000000e+06
1.023998000000000000e+06
1.026526000000000000e+06
1.028003000000000000e+06
1.030003000000000000e+06
1.031599000000000000e+06
1.033861000000000000e+06
1.036212000000000000e+06
1.038212000000000000e+06
1.040212000000000000e+06
1.042559000000000000e+06
1.044253000000000000e+06
1.046253000000000000e+06
1.048344000000000000e+06
1.050256000000000000e+06
1.052753000000000000e+06
1.054753000000000000e+06
1.057044000000000000e+06
1.059044000000000000e+06
1.061044000000000000e+06
1.063530000000000000e+06
1.065432000000000000e+06
1.068286000000000000e+06
1.069877000000000000e+06
1.071877000000000000e+06
1.074834000000000000e+06
1.076391000000000000e+06
1.078601000000000000e+06
1.080951000000000000e+06
1.082803000000000000e+06
1.085803000000000000e+06
1.087987000000000000e+06
1.089523000000000000e+06
1.091244000000000000e+06
1.093335000000000000e+06
1.096100000000000000e+06
1.098810000000000000e+06
1.100380000000000000e+06
1.102603000000000000e+06
1.104535000000000000e+06
1.106535000000000000e+06
1.108253000000000000e+06
1.110230000000000000e+06
1.112199000000000000e+06
1.113945000000000000e+06
1.116161000000000000e+06
1.118415000000000000e+06
1.120497000000000000e+06
1.122022000000000000e+06
1.124206000000000000e+06
1.126218000000000000e+06
1.128203000000000000e+06
1.130118000000000000e+06
1.131931000000000000e+06
1.134296000000000000e+06
1.136464000000000000e+06
1.138398000000000000e+06
1.140347000000000000e+06
1.142347000000000000e+06
1.144941000000000000e+06
1.146630000000000000e+06
1.148277000000000000e+06
1.150452000000000000e+06
1.152339000000000000e+06
1.154173000000000000e+06
1.155849000000000000e+06
1.158142000000000000e+06
1.160007000000000000e+06
1.161693000000000000e+06
1.163516000000000000e+06
1.165516000000000000e+06
1.167162000000000000e+06
1.168559000000000000e+06
1.170727000000000000e+06
1.172727000000000000e+06
1.175018000000000000e+06
1.176736000000000000e+06
1.178698000000000000e+06
1.180616000000000000e+06
1.183018000000000000e+06
1.184778000000000000e+06
1.186427000000000000e+06
1.188020000000000000e+06
1.190181000000000000e+06
1.192181000000000000e+06
1.194181000000000000e+06
1.196441000000000000e+06
1.197756000000000000e+06
1.200756000000000000e+06
1.203397000000000000e+06
1.205343000000000000e+06
1.207234000000000000e+06
1.209175000000000000e+06
1.210842000000000000e+06
1.213252000000000000e+06
1.214818000000000000e+06
1.216818000000000000e+06
1.218803000000000000e+06
1.220265000000000000e+06
1.222310000000000000e+06
1.224310000000000000e+06
1.225778000000000000e+06
1.227404000000000000e+06
1.229888000000000000e+06
1.231906000000000000e+06
1.233976000000000000e+06
1.235885000000000000e+06
1.237918000000000000e+06
1.239478000000000000e+06
1.241450000000000000e+06
1.243951000000000000e+06
1.245889000000000000e+06
1.248354000000000000e+06
1.250334000000000000e+06
1.252068000000000000e+06
1.253836000000000000e+06
1.255381000000000000e+06
1.257385000000000000e+06
1.258847000000000000e+06
1.261516000000000000e+06
1.262974000000000000e+06
1.265170000000000000e+06
1.267812000000000000e+06
1.269345000000000000e+06
1.270810000000000000e+06
1.273084000000000000e+06
1.275005000000000000e+06
1.277297000000000000e+06
1.279297000000000000e+06
1.281400000000000000e+06
1.283492000000000000e+06
1.285352000000000000e+06
1.287537000000000000e+06
1.289752000000000000e+06
1.291893000000000000e+06
1.294409000000000000e+06
1.296564000000000000e+06
1.298487000000000000e+06
1.300113000000000000e+06
1.302660000000000000e+06
1.304618000000000000e+06
1.306816000000000000e+06
1.309504000000000000e+06
1.311781000000000000e+06
1.313781000000000000e+06
1.315299000000000000e+06
1.317299000000000000e+06
1.319780000000000000e+06
1.321198000000000000e+06
1.323304000000000000e+06
1.324698000000000000e+06
1.327187000000000000e+06
1.329187000000000000e+06
1.331380000000000000e+06
1.334026000000000000e+06
1.336285000000000000e+06
1.338717000000000000e+06
1.341138000000000000e+06
1.343134000000000000e+06
1.345365000000000000e+06
1.347182000000000000e+06
1.349311000000000000e+06
1.351473000000000000e+06
1.353546000000000000e+06
1.355422000000000000e+06
1.357268000000000000e+06
1.358576000000000000e+06
1.360437000000000000e+06
1.362073000000000000e+06
1.364009000000000000e+06
1.366009000000000000e+06
1.367953000000000000e+06
1.369632000000000000e+06
1.372192000000000000e+06
1.374192000000000000e+06
1.375931000000000000e+06
1.378118000000000000e+06
1.380126000000000000e+06
1.382273000000000000e+06
1.384583000000000000e+06
1.386583000000000000e+06
1.387913000000000000e+06
1.390176000000000000e+06
1.392639000000000000e+06
1.394503000000000000e+06
1.396927000000000000e+06
1.398254000000000000e+06
1.400254000000000000e+06
1.402254000000000000e+06
1.404067000000000000e+06
1.406700000000000000e+06
1.408700000000000000e+06
1.410839000000000000e+06
1.413144000000000000e+06
1.415505000000000000e+06
1.418270000000000000e+06
1.420270000000000000e+06
1.422753000000000000e+06
1.423965000000000000e+06
1.426407000000000000e+06
1.428407000000000000e+06
1.430227000000000000e+06
1.432227000000000000e+06
1.434523000000000000e+06
1.436862000000000000e+06
1.438902000000000000e+06
1.440902000000000000e+06
1.442420000000000000e+06
1.444719000000000000e+06
1.446525000000000000e+06
1.448525000000000000e+06
1.450525000000000000e+06
1.452525000000000000e+06
1.454590000000000000e+06
1.456485000000000000e+06
1.458427000000000000e+06
1.460193000000000000e+06
1.462388000000000000e+06
1.464388000000000000e+06
1.466444000000000000e+06
1.468947000000000000e+06
1.471223000000000000e+06
1.473223000000000000e+06
1.475207000000000000e+06
1.476949000000000000e+06
1.479560000000000000e+06
1.480874000000000000e+06
1.482645000000000000e+06
1.484328000000000000e+06
1.485915000000000000e+06
1.487506000000000000e+06
1.489413000000000000e+06
1.491711000000000000e+06
1.493991000000000000e+06
1.495991000000000000e+06
1.498016000000000000e+06
1.500339000000000000e+06
1.502528000000000000e+06
1.504259000000000000e+06
1.506335000000000000e+06
1.507809000000000000e+06
1.509588000000000000e+06
1.511443000000000000e+06
1.513729000000000000e+06
1.515729000000000000e+06
1.517776000000000000e+06
1.519776000000000000e+06
1.522180000000000000e+06
1.524180000000000000e+06
1.526180000000000000e+06
1.528180000000000000e+06
1.530917000000000000e+06
1.532917000000000000e+06
1.534280000000000000e+06
1.536671000000000000e+06
1.537973000000000000e+06
1.539466000000000000e+06
1.541721000000000000e+06
1.544350000000000000e+06
1.546056000000000000e+06
1.548056000000000000e+06
1.549687000000000000e+06
1.551687000000000000e+06
1.553881000000000000e+06
1.555881000000000000e+06
1.558229000000000000e+06
1.560562000000000000e+06
1.562136000000000000e+06
1.564136000000000000e+06
1.566005000000000000e+06
1.568145000000000000e+06
1.570547000000000000e+06
1.572386000000000000e+06
1.574386000000000000e+06
1.576386000000000000e+06
1.577781000000000000e+06
1.580555000000000000e+06
1.583335000000000000e+06
1.585531000000000000e+06
1.587531000000000000e+06
1.589864000000000000e+06
1.592864000000000000e+06
1.594455000000000000e+06
1.596551000000000000e+06
1.598551000000000000e+06
1.599753000000000000e+06
1.601753000000000000e+06
1.603812000000000000e+06
1.605613000000000000e+06
1.607613000000000000e+06
1.609613000000000000e+06
1.611895000000000000e+06
1.613895000000000000e+06
1.616046000000000000e+06
1.617806000000000000e+06
1.619806000000000000e+06
1.621523000000000000e+06
1.623864000000000000e+06
1.625864000000000000e+06
1.627637000000000000e+06
1.629915000000000000e+06
1.632343000000000000e+06
1.634625000000000000e+06
1.636625000000000000e+06
1.638293000000000000e+06
1.641055000000000000e+06
1.642744000000000000e+06
1.644744000000000000e+06
1.646744000000000000e+06
1.649352000000000000e+06
1.651014000000000000e+06
1.652490000000000000e+06
1.654490000000000000e+06
1.655977000000000000e+06
1.657977000000000000e+06
1.659755000000000000e+06
1.661945000000000000e+06
1.664302000000000000e+06
1.666302000000000000e+06
1.668339000000000000e+06
1.670339000000000000e+06
1.672339000000000000e+06
1.674794000000000000e+06
1.677552000000000000e+06
1.679194000000000000e+06
1.681104000000000000e+06
1.682463000000000000e+06
1.684463000000000000e+06
1.686241000000000000e+06
1.688814000000000000e+06
1.690814000000000000e+06
1.692639000000000000e+06
1.695260000000000000e+06
1.697182000000000000e+06
1.700173000000000000e+06
1.701479000000000000e+06
1.703479000000000000e+06
1.705479000000000000e+06
1.707013000000000000e+06
1.709530000000000000e+06
1.710995000000000000e+06
1.712798000000000000e+06
1.714798000000000000e+06
1.716798000000000000e+06
1.718660000000000000e+06
1.720645000000000000e+06
1.723105000000000000e+06
1.725552000000000000e+06
1.727156000000000000e+06
1.728882000000000000e+06
1.731596000000000000e+06
1.733776000000000000e+06
1.735776000000000000e+06
1.737993000000000000e+06
1.739440000000000000e+06
1.741280000000000000e+06
1.743637000000000000e+06
1.745383000000000000e+06
1.747383000000000000e+06
1.748819000000000000e+06
1.751819000000000000e+06
1.753990000000000000e+06
1.755742000000000000e+06
1.758144000000000000e+06
1.760057000000000000e+06
1.762494000000000000e+06
1.764494000000000000e+06
1.766876000000000000e+06
1.768876000000000000e+06
1.771436000000000000e+06
1.773436000000000000e+06
1.775121000000000000e+06
1.777121000000000000e+06
1.779429000000000000e+06
1.781412000000000000e+06
1.783198000000000000e+06
1.785198000000000000e+06
1.786726000000000000e+06
1.788397000000000000e+06
1.790438000000000000e+06
1.792128000000000000e+06
1.794197000000000000e+06
1.796099000000000000e+06
1.798823000000000000e+06
1.800532000000000000e+06
1.802484000000000000e+06
1.804484000000000000e+06
1.806484000000000000e+06
1.808140000000000000e+06
1.809760000000000000e+06
1.812632000000000000e+06
1.814069000000000000e+06
1.816297000000000000e+06
1.819025000000000000e+06
1.821023000000000000e+06
1.822572000000000000e+06
1.823862000000000000e+06
1.826461000000000000e+06
1.828461000000000000e+06
1.830379000000000000e+06
1.832726000000000000e+06
1.834954000000000000e+06
1.836823000000000000e+06
1.839006000000000000e+06
1.840431000000000000e+06
1.842529000000000000e+06
1.844529000000000000e+06
1.846458000000000000e+06
1.848126000000000000e+06
1.850126000000000000e+06
1.853025000000000000e+06
1.855084000000000000e+06
1.857084000000000000e+06
1.859026000000000000e+06
1.860659000000000000e+06
1.863196000000000000e+06
1.865581000000000000e+06
1.867632000000000000e+06
1.870233000000000000e+06
1.872414000000000000e+06
1.874253000000000000e+06
1.877090000000000000e+06
1.879090000000000000e+06
1.881333000000000000e+06
1.883333000000000000e+06
1.885828000000000000e+06
1.887337000000000000e+06
1.888914000000000000e+06
1.890935000000000000e+06
1.892759000000000000e+06
1.894437000000000000e+06
1.897085000000000000e+06
1.899085000000000000e+06
1.901786000000000000e+06
1.904315000000000000e+06
1.906990000000000000e+06
1.908499000000000000e+06
1.911254000000000000e+06
1.912757000000000000e+06
1.914877000000000000e+06
1.916641000000000000e+06
1.918885000000000000e+06
1.920752000000000000e+06
1.922837000000000000e+06
1.924837000000000000e+06
1.927212000000000000e+06
1.928654000000000000e+06
1.931288000000000000e+06
1.932696000000000000e+06
1.934696000000000000e+06
1.936696000000000000e+06
1.939242000000000000e+06
1.941588000000000000e+06
1.943059000000000000e+06
1.945010000000000000e+06
1.947159000000000000e+06
1.949159000000000000e+06
1.950898000000000000e+06
1.953456000000000000e+06
1.955342000000000000e+06
1.957342000000000000e+06
1.959365000000000000e+06
1.961625000000000000e+06
1.963407000000000000e+06
1.966092000000000000e+06
1.967344000000000000e+06
1.969842000000000000e+06
1.971842000000000000e+06
1.973842000000000000e+06
1.975555000000000000e+06
1.978038000000000000e+06
1.980714000000000000e+06
1.983469000000000000e+06
1.985760000000000000e+06
1.987431000000000000e+06
1.989703000000000000e+06
1.992179000000000000e+06
1.994214000000000000e+06
1.996034000000000000e+06
1.997924000000000000e+06
2.000020000000000000e+06
