2.029000000000000000e+03
4.127000000000000000e+03
6.178000000000000000e+03
8.224000000000000000e+03
1.025300000000000000e+04
1.229500000000000000e+04
1.439100000000000000e+04
1.649800000000000000e+04
1.854500000000000000e+04
2.055600000000000000e+04
2.266700000000000000e+04
2.468100000000000000e+04
2.673900000000000000e+04
2.879100000000000000e+04
3.086700000000000000e+04
3.291600000000000000e+04
3.504000000000000000e+04
3.713100000000000000e+04
3.923100000000000000e+04
4.137400000000000000e+04
4.344500000000000000e+04
4.544600000000000000e+04
4.755100000000000000e+04
4.964800000000000000e+04
5.173500000000000000e+04
5.383200000000000000e+04
5.588700000000000000e+04
5.796300000000000000e+04
6.012500000000000000e+04
6.205400000000000000e+04
6.414300000000000000e+04
6.620000000000000000e+04
6.823100000000000000e+04
7.027300000000000000e+04
7.235700000000000000e+04
7.439100000000000000e+04
7.633700000000000000e+04
7.847800000000000000e+04
8.041200000000000000e+04
8.242900000000000000e+04
8.434300000000000000e+04
8.645300000000000000e+04
8.855600000000000000e+04
9.062700000000000000e+04
9.261600000000000000e+04
9.464800000000000000e+04
9.660400000000000000e+04
9.862500000000000000e+04
1.007110000000000000e+05
1.028390000000000000e+05
1.049130000000000000e+05
1.070060000000000000e+05
1.089070000000000000e+05
1.110160000000000000e+05
1.130560000000000000e+05
1.150730000000000000e+05
1.171700000000000000e+05
1.191980000000000000e+05
1.212440000000000000e+05
1.232800000000000000e+05
1.252820000000000000e+05
1.271860000000000000e+05
1.292490000000000000e+05
1.312760000000000000e+05
1.333610000000000000e+05
1.354400000000000000e+05
1.373950000000000000e+05
1.394180000000000000e+05
1.415130000000000000e+05
1.435790000000000000e+05
1.457230000000000000e+05
1.477510000000000000e+05
1.497880000000000000e+05
1.518880000000000000e+05
1.540210000000000000e+05
1.560530000000000000e+05
1.581140000000000000e+05
1.601270000000000000e+05
1.621530000000000000e+05
1.641760000000000000e+05
1.662290000000000000e+05
1.683140000000000000e+05
1.702710000000000000e+05
1.722150000000000000e+05
1.743440000000000000e+05
1.765030000000000000e+05
1.784770000000000000e+05
1.805270000000000000e+05
1.826790000000000000e+05
1.846380000000000000e+05
1.867350000000000000e+05
1.887370000000000000e+05
1.906740000000000000e+05
1.925690000000000000e+05
1.946150000000000000e+05
1.966600000000000000e+05
1.986880000000000000e+05
2.006750000000000000e+05
2.027990000000000000e+05
2.047810000000000000e+05
2.069680000000000000e+05
2.090170000000000000e+05
2.111410000000000000e+05
2.132870000000000000e+05
2.153050000000000000e+05
2.173720000000000000e+05
2.193520000000000000e+05
2.213070000000000000e+05
2.232840000000000000e+05
2.253120000000000000e+05
2.273080000000000000e+05
2.293060000000000000e+05
2.312960000000000000e+05
2.332780000000000000e+05
2.353170000000000000e+05
2.373130000000000000e+05
2.393730000000000000e+05
2.412320000000000000e+05
2.432350000000000000e+05
2.453770000000000000e+05
2.475240000000000000e+05
2.494740000000000000e+05
2.514060000000000000e+05
2.534010000000000000e+05
2.553780000000000000e+05
2.573240000000000000e+05
2.594390000000000000e+05
2.615140000000000000e+05
2.637010000000000000e+05
2.657530000000000000e+05
2.677650000000000000e+05
2.698800000000000000e+05
2.720170000000000000e+05
2.741800000000000000e+05
2.761350000000000000e+05
2.781890000000000000e+05
2.801560000000000000e+05
2.821730000000000000e+05
2.843980000000000000e+05
2.865050000000000000e+05
2.883980000000000000e+05
2.904820000000000000e+05
2.926480000000000000e+05
2.948320000000000000e+05
2.970780000000000000e+05
2.990470000000000000e+05
3.012310000000000000e+05
3.033370000000000000e+05
3.056530000000000000e+05
3.078150000000000000e+05
3.098920000000000000e+05
3.120400000000000000e+05
3.140140000000000000e+05
3.159330000000000000e+05
3.179890000000000000e+05
3.201040000000000000e+05
3.222110000000000000e+05
3.241750000000000000e+05
3.263420000000000000e+05
3.284580000000000000e+05
3.305820000000000000e+05
3.323960000000000000e+05
3.344840000000000000e+05
3.365870000000000000e+05
3.386380000000000000e+05
3.407420000000000000e+05
3.427970000000000000e+05
3.447270000000000000e+05
3.468300000000000000e+05
3.488090000000000000e+05
3.509270000000000000e+05
3.530010000000000000e+05
3.550680000000000000e+05
3.570990000000000000e+05
3.593040000000000000e+05
3.613250000000000000e+05
3.635120000000000000e+05
3.655330000000000000e+05
3.678610000000000000e+05
3.701920000000000000e+05
3.723210000000000000e+05
3.747720000000000000e+05
3.770330000000000000e+05
3.791370000000000000e+05
3.810410000000000000e+05
3.828990000000000000e+05
3.851120000000000000e+05
3.874780000000000000e+05
3.893160000000000000e+05
3.916470000000000000e+05
3.939180000000000000e+05
3.962790000000000000e+05
3.981020000000000000e+05
4.001650000000000000e+05
4.022840000000000000e+05
4.042230000000000000e+05
4.061940000000000000e+05
4.078280000000000000e+05
4.100450000000000000e+05
4.119980000000000000e+05
4.140490000000000000e+05
4.159480000000000000e+05
4.180080000000000000e+05
4.199020000000000000e+05
4.220770000000000000e+05
4.241110000000000000e+05
4.261890000000000000e+05
4.281000000000000000e+05
4.301760000000000000e+05
4.322410000000000000e+05
4.344690000000000000e+05
4.365330000000000000e+05
4.382550000000000000e+05
4.405740000000000000e+05
4.426420000000000000e+05
4.447490000000000000e+05
4.466030000000000000e+05
4.484650000000000000e+05
4.506050000000000000e+05
4.527180000000000000e+05
4.550380000000000000e+05
4.576680000000000000e+05
4.600270000000000000e+05
4.623940000000000000e+05
4.643880000000000000e+05
4.667030000000000000e+05
4.690780000000000000e+05
4.712650000000000000e+05
4.733190000000000000e+05
4.756750000000000000e+05
4.778980000000000000e+05
4.802300000000000000e+05
4.823200000000000000e+05
4.843370000000000000e+05
4.863830000000000000e+05
4.888200000000000000e+05
4.910400000000000000e+05
4.936020000000000000e+05
4.955100000000000000e+05
4.979630000000000000e+05
4.996800000000000000e+05
5.016880000000000000e+05
5.037070000000000000e+05
5.058620000000000000e+05
5.079690000000000000e+05
5.102390000000000000e+05
5.123730000000000000e+05
5.144130000000000000e+05
5.164110000000000000e+05
5.183280000000000000e+05
5.205820000000000000e+05
5.223960000000000000e+05
5.244460000000000000e+05
5.263650000000000000e+05
5.290110000000000000e+05
5.308150000000000000e+05
5.328880000000000000e+05
5.348340000000000000e+05
5.368780000000000000e+05
5.388940000000000000e+05
5.406470000000000000e+05
5.426550000000000000e+05
5.446050000000000000e+05
5.465920000000000000e+05
5.485290000000000000e+05
5.503480000000000000e+05
5.521930000000000000e+05
5.541130000000000000e+05
5.561110000000000000e+05
5.580120000000000000e+05
5.601530000000000000e+05
5.622010000000000000e+05
5.640950000000000000e+05
5.662890000000000000e+05
5.685510000000000000e+05
5.706970000000000000e+05
5.726570000000000000e+05
5.748850000000000000e+05
5.769790000000000000e+05
5.787680000000000000e+05
5.812840000000000000e+05
5.841850000000000000e+05
5.861810000000000000e+05
5.885360000000000000e+05
5.904050000000000000e+05
5.924380000000000000e+05
5.944350000000000000e+05
5.965290000000000000e+05
5.984670000000000000e+05
6.009330000000000000e+05
6.030430000000000000e+05
6.048810000000000000e+05
6.072480000000000000e+05
6.094800000000000000e+05
6.114050000000000000e+05
6.137090000000000000e+05
6.154730000000000000e+05
6.177510000000000000e+05
6.194790000000000000e+05
6.213780000000000000e+05
6.235220000000000000e+05
6.255710000000000000e+05
6.277180000000000000e+05
6.300160000000000000e+05
6.324720000000000000e+05
6.336760000000000000e+05
6.360350000000000000e+05
6.381840000000000000e+05
6.404210000000000000e+05
6.429510000000000000e+05
6.450210000000000000e+05
6.476750000000000000e+05
6.500290000000000000e+05
6.522960000000000000e+05
6.546750000000000000e+05
6.568130000000000000e+05
6.591610000000000000e+05
6.615240000000000000e+05
6.644040000000000000e+05
6.671450000000000000e+05
6.701710000000000000e+05
6.721460000000000000e+05
6.742970000000000000e+05
6.765100000000000000e+05
6.788270000000000000e+05
6.808910000000000000e+05
6.836090000000000000e+05
6.862230000000000000e+05
6.884040000000000000e+05
6.903980000000000000e+05
6.929620000000000000e+05
6.956590000000000000e+05
6.978390000000000000e+05
7.002720000000000000e+05
7.022270000000000000e+05
7.045180000000000000e+05
7.070590000000000000e+05
7.091510000000000000e+05
7.110990000000000000e+05
7.129640000000000000e+05
7.156740000000000000e+05
7.175560000000000000e+05
7.201000000000000000e+05
7.223040000000000000e+05
7.241110000000000000e+05
7.270880000000000000e+05
7.289920000000000000e+05
7.311240000000000000e+05
7.331940000000000000e+05
7.352920000000000000e+05
7.378610000000000000e+05
7.401910000000000000e+05
7.423420000000000000e+05
7.444070000000000000e+05
7.465220000000000000e+05
7.485780000000000000e+05
7.509270000000000000e+05
7.531000000000000000e+05
7.556140000000000000e+05
7.580740000000000000e+05
7.605310000000000000e+05
7.631170000000000000e+05
7.650030000000000000e+05
7.666560000000000000e+05
7.690600000000000000e+05
7.708740000000000000e+05
7.725670000000000000e+05
7.753640000000000000e+05
7.779600000000000000e+05
7.799580000000000000e+05
7.818560000000000000e+05
7.843060000000000000e+05
7.866160000000000000e+05
7.887780000000000000e+05
7.910120000000000000e+05
7.931810000000000000e+05
7.959550000000000000e+05
7.982000000000000000e+05
8.004390000000000000e+05
8.032470000000000000e+05
8.052210000000000000e+05
8.078340000000000000e+05
8.096880000000000000e+05
8.126170000000000000e+05
8.150220000000000000e+05
8.172140000000000000e+05
8.193760000000000000e+05
8.213820000000000000e+05
8.234010000000000000e+05
8.254630000000000000e+05
8.284690000000000000e+05
8.297820000000000000e+05
8.318390000000000000e+05
8.336660000000000000e+05
8.359200000000000000e+05
8.380050000000000000e+05
8.404850000000000000e+05
8.428030000000000000e+05
8.450950000000000000e+05
8.475480000000000000e+05
8.499970000000000000e+05
8.528550000000000000e+05
8.552550000000000000e+05
8.571460000000000000e+05
8.595400000000000000e+05
8.615370000000000000e+05
8.633300000000000000e+05
8.652600000000000000e+05
8.671600000000000000e+05
8.690160000000000000e+05
8.719980000000000000e+05
8.739410000000000000e+05
8.767810000000000000e+05
8.785830000000000000e+05
8.805390000000000000e+05
8.830060000000000000e+05
8.849120000000000000e+05
8.873260000000000000e+05
8.901740000000000000e+05
8.922120000000000000e+05
8.949830000000000000e+05
8.971160000000000000e+05
8.991280000000000000e+05
9.011850000000000000e+05
9.031640000000000000e+05
9.051050000000000000e+05
9.078560000000000000e+05
9.102930000000000000e+05
9.124240000000000000e+05
9.148690000000000000e+05
9.171050000000000000e+05
9.198340000000000000e+05
9.222180000000000000e+05
9.242750000000000000e+05
9.268880000000000000e+05
9.287400000000000000e+05
9.307580000000000000e+05
9.323320000000000000e+05
9.348090000000000000e+05
9.372330000000000000e+05
9.391170000000000000e+05
9.413510000000000000e+05
9.437620000000000000e+05
9.461250000000000000e+05
9.477440000000000000e+05
9.501680000000000000e+05
9.527800000000000000e+05
9.551410000000000000e+05
9.568150000000000000e+05
9.590520000000000000e+05
9.615320000000000000e+05
9.631350000000000000e+05
9.650050000000000000e+05
9.668540000000000000e+05
9.688630000000000000e+05
9.709790000000000000e+05
9.731620000000000000e+05
9.752690000000000000e+05
9.780380000000000000e+05
9.803990000000000000e+05
9.825920000000000000e+05
9.849420000000000000e+05
9.870360000000000000e+05
9.897530000000000000e+05
9.915450000000000000e+05
9.935580000000000000e+05
9.954280000000000000e+05
9.976890000000000000e+05
9.999750000000000000e+05
1.002341000000000000e+06
1.004134000000000000e+06
1.006090000000000000e+06
1.008397000000000000e+06
1.011233000000000000e+06
1.013423000000000000e+06
1.015636000000000000e+06
1.017226000000000000e+06
1.019669000000000000e+06
1.021630000000000000e+06
1.023721000000000000e+06
1.026404000000000000e+06
1.028510000000000000e+06
1.031171000000000000e+06
1.033267000000000000e+06
1.035343000000000000e+06
1.037446000000000000e+06
1.039094000000000000e+06
1.041385000000000000e+06
1.043931000000000000e+06
1.046547000000000000e+06
1.048826000000000000e+06
1.051099000000000000e+06
1.053094000000000000e+06
1.054845000000000000e+06
1.056802000000000000e+06
1.059590000000000000e+06
1.062109000000000000e+06
1.064414000000000000e+06
1.066519000000000000e+06
1.068043000000000000e+06
1.070130000000000000e+06
1.072600000000000000e+06
1.074558000000000000e+06
1.076651000000000000e+06
1.078911000000000000e+06
1.081358000000000000e+06
1.083918000000000000e+06
1.086043000000000000e+06
1.088176000000000000e+06
1.090226000000000000e+06
1.092578000000000000e+06
1.094778000000000000e+06
1.097055000000000000e+06
1.098810000000000000e+06
1.101161000000000000e+06
1.103576000000000000e+06
1.105629000000000000e+06
1.108131000000000000e+06
1.109984000000000000e+06
1.112014000000000000e+06
1.113923000000000000e+06
1.116927000000000000e+06
1.118247000000000000e+06
1.120912000000000000e+06
1.123318000000000000e+06
1.126055000000000000e+06
1.129057000000000000e+06
1.131198000000000000e+06
1.133220000000000000e+06
1.135343000000000000e+06
1.137630000000000000e+06
1.139657000000000000e+06
1.142130000000000000e+06
1.144406000000000000e+06
1.146446000000000000e+06
1.148561000000000000e+06
1.150668000000000000e+06
1.152570000000000000e+06
1.154485000000000000e+06
1.157197000000000000e+06
1.159530000000000000e+06
1.162437000000000000e+06
1.164855000000000000e+06
1.167000000000000000e+06
1.169647000000000000e+06
1.172266000000000000e+06
1.174415000000000000e+06
1.176722000000000000e+06
1.178900000000000000e+06
1.180824000000000000e+06
1.182362000000000000e+06
1.185214000000000000e+06
1.187268000000000000e+06
1.189236000000000000e+06
1.191215000000000000e+06
1.193157000000000000e+06
1.195505000000000000e+06
1.198342000000000000e+06
1.200339000000000000e+06
1.202235000000000000e+06
1.205129000000000000e+06
1.206926000000000000e+06
1.209570000000000000e+06
1.212140000000000000e+06
1.214810000000000000e+06
1.217086000000000000e+06
1.218860000000000000e+06
1.220717000000000000e+06
1.222990000000000000e+06
1.225051000000000000e+06
1.227113000000000000e+06
1.229183000000000000e+06
1.230794000000000000e+06
1.233349000000000000e+06
1.236014000000000000e+06
1.237420000000000000e+06
1.239050000000000000e+06
1.241259000000000000e+06
1.243993000000000000e+06
1.246185000000000000e+06
1.248225000000000000e+06
1.250863000000000000e+06
1.252957000000000000e+06
1.255939000000000000e+06
1.257947000000000000e+06
1.260783000000000000e+06
1.262865000000000000e+06
1.264731000000000000e+06
1.267542000000000000e+06
1.269298000000000000e+06
1.272025000000000000e+06
1.273901000000000000e+06
1.276600000000000000e+06
1.279290000000000000e+06
1.282110000000000000e+06
1.284031000000000000e+06
1.286650000000000000e+06
1.288741000000000000e+06
1.290738000000000000e+06
1.292911000000000000e+06
1.295000000000000000e+06
1.297549000000000000e+06
1.300242000000000000e+06
1.302517000000000000e+06
1.304623000000000000e+06
1.306907000000000000e+06
1.309003000000000000e+06
1.311089000000000000e+06
1.313194000000000000e+06
1.315130000000000000e+06
1.317396000000000000e+06
1.319134000000000000e+06
1.321477000000000000e+06
1.323302000000000000e+06
1.325454000000000000e+06
1.327486000000000000e+06
1.329382000000000000e+06
1.331510000000000000e+06
1.334291000000000000e+06
1.336978000000000000e+06
1.339087000000000000e+06
1.341592000000000000e+06
1.344206000000000000e+06
1.346157000000000000e+06
1.348924000000000000e+06
1.351052000000000000e+06
1.353791000000000000e+06
1.356031000000000000e+06
1.358069000000000000e+06
1.360130000000000000e+06
1.363030000000000000e+06
1.365048000000000000e+06
1.366768000000000000e+06
1.369452000000000000e+06
1.371400000000000000e+06
1.373811000000000000e+06
1.376608000000000000e+06
1.379597000000000000e+06
1.381631000000000000e+06
1.384021000000000000e+06
1.386486000000000000e+06
1.388520000000000000e+06
1.390943000000000000e+06
1.393593000000000000e+06
1.396497000000000000e+06
1.398852000000000000e+06
1.401601000000000000e+06
1.403821000000000000e+06
1.405476000000000000e+06
1.408459000000000000e+06
1.410428000000000000e+06
1.413020000000000000e+06
1.415060000000000000e+06
1.416890000000000000e+06
1.419039000000000000e+06
1.421157000000000000e+06
1.423193000000000000e+06
1.425412000000000000e+06
1.427637000000000000e+06
1.430056000000000000e+06
1.432827000000000000e+06
1.435111000000000000e+06
1.437377000000000000e+06
1.439363000000000000e+06
1.441578000000000000e+06
1.443925000000000000e+06
1.446734000000000000e+06
1.449023000000000000e+06
1.451821000000000000e+06
1.453813000000000000e+06
1.455944000000000000e+06
1.457915000000000000e+06
1.460788000000000000e+06
1.463458000000000000e+06
1.465394000000000000e+06
1.467786000000000000e+06
1.470223000000000000e+06
1.472552000000000000e+06
1.475410000000000000e+06
1.477434000000000000e+06
1.480084000000000000e+06
1.482924000000000000e+06
1.484756000000000000e+06
1.486464000000000000e+06
1.488586000000000000e+06
1.490708000000000000e+06
1.493176000000000000e+06
1.495114000000000000e+06
1.496976000000000000e+06
1.499731000000000000e+06
1.502296000000000000e+06
1.504399000000000000e+06
1.506637000000000000e+06
1.509375000000000000e+06
1.512010000000000000e+06
1.514336000000000000e+06
1.516417000000000000e+06
1.518992000000000000e+06
1.521380000000000000e+06
1.523909000000000000e+06
1.526116000000000000e+06
1.527836000000000000e+06
1.530493000000000000e+06
1.532613000000000000e+06
1.535147000000000000e+06
1.537007000000000000e+06
1.538949000000000000e+06
1.540851000000000000e+06
1.542733000000000000e+06
1.544977000000000000e+06
1.547554000000000000e+06
1.549992000000000000e+06
1.552050000000000000e+06
1.553910000000000000e+06
1.555374000000000000e+06
1.558317000000000000e+06
1.560280000000000000e+06
1.562089000000000000e+06
1.564388000000000000e+06
1.566442000000000000e+06
1.568306000000000000e+06
1.570989000000000000e+06
1.573787000000000000e+06
1.575881000000000000e+06
1.577616000000000000e+06
1.580054000000000000e+06
1.581805000000000000e+06
1.583975000000000000e+06
1.586665000000000000e+06
1.589251000000000000e+06
1.591073000000000000e+06
1.593259000000000000e+06
1.595944000000000000e+06
1.597942000000000000e+06
1.599683000000000000e+06
1.602359000000000000e+06
1.604749000000000000e+06
1.606758000000000000e+06
1.608588000000000000e+06
1.611370000000000000e+06
1.613290000000000000e+06
1.615389000000000000e+06
1.617436000000000000e+06
1.619650000000000000e+06
1.621806000000000000e+06
1.623576000000000000e+06
1.626288000000000000e+06
1.628496000000000000e+06
1.630405000000000000e+06
1.632580000000000000e+06
1.635343000000000000e+06
1.636925000000000000e+06
1.639645000000000000e+06
1.641441000000000000e+06
1.643547000000000000e+06
1.645587000000000000e+06
1.648483000000000000e+06
1.650177000000000000e+06
1.651985000000000000e+06
1.653756000000000000e+06
1.655810000000000000e+06
1.657911000000000000e+06
1.660123000000000000e+06
1.662748000000000000e+06
1.665458000000000000e+06
1.668390000000000000e+06
1.670291000000000000e+06
1.672470000000000000e+06
1.674466000000000000e+06
1.676402000000000000e+06
1.678367000000000000e+06
1.680371000000000000e+06
1.682579000000000000e+06
1.685300000000000000e+06
1.688277000000000000e+06
1.690361000000000000e+06
1.692308000000000000e+06
1.694492000000000000e+06
1.696819000000000000e+06
1.699075000000000000e+06
1.701195000000000000e+06
1.703015000000000000e+06
1.704983000000000000e+06
1.707462000000000000e+06
1.709693000000000000e+06
1.711423000000000000e+06
1.714194000000000000e+06
1.716993000000000000e+06
1.719076000000000000e+06
1.721653000000000000e+06
1.724199000000000000e+06
1.726248000000000000e+06
1.728252000000000000e+06
1.730303000000000000e+06
1.732359000000000000e+06
1.733922000000000000e+06
1.736793000000000000e+06
1.739362000000000000e+06
1.741539000000000000e+06
1.744456000000000000e+06
1.746387000000000000e+06
1.748324000000000000e+06
1.750898000000000000e+06
1.753138000000000000e+06
1.755738000000000000e+06
1.757003000000000000e+06
1.758976000000000000e+06
1.761336000000000000e+06
1.764005000000000000e+06
1.765967000000000000e+06
1.768516000000000000e+06
1.770824000000000000e+06
1.773132000000000000e+06
1.775373000000000000e+06
1.776642000000000000e+06
1.778416000000000000e+06
1.780468000000000000e+06
1.783221000000000000e+06
1.785556000000000000e+06
1.787610000000000000e+06
1.789575000000000000e+06
1.792479000000000000e+06
1.794439000000000000e+06
1.796479000000000000e+06
1.798488000000000000e+06
1.800573000000000000e+06
1.802782000000000000e+06
1.804673000000000000e+06
1.807326000000000000e+06
1.809398000000000000e+06
1.812384000000000000e+06
1.814854000000000000e+06
1.816739000000000000e+06
1.818684000000000000e+06
1.820728000000000000e+06
1.822829000000000000e+06
1.824749000000000000e+06
1.826656000000000000e+06
1.828621000000000000e+06
1.831283000000000000e+06
1.833822000000000000e+06
1.836298000000000000e+06
1.839212000000000000e+06
1.841058000000000000e+06
1.843474000000000000e+06
1.846055000000000000e+06
1.848804000000000000e+06
1.850518000000000000e+06
1.853091000000000000e+06
1.855045000000000000e+06
1.856558000000000000e+06
1.858571000000000000e+06
1.861092000000000000e+06
1.863028000000000000e+06
1.865453000000000000e+06
1.867180000000000000e+06
1.869640000000000000e+06
1.871787000000000000e+06
1.874609000000000000e+06
1.877523000000000000e+06
1.879606000000000000e+06
1.881553000000000000e+06
1.883784000000000000e+06
1.886263000000000000e+06
1.888628000000000000e+06
1.890177000000000000e+06
1.892733000000000000e+06
1.894920000000000000e+06
1.896807000000000000e+06
1.899639000000000000e+06
1.901536000000000000e+06
1.904376000000000000e+06
1.907116000000000000e+06
1.909574000000000000e+06
1.911978000000000000e+06
1.914689000000000000e+06
1.916348000000000000e+06
1.918894000000000000e+06
1.921068000000000000e+06
1.923127000000000000e+06
1.925295000000000000e+06
1.927044000000000000e+06
1.928909000000000000e+06
1.930777000000000000e+06
1.932561000000000000e+06
1.935040000000000000e+06
1.937189000000000000e+06
1.938885000000000000e+06
1.941781000000000000e+06
1.943811000000000000e+06
1.945677000000000000e+06
1.947714000000000000e+06
1.949146000000000000e+06
1.951737000000000000e+06
1.954223000000000000e+06
1.956181000000000000e+06
1.958131000000000000e+06
1.960945000000000000e+06
1.963093000000000000e+06
1.964968000000000000e+06
1.967733000000000000e+06
1.970479000000000000e+06
1.972857000000000000e+06
1.975282000000000000e+06
1.977157000000000000e+06
1.979401000000000000e+06
1.981239000000000000e+06
1.983240000000000000e+06
1.985725000000000000e+06
1.988047000000000000e+06
1.990880000000000000e+06
1.993720000000000000e+06
1.995759000000000000e+06
1.997897000000000000e+06
2.000499000000000000e+06
