7.852749685009882796e+01
2.027998466813027960e+02
5.659473280282173846e+02
1.313014834654876211e+02
1.606071690584251428e+02
8.415294082953074621e+02
5.750263907395304841e+02
3.640655759844480031e+02
2.663649512151643535e+02
3.860653043550591974e+02
5.858259046303761579e+02
6.784048542150940193e+02
3.700046207457634750e+02
1.000297083085046808e+02
1.034012550090070306e+02
1.556174751987735192e+02
6.490645302021824818e+02
5.594925443030867882e+02
3.215751892302899364e+02
6.444342510218275493e+02
6.059641442126279571e+02
5.567059071611286072e+02
1.193522712087577275e+02
9.065960267716089902e+02
1.130646083574172138e+02
5.674291713798347701e+02
9.283819102380390120e+01
6.739219489203778721e+02
1.309710293862035826e+02
1.139333336451693839e+02
2.562926955173350620e+02
5.510248457557220263e+02
5.914474287616199035e+02
6.124784112237061890e+02
8.236493812173212063e+02
1.644640029070289984e+02
5.880479054094986395e+02
8.275762180647242872e+01
7.263539357981352396e+02
2.529704827950515380e+02
8.412246512054374534e+02
4.846282935535032834e+02
6.365364530188101071e+02
4.707196403513603400e+02
7.282207752080788623e+02
1.196178289476275864e+02
8.808311950762897879e+01
5.689316856327720870e+02
6.203838469382060339e+02
6.392603474200275286e+02
3.033271451991466847e+02
6.620794013902764164e+02
4.563054827741814279e+02
1.224304371373420537e+02
7.435336065172538156e+02
6.653804500053619222e+02
7.796949187195205013e+02
5.710493736346655851e+02
1.250490632789554581e+02
1.131278460493247735e+02
7.003327187443208004e+02
6.667755585028454561e+02
4.683645199488986464e+02
2.197489119285570496e+02
9.113957711390293071e+02
1.248516585790221711e+02
6.916004779047439115e+02
6.083072140419977814e+02
7.553534903354025118e+02
5.572187199030202009e+02
8.926242000830730206e+01
8.319675710187791537e+02
7.751536863525942636e+02
5.844094615185136945e+02
1.000583165711188940e+02
7.780743186361016797e+02
8.728472512401799577e+02
6.577461108540086343e+02
2.545098788983488873e+02
6.177931532572710012e+02
1.587908897220819995e+02
7.773832878954823400e+02
6.506340905053748429e+02
9.525652372147541200e+02
9.696204016506111145e+01
3.014734452212023257e+02
1.241941396555252197e+02
1.709734211302964866e+02
3.813752900288713477e+02
7.667320170084125266e+02
4.012757540512415630e+02
8.758501261809707330e+02
3.786902994579502888e+02
5.715985476852606553e+02
1.052148821425117120e+02
6.683462178360658754e+02
7.989123387914699492e+01
9.111731897962815196e+01
5.604140270220108277e+02
1.929708036646744915e+02
4.646692762309983777e+02
6.693210412501962310e+02
4.658436236014889573e+02
1.042823315646460429e+02
5.721651280099495125e+02
4.883433097493598325e+02
4.568913833731916156e+02
2.417391052595413043e+02
2.003617726784362389e+02
8.367154881813186194e+02
1.504340559960300823e+02
5.428953446314025086e+02
5.755106027466702017e+02
1.024368862779922011e+02
8.854299323321209840e+02
4.897262994204832012e+02
4.741731293819896678e+02
5.761239006312912352e+02
7.583863529888602670e+02
4.726214344783771253e+02
9.210704468537213074e+01
7.947524256780613996e+02
6.180959698922678172e+02
2.665460230566120572e+02
2.823722716590336290e+02
5.031338555951320473e+02
6.155475847154681333e+02
1.259467327767889913e+02
4.733198341976998336e+02
9.187877903511134718e+02
1.133345877430580657e+02
2.847752865262713158e+02
3.718518934870724593e+02
2.285232177966078098e+02
6.566610525449756324e+02
6.757610885000981398e+02
8.925970324853012698e+02
3.554130179271112979e+02
1.169239599187409482e+02
1.257409038837705850e+02
5.900969779360608527e+02
4.529897316866949950e+02
1.016143791095621793e+02
4.872841616254060568e+02
7.784382571527295340e+02
8.177799154091069056e+01
5.745613534610132547e+02
1.018197564225008875e+02
3.932765211564696415e+02
3.671924982099412205e+02
3.813649008795641748e+02
4.596210639968238070e+02
9.593194106575476781e+02
8.800839874158543807e+01
4.007213837226565261e+02
1.334989585290781804e+02
9.543986760410683701e+01
5.811053518197148549e+01
8.865405586022136504e+02
1.734425490989329717e+02
6.482945646374712396e+02
6.226233077221953636e+02
2.361605283595068272e+02
7.309593568377438260e+02
5.584371112851232510e+02
8.085646171219246980e+01
2.762182938235686152e+02
7.188223209489211740e+01
1.942883363796630647e+02
6.677010519637790367e+02
1.180667517843908456e+02
5.686727097017281096e+01
4.930426180728726990e+02
1.112287910158354407e+02
7.397634914210927946e+02
7.119861373637545512e+02
1.474416417990250352e+02
6.865204228869158669e+02
3.980691334409194724e+02
1.110772371455320808e+02
1.221510337213083091e+02
3.303772099435155383e+02
7.666771441595309398e+02
1.425612068119615685e+02
4.892861978480832477e+02
6.857181272244099546e+02
1.364384547216477301e+02
4.730781817059130958e+02
9.249665661191814081e+01
5.532417133732803904e+02
7.955833249281468511e+01
5.712624269963214374e+02
3.509929628359586218e+02
1.282965850176959179e+02
6.829629932703012400e+02
6.641153903474948947e+02
1.214509275549584544e+02
8.404757663545719026e+01
1.190512056534840042e+02
9.748631152121927812e+01
