2.229109671700152617e+01
1.490325222542725259e+00
4.215902326069096873e+00
2.424722327906147168e+00
4.930708320511040910e+00
5.880547357297658984e+00
5.454817013067952303e+00
6.429000503717231751e+00
7.555377163178165212e+00
7.524394434325079040e+00
8.683534451343540184e+00
8.726580508434921057e+00
1.167285527948996382e+01
1.297689859985337790e+01
1.589186624065698261e+01
1.776059632525313603e+01
2.081317442303882359e+01
2.019670682186692545e+01
2.320437188287926489e+01
2.400757618827521611e+01
2.563623759483590092e+01
2.547598484622974269e+01
2.621110628890959404e+01
2.743023434145047901e+01
2.751605491862380859e+01
2.604370340735998468e+01
2.663367765958200550e+01
2.716184275447449537e+01
2.747610577466381443e+01
2.819584785604784472e+01
2.823779070807607283e+01
2.962765146209348899e+01
3.141409273880613284e+01
3.152769115450462678e+01
3.224929094711406918e+01
3.257591988261436455e+01
3.306126387067899230e+01
3.337267648726919589e+01
3.450126382930543656e+01
3.489614479963938010e+01
3.668295632598256617e+01
3.710901317999731219e+01
3.826778052400738517e+01
3.848996999109244399e+01
3.951321722120791691e+01
3.892931898739904994e+01
3.993975624695132609e+01
3.906031753221762415e+01
3.989435963028274301e+01
3.919187602898071532e+01
4.020126725084656982e+01
3.881101631263489793e+01
3.962174535640236428e+01
3.883983579942029962e+01
3.953286888687441802e+01
3.882727374537801524e+01
3.936699510870233354e+01
3.873879815561426909e+01
3.979914737001709568e+01
3.922524775967711719e+01
3.993654852531700783e+01
3.937499291550064129e+01
3.999585532216260475e+01
3.993250622539586914e+01
4.053151535399028660e+01
4.023788290253219913e+01
4.073118284513430609e+01
4.072032889729972283e+01
4.139510478366791091e+01
4.122520153979987612e+01
4.175878605604631133e+01
4.175322470772737660e+01
4.221306503028367985e+01
4.213353669177704575e+01
4.249628224602308535e+01
4.217676137902954991e+01
4.260384457013466886e+01
4.248043281984887187e+01
4.268039696843234054e+01
4.263481697351227950e+01
4.279060938048039020e+01
4.281658582718318229e+01
4.320983345103968531e+01
4.334364858836475065e+01
4.357305293209245889e+01
4.360380743282933480e+01
4.371678834502491640e+01
4.377385492078889229e+01
4.386421763850441380e+01
4.397431581175990090e+01
4.412130308938726841e+01
4.428957130532167952e+01
4.438029863222621429e+01
4.446336868059155734e+01
4.469096453826804805e+01
4.476248523575200977e+01
4.491357982430024975e+01
4.540494232152754961e+01
4.548720223052428224e+01
4.580221465376940415e+01
4.630196483660456863e+01
4.650589901432214646e+01
4.718063629028601724e+01
4.816232091599545129e+01
4.905055864780690200e+01
5.037895010284783837e+01
5.238837899237414319e+01
5.334510560744930530e+01
5.548260545232444230e+01
5.645560514610819070e+01
5.888010781705663987e+01
5.998103589238274935e+01
6.192869536520581164e+01
6.190618802284410549e+01
6.369485225697049913e+01
6.325780889269569940e+01
6.375239821046388755e+01
6.427617376483725309e+01
6.434392644766084857e+01
6.395605771343616652e+01
6.395470998342878488e+01
6.310800151878081010e+01
6.308409975570536687e+01
6.345899144395063729e+01
6.343231788802111737e+01
6.251277036382940366e+01
6.254243372287849212e+01
6.222913612506246039e+01
6.324448492298768798e+01
6.297113825876014914e+01
6.378394165992924769e+01
6.401398998040984623e+01
6.400609988581359744e+01
6.463173686928966788e+01
6.172832785523642940e+01
6.115489955015291201e+01
5.799703254976871136e+01
5.721696997460510659e+01
5.413602577795970205e+01
5.280877997827119685e+01
5.383161291161011519e+01
5.323385924579233830e+01
5.402127250826633542e+01
5.571701194970273718e+01
5.760892661279769555e+01
5.933323701824840413e+01
6.221676038230291539e+01
6.247453342403257182e+01
6.550224377163831946e+01
6.705996474884931047e+01
6.654494380131353637e+01
6.549897557356176492e+01
6.466059745332766795e+01
6.564770078998577674e+01
6.510355635776380723e+01
6.478598046401904753e+01
6.412204509545431108e+01
6.442017586805928886e+01
6.415157648754291131e+01
6.362030290489085615e+01
6.421875938482789081e+01
6.510715979650240115e+01
6.593270322520862692e+01
6.591642264581932409e+01
6.665078082022229466e+01
6.666957368901614700e+01
6.751935718057366387e+01
6.769558239729289539e+01
6.832161357795840217e+01
6.860697722379974550e+01
6.921210483937846902e+01
6.954675860545364685e+01
6.982513033606683450e+01
7.022318885905141883e+01
7.036316414610388392e+01
7.056856897125015848e+01
7.224403832654527946e+01
7.234511694892530898e+01
7.388133321507483231e+01
7.416984862137174161e+01
7.614015174290858567e+01
7.681865486467991389e+01
7.810241594670048926e+01
7.907978396435797208e+01
8.018544752430085509e+01
8.088565951658605968e+01
8.202061925335154058e+01
8.298161470800356199e+01
8.363049128722371961e+01
8.307836833325319503e+01
8.393532810616990503e+01
8.315865834653281752e+01
8.446743696576017157e+01
8.430988651972037928e+01
8.536095811244183551e+01
8.588915922226870236e+01
8.681040093074263098e+01
8.641289116833267769e+01
8.683869337399437427e+01
8.660174639339462033e+01
8.704650183093497162e+01
8.652043314324158985e+01
8.776266885487017078e+01
8.806703519338802266e+01
8.888979689176377974e+01
8.807007348093949872e+01
8.825759147533646853e+01
8.747911894278313127e+01
8.774364897691651777e+01
8.735958049025514072e+01
8.763407545665913290e+01
8.798936878735594291e+01
8.781928853849686334e+01
8.755646473914765693e+01
8.761014388929523022e+01
8.694842827543365615e+01
8.659550174227368302e+01
8.657606267607388872e+01
8.725234935239991785e+01
8.754630427992941577e+01
8.785743341064946321e+01
8.707140652818765147e+01
8.667900637159269195e+01
8.690725596569497213e+01
8.645614834367130186e+01
8.619343284604201472e+01
8.685594313358892293e+01
8.715763338582348752e+01
8.763904719936068943e+01
8.782289994141687828e+01
8.896898984632746021e+01
8.914513526911551367e+01
8.839661503702753009e+01
8.842999834096032430e+01
8.856782849858387863e+01
8.834428122852557408e+01
8.892852105606495172e+01
8.979925364587755610e+01
9.102565717930862377e+01
9.078948423557631031e+01
9.155482001929598823e+01
9.117598156357500727e+01
9.176962656891711845e+01
9.172643033354819408e+01
9.080297004511079706e+01
9.138492053233683521e+01
9.186180556012278942e+01
9.190399334042838575e+01
9.205076524113323444e+01
9.237610647618947723e+01
9.239231025131675779e+01
9.243038137556730760e+01
9.264142435344746218e+01
9.117513135587687145e+01
9.190036972153430384e+01
9.213983116060900613e+01
9.237153085489303805e+01
9.315256247603645079e+01
9.255668442364888904e+01
9.298328451226329605e+01
9.344467449549735250e+01
9.351938887994674587e+01
9.370179590833230066e+01
9.443755153694137050e+01
9.570469525794220544e+01
9.568503312038956210e+01
9.622767027220854175e+01
9.796096275482523197e+01
9.908120383896222449e+01
1.001863024449682911e+02
1.007607016416583576e+02
1.010486100576206780e+02
1.013709746100557965e+02
1.008837232054948743e+02
1.014133872767716298e+02
1.028915789909628842e+02
1.038304420085796096e+02
1.051057878397922138e+02
1.054592821898316259e+02
1.042959106568525414e+02
1.051671322870737271e+02
1.054385797284088255e+02
1.061416197771037560e+02
1.065079401320843004e+02
1.071366641672059785e+02
1.070331077953387506e+02
1.069152390194515334e+02
1.065601248880973628e+02
1.078011876130674978e+02
1.087094113832307585e+02
1.094004178118697013e+02
1.101387777662336021e+02
1.109573620728259584e+02
1.134141520019987013e+02
1.156116509962279224e+02
1.170132409405630085e+02
1.195369498313428807e+02
1.184853887016633252e+02
1.210744676058026528e+02
1.216715997302700885e+02
1.239659146139861292e+02
1.239641129080519732e+02
1.248785940516763731e+02
1.240289115899019095e+02
1.261583096936394099e+02
1.290839332995836912e+02
1.295922556250590674e+02
1.304267824035824788e+02
1.343847719973874746e+02
1.361638129543307230e+02
1.382980649999209959e+02
1.385165012649604535e+02
1.383717579036333518e+02
1.371082663239550357e+02
1.411890680377056810e+02
1.441652833597138397e+02
1.470864230359567841e+02
1.471026701943809485e+02
1.491838069412070809e+02
1.493991893231082315e+02
1.519888406183828238e+02
1.510203211383536654e+02
1.528469524644335138e+02
1.539057826715783506e+02
1.569078181131104088e+02
1.577210282234111673e+02
1.606938376849487611e+02
1.610316683011708108e+02
1.627875694886986082e+02
1.605922982359347486e+02
1.640379870681404952e+02
1.644074489224825584e+02
1.633288686378533612e+02
1.579956183720748584e+02
1.579313513912657356e+02
1.553250579889680978e+02
1.591423913904511380e+02
1.611422681335479012e+02
1.579791280840797185e+02
1.508125096407608510e+02
1.510187000401909927e+02
1.470012395904012408e+02
1.444146605420021103e+02
1.437932271048363759e+02
1.434091583011805540e+02
1.390319790498869850e+02
1.422844290403808145e+02
1.388861606132437316e+02
1.404475572843093971e+02
1.397124960039287487e+02
1.413044085105977388e+02
1.373832716958083040e+02
1.414734990578113241e+02
1.392949838234826245e+02
1.430676047631761207e+02
1.452652391838201709e+02
1.453463620071855757e+02
1.465971725156855427e+02
1.451322729212217837e+02
1.416983103916573441e+02
1.453609029552830236e+02
1.476970491844627986e+02
1.509408050778100687e+02
1.506621116157689642e+02
1.518254737255699638e+02
1.523948953326276978e+02
1.516929416802954904e+02
1.506091389508925715e+02
1.485786196883536547e+02
1.469647489235999842e+02
1.468013905296628820e+02
1.449381344919807759e+02
1.440629875956602461e+02
1.394627930748459335e+02
1.418810125913068418e+02
1.404389383192945502e+02
1.395260857452079506e+02
1.354948737384754622e+02
1.362791511203867003e+02
1.291108457698896643e+02
1.285768267132525864e+02
1.276250640901860294e+02
1.260720487519944442e+02
1.266940716934313258e+02
1.297211043815295568e+02
1.306395707780270641e+02
1.331562678446070151e+02
1.343156904468602875e+02
1.369156844635891446e+02
1.364803234693902994e+02
1.387221918740536921e+02
1.398174581849982019e+02
1.430304833411406662e+02
1.437136623980105412e+02
1.477037862655963636e+02
1.493742725229698465e+02
1.496443163065502233e+02
1.507164865702162331e+02
1.512134679114122378e+02
1.549294350834665863e+02
1.601456337807179011e+02
1.617161808351974628e+02
1.656252391089520870e+02
1.687307814704482496e+02
1.721232513979284420e+02
1.737681294125323745e+02
1.771411915879191667e+02
1.783192306557583322e+02
1.802970401185419576e+02
1.825998693411786462e+02
1.869155132176939844e+02
1.856613542262690260e+02
1.867342375577211726e+02
1.841120425181074154e+02
1.874249547678108740e+02
1.861611549178328175e+02
1.888974132411015603e+02
1.917394881614036706e+02
1.905169720344114808e+02
1.948220788059087454e+02
1.953934495604799224e+02
1.902930891908140723e+02
1.891973835747597263e+02
1.845671132662659488e+02
1.877313448893307282e+02
1.851441988700656225e+02
1.856356014500677816e+02
1.828058885551628236e+02
1.853451500839179005e+02
1.842643549898355957e+02
1.843423668087372675e+02
1.834637004728555212e+02
1.860075951449044851e+02
1.835576742091789413e+02
1.852149806970352017e+02
1.869408935940329570e+02
1.837608876445788724e+02
1.805473232794307705e+02
1.816149893459720204e+02
1.840452547608911402e+02
1.876231942999574187e+02
1.874601681965918374e+02
1.911189112513008013e+02
1.848193972110959749e+02
1.867365089786897556e+02
1.883208775792918459e+02
1.855866074883072372e+02
1.876686876952027490e+02
1.879462203511542668e+02
1.925389386750029814e+02
1.937878319026792440e+02
1.937004819545112468e+02
1.936970859430424525e+02
1.911133444724458172e+02
1.935526372366500141e+02
1.940019758934267884e+02
1.954439451622696708e+02
1.912048976809801388e+02
1.933219831682220331e+02
1.897407698319828455e+02
1.926977373430513296e+02
1.924648497843716939e+02
1.925419546765867267e+02
1.908284146098250744e+02
1.946657316051330042e+02
1.921461159990960255e+02
1.888778628305821030e+02
1.844490631171476025e+02
1.852322918805874394e+02
1.865710921291669422e+02
1.891879097099893556e+02
1.901777382467754762e+02
1.880577148131855552e+02
1.891882434872869965e+02
1.914070129837185164e+02
1.934379162278172544e+02
1.951623901059787727e+02
1.925061264311872549e+02
1.947959224585650873e+02
1.965765126560052067e+02
1.998488878433938112e+02
2.038760075384922175e+02
2.087749635131877710e+02
2.042107187788035958e+02
2.062291270015291502e+02
1.992070279315098276e+02
2.028111161059276526e+02
1.996015288460171746e+02
1.974681007928935514e+02
1.953210834276270589e+02
1.953141358451154872e+02
1.966176683229267326e+02
1.954086319624667851e+02
1.919084387986802085e+02
1.933600013033466212e+02
1.893698484702508438e+02
1.866201193536690255e+02
1.831779622475272902e+02
1.732595851530554967e+02
1.655445887281001660e+02
1.645471565053018139e+02
1.610055610221149891e+02
1.549361756432497543e+02
1.521601889032878887e+02
1.492613707122614244e+02
1.492552141059908308e+02
1.473315365019449246e+02
1.484694319521358921e+02
1.460553730897397600e+02
1.453176581608148865e+02
1.438226334041017083e+02
1.410726238359530953e+02
1.406640388174946281e+02
1.382224839608043965e+02
1.395343324265052729e+02
1.394143344368430064e+02
1.419371805127727271e+02
1.420039619686559149e+02
1.438281956989251569e+02
1.434884866004525747e+02
1.430916929835460962e+02
1.427962469381866981e+02
1.432717229639720244e+02
1.442598756751549445e+02
1.452793052076386857e+02
1.462086967047788733e+02
1.465666861533035217e+02
1.453010061414216523e+02
1.457630176998373202e+02
1.431131582323718590e+02
1.444784515711554604e+02
1.444209237704022257e+02
1.444521610933164197e+02
1.473227001044984661e+02
1.476559969330854756e+02
1.454139176309189736e+02
1.458459912997733170e+02
1.472818422511206791e+02
1.488225301690822846e+02
1.469590200771525588e+02
1.494679821647412439e+02
1.490266136744997425e+02
1.509823880770514677e+02
1.487893783650307853e+02
1.485657198780690180e+02
1.478621289402186108e+02
1.490583510567612677e+02
1.497670403385297391e+02
1.514670569372487705e+02
1.536083976787516008e+02
1.566674422281188583e+02
1.580829023048530644e+02
1.610629547271762760e+02
1.645976721494762103e+02
1.675641761748242402e+02
1.685258080956789399e+02
1.689290835956304591e+02
1.684720164834915579e+02
1.715542832967454103e+02
1.751533755234064245e+02
1.783516660751455447e+02
1.825875124205441580e+02
1.853312788319235267e+02
1.845913881377720713e+02
1.856188075655315401e+02
1.841571956429218062e+02
1.887064361935385364e+02
1.895168006059907100e+02
1.904306334286224853e+02
1.905708395498216134e+02
1.901331766850874487e+02
1.920004333022144749e+02
1.937807850047085196e+02
1.927577176185371002e+02
1.937067140029406858e+02
1.941736882629224397e+02
1.977541948647756840e+02
1.990645291152647758e+02
2.021721555631446563e+02
1.984707831030411853e+02
2.016395342141076696e+02
1.975290861909935245e+02
1.999316616528446389e+02
1.971201305483881185e+02
1.998997245312166342e+02
2.007069782785997916e+02
2.021353129762071319e+02
1.947989616489116713e+02
1.916704996969879744e+02
1.880014472412939597e+02
1.886564038773501011e+02
1.871126281567632077e+02
1.853658769879609167e+02
1.837993333228435517e+02
1.821406155104333209e+02
1.815163337121042559e+02
1.822569720255938250e+02
1.799094038959200361e+02
1.797150620701921753e+02
1.824218300339449286e+02
1.831488781205927125e+02
1.839427264993254028e+02
1.798898246868711510e+02
1.765898524042470683e+02
1.755817047626010492e+02
1.720473207919333731e+02
1.716096400295784008e+02
1.703661934368716970e+02
1.650055049178107538e+02
1.606524975360960639e+02
1.621589538308745659e+02
1.612160398097420284e+02
1.595096058512230002e+02
1.596615388712727110e+02
1.596296913050739761e+02
1.585750880018636053e+02
1.580855164343371371e+02
1.593656769281959669e+02
1.585318479730136687e+02
1.591240504224921892e+02
1.570459290070763814e+02
1.533451941065914355e+02
1.540585699405662297e+02
1.503981510185735431e+02
1.515879588448063657e+02
1.492182760076272530e+02
1.467078967041098849e+02
1.498191673120100802e+02
1.540901203207621109e+02
1.555603524392174677e+02
1.589135605119785453e+02
1.611383727195805875e+02
1.625336515186318138e+02
1.634277166273581940e+02
1.667328513605569356e+02
1.682819281484279088e+02
1.710489035179043356e+02
1.739964354220735174e+02
1.751218456465362863e+02
1.780141055370621928e+02
1.782099812401841632e+02
1.795396000853787939e+02
1.820376130845812099e+02
1.817752936627709914e+02
1.853288003480391524e+02
1.848777775132123224e+02
1.874092693966179581e+02
1.857573196193266938e+02
1.872988115189916130e+02
1.908583596269116640e+02
1.936868231784414718e+02
1.943102140875196255e+02
1.974538524751469311e+02
1.992279901613467246e+02
2.040212721625284757e+02
2.057855907324205589e+02
2.086809176971237605e+02
2.090293591030631717e+02
2.072547755199638289e+02
2.105326705870309922e+02
2.095690174432871231e+02
2.076940104040733388e+02
2.093656651588333943e+02
2.074402406256362212e+02
2.063763501117901171e+02
2.029058086524266855e+02
2.036837487092420247e+02
2.026114687256781224e+02
2.030855146386257957e+02
2.025882776778616119e+02
2.053775254340814058e+02
2.049750656936616622e+02
2.040734889182845677e+02
2.040632009716600805e+02
2.066226252472965257e+02
2.058563303912758329e+02
2.098738894351724582e+02
2.112452606475295340e+02
2.106849178492969088e+02
2.083167340855375471e+02
2.081462994236225370e+02
1.997682179291684577e+02
2.012561725795542316e+02
1.983929945922508580e+02
1.997273123286734346e+02
1.969793474825715407e+02
1.963728523760169367e+02
1.973298882270360366e+02
1.973478667084827975e+02
1.961094623209853012e+02
1.980125638136917132e+02
1.978793322566009465e+02
1.974713482602863621e+02
1.943374971414170034e+02
1.963164725934926764e+02
1.949326583607808914e+02
1.981968518285467553e+02
1.947142464607833006e+02
1.961841055956305411e+02
1.969235837448163977e+02
1.983263032421212984e+02
1.955330499802446127e+02
1.926287738415618094e+02
1.863741780109571380e+02
1.860981735958035017e+02
1.848535767004069328e+02
1.862007346563159444e+02
1.853181921189332115e+02
1.848378166137851508e+02
1.800369522402950224e+02
1.825205720565424485e+02
1.780931424235515692e+02
1.814337611520882945e+02
1.782540102651246627e+02
1.798511323165612055e+02
1.769190824235338084e+02
1.771793651116741728e+02
1.767812815743096735e+02
1.739539866127033463e+02
1.751765074553646855e+02
1.732862279936020400e+02
1.725251878709922266e+02
1.743614895252455881e+02
1.729386969055226757e+02
1.739650239104492755e+02
1.741260739932633328e+02
1.766100455974052181e+02
1.777816086058530800e+02
1.776684211295754778e+02
1.786230953287015666e+02
1.792957471431936085e+02
1.789863368615855563e+02
1.808508660902871554e+02
1.769234301814309163e+02
1.779648304968629589e+02
1.774950569760898986e+02
1.803351563838153879e+02
1.782613694481177333e+02
1.822394515705986464e+02
1.807737206524369640e+02
1.829389478490445242e+02
1.820093909815861934e+02
1.834434745104850037e+02
1.826084977452813405e+02
1.841773117790122001e+02
1.818131867183803934e+02
1.830351169617354685e+02
1.833623038096450273e+02
1.823432090205805309e+02
1.810185262935670210e+02
1.818189978456026381e+02
1.769287177990296414e+02
1.798763048311351440e+02
1.805306058874054997e+02
1.797985544202017536e+02
1.829421246337642799e+02
1.827740476817217825e+02
1.826234900972268349e+02
1.845471746422354045e+02
1.844742347117758641e+02
1.880854118592079658e+02
1.865462163851923094e+02
1.884970740771186968e+02
1.850492045439614230e+02
1.863505257543753260e+02
1.841230150400057823e+02
1.859163394361602002e+02
1.877528167199994016e+02
1.894297660372014036e+02
1.906968510823281520e+02
1.922712113981342554e+02
1.923935441113615923e+02
1.930001589433399829e+02
1.924746832307505144e+02
1.931937926676589257e+02
1.933184171404992640e+02
1.945327108270392671e+02
1.937678356605320005e+02
1.959292882662838622e+02
1.980522704748004230e+02
1.945270434004133904e+02
1.921190359021244376e+02
1.931434008722392832e+02
1.922496551525511279e+02
1.925186303305840170e+02
1.949224842003244760e+02
1.959552875149749980e+02
1.978241224989245666e+02
2.012380059180616172e+02
1.975436183045175937e+02
2.006303406068050776e+02
1.968327786509853468e+02
1.988938749771446339e+02
1.985017430086435013e+02
1.999267296252193091e+02
1.945514893347009888e+02
1.968387621052453653e+02
1.959655474578993619e+02
1.952277473862965849e+02
1.947969547205283618e+02
1.957527038978121823e+02
1.958171896760719335e+02
1.952101463628315230e+02
1.965424283246027812e+02
1.988861397595080405e+02
1.952008417211803817e+02
1.971930590062498538e+02
1.925988998756473052e+02
1.948995842351073975e+02
1.960860559966624805e+02
1.975772556462116825e+02
1.960439250255085710e+02
1.968117408477077390e+02
1.946317835707735924e+02
1.967314080686391264e+02
1.979783292415644951e+02
2.005892181337446232e+02
1.972183699630161584e+02
1.989279897119768066e+02
1.994579919393678153e+02
2.005023010742365273e+02
2.032471133310760933e+02
2.062571450959986521e+02
2.040874842851439439e+02
2.078904571414121278e+02
2.069539564839485024e+02
2.095878350663514311e+02
2.116572169301091719e+02
2.110092744329672598e+02
2.100597404076059718e+02
2.130089934361617168e+02
2.156220188859836071e+02
2.195859158546131482e+02
2.211990830983277192e+02
2.242837045678279821e+02
2.233650113439322240e+02
2.249294954570763707e+02
2.197656719283225470e+02
2.242520782860292456e+02
2.215236534478966917e+02
2.216720330686551392e+02
2.225778859333418609e+02
2.277113126469398310e+02
2.245233621714546359e+02
2.279753123526364789e+02
2.220353181337193007e+02
2.210172799339056553e+02
2.179869376314065050e+02
2.183763109504438376e+02
2.209509184472846641e+02
2.229127644681614697e+02
2.220777743410138214e+02
2.223308381040175163e+02
2.198704401769477670e+02
2.210460303410222025e+02
2.154747441655699731e+02
2.177437483245925876e+02
2.179822133452493347e+02
2.163819970746350236e+02
2.119033310670055243e+02
2.141577661318260652e+02
2.086762722386295366e+02
2.029391968607142474e+02
1.956802032285051212e+02
1.996589683396717874e+02
1.968261883071328100e+02
2.012353150153554395e+02
2.005708605748362743e+02
2.024396889123601682e+02
1.976303239317527982e+02
1.983723492548368199e+02
1.977658927097544677e+02
2.011760696518776967e+02
2.013515641640994716e+02
2.039745376954057861e+02
2.053186002854650951e+02
2.071432779047275119e+02
2.088718070631128683e+02
2.104872444536090086e+02
2.033392871720159008e+02
2.028095002044275930e+02
1.981034528918266346e+02
2.017001002648735835e+02
1.999116478866313855e+02
2.031855961132716004e+02
2.011038422574158915e+02
2.027375110293034481e+02
2.013817143905280318e+02
2.056259789136582583e+02
2.045046632147807486e+02
2.054330290900367970e+02
2.059466180537617674e+02
2.092315100293991463e+02
2.059833401971282001e+02
2.098220797685330012e+02
2.082289109356535164e+02
2.104400713856626624e+02
2.119424062635320354e+02
2.121001369342464500e+02
2.149363792483876807e+02
2.141398903151614945e+02
2.098352688111379507e+02
2.110804789141448055e+02
2.116877823998266592e+02
2.131390237323183783e+02
2.084259931357702271e+02
2.130268980887674957e+02
2.124018973678937243e+02
2.169038757691438093e+02
2.153306259889999410e+02
2.167827749720863721e+02
2.152426325434943237e+02
2.177872962956448930e+02
2.174402852839298816e+02
2.187965186611657487e+02
2.217968284024845786e+02
2.204266152873959470e+02
2.195812849747916005e+02
2.179070583212240990e+02
2.151966956395864656e+02
2.169757346933843394e+02
2.187578596507867701e+02
2.217886907150886771e+02
2.188083010493886036e+02
2.187467724464491425e+02
2.161690386434401319e+02
2.167894893438843837e+02
2.160501704774972609e+02
2.169415878221482785e+02
2.155709823315843892e+02
2.146122609655230065e+02
2.144838369816149566e+02
2.165674929156801340e+02
2.149816273068267094e+02
2.122462925537748788e+02
2.142949934155099356e+02
2.153766523108737942e+02
2.121296142110881817e+02
2.151237605349985529e+02
2.084811427879030532e+02
2.078960120661329256e+02
2.095279419261497367e+02
2.075263673882535045e+02
2.064288762960660506e+02
2.061167017005079458e+02
2.000173223916025051e+02
2.021369039086827684e+02
2.051679772489373477e+02
2.075228475581258181e+02
2.074207156687000975e+02
2.054299302407336540e+02
2.031308041672119771e+02
2.028212689653710470e+02
2.012560303428404325e+02
1.993878342698010897e+02
2.022929090371260372e+02
2.064511898755822301e+02
2.042551789470202266e+02
2.040755565763197978e+02
2.041882876227682857e+02
2.069064071156399507e+02
2.062475324519346884e+02
2.066634728919690076e+02
2.062761882356588785e+02
2.076378464595446474e+02
2.003411785742169968e+02
2.027038815762203399e+02
1.979434786688092629e+02
2.013801410501672251e+02
2.043301774212932287e+02
2.046493210484557892e+02
2.043849544632873574e+02
2.083423192786330276e+02
2.049898937263795631e+02
2.076749867266849776e+02
2.074847649762552919e+02
2.037833579641450399e+02
1.989480489244662067e+02
2.029657885543740861e+02
2.027446789868825761e+02
2.024610207374766446e+02
2.012644129155334269e+02
2.047522818877940267e+02
2.071203080526536269e+02
2.088141000592042360e+02
2.115462707706157062e+02
2.074143233288129409e+02
2.090802214770232297e+02
2.114016956607643465e+02
2.061098526917934919e+02
2.064851515789631264e+02
2.027402291986046237e+02
2.036443819185595885e+02
1.995104433368022399e+02
2.032142997199543970e+02
1.993761911050283686e+02
