1.360573088682404119e+01
2.176914312767901194e+01
3.206234931435025715e+01
4.733641658451649903e+01
6.302626491265918673e+01
8.102039367003632719e+01
1.082781843712666046e+02
1.308760576935723066e+02
1.534635257726289979e+02
1.663639587468338732e+02
1.799880708847293818e+02
1.899444900968327659e+02
1.981535384658962471e+02
2.008671782517694453e+02
2.036595436257813958e+02
2.057829631589618202e+02
2.064930465012001264e+02
2.073886245172860470e+02
2.080361445664605355e+02
2.086783707474054665e+02
2.093380511110203201e+02
2.097926986635705475e+02
2.108602510766862110e+02
2.117214247146731907e+02
2.135238780688222562e+02
2.158900820565066283e+02
2.195353582765514204e+02
2.254945809369720280e+02
2.366374220706599942e+02
2.502191734939478920e+02
2.661638092028923097e+02
2.835014933283722485e+02
3.033165176029365284e+02
3.203894870103576977e+02
3.353725216198366184e+02
3.514680033003112385e+02
3.571257141611144448e+02
3.706684995022166618e+02
3.762339537137287948e+02
3.814267539571815178e+02
3.910628207246003285e+02
3.985779907487878404e+02
4.042790359527087389e+02
4.202027481042073305e+02
4.343772441946127287e+02
4.489485127530882096e+02
4.682300833050675806e+02
4.898067401760382040e+02
5.092763188665657026e+02
5.274002216892512251e+02
5.425154158139135916e+02
5.616132363779269099e+02
5.712548970161649322e+02
5.786042675659222141e+02
5.865374869820525419e+02
5.951604160849909704e+02
6.047361225370754028e+02
6.069301815712583448e+02
6.147365579098709532e+02
6.204439616602355727e+02
6.312954784574130827e+02
6.357258348418753258e+02
6.541067822419569211e+02
6.711857001632396305e+02
6.940377384172504662e+02
7.104955946271007861e+02
7.203791187535705376e+02
7.314419575643570397e+02
7.503790111170480941e+02
7.713962393649348996e+02
7.834883781056088310e+02
7.945401586254728272e+02
8.067382429875376602e+02
8.184276886552428323e+02
8.298807233011546032e+02
8.151093468015358212e+02
8.191347137447987734e+02
8.183611001852626714e+02
8.212558631617893070e+02
8.212176377318378400e+02
8.199404315393716161e+02
8.212090792651621314e+02
8.236863825281214986e+02
8.260943941066212801e+02
8.286561104491541982e+02
8.300345900014450535e+02
8.404526518282566485e+02
8.395508244875544506e+02
8.520918909910050161e+02
8.652488937584588484e+02
8.711843041950177167e+02
8.794823207895028645e+02
8.868275218047914450e+02
8.992592110866750090e+02
9.091033847460955712e+02
9.227562402710829019e+02
9.381945900557475397e+02
9.423956055867587338e+02
9.561865651474112155e+02
9.770384321494767619e+02
1.009845802840679198e+03
1.028477352338297123e+03
1.042497987844709769e+03
1.055685970530546001e+03
1.055609467490824500e+03
1.073613711821621564e+03
1.090111937142411989e+03
1.108978431946474984e+03
1.124594233925469553e+03
1.171105854137100096e+03
1.193864905052855420e+03
1.228827170210699023e+03
1.247541643670506119e+03
1.260834633595657124e+03
1.266009848808268316e+03
1.292653111973115529e+03
1.318801523168742960e+03
1.334168665983429719e+03
1.313036704236703144e+03
1.314293849393416849e+03
1.335683236781033429e+03
1.389302454540405961e+03
1.410097889389627426e+03
1.438512167779510264e+03
1.474225482494504604e+03
1.507247154112808857e+03
1.518654340300452304e+03
1.535977160442257627e+03
1.566116171716819508e+03
1.595887307206233345e+03
1.602268183511749385e+03
1.621150074884361857e+03
1.593137797440503391e+03
1.615742669801112470e+03
1.607506154043239121e+03
1.621523695151889342e+03
1.615650541330445549e+03
1.634386259764489068e+03
1.646407428097830916e+03
1.658544178191036281e+03
1.653757495868283513e+03
1.663250623901639301e+03
1.700112787783921476e+03
1.697928473672902101e+03
1.633072957418063879e+03
1.631098549010812121e+03
1.610378120591991092e+03
1.638401852867177467e+03
1.626823416523625156e+03
1.643842709072715024e+03
1.602140504132659316e+03
1.590043690001541108e+03
1.570824199746514978e+03
1.538952733193805216e+03
1.493952646311381613e+03
1.487400783324624626e+03
1.499949363934146049e+03
1.530227651021816428e+03
1.470046425092377831e+03
1.456971111035786407e+03
1.458570398385606040e+03
1.423725769905492598e+03
1.425304762254531852e+03
1.436092381073058277e+03
1.465110917880565694e+03
1.454373602137530042e+03
1.480039098062527728e+03
1.526892683346866079e+03
1.489356295067177825e+03
1.451875998686161211e+03
1.449243778129058455e+03
1.455907546185505453e+03
1.467739232009335183e+03
1.514188798872862890e+03
1.526352620005201516e+03
1.531197608134289567e+03
1.528425518302741466e+03
1.501799941701483931e+03
1.535090500686987980e+03
1.551846434948005253e+03
1.569408274097384947e+03
1.588105480220593108e+03
1.614152252499513907e+03
1.588915210168947851e+03
1.580918231131749053e+03
1.564578906416907785e+03
1.512450808808815964e+03
1.506234468162327630e+03
1.520686592475421776e+03
1.546229524015072684e+03
1.578420068816911908e+03
1.563340760703232036e+03
1.565823214457862150e+03
1.576615763899895001e+03
1.586948627608520383e+03
1.606476978416276779e+03
1.616984247315169569e+03
1.632820101642836789e+03
1.661140725723261085e+03
1.689887813537164220e+03
1.672344504502765403e+03
1.703628308209985335e+03
1.681800207813455700e+03
1.626882939588604813e+03
1.610245328961956830e+03
1.640014245150492570e+03
1.638323577126739565e+03
1.618627037370273001e+03
1.614105709512950170e+03
1.609087865562751176e+03
1.579629845991770026e+03
1.580362487920195917e+03
1.588329064476635494e+03
1.596237073035689264e+03
1.617952989713189936e+03
1.607763278229070920e+03
1.637699392114930333e+03
1.621604592193636563e+03
1.615625894172457720e+03
1.613072730358325316e+03
1.567378816042290509e+03
1.561317036352671948e+03
1.573777139943974817e+03
1.592224771784576660e+03
1.626520950712053946e+03
1.646140702252854226e+03
1.645908398475057311e+03
1.665197755950928922e+03
1.658362956152247762e+03
1.690106274219724583e+03
1.711600337723849407e+03
1.732482351932640313e+03
1.707124344097388303e+03
1.712421548632558597e+03
1.752847897200213538e+03
1.726889859454932093e+03
1.683615255222182213e+03
1.662175119550725185e+03
1.666516918000374972e+03
1.669656489814911311e+03
1.684297021196166270e+03
1.671921804555085828e+03
1.662011590134364951e+03
1.664935229877737356e+03
1.645081991178670705e+03
1.625798477087792890e+03
1.625783226243246645e+03
1.626317103261935017e+03
1.635847332734702150e+03
1.612063687406649024e+03
1.598040153548357466e+03
1.574539753989776045e+03
1.608606223178998562e+03
1.603583116913611775e+03
1.596656874587862148e+03
1.583250020581946956e+03
1.586200113937365131e+03
1.628054521440167719e+03
1.627551898186399285e+03
1.612393908242335556e+03
1.641227521835092148e+03
1.620018353818987407e+03
1.649647081386048285e+03
1.654681054415276776e+03
1.687814736189370478e+03
1.679965399380727604e+03
1.670974902522771345e+03
1.697106008734030411e+03
1.697826753083670383e+03
1.723914667529696544e+03
1.756070615553860307e+03
1.742981853776664366e+03
1.762601832313225941e+03
1.738224539747561266e+03
1.774993429013813966e+03
1.758290894956522607e+03
1.767587285950560272e+03
1.767670971343466363e+03
1.778479024246187464e+03
1.748868705014674333e+03
1.719464562459167837e+03
1.696124037283676671e+03
1.688585275791920139e+03
1.648695825715436968e+03
1.636554848269148806e+03
1.603528645096340824e+03
1.600317951850702457e+03
1.582674464355107830e+03
1.586170829195927354e+03
1.571772279243087951e+03
1.527814466978411701e+03
1.531145351890349502e+03
1.529126775333677415e+03
1.558664878189111732e+03
1.545219162629336097e+03
1.544258041428582146e+03
1.545646750017048817e+03
1.536885562484494358e+03
1.552541399339831287e+03
1.541445602213703978e+03
1.554877218178293560e+03
1.564961073739056928e+03
1.584864114624836702e+03
1.598461067189090272e+03
1.598107439893356059e+03
1.580636424693931986e+03
1.589857001608000928e+03
1.587650623386504549e+03
1.614421606327149448e+03
1.612964889910680085e+03
1.594838792015369791e+03
1.637206931187815599e+03
1.651585296168884042e+03
1.655012539084285436e+03
1.678268459931577581e+03
1.678690788339949222e+03
1.680303023746666668e+03
1.652626798229061251e+03
1.678372766433180686e+03
1.669683108923984037e+03
1.682462856396510006e+03
1.672054807100317021e+03
1.675187229172574689e+03
1.662207094255084257e+03
1.687369380094057078e+03
1.665216471713635656e+03
1.678542075095059090e+03
1.712254087854670388e+03
1.702116552707913115e+03
1.707350775245097566e+03
1.694744634110342531e+03
1.691719454431585291e+03
1.686962063888855710e+03
1.682257373401374025e+03
1.655995165037655397e+03
1.643542738049001173e+03
1.619769251673108329e+03
1.632736900855886688e+03
1.654908362544433885e+03
1.646398718467041363e+03
1.644578835741271632e+03
1.657659028917676096e+03
1.668633437763451411e+03
1.655281386011957693e+03
1.675960439409135233e+03
1.691142379994057592e+03
1.687183640606330300e+03
1.703615896808912112e+03
1.700222458848141287e+03
1.734544702080859679e+03
1.739644230465858527e+03
1.718518380713692750e+03
1.724134467187320979e+03
1.766781164590221124e+03
1.770296413078900741e+03
1.810631475677100525e+03
1.807131238763245847e+03
1.790264010719527732e+03
1.784281104196659953e+03
1.786059662055700983e+03
1.752997521151306501e+03
1.760782024125688167e+03
1.741526349008696343e+03
1.729069284228586184e+03
1.696059865160228583e+03
1.721865771288538781e+03
1.679531901876872098e+03
1.670584029253094286e+03
1.665542369968924504e+03
1.674226801272999182e+03
1.624842879656837795e+03
1.615757296951504941e+03
1.635894269789970167e+03
1.636422443716522821e+03
1.648729481126635847e+03
1.656386480859258427e+03
1.649333311629162154e+03
1.660486804563040778e+03
1.671421285837298683e+03
1.685315628433440679e+03
1.738897897310467442e+03
1.752997674712773232e+03
1.795174368059816516e+03
1.832096459278204975e+03
1.832867036827921083e+03
1.821675389737513342e+03
1.863677401764303795e+03
1.904115644070651570e+03
1.928305966627195858e+03
1.954666225871275628e+03
1.972444021021311301e+03
1.980672831562461852e+03
1.997566611973671797e+03
1.995905515311514364e+03
2.031235057549821704e+03
2.053057077156236574e+03
2.063493488334648191e+03
2.098914692487822322e+03
2.115834572821147958e+03
2.106017117904056704e+03
2.125619343568247587e+03
2.185836027568456757e+03
2.181734742279047623e+03
2.176064009992426236e+03
2.196261554608943243e+03
2.193136745189278827e+03
2.195759408483595962e+03
2.181152011306311579e+03
2.173294313770929875e+03
2.208387697245645995e+03
2.207465066984229452e+03
2.230613005572734892e+03
2.252853208243262088e+03
2.285322195245835701e+03
2.324680842588977612e+03
2.319739187784684873e+03
2.313676654124069046e+03
2.321280283121541288e+03
2.350157981765600653e+03
2.326678942050104524e+03
2.369336926428883089e+03
2.390820282310074163e+03
2.412366691259406707e+03
2.418852644179211438e+03
2.369885870947602598e+03
2.369691951392135707e+03
2.392485721061346339e+03
2.375661736381525770e+03
2.380483535141584980e+03
2.399429186783037494e+03
2.399771529285597808e+03
2.334267214317547769e+03
2.337030069455367084e+03
2.281926664825826720e+03
2.282783816983041561e+03
2.299750527611896359e+03
2.303140635771334473e+03
2.242909937044156322e+03
2.199541266318305134e+03
2.179868364363144337e+03
2.159301611530805985e+03
2.107168170071971417e+03
2.088793070943978819e+03
2.069284932401551032e+03
2.009358331193257072e+03
1.975177964904249166e+03
1.945150496596573475e+03
1.928844892518052347e+03
1.924298080818545714e+03
1.922797066604382735e+03
1.944567337706877424e+03
1.903991812357647859e+03
1.893134555579327071e+03
1.936305130123700565e+03
1.921588869190618652e+03
1.920139694924277819e+03
1.940732402552967642e+03
1.955519102199525150e+03
1.965664746857457203e+03
2.005006480910099981e+03
2.011149154165924074e+03
1.997231151430767568e+03
2.028191838295959087e+03
2.051075233538771045e+03
2.059662030343295555e+03
2.085765762920546877e+03
2.077781415524707427e+03
2.065391011585572414e+03
2.067982758282728810e+03
2.108603355453114091e+03
2.100018741115503417e+03
2.138741506815714274e+03
2.151880000486461540e+03
2.164867770165332786e+03
2.176770874578001894e+03
2.193433390238001721e+03
2.207341873877581747e+03
2.215291674115195747e+03
2.214482580376035457e+03
2.242906774593530372e+03
2.279258538616279111e+03
2.297836086095271639e+03
2.250607996039118007e+03
2.202427960089352382e+03
2.165183975335030482e+03
2.141898296785862385e+03
2.137471462082839935e+03
2.134178503764174366e+03
2.113096461759081649e+03
2.081870018970377714e+03
2.072757990913979484e+03
2.056957275069153184e+03
2.022780664406187498e+03
2.012547542823756885e+03
2.004011611847661925e+03
2.001611698789707134e+03
1.994730164864409062e+03
1.978402477225233952e+03
1.949479531556765096e+03
1.944648259730955942e+03
1.954047670816007212e+03
1.988015820337922833e+03
2.007565091911167656e+03
1.990442588169102692e+03
1.989980874005148735e+03
1.995150054014208536e+03
1.982112489457209904e+03
1.967299812699105132e+03
1.971006050230617348e+03
1.978382817566352514e+03
2.016730284416068571e+03
2.047695423278487624e+03
2.038394582424460623e+03
2.034455854418741865e+03
2.043779959144384748e+03
2.062923671973565433e+03
2.090565133667420014e+03
2.089613837341230919e+03
2.095046615484920494e+03
2.117835317566177764e+03
2.126278798165269109e+03
2.157437442533952890e+03
2.163840545697274592e+03
2.212508331679872299e+03
2.241631814771451445e+03
2.214472998531349731e+03
2.199169424880953557e+03
2.175109343997330143e+03
2.098621568892067444e+03
2.031607914606272743e+03
2.063066078397685942e+03
2.087267877230677641e+03
2.062601054466769710e+03
2.081445267534009417e+03
2.096846861064177119e+03
2.121271043351359367e+03
2.116101078811506341e+03
2.134250972861330865e+03
2.140010102820049269e+03
2.129725662206396464e+03
2.140996341794605996e+03
2.182008594579624969e+03
2.203193778758457483e+03
2.186787058713748138e+03
2.154411047326824246e+03
2.157833583903303861e+03
2.158232419562142695e+03
2.142123183039779178e+03
2.107486661870165335e+03
2.071561953017153883e+03
2.053646687194425795e+03
2.058792374948277484e+03
2.066238241401210871e+03
2.081687158054134215e+03
2.127552722199701293e+03
2.168772556307635568e+03
2.195875656654837712e+03
2.199122329088841980e+03
2.238487960995218600e+03
2.258600556592940848e+03
2.215886348778103184e+03
2.241101778917876800e+03
2.252057258650123003e+03
2.281999938833323085e+03
2.291879439508899395e+03
2.315552707786077917e+03
2.296325962901596085e+03
2.308539852747814621e+03
2.322713333415819307e+03
2.317986656816273353e+03
2.318686160069398738e+03
2.325667686063690780e+03
2.308756297280962372e+03
2.277447639661485027e+03
2.278513557214719640e+03
2.305132172292665473e+03
2.311542398249117923e+03
2.343780306299928725e+03
2.330019861707502969e+03
2.365544300495344487e+03
2.385653445741685118e+03
2.395692656010950486e+03
2.407057963848286363e+03
2.402254843761542816e+03
2.418166417444575472e+03
2.450802220722732272e+03
2.456835920479530159e+03
2.433288629947789104e+03
2.439927892232474733e+03
2.435825200013926860e+03
2.425368716186574602e+03
2.436930028679273164e+03
2.431013568710598975e+03
2.409198183239294394e+03
2.413602011143583695e+03
2.432093643018159582e+03
2.415554363816715977e+03
2.398816672148245289e+03
2.383344590333131691e+03
2.363194077896586805e+03
2.359512578337102241e+03
2.366952648566981679e+03
2.394136788444483045e+03
2.366221156949612578e+03
2.385032359465773879e+03
2.389722105610762810e+03
2.360251336211095804e+03
2.346241854506685740e+03
2.324488974120796684e+03
2.326562132477306477e+03
2.377501884648414944e+03
2.332087186970000403e+03
2.287767630121710681e+03
2.259694126896198668e+03
2.257890335484642947e+03
2.283065429979676992e+03
2.269791000130268912e+03
2.258884953123482319e+03
2.294754888005825705e+03
2.249542587575558173e+03
2.258578559354270055e+03
2.256345418475838869e+03
2.239654337154373479e+03
2.167494641582279201e+03
2.185546222423030486e+03
2.168270093152843401e+03
2.134750267216859356e+03
2.155366172785229537e+03
2.151512180794186861e+03
2.124496045541109197e+03
2.144329397715799587e+03
2.127132635162749011e+03
2.094592209956836086e+03
2.094140738996595701e+03
2.096176477198184784e+03
2.113201077247884768e+03
2.096475464329454098e+03
2.072827262013654490e+03
2.088606568511047499e+03
2.117525194855396876e+03
2.116955765803138092e+03
2.127146029916257703e+03
2.098944978929318040e+03
2.062286343505501918e+03
2.069989051012971231e+03
2.047118764239460916e+03
2.069000077649685409e+03
2.078197400528893922e+03
2.051641233234019182e+03
2.036132133104517607e+03
2.009636917213221977e+03
2.022883890190396869e+03
2.022459586823549216e+03
2.024783621011377818e+03
2.044509377564578926e+03
2.088823599193005975e+03
2.083011305268676551e+03
2.084183904469854497e+03
2.122822125867832710e+03
2.111076683694779149e+03
2.109793982458235405e+03
2.112428274706737284e+03
2.113962940884560339e+03
2.111999847826059067e+03
2.125332813040380643e+03
2.124911221073846718e+03
2.121158950580154851e+03
2.129930647977089848e+03
2.130087470679904072e+03
2.147811822911086892e+03
2.159227408822416692e+03
2.167087522841940427e+03
2.161918518897629838e+03
2.143886187359867563e+03
2.159161253519347156e+03
2.151775686047542422e+03
2.179949078713023482e+03
2.186218575181489996e+03
2.206329170003187755e+03
2.241426852261502063e+03
2.250258887577241694e+03
2.268661640617821831e+03
2.299597593985932690e+03
2.282005826871356476e+03
2.319425636652784306e+03
2.289235916932190776e+03
2.259888162720967557e+03
2.301946469682985480e+03
2.315951873213219642e+03
2.311706083585565011e+03
2.305254314677107232e+03
2.320689512137918882e+03
2.351878488239106900e+03
2.337776120029652702e+03
2.313027178772734260e+03
2.324299866266478148e+03
2.341624559220350875e+03
2.360193036315673908e+03
2.383680912577290655e+03
2.367924088403389760e+03
2.325743245138898146e+03
2.356484077755953876e+03
2.369783231621720006e+03
2.391100273942834065e+03
2.412913079879104771e+03
2.412792960867064721e+03
2.425777700526864919e+03
2.422915766676799194e+03
2.398698931816585628e+03
2.392656120282647862e+03
2.350875284230062789e+03
2.372792899467940515e+03
2.354798515740671064e+03
2.345522349016830958e+03
2.347542631022196474e+03
2.374046110317598959e+03
2.349708414410531532e+03
2.346219828758240965e+03
2.342536299600873008e+03
2.303585634405155815e+03
2.307407133938148490e+03
2.320422174241724861e+03
2.316006114886439264e+03
2.328799956792390276e+03
2.336381755461118701e+03
2.337020136968679253e+03
2.347114881762616733e+03
2.340868476371993438e+03
2.351526455154203177e+03
2.357280939572131501e+03
2.354461299383959158e+03
2.384783422665229864e+03
2.396011005355049747e+03
2.399351275511155563e+03
2.402762918496229304e+03
2.381403540363569846e+03
2.361048931886904484e+03
2.352607605339144811e+03
2.381292238950804858e+03
2.361984030815330243e+03
2.373562872635568056e+03
2.410375097506008387e+03
2.424287566979926851e+03
2.422058668528476574e+03
2.420054765746855992e+03
2.411528511271605566e+03
2.383899027285948250e+03
2.384613927153137411e+03
2.370449439482584694e+03
2.394422360032942834e+03
2.383538254984270679e+03
2.397190816570479001e+03
2.397460317528035830e+03
2.384881860112993309e+03
2.397393864457456402e+03
2.429046867216388819e+03
2.407733330229423700e+03
2.398519616252093329e+03
2.414058261093033252e+03
2.401443615442878126e+03
2.375046887979167423e+03
2.353378370468418780e+03
2.350392440330849695e+03
2.351520747554533955e+03
2.313891241973199158e+03
2.258073014808217522e+03
2.211380944304792138e+03
2.156909162401587309e+03
2.191382299504547063e+03
2.231140193733976503e+03
2.225791335687491937e+03
2.192041442296564128e+03
2.174303773629143507e+03
2.167145920462271533e+03
2.146383677558030740e+03
2.165150849199053937e+03
2.170695143736915725e+03
2.168431762988951505e+03
2.151060475885505639e+03
2.107015212719250030e+03
2.105116311263069292e+03
2.086944068085901563e+03
2.070913339598638686e+03
2.060002769110428744e+03
2.026941670175517174e+03
2.019238181075441162e+03
1.988194949487776967e+03
1.972661411228730231e+03
2.008678454991862736e+03
2.021970652572307699e+03
2.030391906495019157e+03
2.035354488758918023e+03
2.096038856691988258e+03
2.130616313326427189e+03
2.177282166827728815e+03
2.216540709948804761e+03
2.250618912781868858e+03
2.237515778715577198e+03
2.199143929741105694e+03
2.235907014291911764e+03
2.239328910449650266e+03
2.247823400862522703e+03
2.275103024698591071e+03
2.307308009161053178e+03
2.339782458240166761e+03
2.318856410474268614e+03
2.295205265996756680e+03
2.365348678467662012e+03
2.357215359656079727e+03
2.368295979317075307e+03
2.380921690987715920e+03
2.418694371000233332e+03
2.445390279280796676e+03
2.480978982188813461e+03
2.507437070266858882e+03
2.496592051567461567e+03
2.535172140740574378e+03
2.573448018832174512e+03
2.579525784682274207e+03
2.568609379700907084e+03
2.583348073249273511e+03
2.574934867630738154e+03
2.561467480725817950e+03
2.547607113799265335e+03
2.576640516058016146e+03
2.594727436190020398e+03
2.596025567359085926e+03
2.607680885175759158e+03
2.605661582835587524e+03
2.616629010257710888e+03
2.625607811050686450e+03
2.628580353215115792e+03
2.618387069875998804e+03
2.641251526161471247e+03
2.639348119800719360e+03
2.622461637439193510e+03
2.623932137130283536e+03
2.624872040083503180e+03
2.613377671912096048e+03
2.607032457725582390e+03
2.616531756595152729e+03
2.669231683509079630e+03
2.640497647112892537e+03
2.649266542093171665e+03
2.632103628375346489e+03
2.639044594978098303e+03
2.652960443342822145e+03
2.617659719908006991e+03
2.612562634994560995e+03
2.636044884454903695e+03
2.639424970066640981e+03
2.629927143935949061e+03
2.648740536172030261e+03
2.649385616051866691e+03
2.665908451827000135e+03
2.679951327487054641e+03
2.709630372710920255e+03
2.741448901741390728e+03
2.733117342653636570e+03
2.743566602014497221e+03
2.745733922691517364e+03
2.730729409942800885e+03
2.744902507464374139e+03
2.774425584406803864e+03
2.760653743409653089e+03
2.736572917294899980e+03
2.719948237090262865e+03
2.723690188706098525e+03
2.732173144604285426e+03
2.740176891859704483e+03
2.749507640329740752e+03
2.760947783333990174e+03
2.768988204714779386e+03
2.791289683749666438e+03
2.807266850939426149e+03
2.810076323881547069e+03
2.822216438142934294e+03
2.812129329510066327e+03
2.801484882466526415e+03
2.819574613762943954e+03
2.831274029319868987e+03
2.861398683333342888e+03
2.845365118460420490e+03
2.797255302067718731e+03
2.810691183762577566e+03
2.818568118816528568e+03
2.807938469419808371e+03
2.787975424073792965e+03
2.778046034575762860e+03
2.779574481120656856e+03
2.777965040887627765e+03
2.732316385506224378e+03
2.698805629067900554e+03
2.711301988633138080e+03
2.714415379027959261e+03
2.716338530139394152e+03
2.714537130903133857e+03
2.689787021389802703e+03
2.649898492820182128e+03
2.688863808627344952e+03
2.695137109504351884e+03
2.686476381002284597e+03
2.648581965016017875e+03
2.624934363459135511e+03
2.634842060703259904e+03
2.653204044080259791e+03
2.630862148498864826e+03
2.631049877394096256e+03
2.630399982935159187e+03
2.627113016810904355e+03
2.625813086270220083e+03
2.629750431374952313e+03
2.597121521925515481e+03
2.596066788540430935e+03
2.590657006106522203e+03
2.603109612754493355e+03
2.619036169718054680e+03
2.629734105432358774e+03
2.653441090723670641e+03
2.640715087760725964e+03
2.641212033077787055e+03
2.627465654615550193e+03
2.567779082576122164e+03
2.595992540991728674e+03
2.596894422807118190e+03
2.614367343715055540e+03
2.638098245417435919e+03
2.622847986543555635e+03
2.579312194512232963e+03
2.576856212486451113e+03
2.588416165628546878e+03
2.586162205144836207e+03
2.594423469680028120e+03
2.557422451180472308e+03
2.534690633742574846e+03
2.549955395438425512e+03
2.580671224248244016e+03
2.565159772389480622e+03
2.524692120065588369e+03
2.552734951490217099e+03
2.549855152138150515e+03
2.548105550145229699e+03
2.559405702462308000e+03
2.556663087283611731e+03
2.567023232529392772e+03
2.568194477737888064e+03
