1.068212767928178941e+01
1.085537579465937164e+01
1.134271403045978310e+01
1.218805333796372992e+01
1.228004517985204025e+01
1.410930951479730311e+01
1.557595050828002670e+01
1.762216789444202902e+01
1.905958586738791638e+01
2.029231665509473004e+01
2.182672261574035844e+01
2.123751592121859133e+01
2.186810552192264723e+01
2.369643138521375647e+01
2.480948029780979525e+01
2.693088364677251434e+01
2.775242558633561174e+01
2.905779207819237087e+01
2.909328253268239806e+01
2.945294192234172925e+01
2.882132566299490861e+01
2.958454526060923939e+01
3.090026479407934801e+01
3.159902709594590320e+01
3.201445553122663057e+01
3.174763899175024662e+01
3.225286921887729363e+01
3.265783114951798183e+01
3.229256835331285203e+01
3.196912100030415615e+01
3.189189078420000101e+01
3.274100500405720027e+01
3.443793776476504576e+01
3.501015591190569154e+01
3.584586976335858566e+01
3.502585093003089156e+01
3.395305535869084679e+01
3.365201834653242230e+01
3.468933571500999591e+01
3.526363991796451103e+01
3.474706012896065488e+01
3.395852575388641270e+01
3.465360769559131171e+01
3.509908047234630857e+01
3.561684918798132315e+01
3.455498524691211770e+01
3.356661632302389364e+01
3.389203769441237313e+01
3.517517951583519675e+01
3.513966664907311355e+01
3.573392089060256183e+01
3.542363294542462171e+01
3.717486738830729820e+01
3.733964512944965719e+01
3.736722466769706585e+01
3.634903786170487194e+01
3.629842437021807200e+01
3.575320152718222744e+01
3.540381649962140642e+01
3.595151258360696289e+01
3.595330398833082342e+01
3.634699651014386035e+01
3.710767049684867658e+01
3.806220162323307932e+01
3.743999654468397864e+01
3.757941058865623773e+01
3.771245082988669850e+01
3.790876576396171060e+01
3.799992174659531941e+01
3.780413683360316668e+01
3.692028392856109065e+01
3.623589790097348384e+01
3.748914627895722163e+01
3.809500703205323902e+01
4.013008701799680011e+01
4.007554433039533137e+01
4.031736490726972733e+01
4.011259061960363681e+01
3.961676900151980618e+01
3.902024852757228501e+01
3.727061299717797738e+01
3.715326012324052840e+01
3.706826628921933775e+01
3.846379346074746763e+01
3.899795544212466325e+01
3.862306661194477897e+01
3.918327940669622222e+01
3.939931291666317748e+01
4.005860786077867175e+01
3.998133106111805546e+01
3.963859280229011972e+01
3.911403750710574201e+01
3.911745954260334202e+01
3.987922691693155741e+01
4.058689692866441590e+01
4.134356225531821849e+01
4.171497964001270020e+01
4.200742929392809089e+01
4.233279714812938721e+01
4.176597006892974662e+01
4.102265730148519651e+01
4.156903639528139394e+01
4.185594245915802247e+01
4.223302012154179153e+01
4.157354097056050790e+01
4.107440439495407958e+01
3.954116049083836515e+01
3.951271763598443698e+01
3.966967334126903211e+01
4.029361974843586580e+01
4.099489998672671476e+01
4.214723731592442846e+01
4.342861522797826268e+01
4.329175351460204269e+01
4.320317979848731937e+01
4.219796320540704215e+01
4.147104922736291854e+01
4.020988789976598810e+01
4.077560225516091919e+01
4.155434736833461074e+01
4.234434061055850407e+01
4.357500279812133925e+01
4.383018437227585906e+01
4.435595493307771164e+01
4.337880382064548002e+01
4.315451268515516858e+01
4.250848261622591906e+01
4.264082805382074071e+01
4.182382480600201546e+01
4.211518855385839544e+01
4.246476307981426856e+01
4.352689166980789537e+01
4.430730695021637189e+01
4.511976022481065485e+01
4.414612757727352488e+01
4.373801979995037925e+01
4.431022557101465509e+01
4.373379086802017923e+01
4.426690327729046004e+01
4.422160702071197136e+01
4.277077922410558841e+01
4.211368658728120806e+01
4.308505808382456337e+01
4.368558553379065756e+01
4.430331044837235765e+01
4.676830124248558462e+01
4.623581596639221658e+01
4.569642191128782827e+01
4.485088997387008902e+01
4.440612273110892261e+01
4.349944072153967767e+01
4.239085459544288170e+01
4.313776803148714123e+01
4.244177432289880159e+01
4.328258273710628856e+01
4.401398074736972177e+01
4.414002639748657941e+01
4.506106822834333769e+01
4.653551878846009515e+01
4.665310686008211860e+01
4.686236198227116745e+01
4.511082397979484426e+01
4.445578716294922828e+01
4.422382478019191865e+01
4.320955720144278445e+01
4.372588485529136193e+01
4.305918877593690297e+01
4.191857364456391366e+01
4.286127775802177808e+01
4.343803131903894865e+01
4.392192823453367367e+01
4.420901508640500310e+01
4.344742259643307847e+01
4.254679789488152863e+01
4.300283380119198284e+01
4.262152329092543113e+01
4.284017263276213328e+01
4.305160126787802000e+01
4.191749351804168100e+01
4.183323177154638728e+01
4.342094539588225643e+01
4.238077081077773300e+01
4.323140548973561437e+01
4.344824195811001744e+01
4.380361114658079913e+01
4.483779572019969351e+01
4.474962204391353282e+01
4.550702852001651877e+01
4.569276608260490491e+01
4.469246793588679623e+01
4.461624790356598425e+01
4.611928019512708232e+01
4.629728229866089606e+01
4.678264673398544460e+01
4.571523491978494036e+01
4.572748871966293649e+01
4.525744345916707090e+01
4.517002367084857894e+01
4.535993244367163157e+01
4.496112147805214931e+01
4.551105578050636780e+01
4.482406548143421077e+01
4.457274192231331966e+01
4.524209576108790287e+01
4.454407625234688339e+01
4.472516916362021533e+01
4.505082338908248829e+01
4.604066866352552267e+01
4.616524903920923606e+01
4.813802158580456592e+01
4.812582924264398798e+01
4.759911505636890183e+01
4.614115644229757152e+01
4.588082491431890730e+01
4.597831893269002990e+01
4.548106916730726823e+01
4.635603268428160106e+01
4.648484224379591723e+01
4.627409908202278643e+01
4.695399398730334894e+01
4.767167431021317725e+01
4.807639896971227245e+01
4.870420120178321355e+01
4.741549554341555250e+01
4.616226519090161418e+01
4.439014173095441151e+01
4.416912643571007635e+01
4.455313346043553224e+01
4.578338068584340448e+01
4.718776370203202219e+01
4.882101310529635896e+01
4.791438601250423801e+01
4.722856957192202287e+01
4.733733058123772963e+01
4.779439667135546443e+01
4.757009718438287393e+01
4.863074581851091693e+01
4.745034529702791559e+01
4.580308099284402346e+01
4.642500361431705613e+01
4.768254156793747711e+01
4.854326566242986729e+01
4.849362382506343039e+01
4.820913728935485665e+01
4.626940774109119303e+01
4.500283042698720237e+01
4.544498614887572074e+01
4.556538532037319555e+01
4.646513793016243454e+01
4.635107699837862327e+01
4.606443847996565921e+01
4.629202074508774700e+01
4.641105126857366514e+01
4.750922234475364547e+01
4.748985146846951721e+01
4.749464596230115632e+01
4.760267936272147438e+01
4.607677278390109876e+01
4.616742244942079054e+01
4.577950543142097217e+01
4.604285096383192410e+01
4.557254191146839872e+01
4.630781062566812523e+01
4.563709616927550172e+01
4.599007188682653435e+01
4.636810485232373935e+01
4.714560823644683296e+01
4.799517900376044821e+01
4.674539013397481568e+01
4.679368163406353887e+01
4.671852007964980658e+01
4.589930516230284496e+01
4.523296046579849872e+01
4.632856817342756273e+01
4.646392025470780140e+01
4.689268841104730967e+01
4.738873379358272331e+01
4.864053067166934596e+01
4.896625531205040716e+01
4.790518879421246368e+01
4.957994945288768918e+01
4.965391744765571502e+01
4.880295302546389280e+01
4.843954473666589422e+01
4.798872531317658030e+01
4.747947811853767064e+01
4.789634826582378224e+01
4.725088932590130497e+01
4.718672329788218889e+01
4.704639462641303993e+01
4.665017710965227593e+01
4.724055543387215295e+01
4.741386880088089129e+01
4.724056841272041396e+01
4.803585244267502219e+01
4.838573544748075506e+01
4.813437329833154621e+01
4.841492931899625773e+01
4.861752706285356851e+01
4.741527602636686112e+01
4.582507735518097292e+01
4.468611851928308454e+01
4.601027292456073781e+01
4.582205726853655392e+01
4.618548608398848643e+01
4.670698534029980920e+01
4.747189818894065638e+01
4.636920247868338407e+01
4.675841302609816807e+01
4.799382002344813714e+01
4.793087900982839500e+01
4.769049999071775403e+01
4.778444109828468811e+01
4.962289680429632455e+01
4.933827028450328100e+01
4.900716736864929146e+01
4.903801682921600502e+01
4.934330252066352784e+01
4.719643823541842664e+01
4.773642769238283279e+01
4.882323963686109636e+01
4.850078987610755377e+01
4.963910412594279364e+01
5.091411175659563781e+01
5.202133203322834731e+01
5.106396462979953554e+01
4.986070488071994333e+01
4.886551129707566332e+01
4.836719416905147995e+01
4.803216836794204170e+01
4.942765265414769260e+01
4.963901027299203861e+01
4.979906249578127841e+01
5.024418217058538261e+01
5.105837074044747226e+01
5.086242208886425686e+01
5.010774634228813085e+01
4.970793395024669792e+01
4.846807440442041326e+01
4.701934193017095964e+01
4.775942081033437603e+01
4.769512205504501168e+01
4.857483278423335094e+01
4.857676849843814182e+01
4.789449006655033969e+01
4.761921143202539497e+01
4.826221549012965539e+01
4.911374936233814026e+01
4.963531155305015119e+01
4.982373604061351102e+01
5.038013192552266162e+01
4.949664287870107415e+01
4.942608500456150722e+01
4.944249875329767718e+01
5.020551881341833678e+01
4.920946625143355391e+01
5.087536933664532057e+01
5.082081144714891963e+01
5.064605944507638213e+01
5.053853410548909864e+01
5.143876342503394028e+01
5.028223649743579671e+01
4.977113446332830193e+01
4.930951572605415123e+01
4.838762450378442992e+01
4.872540444473589361e+01
4.922150587859033521e+01
4.907290055003304730e+01
5.045683789452458967e+01
4.987000144448879269e+01
4.942905915393858152e+01
5.061441353847067148e+01
5.076736576534583634e+01
4.929593637805066209e+01
5.046489597633409829e+01
5.010004832655756246e+01
5.114737621186097982e+01
5.062512047694538353e+01
5.168177628547908853e+01
5.210188092489177336e+01
5.191890317660521958e+01
5.188473505828321919e+01
5.300678286294923680e+01
5.286485258731360659e+01
5.317052049380962586e+01
5.235119648947404158e+01
5.306107383394194699e+01
5.185525831320380519e+01
5.123410687269046093e+01
5.060686860182627100e+01
5.220065221890722285e+01
5.207313147887833793e+01
5.234263408041042709e+01
5.326818982242742351e+01
5.428893049431258788e+01
5.476724538817813226e+01
5.442260125821007932e+01
5.494973369160945253e+01
5.486533683675295237e+01
5.351243818943705577e+01
5.251163914777674080e+01
5.309026294464323570e+01
5.219049814737017101e+01
5.157825511019134979e+01
5.139850515666449837e+01
5.250629637253951643e+01
5.220193594991942376e+01
5.217365421300383588e+01
5.309648533139640847e+01
5.482114550279548126e+01
5.358753279612484022e+01
5.325483323829448068e+01
5.355219797557566608e+01
5.341298132916632113e+01
5.223647009868668789e+01
5.273994772843168732e+01
5.234402669270557595e+01
5.165171496721865196e+01
5.227989607059627986e+01
5.211306273128198541e+01
5.237768782750959673e+01
5.365570249026816896e+01
5.422148247805473176e+01
5.519582024909509244e+01
5.700513368683621707e+01
5.626633825641645359e+01
5.555702059553524919e+01
5.605167152441168810e+01
5.436958932039679837e+01
5.299549352483378328e+01
5.354584120475422537e+01
5.380447273634010230e+01
5.464648838316286117e+01
5.305822619589717704e+01
5.341134876451675240e+01
5.512873988700157213e+01
5.453356497702361594e+01
5.482173747790066898e+01
5.611210985369100257e+01
5.622526323257368830e+01
5.587772185231629862e+01
5.439728405203155148e+01
5.346189759466979297e+01
5.173399996631980002e+01
5.193636438857259918e+01
5.157558569237099277e+01
5.288276594803524944e+01
5.389929925192873839e+01
5.502264274778010389e+01
5.587235162420643064e+01
5.486149482506206709e+01
5.461084584492725469e+01
5.212059623930322516e+01
5.221909986544561377e+01
5.241459885429684817e+01
5.236072587899197828e+01
5.280052828778418217e+01
5.391246979719957721e+01
5.464507675652248508e+01
5.409447268497486050e+01
5.490396991632733403e+01
5.453288621587659435e+01
5.470737976424833704e+01
5.473226445456111833e+01
5.619420397292519453e+01
5.579392793788206006e+01
5.537477482915929272e+01
5.722641121130124020e+01
5.652191991327932641e+01
5.511458543384226516e+01
5.403900423180637347e+01
5.474130809272281084e+01
5.438528906459989543e+01
5.364700257877180434e+01
5.532348050131492556e+01
5.302599128167169340e+01
5.212876662528307747e+01
5.115605582090231707e+01
5.209973065759825772e+01
5.073517647398556818e+01
5.335018211279517431e+01
5.458670107022493312e+01
5.495708549668254506e+01
5.472133160991958789e+01
5.538096336696462174e+01
5.471252709091598376e+01
5.398431641852153717e+01
5.481822072639439369e+01
5.469264765774748582e+01
5.521034061909394808e+01
5.468475720834821630e+01
5.563988508589096682e+01
5.623743820865806953e+01
5.652118509672653346e+01
5.762273442133184886e+01
5.656966734303397715e+01
5.646757010180448333e+01
5.578853805510516395e+01
5.520702329804048247e+01
5.445113730351935999e+01
5.347656797758881453e+01
5.294598964311204270e+01
5.342907921568266971e+01
5.271885958682810269e+01
5.350085355322919156e+01
5.497303624195631500e+01
5.628204009503463823e+01
5.616937591755449688e+01
5.761801189035162452e+01
5.713448110516553413e+01
5.564172940092408481e+01
5.487080924157614703e+01
5.468247884385976931e+01
5.427989675861672936e+01
5.481287825276436365e+01
5.639727041446398204e+01
5.646356222177799111e+01
5.661494921671132374e+01
5.852035043595063968e+01
5.819648598657227012e+01
5.803817542201674939e+01
5.813199784651610003e+01
5.901358630062178889e+01
5.786710148508026919e+01
5.699828800797182993e+01
5.746528910648441268e+01
5.741111258271825335e+01
5.727721916550385828e+01
5.634463178404830330e+01
5.668692898746926545e+01
5.568213236983871184e+01
5.558610525539064895e+01
5.601756500952953388e+01
5.514502146070503841e+01
5.553673874679306266e+01
5.661291834151197833e+01
5.660170488845631809e+01
5.681616870670080743e+01
5.763735680159513919e+01
5.772141011541813072e+01
5.784221748056492629e+01
5.826185486940004665e+01
5.984625374602441639e+01
5.835439814011213144e+01
5.887494288747114979e+01
5.940551592406311698e+01
5.886805441066705669e+01
5.710779901552889015e+01
5.739001931255870659e+01
5.751911758412069275e+01
5.772725541592532039e+01
5.756383117474663891e+01
5.724649251299557307e+01
5.665225676226451412e+01
5.689105591601357759e+01
5.731808888665777602e+01
5.725255388635095954e+01
5.777575939251460113e+01
5.786030109114963693e+01
5.785064407944791753e+01
5.723050906606918886e+01
5.568560635040974205e+01
5.691632462427127592e+01
5.692750710666255287e+01
5.799677269332580920e+01
5.709277595219164425e+01
5.851852757886155842e+01
5.968590751493810131e+01
5.987575381048657874e+01
6.040452126879148409e+01
6.035217773744050618e+01
6.012524656990174776e+01
5.877701076294426485e+01
5.655412489332243098e+01
5.500361562324788878e+01
5.465646247700085780e+01
5.696849943054501608e+01
5.794806802354108299e+01
6.011061592388938379e+01
6.140581806335227100e+01
6.146398893505588745e+01
6.212180532763679963e+01
5.967387343842847258e+01
5.943237748314233926e+01
5.870042630448278942e+01
5.973034298060835567e+01
5.927349471582449070e+01
6.019543543541623620e+01
6.115859277761573054e+01
6.083716398536433445e+01
6.204145382639637063e+01
6.134795158090079070e+01
6.184782509371966341e+01
6.022108953040602586e+01
5.883474901248353461e+01
5.760494620811792288e+01
5.792090732479696413e+01
5.706402098461133221e+01
5.781348691934210393e+01
5.866265197316062796e+01
5.892911193095343947e+01
5.890982882951288957e+01
6.091506643089502404e+01
6.162239915717849925e+01
6.088844285950209922e+01
6.098960634202386188e+01
6.191236085023356850e+01
6.178934285190026543e+01
6.139751513880469957e+01
6.175744244491554014e+01
6.300247190706383549e+01
6.158063753779057237e+01
6.169905323613518533e+01
6.201141789732164966e+01
6.036645421263694544e+01
6.018246075757304681e+01
6.038076885075972910e+01
6.062745319839380187e+01
6.014730387495549024e+01
6.032605358865242096e+01
6.144043471158494896e+01
5.967057212445870107e+01
6.022277941759170972e+01
5.980114402885990188e+01
6.050173776510712997e+01
6.085913780257192940e+01
5.937910754473814734e+01
6.047273894749555723e+01
6.038273408073207804e+01
5.931404319519720048e+01
5.830841631625808930e+01
6.015838851712179292e+01
6.196760416982854025e+01
6.038506542230584273e+01
6.039365464618449408e+01
6.101909001639266705e+01
6.052543949429284709e+01
5.944025774656652317e+01
5.906914591911429113e+01
5.871550649719944914e+01
5.839965033882003809e+01
5.865933395194445410e+01
6.016814616011915007e+01
6.054202368929524880e+01
6.171526316108656118e+01
6.168400715548530400e+01
6.250412909901154990e+01
6.202661197411656957e+01
6.054253858208220862e+01
6.013817807593045472e+01
5.944624507435391791e+01
5.931497032885258136e+01
6.003992628670961551e+01
6.031106546301322879e+01
6.049018284559985403e+01
6.067126987172959929e+01
6.049383407561352044e+01
6.034028938809160536e+01
6.060332547277725723e+01
6.104784694016822755e+01
6.151695257323461163e+01
6.252301642353132394e+01
6.260681757229017563e+01
6.251786162492521015e+01
6.290597903231656574e+01
6.295991974683342818e+01
6.315566739164374610e+01
6.300163496222587867e+01
6.340439787932271543e+01
6.378055926752806926e+01
6.337049121099004623e+01
6.374663420243902578e+01
6.232837142243209883e+01
6.163029484529842961e+01
6.034450796548621554e+01
5.929386158372157212e+01
5.848178561606948023e+01
5.710007693654000605e+01
5.813074060793440623e+01
5.921279166314290876e+01
6.102323348975131267e+01
6.103759654618914254e+01
6.249004899966760007e+01
6.260745085914117425e+01
6.287202755310571689e+01
6.212972909326978765e+01
6.236398468525013072e+01
6.271192760972098768e+01
6.197510218115512259e+01
6.085007004709748912e+01
6.090309213707044478e+01
6.138295267145612399e+01
5.990444388415389199e+01
6.005118305476100460e+01
5.976628985946648953e+01
5.925071528873311166e+01
5.885303317492736142e+01
5.985112640985118304e+01
6.124127260798855588e+01
6.072012265891358851e+01
6.229370158857369688e+01
6.244186682455552528e+01
6.236041720840157154e+01
6.361683297263137149e+01
6.387917817511922891e+01
6.436467704986735328e+01
6.449852393132229622e+01
6.367272027592218109e+01
6.291106945965950814e+01
6.164816929815934543e+01
6.036934734180320561e+01
6.046199802875132434e+01
6.141127440712608632e+01
6.093854815241395073e+01
6.180438761592757402e+01
6.276767918702660864e+01
6.402555117726703315e+01
6.426085464016622950e+01
6.261896135623226911e+01
6.336588197123241173e+01
6.227028322892556389e+01
6.109288653042370498e+01
6.161913796987148828e+01
6.396838784804522504e+01
6.400501140915906717e+01
6.437058158591739243e+01
6.443938557261122924e+01
6.513072824120339988e+01
6.429156026498199594e+01
6.343578432121439903e+01
6.491279471812538304e+01
6.468867899857340831e+01
6.514782575302353962e+01
6.469600772484653817e+01
6.506081378100297741e+01
6.427125021097904778e+01
6.278803852921623729e+01
6.327645628102554554e+01
6.282122012127915411e+01
6.211046163765217187e+01
6.145316212835243874e+01
6.132571082364565029e+01
6.101473396796848903e+01
6.000561156347702507e+01
6.118468330291973700e+01
6.101259372870758568e+01
6.168931383022351156e+01
6.134715235881257200e+01
6.249748581437214057e+01
6.354242068037258662e+01
6.358734798212685746e+01
6.351279221773685890e+01
6.281878502380531160e+01
6.493668635218057261e+01
6.572388325142172505e+01
6.479078958356554097e+01
6.297972945917184973e+01
6.362069363107005415e+01
6.415466388566380829e+01
6.183801326880376337e+01
6.114267165389562564e+01
6.120118266762090542e+01
6.375546478411875739e+01
6.326326341166193146e+01
6.399006238088269782e+01
6.520260525968416232e+01
6.534201225242287592e+01
6.598092528058863593e+01
6.517400544576108246e+01
6.384709419499176875e+01
6.232953767160282155e+01
6.087175764473643369e+01
6.150224430389948793e+01
6.346993895720476786e+01
6.427445644604873110e+01
6.516987640644606472e+01
6.546734149848549578e+01
6.508938100971241170e+01
6.441097136092517417e+01
6.314139022145144509e+01
6.313024569652570506e+01
6.284358213599877985e+01
6.155886584080836599e+01
6.285689209664318611e+01
6.346464636408183679e+01
6.455442933942694594e+01
6.231112683561320154e+01
6.462110087551063486e+01
6.544043833552426292e+01
6.402447005247610434e+01
6.447819366732845481e+01
6.284757611705954616e+01
6.398492628260630966e+01
6.307226321200641905e+01
6.147835888927718884e+01
6.388458821244216068e+01
6.369968437895057889e+01
6.368381333003291900e+01
6.640799148597902501e+01
6.432305680749971089e+01
6.604225141855698666e+01
6.657321331036521883e+01
6.714844236770963448e+01
6.744561829070342185e+01
6.790463384352862874e+01
6.723016359195564462e+01
6.662856780994698624e+01
6.621354853030841525e+01
6.372056291071686474e+01
6.570420077658143043e+01
6.495220784677653114e+01
6.508762916180357649e+01
6.691331561342521184e+01
6.714366118722782062e+01
6.741250339918472889e+01
6.609920414087216045e+01
6.582743787566549543e+01
6.476252562294975235e+01
6.340902099379208323e+01
6.220539263623112447e+01
6.201276430312164933e+01
6.192102476509502651e+01
6.268006516156652452e+01
6.382691051281211259e+01
6.490476984481627198e+01
6.558953173018299765e+01
6.481809196440039500e+01
6.534480195490563403e+01
6.634294417309847347e+01
6.619026107765074585e+01
6.336805811450349069e+01
6.412007088204967431e+01
6.516173592570008566e+01
6.565027542769995250e+01
6.441158833742933609e+01
6.575179313299923933e+01
6.736569736511772533e+01
6.652126756041559474e+01
6.736657701031508338e+01
6.741489395183648980e+01
6.780033536341603906e+01
6.711160764736288797e+01
6.765474965296041887e+01
6.742516100901445952e+01
6.736749419559666308e+01
6.647209008341106085e+01
6.637573269448201074e+01
6.661473762270361476e+01
6.688319342472196638e+01
6.773556302113284744e+01
6.730117865890674977e+01
6.832987336150330293e+01
7.037687353051188666e+01
6.945084233665430418e+01
6.829401953006180293e+01
6.752026396178277423e+01
6.738060272389276406e+01
6.631521386136209628e+01
6.598918841470381835e+01
6.644445701177016872e+01
6.638870391223895240e+01
6.527581783585290509e+01
6.487814066419828407e+01
6.421566612826443077e+01
6.314897690825495147e+01
6.203452265329426041e+01
6.220088865957934132e+01
6.358463130662575225e+01
6.426293503318053979e+01
6.496366436202377770e+01
6.509833376436249353e+01
6.542721346412002958e+01
6.571495187170206975e+01
6.587991147864498487e+01
6.758663781808982662e+01
6.935407399105633885e+01
6.827337985533912956e+01
6.873941658261837517e+01
6.943858187429641760e+01
6.846064321528818652e+01
6.653131424398614513e+01
6.537488254107024943e+01
6.497555054216562098e+01
6.540147933282368342e+01
6.554061633387323127e+01
6.656572663376003618e+01
6.674007607858595748e+01
6.730166427456275358e+01
6.798059514433289507e+01
6.558992024866927295e+01
6.626200335788590223e+01
6.599232699560333515e+01
6.525546206076302269e+01
6.732253531014670500e+01
6.626057577215036076e+01
6.639841323463905098e+01
6.380788353985536787e+01
6.460660228356536550e+01
6.512345674085923974e+01
6.662242306477209297e+01
6.621626567125525753e+01
6.653509600180451855e+01
6.792774023636276581e+01
6.929642901691110524e+01
7.034763437516120632e+01
6.729476517805910873e+01
6.709640199354539902e+01
6.726965499758316014e+01
6.727212322856830440e+01
6.547740287427559736e+01
6.495471368120082900e+01
6.534296105002452748e+01
6.549489090187803697e+01
6.764624644356663907e+01
6.682712061175432439e+01
6.872792975747154287e+01
6.839521715980438898e+01
6.887537709029895439e+01
7.091332027371798574e+01
7.311566408964623065e+01
7.334321518696857822e+01
7.164235538999574260e+01
7.134998245593320121e+01
7.366568095123591320e+01
7.351098365307798588e+01
7.067343743725173510e+01
7.043098370463627589e+01
7.079819965035464691e+01
7.072539026233158665e+01
6.970778745241837271e+01
6.854401101405898089e+01
6.846627529452787542e+01
6.653230036337039621e+01
6.716131357571873650e+01
6.755899235214586440e+01
6.598168795969218081e+01
6.684383223774493388e+01
6.611245422214770429e+01
6.547566617088087071e+01
6.595655727439883265e+01
6.566752266957401218e+01
6.611564736760072947e+01
6.565196212989235391e+01
6.687063276057884309e+01
6.731714660622827751e+01
6.578335011568297830e+01
6.634959227145172633e+01
6.704795572004729820e+01
6.891912113791663330e+01
6.616554249821929545e+01
6.494384957110042933e+01
6.688099322124895707e+01
6.608753459214648274e+01
6.613271482718116090e+01
6.547700001124495373e+01
6.766664516121261386e+01
6.848905059153858588e+01
6.808256391058637291e+01
6.950309834784680163e+01
6.982761717169692872e+01
6.975174581519661388e+01
6.879256243166204854e+01
6.848107357164603570e+01
6.786635929313072779e+01
6.808961900779783605e+01
6.793582721553949000e+01
6.854936940933234268e+01
6.763470740623844790e+01
6.638356152370582208e+01
6.788585324598896875e+01
6.773208339242763998e+01
6.739979999491343676e+01
6.632007346201203291e+01
6.522244312390705545e+01
6.522465971359775949e+01
6.577999414643136333e+01
6.526634820740808607e+01
