2.037000000000000000e+03
4.084000000000000000e+03
6.119000000000000000e+03
8.168000000000000000e+03
1.023200000000000000e+04
1.226400000000000000e+04
1.430700000000000000e+04
1.637600000000000000e+04
1.842800000000000000e+04
2.044200000000000000e+04
2.251600000000000000e+04
2.456800000000000000e+04
2.662300000000000000e+04
2.866700000000000000e+04
3.070600000000000000e+04
3.275600000000000000e+04
3.476200000000000000e+04
3.683700000000000000e+04
3.884900000000000000e+04
4.093100000000000000e+04
4.292100000000000000e+04
4.502200000000000000e+04
4.709300000000000000e+04
4.914600000000000000e+04
5.115200000000000000e+04
5.318000000000000000e+04
5.523200000000000000e+04
5.733900000000000000e+04
5.933500000000000000e+04
6.142800000000000000e+04
6.346700000000000000e+04
6.551500000000000000e+04
6.755700000000000000e+04
6.959200000000000000e+04
7.166400000000000000e+04
7.370500000000000000e+04
7.575600000000000000e+04
7.780500000000000000e+04
7.985200000000000000e+04
8.185200000000000000e+04
8.392300000000000000e+04
8.597000000000000000e+04
8.806000000000000000e+04
9.005600000000000000e+04
9.211300000000000000e+04
9.416300000000000000e+04
9.618900000000000000e+04
9.828000000000000000e+04
1.002930000000000000e+05
1.023310000000000000e+05
1.043950000000000000e+05
1.064950000000000000e+05
1.084890000000000000e+05
1.105410000000000000e+05
1.125720000000000000e+05
1.146060000000000000e+05
1.167210000000000000e+05
1.187590000000000000e+05
1.208200000000000000e+05
1.228160000000000000e+05
1.248740000000000000e+05
1.269560000000000000e+05
1.289570000000000000e+05
1.310400000000000000e+05
1.330660000000000000e+05
1.351490000000000000e+05
1.371100000000000000e+05
1.392230000000000000e+05
1.412720000000000000e+05
1.433480000000000000e+05
1.453480000000000000e+05
1.473690000000000000e+05
1.494990000000000000e+05
1.515220000000000000e+05
1.535980000000000000e+05
1.556110000000000000e+05
1.576660000000000000e+05
1.596820000000000000e+05
1.617370000000000000e+05
1.637970000000000000e+05
1.658880000000000000e+05
1.679230000000000000e+05
1.699320000000000000e+05
1.719790000000000000e+05
1.740280000000000000e+05
1.760770000000000000e+05
1.781470000000000000e+05
1.802120000000000000e+05
1.822120000000000000e+05
1.842970000000000000e+05
1.863280000000000000e+05
1.883800000000000000e+05
1.903710000000000000e+05
1.924380000000000000e+05
1.944970000000000000e+05
1.965930000000000000e+05
1.986510000000000000e+05
2.006720000000000000e+05
2.027130000000000000e+05
2.047400000000000000e+05
2.068050000000000000e+05
2.088790000000000000e+05
2.109090000000000000e+05
2.129230000000000000e+05
2.150110000000000000e+05
2.170460000000000000e+05
2.190770000000000000e+05
2.211230000000000000e+05
2.231630000000000000e+05
2.252440000000000000e+05
2.273280000000000000e+05
2.293490000000000000e+05
2.314210000000000000e+05
2.334280000000000000e+05
2.354890000000000000e+05
2.375490000000000000e+05
2.395560000000000000e+05
2.416180000000000000e+05
2.436040000000000000e+05
2.457450000000000000e+05
2.477920000000000000e+05
2.498020000000000000e+05
2.518930000000000000e+05
2.539070000000000000e+05
2.559590000000000000e+05
2.580320000000000000e+05
2.600700000000000000e+05
2.621100000000000000e+05
2.641910000000000000e+05
2.662100000000000000e+05
2.682500000000000000e+05
2.703010000000000000e+05
2.723210000000000000e+05
2.743990000000000000e+05
2.764520000000000000e+05
2.785040000000000000e+05
2.805170000000000000e+05
2.826010000000000000e+05
2.846260000000000000e+05
2.866910000000000000e+05
2.887660000000000000e+05
2.908030000000000000e+05
2.927930000000000000e+05
2.948350000000000000e+05
2.969330000000000000e+05
2.989340000000000000e+05
3.009780000000000000e+05
3.030780000000000000e+05
3.051070000000000000e+05
3.071620000000000000e+05
3.092460000000000000e+05
3.111860000000000000e+05
3.132180000000000000e+05
3.153870000000000000e+05
3.173830000000000000e+05
3.194600000000000000e+05
3.215310000000000000e+05
3.235060000000000000e+05
3.255390000000000000e+05
3.276520000000000000e+05
3.297010000000000000e+05
3.317330000000000000e+05
3.337430000000000000e+05
3.358490000000000000e+05
3.378890000000000000e+05
3.399240000000000000e+05
3.419520000000000000e+05
3.440080000000000000e+05
3.460370000000000000e+05
3.480640000000000000e+05
3.500820000000000000e+05
3.522120000000000000e+05
3.542810000000000000e+05
3.563490000000000000e+05
3.583060000000000000e+05
3.603580000000000000e+05
3.624950000000000000e+05
3.644770000000000000e+05
3.665420000000000000e+05
3.686070000000000000e+05
3.706410000000000000e+05
3.726890000000000000e+05
3.747490000000000000e+05
3.768040000000000000e+05
3.788260000000000000e+05
3.808070000000000000e+05
3.829330000000000000e+05
3.849600000000000000e+05
3.869730000000000000e+05
3.890760000000000000e+05
3.911610000000000000e+05
3.931970000000000000e+05
3.952530000000000000e+05
3.972850000000000000e+05
3.992750000000000000e+05
4.013850000000000000e+05
4.033910000000000000e+05
4.054570000000000000e+05
4.075210000000000000e+05
4.095790000000000000e+05
4.115560000000000000e+05
4.135980000000000000e+05
4.156530000000000000e+05
4.177570000000000000e+05
4.197460000000000000e+05
4.218310000000000000e+05
4.238790000000000000e+05
4.259760000000000000e+05
4.280200000000000000e+05
4.300740000000000000e+05
4.321250000000000000e+05
4.341670000000000000e+05
4.362110000000000000e+05
4.382290000000000000e+05
4.403160000000000000e+05
4.423100000000000000e+05
4.443850000000000000e+05
4.463920000000000000e+05
4.485020000000000000e+05
4.505290000000000000e+05
4.525620000000000000e+05
4.546230000000000000e+05
4.566080000000000000e+05
4.587220000000000000e+05
4.607130000000000000e+05
4.628340000000000000e+05
4.648540000000000000e+05
4.669190000000000000e+05
4.689430000000000000e+05
4.710310000000000000e+05
4.729790000000000000e+05
4.751360000000000000e+05
4.771660000000000000e+05
4.791920000000000000e+05
4.812400000000000000e+05
4.832960000000000000e+05
4.853220000000000000e+05
4.873840000000000000e+05
4.894500000000000000e+05
4.914460000000000000e+05
4.935110000000000000e+05
4.956000000000000000e+05
4.975760000000000000e+05
4.996840000000000000e+05
5.016340000000000000e+05
5.037160000000000000e+05
5.058480000000000000e+05
5.078770000000000000e+05
5.099340000000000000e+05
5.119510000000000000e+05
5.139740000000000000e+05
5.160140000000000000e+05
5.181430000000000000e+05
5.201270000000000000e+05
5.222160000000000000e+05
5.241880000000000000e+05
5.262300000000000000e+05
5.283320000000000000e+05
5.303620000000000000e+05
5.324660000000000000e+05
5.344500000000000000e+05
5.365000000000000000e+05
5.385910000000000000e+05
5.406000000000000000e+05
5.426810000000000000e+05
5.447130000000000000e+05
5.467670000000000000e+05
5.488380000000000000e+05
5.508610000000000000e+05
5.529000000000000000e+05
5.549810000000000000e+05
5.570130000000000000e+05
5.590690000000000000e+05
5.611290000000000000e+05
5.631480000000000000e+05
5.652120000000000000e+05
5.672780000000000000e+05
5.692590000000000000e+05
5.713420000000000000e+05
5.733850000000000000e+05
5.753880000000000000e+05
5.774790000000000000e+05
5.794810000000000000e+05
5.814640000000000000e+05
5.836570000000000000e+05
5.856900000000000000e+05
5.877470000000000000e+05
5.897510000000000000e+05
5.918480000000000000e+05
5.938340000000000000e+05
5.959080000000000000e+05
5.979870000000000000e+05
6.000050000000000000e+05
6.020470000000000000e+05
6.040970000000000000e+05
6.061760000000000000e+05
6.081850000000000000e+05
6.102480000000000000e+05
6.123120000000000000e+05
6.143340000000000000e+05
6.163930000000000000e+05
6.184550000000000000e+05
6.204490000000000000e+05
6.225830000000000000e+05
6.246400000000000000e+05
6.266770000000000000e+05
6.287110000000000000e+05
6.307170000000000000e+05
6.327330000000000000e+05
6.348740000000000000e+05
6.368780000000000000e+05
6.389600000000000000e+05
6.409750000000000000e+05
6.429990000000000000e+05
6.450830000000000000e+05
6.471550000000000000e+05
6.491830000000000000e+05
6.512410000000000000e+05
6.532620000000000000e+05
6.553420000000000000e+05
6.573530000000000000e+05
6.593940000000000000e+05
6.614670000000000000e+05
6.634610000000000000e+05
6.655650000000000000e+05
6.675940000000000000e+05
6.696100000000000000e+05
6.717420000000000000e+05
6.737530000000000000e+05
6.757920000000000000e+05
6.778820000000000000e+05
6.799090000000000000e+05
6.819750000000000000e+05
6.839780000000000000e+05
6.860000000000000000e+05
6.881110000000000000e+05
6.901260000000000000e+05
6.921980000000000000e+05
6.941450000000000000e+05
6.962620000000000000e+05
6.983590000000000000e+05
7.003190000000000000e+05
7.023940000000000000e+05
7.044890000000000000e+05
7.064900000000000000e+05
7.084390000000000000e+05
7.106180000000000000e+05
7.126810000000000000e+05
7.147170000000000000e+05
7.167100000000000000e+05
7.188170000000000000e+05
7.208130000000000000e+05
7.228550000000000000e+05
7.249120000000000000e+05
7.269840000000000000e+05
7.290470000000000000e+05
7.311010000000000000e+05
7.331600000000000000e+05
7.352030000000000000e+05
7.372600000000000000e+05
7.392060000000000000e+05
7.413510000000000000e+05
7.433710000000000000e+05
7.453600000000000000e+05
7.474090000000000000e+05
7.495220000000000000e+05
7.515460000000000000e+05
7.535670000000000000e+05
7.556730000000000000e+05
7.577390000000000000e+05
7.597550000000000000e+05
7.617550000000000000e+05
7.638070000000000000e+05
7.658500000000000000e+05
7.679610000000000000e+05
7.699910000000000000e+05
7.720540000000000000e+05
7.740940000000000000e+05
7.761070000000000000e+05
7.781790000000000000e+05
7.802030000000000000e+05
7.823120000000000000e+05
7.843570000000000000e+05
7.864200000000000000e+05
7.884710000000000000e+05
7.904910000000000000e+05
7.924980000000000000e+05
7.945810000000000000e+05
7.965820000000000000e+05
7.986470000000000000e+05
8.007620000000000000e+05
8.027440000000000000e+05
8.048320000000000000e+05
8.069040000000000000e+05
8.089110000000000000e+05
8.109960000000000000e+05
8.130560000000000000e+05
8.150690000000000000e+05
8.171130000000000000e+05
8.190610000000000000e+05
8.211780000000000000e+05
8.232900000000000000e+05
8.252200000000000000e+05
8.273830000000000000e+05
8.294320000000000000e+05
8.314400000000000000e+05
8.333760000000000000e+05
8.355560000000000000e+05
8.375640000000000000e+05
8.396100000000000000e+05
8.416640000000000000e+05
8.437550000000000000e+05
8.457580000000000000e+05
8.478030000000000000e+05
8.499090000000000000e+05
8.519490000000000000e+05
8.539980000000000000e+05
8.560290000000000000e+05
8.581030000000000000e+05
8.600780000000000000e+05
8.621470000000000000e+05
8.641920000000000000e+05
8.662230000000000000e+05
8.683300000000000000e+05
8.703640000000000000e+05
8.723930000000000000e+05
8.744340000000000000e+05
8.764600000000000000e+05
8.785800000000000000e+05
8.805780000000000000e+05
8.826410000000000000e+05
8.847070000000000000e+05
8.867140000000000000e+05
8.888150000000000000e+05
8.908770000000000000e+05
8.927900000000000000e+05
8.948700000000000000e+05
8.969400000000000000e+05
8.990540000000000000e+05
9.010470000000000000e+05
9.031650000000000000e+05
9.051680000000000000e+05
9.072000000000000000e+05
9.092640000000000000e+05
9.113090000000000000e+05
9.134020000000000000e+05
9.154470000000000000e+05
9.174050000000000000e+05
9.194580000000000000e+05
9.215650000000000000e+05
9.236190000000000000e+05
9.256240000000000000e+05
9.276780000000000000e+05
9.297820000000000000e+05
9.318270000000000000e+05
9.338010000000000000e+05
9.358950000000000000e+05
9.379580000000000000e+05
9.399540000000000000e+05
9.420330000000000000e+05
9.440800000000000000e+05
9.461190000000000000e+05
9.482010000000000000e+05
9.502710000000000000e+05
9.522700000000000000e+05
9.541880000000000000e+05
9.563680000000000000e+05
9.584360000000000000e+05
9.603960000000000000e+05
9.624920000000000000e+05
9.644990000000000000e+05
9.666350000000000000e+05
9.686930000000000000e+05
9.706630000000000000e+05
9.727500000000000000e+05
9.748340000000000000e+05
9.768800000000000000e+05
9.788590000000000000e+05
9.809320000000000000e+05
9.830400000000000000e+05
9.850750000000000000e+05
9.871140000000000000e+05
9.891400000000000000e+05
9.911430000000000000e+05
9.931810000000000000e+05
9.952930000000000000e+05
9.973420000000000000e+05
9.993750000000000000e+05
1.001406000000000000e+06
1.003491000000000000e+06
1.005517000000000000e+06
1.007562000000000000e+06
1.009592000000000000e+06
1.011696000000000000e+06
1.013747000000000000e+06
1.015797000000000000e+06
1.017762000000000000e+06
1.019799000000000000e+06
1.021860000000000000e+06
1.023982000000000000e+06
1.026031000000000000e+06
1.028085000000000000e+06
1.030074000000000000e+06
1.032125000000000000e+06
1.034073000000000000e+06
1.036247000000000000e+06
1.038266000000000000e+06
1.040358000000000000e+06
1.042367000000000000e+06
1.044472000000000000e+06
1.046477000000000000e+06
1.048478000000000000e+06
1.050610000000000000e+06
1.052660000000000000e+06
1.054657000000000000e+06
1.056685000000000000e+06
1.058799000000000000e+06
1.060782000000000000e+06
1.062866000000000000e+06
1.064891000000000000e+06
1.067005000000000000e+06
1.069010000000000000e+06
1.071000000000000000e+06
1.073120000000000000e+06
1.075194000000000000e+06
1.077232000000000000e+06
1.079236000000000000e+06
1.081286000000000000e+06
1.083334000000000000e+06
1.085439000000000000e+06
1.087449000000000000e+06
1.089477000000000000e+06
1.091567000000000000e+06
1.093580000000000000e+06
1.095644000000000000e+06
1.097619000000000000e+06
1.099758000000000000e+06
1.101746000000000000e+06
1.103765000000000000e+06
1.105871000000000000e+06
1.107920000000000000e+06
1.109904000000000000e+06
1.111998000000000000e+06
1.114069000000000000e+06
1.116023000000000000e+06
1.118125000000000000e+06
1.120185000000000000e+06
1.122258000000000000e+06
1.124286000000000000e+06
1.126350000000000000e+06
1.128389000000000000e+06
1.130489000000000000e+06
1.132538000000000000e+06
1.134477000000000000e+06
1.136594000000000000e+06
1.138673000000000000e+06
1.140729000000000000e+06
1.142751000000000000e+06
1.144764000000000000e+06
1.146800000000000000e+06
1.148887000000000000e+06
1.150951000000000000e+06
1.152982000000000000e+06
1.155013000000000000e+06
1.157109000000000000e+06
1.159095000000000000e+06
1.161154000000000000e+06
1.163118000000000000e+06
1.165258000000000000e+06
1.167297000000000000e+06
1.169302000000000000e+06
1.171400000000000000e+06
1.173492000000000000e+06
1.175532000000000000e+06
1.177532000000000000e+06
1.179599000000000000e+06
1.181600000000000000e+06
1.183711000000000000e+06
1.185735000000000000e+06
1.187694000000000000e+06
1.189843000000000000e+06
1.191851000000000000e+06
1.193905000000000000e+06
1.195964000000000000e+06
1.197976000000000000e+06
1.200047000000000000e+06
1.202062000000000000e+06
1.204166000000000000e+06
1.206269000000000000e+06
1.208307000000000000e+06
1.210311000000000000e+06
1.212360000000000000e+06
1.214321000000000000e+06
1.216474000000000000e+06
1.218511000000000000e+06
1.220558000000000000e+06
1.222591000000000000e+06
1.224646000000000000e+06
1.226742000000000000e+06
1.228766000000000000e+06
1.230791000000000000e+06
1.232844000000000000e+06
1.234852000000000000e+06
1.236946000000000000e+06
1.238936000000000000e+06
1.241055000000000000e+06
1.243114000000000000e+06
1.245150000000000000e+06
1.247199000000000000e+06
1.249257000000000000e+06
1.251258000000000000e+06
1.253299000000000000e+06
1.255414000000000000e+06
1.257424000000000000e+06
1.259431000000000000e+06
1.261548000000000000e+06
1.263500000000000000e+06
1.265599000000000000e+06
1.267548000000000000e+06
1.269702000000000000e+06
1.271786000000000000e+06
1.273732000000000000e+06
1.275903000000000000e+06
1.277835000000000000e+06
1.279968000000000000e+06
1.281993000000000000e+06
1.284018000000000000e+06
1.286043000000000000e+06
1.288162000000000000e+06
1.290088000000000000e+06
1.292218000000000000e+06
1.294321000000000000e+06
1.296360000000000000e+06
1.298411000000000000e+06
1.300430000000000000e+06
1.302524000000000000e+06
1.304568000000000000e+06
1.306599000000000000e+06
1.308642000000000000e+06
1.310643000000000000e+06
1.312622000000000000e+06
1.314775000000000000e+06
1.316846000000000000e+06
1.318868000000000000e+06
1.320951000000000000e+06
1.322970000000000000e+06
1.324977000000000000e+06
1.327085000000000000e+06
1.329094000000000000e+06
1.331138000000000000e+06
1.333230000000000000e+06
1.335120000000000000e+06
1.337335000000000000e+06
1.339339000000000000e+06
1.341374000000000000e+06
1.343432000000000000e+06
1.345394000000000000e+06
1.347462000000000000e+06
1.349606000000000000e+06
1.351614000000000000e+06
1.353626000000000000e+06
1.355754000000000000e+06
1.357748000000000000e+06
1.359810000000000000e+06
1.361920000000000000e+06
1.363887000000000000e+06
1.365913000000000000e+06
1.368010000000000000e+06
1.369983000000000000e+06
1.372081000000000000e+06
1.374112000000000000e+06
1.376199000000000000e+06
1.378295000000000000e+06
1.380350000000000000e+06
1.382368000000000000e+06
1.384430000000000000e+06
1.386375000000000000e+06
1.388458000000000000e+06
1.390459000000000000e+06
1.392575000000000000e+06
1.394601000000000000e+06
1.396723000000000000e+06
1.398780000000000000e+06
1.400787000000000000e+06
1.402764000000000000e+06
1.404760000000000000e+06
1.406894000000000000e+06
1.409016000000000000e+06
1.411039000000000000e+06
1.413108000000000000e+06
1.415016000000000000e+06
1.417175000000000000e+06
1.419171000000000000e+06
1.421272000000000000e+06
1.423346000000000000e+06
1.425248000000000000e+06
1.427439000000000000e+06
1.429375000000000000e+06
1.431526000000000000e+06
1.433555000000000000e+06
1.435643000000000000e+06
1.437685000000000000e+06
1.439616000000000000e+06
1.441766000000000000e+06
1.443821000000000000e+06
1.445878000000000000e+06
1.447931000000000000e+06
1.449913000000000000e+06
1.452003000000000000e+06
1.454033000000000000e+06
1.456006000000000000e+06
1.458079000000000000e+06
1.460198000000000000e+06
1.462205000000000000e+06
1.464241000000000000e+06
1.466272000000000000e+06
1.468415000000000000e+06
1.470382000000000000e+06
1.472395000000000000e+06
1.474441000000000000e+06
1.476576000000000000e+06
1.478625000000000000e+06
1.480626000000000000e+06
1.482561000000000000e+06
1.484797000000000000e+06
1.486736000000000000e+06
1.488800000000000000e+06
1.490797000000000000e+06
1.492873000000000000e+06
1.494928000000000000e+06
1.496918000000000000e+06
1.499064000000000000e+06
1.501055000000000000e+06
1.503105000000000000e+06
1.505118000000000000e+06
1.507323000000000000e+06
1.509350000000000000e+06
1.511358000000000000e+06
1.513425000000000000e+06
1.515443000000000000e+06
1.517527000000000000e+06
1.519588000000000000e+06
1.521597000000000000e+06
1.523635000000000000e+06
1.525562000000000000e+06
1.527778000000000000e+06
1.529791000000000000e+06
1.531852000000000000e+06
1.533880000000000000e+06
1.535939000000000000e+06
1.538024000000000000e+06
1.539985000000000000e+06
1.542127000000000000e+06
1.544096000000000000e+06
1.546185000000000000e+06
1.548182000000000000e+06
1.550279000000000000e+06
1.552339000000000000e+06
1.554379000000000000e+06
1.556424000000000000e+06
1.558435000000000000e+06
1.560544000000000000e+06
1.562567000000000000e+06
1.564580000000000000e+06
1.566698000000000000e+06
1.568672000000000000e+06
1.570779000000000000e+06
1.572787000000000000e+06
1.574884000000000000e+06
1.576841000000000000e+06
1.578894000000000000e+06
1.580887000000000000e+06
1.583013000000000000e+06
1.585054000000000000e+06
1.587091000000000000e+06
1.589130000000000000e+06
1.591187000000000000e+06
1.593320000000000000e+06
1.595250000000000000e+06
1.597428000000000000e+06
1.599402000000000000e+06
1.601468000000000000e+06
1.603571000000000000e+06
1.605589000000000000e+06
1.607521000000000000e+06
1.609689000000000000e+06
1.611721000000000000e+06
1.613676000000000000e+06
1.615858000000000000e+06
1.617867000000000000e+06
1.619953000000000000e+06
1.621918000000000000e+06
1.623995000000000000e+06
1.626004000000000000e+06
1.628070000000000000e+06
1.630194000000000000e+06
1.632210000000000000e+06
1.634247000000000000e+06
1.636217000000000000e+06
1.638371000000000000e+06
1.640445000000000000e+06
1.642440000000000000e+06
1.644450000000000000e+06
1.646562000000000000e+06
1.648608000000000000e+06
1.650657000000000000e+06
1.652666000000000000e+06
1.654618000000000000e+06
1.656719000000000000e+06
1.658675000000000000e+06
1.660906000000000000e+06
1.662851000000000000e+06
1.664969000000000000e+06
1.667001000000000000e+06
1.669024000000000000e+06
1.671082000000000000e+06
1.673146000000000000e+06
1.675240000000000000e+06
1.677195000000000000e+06
1.679317000000000000e+06
1.681384000000000000e+06
1.683349000000000000e+06
1.685485000000000000e+06
1.687346000000000000e+06
1.689588000000000000e+06
1.691591000000000000e+06
1.693636000000000000e+06
1.695729000000000000e+06
1.697613000000000000e+06
1.699794000000000000e+06
1.701862000000000000e+06
1.703718000000000000e+06
1.705951000000000000e+06
1.707915000000000000e+06
1.710062000000000000e+06
1.712063000000000000e+06
1.714139000000000000e+06
1.716143000000000000e+06
1.718184000000000000e+06
1.720297000000000000e+06
1.722284000000000000e+06
1.724344000000000000e+06
1.726362000000000000e+06
1.728404000000000000e+06
1.730556000000000000e+06
1.732574000000000000e+06
1.734648000000000000e+06
1.736569000000000000e+06
1.738693000000000000e+06
1.740764000000000000e+06
1.742713000000000000e+06
1.744789000000000000e+06
1.746914000000000000e+06
1.748992000000000000e+06
1.750984000000000000e+06
1.753038000000000000e+06
1.755109000000000000e+06
1.757000000000000000e+06
1.759166000000000000e+06
1.761161000000000000e+06
1.763307000000000000e+06
1.765291000000000000e+06
1.767358000000000000e+06
1.769458000000000000e+06
1.771466000000000000e+06
1.773559000000000000e+06
1.775417000000000000e+06
1.777638000000000000e+06
1.779652000000000000e+06
1.781640000000000000e+06
1.783704000000000000e+06
1.785841000000000000e+06
1.787830000000000000e+06
1.789911000000000000e+06
1.791946000000000000e+06
1.794046000000000000e+06
1.795974000000000000e+06
1.798125000000000000e+06
1.800009000000000000e+06
1.802143000000000000e+06
1.804130000000000000e+06
1.806311000000000000e+06
1.808220000000000000e+06
1.810352000000000000e+06
1.812448000000000000e+06
1.814524000000000000e+06
1.816490000000000000e+06
1.818552000000000000e+06
1.820446000000000000e+06
1.822685000000000000e+06
1.824705000000000000e+06
1.826785000000000000e+06
1.828744000000000000e+06
1.830836000000000000e+06
1.832886000000000000e+06
1.834906000000000000e+06
1.837034000000000000e+06
1.839012000000000000e+06
1.841139000000000000e+06
1.843165000000000000e+06
1.845155000000000000e+06
1.847284000000000000e+06
1.849342000000000000e+06
1.851331000000000000e+06
1.853432000000000000e+06
1.855411000000000000e+06
1.857446000000000000e+06
1.859439000000000000e+06
1.861561000000000000e+06
1.863676000000000000e+06
1.865724000000000000e+06
1.867716000000000000e+06
1.869769000000000000e+06
1.871812000000000000e+06
1.873827000000000000e+06
1.875907000000000000e+06
1.877953000000000000e+06
1.880016000000000000e+06
1.881971000000000000e+06
1.884102000000000000e+06
1.886129000000000000e+06
1.888132000000000000e+06
1.890203000000000000e+06
1.892239000000000000e+06
1.894370000000000000e+06
1.896448000000000000e+06
1.898345000000000000e+06
1.900305000000000000e+06
1.902502000000000000e+06
1.904586000000000000e+06
1.906593000000000000e+06
1.908564000000000000e+06
1.910774000000000000e+06
1.912756000000000000e+06
1.914834000000000000e+06
1.916782000000000000e+06
1.918865000000000000e+06
1.920938000000000000e+06
1.922999000000000000e+06
1.925090000000000000e+06
1.927150000000000000e+06
1.929105000000000000e+06
1.931205000000000000e+06
1.933304000000000000e+06
1.935244000000000000e+06
1.937355000000000000e+06
1.939301000000000000e+06
1.941432000000000000e+06
1.943415000000000000e+06
1.945490000000000000e+06
1.947647000000000000e+06
1.949644000000000000e+06
1.951682000000000000e+06
1.953696000000000000e+06
1.955738000000000000e+06
1.957868000000000000e+06
1.959806000000000000e+06
1.961928000000000000e+06
1.964003000000000000e+06
1.966058000000000000e+06
1.968104000000000000e+06
1.970116000000000000e+06
1.972128000000000000e+06
1.974159000000000000e+06
1.976315000000000000e+06
1.978319000000000000e+06
1.980370000000000000e+06
1.982419000000000000e+06
1.984475000000000000e+06
1.986550000000000000e+06
1.988577000000000000e+06
1.990546000000000000e+06
1.992641000000000000e+06
1.994713000000000000e+06
1.996759000000000000e+06
1.998812000000000000e+06
2.000893000000000000e+06
