2.036000000000000000e+03
4.101000000000000000e+03
6.149000000000000000e+03
8.207000000000000000e+03
1.024300000000000000e+04
1.230400000000000000e+04
1.432100000000000000e+04
1.636800000000000000e+04
1.840700000000000000e+04
2.045100000000000000e+04
2.253300000000000000e+04
2.457100000000000000e+04
2.660000000000000000e+04
2.864800000000000000e+04
3.071200000000000000e+04
3.276100000000000000e+04
3.478700000000000000e+04
3.684500000000000000e+04
3.893300000000000000e+04
4.097100000000000000e+04
4.303700000000000000e+04
4.506800000000000000e+04
4.718200000000000000e+04
4.920300000000000000e+04
5.121800000000000000e+04
5.323400000000000000e+04
5.520600000000000000e+04
5.722200000000000000e+04
5.926500000000000000e+04
6.133300000000000000e+04
6.334700000000000000e+04
6.542300000000000000e+04
6.743000000000000000e+04
6.953700000000000000e+04
7.159900000000000000e+04
7.360500000000000000e+04
7.559700000000000000e+04
7.759700000000000000e+04
7.963700000000000000e+04
8.172400000000000000e+04
8.371200000000000000e+04
8.577400000000000000e+04
8.779200000000000000e+04
8.976300000000000000e+04
9.185800000000000000e+04
9.387900000000000000e+04
9.590700000000000000e+04
9.790100000000000000e+04
9.999300000000000000e+04
1.019290000000000000e+05
1.039500000000000000e+05
1.060070000000000000e+05
1.080290000000000000e+05
1.100780000000000000e+05
1.120610000000000000e+05
1.141000000000000000e+05
1.161470000000000000e+05
1.181240000000000000e+05
1.201740000000000000e+05
1.222350000000000000e+05
1.243200000000000000e+05
1.263670000000000000e+05
1.284220000000000000e+05
1.304650000000000000e+05
1.325050000000000000e+05
1.345590000000000000e+05
1.366380000000000000e+05
1.387320000000000000e+05
1.407470000000000000e+05
1.427860000000000000e+05
1.448610000000000000e+05
1.469430000000000000e+05
1.489530000000000000e+05
1.510440000000000000e+05
1.531030000000000000e+05
1.551240000000000000e+05
1.571790000000000000e+05
1.592530000000000000e+05
1.613030000000000000e+05
1.633290000000000000e+05
1.653060000000000000e+05
1.672960000000000000e+05
1.693470000000000000e+05
1.714080000000000000e+05
1.734660000000000000e+05
1.755310000000000000e+05
1.775720000000000000e+05
1.796300000000000000e+05
1.816370000000000000e+05
1.836490000000000000e+05
1.857250000000000000e+05
1.878140000000000000e+05
1.899100000000000000e+05
1.920010000000000000e+05
1.940640000000000000e+05
1.961000000000000000e+05
1.981760000000000000e+05
2.002170000000000000e+05
2.022280000000000000e+05
2.042390000000000000e+05
2.062210000000000000e+05
2.083000000000000000e+05
2.103530000000000000e+05
2.124590000000000000e+05
2.145350000000000000e+05
2.165590000000000000e+05
2.185490000000000000e+05
2.205860000000000000e+05
2.226300000000000000e+05
2.247130000000000000e+05
2.267180000000000000e+05
2.287950000000000000e+05
2.308660000000000000e+05
2.329400000000000000e+05
2.349470000000000000e+05
2.370010000000000000e+05
2.390400000000000000e+05
2.411460000000000000e+05
2.431840000000000000e+05
2.452530000000000000e+05
2.472440000000000000e+05
2.492840000000000000e+05
2.513170000000000000e+05
2.533880000000000000e+05
2.554320000000000000e+05
2.575360000000000000e+05
2.595950000000000000e+05
2.616720000000000000e+05
2.636960000000000000e+05
2.657500000000000000e+05
2.678810000000000000e+05
2.698970000000000000e+05
2.719510000000000000e+05
2.739100000000000000e+05
2.758650000000000000e+05
2.779670000000000000e+05
2.800640000000000000e+05
2.821710000000000000e+05
2.842390000000000000e+05
2.862530000000000000e+05
2.883530000000000000e+05
2.903800000000000000e+05
2.924800000000000000e+05
2.945150000000000000e+05
2.965840000000000000e+05
2.987160000000000000e+05
3.008590000000000000e+05
3.029080000000000000e+05
3.049710000000000000e+05
3.069850000000000000e+05
3.090230000000000000e+05
3.110480000000000000e+05
3.130380000000000000e+05
3.150580000000000000e+05
3.171070000000000000e+05
3.191890000000000000e+05
3.212120000000000000e+05
3.232500000000000000e+05
3.252800000000000000e+05
3.273830000000000000e+05
3.293580000000000000e+05
3.313930000000000000e+05
3.334270000000000000e+05
3.355420000000000000e+05
3.376490000000000000e+05
3.397160000000000000e+05
3.417430000000000000e+05
3.437840000000000000e+05
3.458170000000000000e+05
3.478680000000000000e+05
3.499740000000000000e+05
3.520160000000000000e+05
3.540220000000000000e+05
3.560720000000000000e+05
3.581050000000000000e+05
3.601250000000000000e+05
3.622010000000000000e+05
3.642630000000000000e+05
3.662360000000000000e+05
3.682970000000000000e+05
3.703970000000000000e+05
3.724360000000000000e+05
3.744940000000000000e+05
3.765470000000000000e+05
3.786090000000000000e+05
3.806560000000000000e+05
3.826740000000000000e+05
3.846000000000000000e+05
3.865960000000000000e+05
3.886700000000000000e+05
3.907770000000000000e+05
3.928340000000000000e+05
3.948460000000000000e+05
3.969440000000000000e+05
3.989220000000000000e+05
4.010000000000000000e+05
4.030740000000000000e+05
4.051160000000000000e+05
4.072380000000000000e+05
4.092840000000000000e+05
4.113040000000000000e+05
4.133770000000000000e+05
4.154450000000000000e+05
4.175420000000000000e+05
4.196180000000000000e+05
4.216060000000000000e+05
4.235830000000000000e+05
4.255940000000000000e+05
4.276980000000000000e+05
4.297610000000000000e+05
4.318120000000000000e+05
4.338470000000000000e+05
4.359290000000000000e+05
4.379170000000000000e+05
4.399560000000000000e+05
4.420180000000000000e+05
4.440620000000000000e+05
4.460550000000000000e+05
4.480560000000000000e+05
4.500930000000000000e+05
4.520880000000000000e+05
4.542040000000000000e+05
4.562790000000000000e+05
4.582930000000000000e+05
4.602950000000000000e+05
4.624520000000000000e+05
4.644380000000000000e+05
4.664570000000000000e+05
4.684830000000000000e+05
4.705930000000000000e+05
4.726260000000000000e+05
4.747390000000000000e+05
4.768420000000000000e+05
4.788770000000000000e+05
4.809570000000000000e+05
4.829790000000000000e+05
4.850900000000000000e+05
4.870650000000000000e+05
4.891520000000000000e+05
4.912330000000000000e+05
4.933230000000000000e+05
4.953540000000000000e+05
4.974080000000000000e+05
4.994730000000000000e+05
5.014280000000000000e+05
5.034830000000000000e+05
5.055130000000000000e+05
5.075700000000000000e+05
5.096780000000000000e+05
5.116490000000000000e+05
5.136380000000000000e+05
5.157500000000000000e+05
5.177250000000000000e+05
5.197290000000000000e+05
5.216880000000000000e+05
5.237570000000000000e+05
5.257700000000000000e+05
5.278740000000000000e+05
5.299470000000000000e+05
5.320390000000000000e+05
5.339870000000000000e+05
5.360600000000000000e+05
5.381520000000000000e+05
5.402160000000000000e+05
5.423080000000000000e+05
5.443600000000000000e+05
5.464170000000000000e+05
5.484190000000000000e+05
5.504320000000000000e+05
5.525410000000000000e+05
5.545590000000000000e+05
5.565910000000000000e+05
5.587160000000000000e+05
5.607520000000000000e+05
5.627960000000000000e+05
5.648520000000000000e+05
5.668940000000000000e+05
5.689720000000000000e+05
5.711190000000000000e+05
5.731100000000000000e+05
5.752240000000000000e+05
5.772710000000000000e+05
5.793110000000000000e+05
5.814020000000000000e+05
5.834560000000000000e+05
5.856120000000000000e+05
5.876730000000000000e+05
5.897100000000000000e+05
5.916940000000000000e+05
5.938780000000000000e+05
5.959230000000000000e+05
5.980010000000000000e+05
6.000700000000000000e+05
6.020260000000000000e+05
6.041610000000000000e+05
6.061260000000000000e+05
6.081550000000000000e+05
6.101660000000000000e+05
6.122190000000000000e+05
6.142650000000000000e+05
6.163580000000000000e+05
6.183460000000000000e+05
6.203390000000000000e+05
6.223300000000000000e+05
6.243930000000000000e+05
6.264730000000000000e+05
6.285970000000000000e+05
6.306440000000000000e+05
6.326730000000000000e+05
6.347690000000000000e+05
6.367880000000000000e+05
6.389360000000000000e+05
6.409570000000000000e+05
6.430220000000000000e+05
6.451070000000000000e+05
6.470660000000000000e+05
6.491430000000000000e+05
6.511190000000000000e+05
6.531570000000000000e+05
6.553010000000000000e+05
6.572460000000000000e+05
6.592610000000000000e+05
6.612790000000000000e+05
6.633020000000000000e+05
6.653380000000000000e+05
6.674220000000000000e+05
6.694810000000000000e+05
6.715490000000000000e+05
6.735460000000000000e+05
6.756080000000000000e+05
6.776430000000000000e+05
6.796810000000000000e+05
6.817920000000000000e+05
6.838520000000000000e+05
6.859210000000000000e+05
6.879270000000000000e+05
6.900210000000000000e+05
6.919880000000000000e+05
6.941210000000000000e+05
6.961370000000000000e+05
6.981690000000000000e+05
7.001790000000000000e+05
7.021850000000000000e+05
7.042240000000000000e+05
7.063310000000000000e+05
7.083510000000000000e+05
7.104280000000000000e+05
7.124260000000000000e+05
7.143970000000000000e+05
7.164370000000000000e+05
7.185430000000000000e+05
7.206250000000000000e+05
7.226150000000000000e+05
7.246960000000000000e+05
7.266250000000000000e+05
7.286600000000000000e+05
7.307500000000000000e+05
7.328150000000000000e+05
7.347750000000000000e+05
7.368660000000000000e+05
7.389230000000000000e+05
7.409880000000000000e+05
7.430480000000000000e+05
7.450490000000000000e+05
7.470990000000000000e+05
7.491720000000000000e+05
7.511880000000000000e+05
7.532570000000000000e+05
7.552450000000000000e+05
7.573310000000000000e+05
7.594960000000000000e+05
7.615630000000000000e+05
7.636210000000000000e+05
7.656940000000000000e+05
7.677200000000000000e+05
7.697650000000000000e+05
7.717870000000000000e+05
7.737510000000000000e+05
7.757680000000000000e+05
7.778910000000000000e+05
7.800020000000000000e+05
7.820980000000000000e+05
7.840990000000000000e+05
7.861480000000000000e+05
7.882010000000000000e+05
7.902490000000000000e+05
7.923080000000000000e+05
7.944260000000000000e+05
7.965500000000000000e+05
7.984940000000000000e+05
8.005490000000000000e+05
8.026090000000000000e+05
8.046730000000000000e+05
8.067860000000000000e+05
8.088020000000000000e+05
8.109860000000000000e+05
8.131080000000000000e+05
8.151120000000000000e+05
8.171030000000000000e+05
8.191060000000000000e+05
8.210270000000000000e+05
8.230240000000000000e+05
8.250380000000000000e+05
8.269390000000000000e+05
8.291080000000000000e+05
8.310800000000000000e+05
8.331200000000000000e+05
8.352090000000000000e+05
8.372070000000000000e+05
8.392340000000000000e+05
8.413390000000000000e+05
8.433700000000000000e+05
8.454150000000000000e+05
8.474590000000000000e+05
8.495570000000000000e+05
8.516650000000000000e+05
8.536750000000000000e+05
8.557160000000000000e+05
8.578160000000000000e+05
8.598620000000000000e+05
8.619770000000000000e+05
8.640150000000000000e+05
8.660920000000000000e+05
8.681650000000000000e+05
8.702590000000000000e+05
8.722770000000000000e+05
8.743640000000000000e+05
8.764070000000000000e+05
8.784770000000000000e+05
8.804550000000000000e+05
8.825380000000000000e+05
8.845670000000000000e+05
8.866000000000000000e+05
8.886280000000000000e+05
8.905790000000000000e+05
8.926670000000000000e+05
8.947940000000000000e+05
8.968290000000000000e+05
8.988600000000000000e+05
9.009310000000000000e+05
9.029680000000000000e+05
9.050690000000000000e+05
9.071370000000000000e+05
9.090630000000000000e+05
9.111580000000000000e+05
9.133350000000000000e+05
9.154130000000000000e+05
9.173900000000000000e+05
9.194480000000000000e+05
9.214960000000000000e+05
9.235630000000000000e+05
9.256290000000000000e+05
9.276850000000000000e+05
9.297320000000000000e+05
9.318950000000000000e+05
9.338770000000000000e+05
9.358420000000000000e+05
9.379560000000000000e+05
9.399930000000000000e+05
9.420170000000000000e+05
9.440600000000000000e+05
9.461480000000000000e+05
9.482610000000000000e+05
9.502570000000000000e+05
9.523180000000000000e+05
9.543790000000000000e+05
9.563760000000000000e+05
9.584650000000000000e+05
9.605720000000000000e+05
9.626100000000000000e+05
9.645710000000000000e+05
9.665880000000000000e+05
9.687510000000000000e+05
9.708040000000000000e+05
9.728390000000000000e+05
9.748920000000000000e+05
9.769620000000000000e+05
9.789610000000000000e+05
9.809240000000000000e+05
9.829630000000000000e+05
9.849450000000000000e+05
9.870450000000000000e+05
9.891240000000000000e+05
9.911500000000000000e+05
9.932140000000000000e+05
9.952920000000000000e+05
9.973670000000000000e+05
9.993840000000000000e+05
1.001390000000000000e+06
1.003474000000000000e+06
1.005547000000000000e+06
1.007504000000000000e+06
1.009572000000000000e+06
1.011666000000000000e+06
1.013676000000000000e+06
1.015710000000000000e+06
1.017692000000000000e+06
1.019793000000000000e+06
1.021849000000000000e+06
1.023923000000000000e+06
1.025901000000000000e+06
1.028010000000000000e+06
1.030071000000000000e+06
1.032175000000000000e+06
1.034194000000000000e+06
1.036238000000000000e+06
1.038332000000000000e+06
1.040313000000000000e+06
1.042295000000000000e+06
1.044327000000000000e+06
1.046302000000000000e+06
1.048445000000000000e+06
1.050419000000000000e+06
1.052592000000000000e+06
1.054659000000000000e+06
1.056594000000000000e+06
1.058777000000000000e+06
1.060872000000000000e+06
1.062898000000000000e+06
1.064919000000000000e+06
1.066925000000000000e+06
1.068902000000000000e+06
1.070953000000000000e+06
1.073029000000000000e+06
1.075096000000000000e+06
1.077065000000000000e+06
1.079069000000000000e+06
1.081103000000000000e+06
1.083089000000000000e+06
1.085119000000000000e+06
1.087205000000000000e+06
1.089220000000000000e+06
1.091271000000000000e+06
1.093375000000000000e+06
1.095388000000000000e+06
1.097367000000000000e+06
1.099446000000000000e+06
1.101478000000000000e+06
1.103517000000000000e+06
1.105552000000000000e+06
1.107564000000000000e+06
1.109611000000000000e+06
1.111750000000000000e+06
1.113813000000000000e+06
1.115868000000000000e+06
1.117849000000000000e+06
1.119817000000000000e+06
1.121901000000000000e+06
1.123885000000000000e+06
1.125961000000000000e+06
1.128062000000000000e+06
1.130050000000000000e+06
1.132094000000000000e+06
1.134136000000000000e+06
1.136182000000000000e+06
1.138177000000000000e+06
1.140302000000000000e+06
1.142353000000000000e+06
1.144434000000000000e+06
1.146474000000000000e+06
1.148454000000000000e+06
1.150456000000000000e+06
1.152536000000000000e+06
1.154527000000000000e+06
1.156590000000000000e+06
1.158580000000000000e+06
1.160646000000000000e+06
1.162673000000000000e+06
1.164732000000000000e+06
1.166856000000000000e+06
1.168911000000000000e+06
1.170957000000000000e+06
1.172934000000000000e+06
1.175077000000000000e+06
1.177073000000000000e+06
1.179136000000000000e+06
1.181272000000000000e+06
1.183387000000000000e+06
1.185349000000000000e+06
1.187449000000000000e+06
1.189676000000000000e+06
1.191661000000000000e+06
1.193643000000000000e+06
1.195643000000000000e+06
1.197756000000000000e+06
1.199853000000000000e+06
1.201916000000000000e+06
1.203930000000000000e+06
1.205965000000000000e+06
1.207987000000000000e+06
1.210079000000000000e+06
1.212210000000000000e+06
1.214351000000000000e+06
1.216344000000000000e+06
1.218374000000000000e+06
1.220417000000000000e+06
1.222398000000000000e+06
1.224413000000000000e+06
1.226349000000000000e+06
1.228412000000000000e+06
1.230420000000000000e+06
1.232445000000000000e+06
1.234418000000000000e+06
1.236525000000000000e+06
1.238724000000000000e+06
1.240729000000000000e+06
1.242957000000000000e+06
1.245079000000000000e+06
1.247185000000000000e+06
1.249211000000000000e+06
1.251311000000000000e+06
1.253313000000000000e+06
1.255300000000000000e+06
1.257340000000000000e+06
1.259410000000000000e+06
1.261390000000000000e+06
1.263331000000000000e+06
1.265353000000000000e+06
1.267431000000000000e+06
1.269488000000000000e+06
1.271570000000000000e+06
1.273620000000000000e+06
1.275748000000000000e+06
1.277758000000000000e+06
1.279758000000000000e+06
1.281746000000000000e+06
1.283773000000000000e+06
1.285830000000000000e+06
1.287883000000000000e+06
1.289921000000000000e+06
1.291832000000000000e+06
1.293949000000000000e+06
1.296137000000000000e+06
1.298143000000000000e+06
1.300215000000000000e+06
1.302240000000000000e+06
1.304284000000000000e+06
1.306241000000000000e+06
1.308131000000000000e+06
1.310197000000000000e+06
1.312198000000000000e+06
1.314367000000000000e+06
1.316341000000000000e+06
1.318450000000000000e+06
1.320556000000000000e+06
1.322519000000000000e+06
1.324573000000000000e+06
1.326648000000000000e+06
1.328640000000000000e+06
1.330655000000000000e+06
1.332735000000000000e+06
1.334779000000000000e+06
1.336716000000000000e+06
1.338738000000000000e+06
1.340823000000000000e+06
1.342930000000000000e+06
1.344947000000000000e+06
1.347012000000000000e+06
1.349091000000000000e+06
1.351232000000000000e+06
1.353273000000000000e+06
1.355278000000000000e+06
1.357299000000000000e+06
1.359277000000000000e+06
1.361184000000000000e+06
1.363190000000000000e+06
1.365276000000000000e+06
1.367489000000000000e+06
1.369575000000000000e+06
1.371625000000000000e+06
1.373737000000000000e+06
1.375812000000000000e+06
1.377934000000000000e+06
1.379983000000000000e+06
1.382054000000000000e+06
1.384174000000000000e+06
1.386288000000000000e+06
1.388300000000000000e+06
1.390350000000000000e+06
1.392518000000000000e+06
1.394642000000000000e+06
1.396586000000000000e+06
1.398628000000000000e+06
1.400604000000000000e+06
1.402783000000000000e+06
1.404797000000000000e+06
1.406821000000000000e+06
1.408820000000000000e+06
1.410930000000000000e+06
1.412955000000000000e+06
1.415049000000000000e+06
1.417125000000000000e+06
1.419160000000000000e+06
1.421213000000000000e+06
1.423376000000000000e+06
1.425416000000000000e+06
1.427444000000000000e+06
1.429584000000000000e+06
1.431431000000000000e+06
1.433481000000000000e+06
1.435666000000000000e+06
1.437792000000000000e+06
1.439827000000000000e+06
1.441937000000000000e+06
1.443933000000000000e+06
1.445952000000000000e+06
1.447941000000000000e+06
1.450006000000000000e+06
1.451978000000000000e+06
1.453943000000000000e+06
1.456057000000000000e+06
1.458039000000000000e+06
1.460044000000000000e+06
1.462307000000000000e+06
1.464403000000000000e+06
1.466487000000000000e+06
1.468555000000000000e+06
1.470645000000000000e+06
1.472695000000000000e+06
1.474792000000000000e+06
1.476803000000000000e+06
1.478953000000000000e+06
1.481130000000000000e+06
1.483166000000000000e+06
1.485137000000000000e+06
1.487118000000000000e+06
1.489241000000000000e+06
1.491271000000000000e+06
1.493319000000000000e+06
1.495274000000000000e+06
1.497451000000000000e+06
1.499500000000000000e+06
1.501499000000000000e+06
1.503548000000000000e+06
1.505529000000000000e+06
1.507624000000000000e+06
1.509641000000000000e+06
1.511724000000000000e+06
1.513736000000000000e+06
1.515774000000000000e+06
1.517891000000000000e+06
1.520019000000000000e+06
1.522056000000000000e+06
1.524169000000000000e+06
1.526205000000000000e+06
1.528139000000000000e+06
1.530123000000000000e+06
1.532225000000000000e+06
1.534366000000000000e+06
1.536383000000000000e+06
1.538535000000000000e+06
1.540610000000000000e+06
1.542710000000000000e+06
1.544744000000000000e+06
1.546659000000000000e+06
1.548597000000000000e+06
1.550692000000000000e+06
1.552709000000000000e+06
1.554721000000000000e+06
1.556814000000000000e+06
1.558888000000000000e+06
1.561045000000000000e+06
1.563060000000000000e+06
1.565133000000000000e+06
1.567071000000000000e+06
1.568999000000000000e+06
1.570975000000000000e+06
1.573067000000000000e+06
1.575065000000000000e+06
1.577089000000000000e+06
1.579125000000000000e+06
1.581143000000000000e+06
1.583242000000000000e+06
1.585222000000000000e+06
1.587124000000000000e+06
1.589202000000000000e+06
1.591156000000000000e+06
1.593084000000000000e+06
1.595081000000000000e+06
1.597204000000000000e+06
1.599378000000000000e+06
1.601429000000000000e+06
1.603579000000000000e+06
1.605693000000000000e+06
1.607818000000000000e+06
1.609837000000000000e+06
1.611889000000000000e+06
1.613939000000000000e+06
1.615961000000000000e+06
1.618172000000000000e+06
1.620181000000000000e+06
1.622259000000000000e+06
1.624272000000000000e+06
1.626332000000000000e+06
1.628390000000000000e+06
1.630552000000000000e+06
1.632609000000000000e+06
1.634741000000000000e+06
1.636788000000000000e+06
1.638745000000000000e+06
1.640699000000000000e+06
1.642735000000000000e+06
1.644856000000000000e+06
1.646763000000000000e+06
1.648838000000000000e+06
1.650802000000000000e+06
1.652707000000000000e+06
1.654791000000000000e+06
1.656819000000000000e+06
1.658876000000000000e+06
1.660953000000000000e+06
1.662996000000000000e+06
1.665100000000000000e+06
1.667125000000000000e+06
1.669252000000000000e+06
1.671261000000000000e+06
1.673289000000000000e+06
1.675395000000000000e+06
1.677398000000000000e+06
1.679529000000000000e+06
1.681493000000000000e+06
1.683475000000000000e+06
1.685539000000000000e+06
1.687676000000000000e+06
1.689767000000000000e+06
1.691815000000000000e+06
1.693861000000000000e+06
1.695902000000000000e+06
1.697897000000000000e+06
1.699990000000000000e+06
1.701949000000000000e+06
1.704078000000000000e+06
1.706043000000000000e+06
1.708132000000000000e+06
1.710341000000000000e+06
1.712353000000000000e+06
1.714507000000000000e+06
1.716519000000000000e+06
1.718595000000000000e+06
1.720655000000000000e+06
1.722645000000000000e+06
1.724622000000000000e+06
1.726582000000000000e+06
1.728536000000000000e+06
1.730579000000000000e+06
1.732708000000000000e+06
1.734801000000000000e+06
1.736889000000000000e+06
1.738861000000000000e+06
1.740865000000000000e+06
1.742892000000000000e+06
1.744835000000000000e+06
1.746910000000000000e+06
1.748771000000000000e+06
1.750805000000000000e+06
1.752852000000000000e+06
1.754962000000000000e+06
1.757071000000000000e+06
1.759087000000000000e+06
1.761207000000000000e+06
1.763235000000000000e+06
1.765266000000000000e+06
1.767353000000000000e+06
1.769611000000000000e+06
1.771616000000000000e+06
1.773627000000000000e+06
1.775724000000000000e+06
1.777650000000000000e+06
1.779657000000000000e+06
1.781617000000000000e+06
1.783620000000000000e+06
1.785703000000000000e+06
1.787636000000000000e+06
1.789692000000000000e+06
1.791650000000000000e+06
1.793605000000000000e+06
1.795738000000000000e+06
1.797761000000000000e+06
1.800033000000000000e+06
1.802104000000000000e+06
1.804163000000000000e+06
1.806195000000000000e+06
1.808276000000000000e+06
1.810335000000000000e+06
1.812354000000000000e+06
1.814367000000000000e+06
1.816533000000000000e+06
1.818626000000000000e+06
1.820631000000000000e+06
1.822636000000000000e+06
1.824642000000000000e+06
1.826582000000000000e+06
1.828569000000000000e+06
1.830562000000000000e+06
1.832621000000000000e+06
1.834634000000000000e+06
1.836724000000000000e+06
1.838759000000000000e+06
1.840817000000000000e+06
1.842794000000000000e+06
1.844829000000000000e+06
1.846964000000000000e+06
1.849039000000000000e+06
1.851103000000000000e+06
1.853207000000000000e+06
1.855195000000000000e+06
1.857271000000000000e+06
1.859228000000000000e+06
1.861245000000000000e+06
1.863328000000000000e+06
1.865404000000000000e+06
1.867463000000000000e+06
1.869594000000000000e+06
1.871520000000000000e+06
1.873471000000000000e+06
1.875539000000000000e+06
1.877582000000000000e+06
1.879511000000000000e+06
1.881634000000000000e+06
1.883637000000000000e+06
1.885809000000000000e+06
1.888007000000000000e+06
1.889996000000000000e+06
1.892060000000000000e+06
1.893974000000000000e+06
1.896043000000000000e+06
1.898026000000000000e+06
1.899994000000000000e+06
1.902154000000000000e+06
1.904162000000000000e+06
1.906104000000000000e+06
1.908157000000000000e+06
1.910169000000000000e+06
1.912189000000000000e+06
1.914206000000000000e+06
1.916247000000000000e+06
1.918273000000000000e+06
1.920246000000000000e+06
1.922277000000000000e+06
1.924463000000000000e+06
1.926554000000000000e+06
1.928585000000000000e+06
1.930701000000000000e+06
1.932728000000000000e+06
1.934806000000000000e+06
1.936826000000000000e+06
1.938834000000000000e+06
1.940878000000000000e+06
1.942940000000000000e+06
1.945052000000000000e+06
1.947095000000000000e+06
1.949105000000000000e+06
1.951179000000000000e+06
1.953140000000000000e+06
1.955184000000000000e+06
1.957226000000000000e+06
1.959252000000000000e+06
1.961333000000000000e+06
1.963432000000000000e+06
1.965393000000000000e+06
1.967382000000000000e+06
1.969404000000000000e+06
1.971399000000000000e+06
1.973459000000000000e+06
1.975549000000000000e+06
1.977670000000000000e+06
1.979778000000000000e+06
1.981787000000000000e+06
1.983817000000000000e+06
1.985772000000000000e+06
1.987830000000000000e+06
1.989866000000000000e+06
1.991813000000000000e+06
1.993905000000000000e+06
1.995856000000000000e+06
1.998041000000000000e+06
2.000272000000000000e+06
