1.035379515352907305e+02
1.080157441441275097e+02
1.159568830420950718e+02
1.170755221807014692e+02
1.212333154302167202e+02
1.253330577586369543e+02
1.438952722739562091e+02
1.459743334720614030e+02
1.615392275615130302e+02
1.652063697638233748e+02
1.675754774861859175e+02
1.792506362205180608e+02
1.810223008013698518e+02
2.082682935742252823e+02
2.275233270457014783e+02
2.137751914917220404e+02
2.190492187413028375e+02
2.378099513313881346e+02
2.475279830662700533e+02
2.495636486547344646e+02
2.490447526094970954e+02
2.497558170176272370e+02
2.668794105621664698e+02
2.856311944768991111e+02
2.968698145723560629e+02
2.976281488189752054e+02
2.951845236292962227e+02
3.100632380738837242e+02
3.192993060515385082e+02
3.289470139191936937e+02
3.253831484740993574e+02
3.118324532710014978e+02
3.111914231059239455e+02
3.144454842798679124e+02
3.336424321384729978e+02
3.396545285689983302e+02
3.270308625340746858e+02
3.242332736977658669e+02
3.298058022077724445e+02
3.372743441344353528e+02
3.488689256201357693e+02
3.522128339348639656e+02
3.557290695227594597e+02
3.612336181506493631e+02
3.693165844369991078e+02
3.709917137592725567e+02
3.663362979956463619e+02
3.668209603201430014e+02
3.630578279246551574e+02
3.566067584125167400e+02
3.506392624519997412e+02
3.490524354678012742e+02
3.483812062291943334e+02
3.497228796475161516e+02
3.628343791840397898e+02
3.659943397493639168e+02
3.749244157351271269e+02
3.801774252223726762e+02
3.731764665803293610e+02
3.779725461710675063e+02
3.940844615857498070e+02
3.958202241474696166e+02
3.912340145900504353e+02
3.935783358958980784e+02
3.857610423812665204e+02
3.802248667023707753e+02
3.815688234967308290e+02
3.815317264674610556e+02
3.762762681268922620e+02
3.844946599004384211e+02
3.844665286991501603e+02
3.907560024954184428e+02
3.958149558448952234e+02
3.902765092102927724e+02
3.877184007589094676e+02
3.849757585527977994e+02
3.787326554717466252e+02
3.796613930501216032e+02
3.783819816829636125e+02
3.797834892698831482e+02
3.777721357761072341e+02
3.749229290556130536e+02
3.764272532415631645e+02
3.692400873751786889e+02
3.766803277998678254e+02
3.981711942796279118e+02
4.004349946090420644e+02
4.140401945444084504e+02
4.236857245430851435e+02
4.260126169897577597e+02
4.193619471737334834e+02
4.185522306830193884e+02
4.041494139842766344e+02
3.956292285386948038e+02
3.872125713248912007e+02
3.920640440544228227e+02
4.031330130368061759e+02
4.085525802802992530e+02
4.216040834376379394e+02
4.003889226061788236e+02
3.898799737033873498e+02
3.794047429859836029e+02
3.878678367009882777e+02
3.981089078883398429e+02
3.929139334263083470e+02
4.087095481646587132e+02
4.146582421447899378e+02
4.158867663471193623e+02
4.251886045443725948e+02
4.196224715851908513e+02
4.162031631644360345e+02
4.047079676007163584e+02
4.074063107298380828e+02
4.028649317782032995e+02
4.064159450660944231e+02
4.161301524336525404e+02
4.281961717476044100e+02
4.279746708067874579e+02
4.267567006012918114e+02
4.264502450940409517e+02
4.263240388056243546e+02
4.314776848894233012e+02
4.332255878586058770e+02
4.257441161732427304e+02
4.144878312470763717e+02
4.172051345836816267e+02
4.110890111671444629e+02
4.118101627465999854e+02
4.270127162773908367e+02
4.234289567044710338e+02
4.255747526012409025e+02
4.257342919609349110e+02
4.180306262912384341e+02
4.253992903095760880e+02
4.218288068651251024e+02
4.280483323441330299e+02
4.219777420844422409e+02
4.081661046988067483e+02
4.093787728123942884e+02
4.167728786154847853e+02
4.256479767081262366e+02
4.342310793022659254e+02
4.495875470344669225e+02
4.563724003414317281e+02
4.472335530147460645e+02
4.411058204154713280e+02
4.307836675046561936e+02
4.384560738340709918e+02
4.461485611009138665e+02
4.428213076797015901e+02
4.481621927687192510e+02
4.472812286879544104e+02
4.468256345658408009e+02
4.463036667179483175e+02
4.521301154781696710e+02
4.476239211427305236e+02
4.411906085618877569e+02
4.412928998737520487e+02
4.379331677738333610e+02
4.498564198461793353e+02
4.669335140377229436e+02
4.656345053216701331e+02
4.695581451665953523e+02
4.531807792308401304e+02
4.485007934013308386e+02
4.472754348912658884e+02
4.514299764963312214e+02
4.589118002488212369e+02
4.358882870177089899e+02
4.495816940193917048e+02
4.315618003934225158e+02
4.233188668473857206e+02
4.257951951251059768e+02
4.130512775685596694e+02
4.266590946085469227e+02
4.317273642657171422e+02
4.427887322157143331e+02
4.540741740936952056e+02
4.567366871093643681e+02
4.533936231715279632e+02
4.534385479966280172e+02
4.568745555713539943e+02
4.642279174031290268e+02
4.617993261332218253e+02
4.517879905572951316e+02
4.373064969446048735e+02
4.369671138786918618e+02
4.360106121775173165e+02
4.419171966955909170e+02
4.484120140060674089e+02
4.397720565344282022e+02
4.415880404063617561e+02
4.474101324951992069e+02
4.430947371155307906e+02
4.459574433971804410e+02
4.493852872406270649e+02
4.516100870748113607e+02
4.563258270945615322e+02
4.682364547053099386e+02
4.627819757969429588e+02
4.662666061521246661e+02
4.636308170479883870e+02
4.489526008411804696e+02
4.371340885073071831e+02
4.343220900955582238e+02
4.410281555874805122e+02
4.508734852084014619e+02
4.571197318093265949e+02
4.595257964288716153e+02
4.455652594208110031e+02
4.316718948560138074e+02
4.392004664954858981e+02
4.410547529771862401e+02
4.397617654963315772e+02
4.423177899240762940e+02
4.403956631523461169e+02
4.408685369139957970e+02
4.527382232056207272e+02
4.583298451972924568e+02
4.624688942235398486e+02
4.472205241690847402e+02
4.500593239977424673e+02
4.531601490315512706e+02
4.484905999502344685e+02
4.563537513319588470e+02
4.620142860665899320e+02
4.575401247048915820e+02
4.686294902561964477e+02
4.672945493050443702e+02
4.511908021538802700e+02
4.560018718159047921e+02
4.537492586940209094e+02
4.558370971383553183e+02
4.697600697179077542e+02
4.747515038255380659e+02
4.769211824928813712e+02
4.869419428551441342e+02
4.874130170366190669e+02
4.852226846605712467e+02
4.884940207878546516e+02
4.802629083224597935e+02
4.669928049634953595e+02
4.723653662737067975e+02
4.596446633920497220e+02
4.564581517533562760e+02
4.566896634215434574e+02
4.529728060836479813e+02
4.594067118164688281e+02
4.590117843447972064e+02
4.686611794078134494e+02
4.753247790558360180e+02
4.852424026843724505e+02
4.829066799004662016e+02
4.861385260563969268e+02
4.863042767553246790e+02
4.927969586464852796e+02
4.971839068880072432e+02
5.095861527276018705e+02
4.962254779868895298e+02
5.040050253418359603e+02
5.138786834755527480e+02
5.060545691578787455e+02
5.008276521223322675e+02
5.112640350565695826e+02
5.058961105814072425e+02
4.913690163034002580e+02
4.947443481824486753e+02
4.884711476815473929e+02
4.750174468094012354e+02
4.774872931974488779e+02
4.731386290807779460e+02
4.744113663535101750e+02
4.831276851319117327e+02
4.847656738654310971e+02
4.938256928913529009e+02
4.918036481918355776e+02
4.909413547022244870e+02
4.989711256237293355e+02
4.897622477976623259e+02
4.934694781458848638e+02
5.101137360008093538e+02
5.041931587115271896e+02
5.128558094624335126e+02
5.209644667599420700e+02
5.165900304721288876e+02
5.131888109073395299e+02
5.158681587991873130e+02
5.050320941660375524e+02
5.072067002700073317e+02
5.089109893423843687e+02
5.097963540583363056e+02
5.134537946198695408e+02
5.248433001542973670e+02
5.275549686953387436e+02
5.181941659847265100e+02
5.133847862502320822e+02
4.950460109370185933e+02
4.940771282808390765e+02
4.894573270972562682e+02
4.949078425231041365e+02
5.013849582436207015e+02
5.132395223997071980e+02
5.065418661787484780e+02
5.233909069435613901e+02
5.257646492536570122e+02
5.184363038769047307e+02
5.171801402191101715e+02
5.094951931587186209e+02
5.124270685662319238e+02
5.084377163996533113e+02
5.229773087961393685e+02
5.291311546116834279e+02
5.375046307499293334e+02
5.235382664588836406e+02
5.158861864874271532e+02
5.089161908164616648e+02
5.116290304497740067e+02
5.182413931474803803e+02
5.125773724247743530e+02
5.227885842298402395e+02
5.308612953093777378e+02
5.087321758788357897e+02
5.104297763998708319e+02
5.221079259689848868e+02
5.149385627483990220e+02
5.120712674536586064e+02
5.276811969757625320e+02
5.192999695570905487e+02
4.996035982412431622e+02
5.085771768046322450e+02
4.891444537650742177e+02
5.017991628579337657e+02
5.024958620788106600e+02
5.106534750920006900e+02
5.215110670075711141e+02
5.231987725640557301e+02
5.128973253696238999e+02
5.081631810567672574e+02
5.031838690854700076e+02
4.932365206716230546e+02
5.059867284534638543e+02
5.015682083142705210e+02
5.122336292473025878e+02
5.050740875715972606e+02
5.123183029935776176e+02
5.080031513599406026e+02
5.135728990395568871e+02
5.153047569537911841e+02
5.302290032439738070e+02
5.317620984647198839e+02
5.384577773538123893e+02
5.338993368761343845e+02
5.142331639657240885e+02
5.210593055638264559e+02
5.182336361142627084e+02
5.225374882020265659e+02
5.279473181402905766e+02
5.346524558831476952e+02
5.367312428809125322e+02
5.426534903920579609e+02
5.298560461902353609e+02
5.359045130025763228e+02
5.540147722969021515e+02
5.627577054362792524e+02
5.559850269573373680e+02
5.440072086702620027e+02
5.484699714625667184e+02
5.384623333475908566e+02
5.161225683426605428e+02
5.172277083922137990e+02
5.274042903730273792e+02
5.211436079535052386e+02
5.169827687750981795e+02
5.218173580398076865e+02
5.134660055821238984e+02
5.008494545647432687e+02
5.071115638740820373e+02
5.073591474233803638e+02
5.032866274180221353e+02
5.080837829094653557e+02
5.197662682295864442e+02
5.169123525207887724e+02
5.143949661251870111e+02
5.201592362888554817e+02
5.107805135897046966e+02
5.065611318477061786e+02
5.021952858702820777e+02
5.160604106903454067e+02
5.226905044642510347e+02
5.346451924110982645e+02
5.388845413834711735e+02
5.413338648687378054e+02
5.255621819028390291e+02
5.220463382059882633e+02
5.182336910686334477e+02
5.310502123187399093e+02
5.284981336405521688e+02
5.357982982039721946e+02
5.354098741090663225e+02
5.400002814819390551e+02
5.270829946993439989e+02
5.293832651176919626e+02
5.290935953242963024e+02
5.250413529558517212e+02
5.264524708231768955e+02
5.299991991687430755e+02
5.276423484770718915e+02
5.190996686845362547e+02
5.166772698994267330e+02
5.073958955679609630e+02
5.121823026151535032e+02
5.096052899037928796e+02
5.199924662524612131e+02
5.234575451763616911e+02
5.272499181444158012e+02
5.286695111011806603e+02
5.333696894169717098e+02
5.212864603435579056e+02
5.195806429005854170e+02
5.172606510987491220e+02
5.270638446896109599e+02
5.184017985183086239e+02
5.215881339060174469e+02
5.202722799344512623e+02
5.302517003300342822e+02
5.320703306249076832e+02
5.341667156919190802e+02
5.500180736660504408e+02
5.543484276941361486e+02
5.457102796691070807e+02
5.397011038293533147e+02
5.394950956406979685e+02
5.366854097980346978e+02
5.272937755298760294e+02
5.239895933752833344e+02
5.166450894396782587e+02
5.253069736698681709e+02
5.240505160310437986e+02
5.362295771962275239e+02
5.347836066019594909e+02
5.415520873463042335e+02
5.287876046817556244e+02
5.255147256555342210e+02
5.215614964542947973e+02
5.148867363620159949e+02
5.201899255494363388e+02
5.228925610871640401e+02
5.170179213558508309e+02
5.223066935668761062e+02
5.316159118938976462e+02
5.360067825637328269e+02
5.344936956051564039e+02
5.308084113388081278e+02
5.347813811275341322e+02
5.387705716210699620e+02
5.349459550731330637e+02
5.310184214754597178e+02
5.361095383279080124e+02
5.312423130828505009e+02
5.225887393648813486e+02
5.338374909521024847e+02
5.274737749014134351e+02
5.277701592335372425e+02
5.363097780194692632e+02
5.422251349330933863e+02
5.422682641695294024e+02
5.459089052522817838e+02
5.562040482661994929e+02
5.533396756829150718e+02
5.382545550268450825e+02
5.265606835150422285e+02
5.349410635405174617e+02
5.362223056498555707e+02
5.430009438750587378e+02
5.467350278066937790e+02
5.484220045631542462e+02
5.660430513943352935e+02
5.569760244356580188e+02
5.397312173875898225e+02
5.595426261040797726e+02
5.623912913886578053e+02
5.613509106677440741e+02
5.545559005671229897e+02
5.638148684889963533e+02
5.649825721982023197e+02
5.488229922131209833e+02
5.473371417774718566e+02
5.462458806132802920e+02
5.580340081581213099e+02
5.477392007945655905e+02
5.535453039356269755e+02
5.617238112343668490e+02
5.691223402834189073e+02
5.787468219992085778e+02
5.754835641590775595e+02
5.756316613162799740e+02
5.774762414200253033e+02
5.725715740529528830e+02
5.733745047134906372e+02
5.528879914697361073e+02
5.549217099063207570e+02
5.695138126689223554e+02
5.730744925437513757e+02
5.686934197106648980e+02
5.756786544879987559e+02
5.718018976342290216e+02
5.558299545973444538e+02
5.502094947544374008e+02
5.452791347438455887e+02
5.439228649819212933e+02
5.497016041932039343e+02
5.600784896931911589e+02
5.683820740592700531e+02
5.748956244541293472e+02
5.767838552243496224e+02
5.717118800687061366e+02
5.667172653209787541e+02
5.593126654937630065e+02
5.663972443794172023e+02
5.733103280387364293e+02
5.660281402256597403e+02
5.638305058045490341e+02
5.604871256496455771e+02
5.503950421165400257e+02
5.446487144467471353e+02
5.409885835640939149e+02
5.396992153927355957e+02
5.437948625681848398e+02
5.382349648615512479e+02
5.435031696806454420e+02
5.524278181175615146e+02
5.758762342189205583e+02
5.663774880720727651e+02
5.794466999855392260e+02
5.921595020847649948e+02
5.818302483848142401e+02
5.739172993318845784e+02
5.663311348332771331e+02
5.569268305796708773e+02
5.549692070793221319e+02
5.681708643770017488e+02
5.666691153814579138e+02
5.783303473342759844e+02
5.621452183132986420e+02
5.670102739746829457e+02
5.719505395117888611e+02
5.678374556770415893e+02
5.746384710236978890e+02
5.908106770777586689e+02
6.061160654078259995e+02
6.144036952165135972e+02
6.174620579791655928e+02
6.229528624869645910e+02
6.156852736441938987e+02
5.931557013994896579e+02
5.906048555882395021e+02
5.793474498960043775e+02
5.807200044430554726e+02
5.783795111690429849e+02
5.820353991109906246e+02
5.932930074081805287e+02
5.933391843243274479e+02
5.954655403608413735e+02
5.947820540616130529e+02
6.028413690836911201e+02
5.956538917491087659e+02
5.870194198740765614e+02
5.952945074749391097e+02
5.915112962644562913e+02
5.801698332709487431e+02
5.913366147969786653e+02
5.979132815456972594e+02
5.854953169918247795e+02
5.781832048323783511e+02
5.860396473942059856e+02
5.870345440984151537e+02
5.803700939869955846e+02
5.708481825389430924e+02
5.696497764768840852e+02
5.680908582143066496e+02
5.583766374614154984e+02
5.691278214745012747e+02
5.805279078528319587e+02
5.747548687180543538e+02
5.748442080762195019e+02
5.798469322464674178e+02
5.619999824368949248e+02
5.583241550413774803e+02
5.619116091988679500e+02
5.638345740168178963e+02
5.589839995545466991e+02
5.689104976835428715e+02
5.663788241045417635e+02
5.649112947615404892e+02
5.801570625273482165e+02
5.814116640870869333e+02
5.853481920030440051e+02
5.814482398776777927e+02
5.784675379126780399e+02
5.863302908459529590e+02
5.843543246968564517e+02
5.922911144020359870e+02
5.970393845377949447e+02
6.039681842070855282e+02
5.910426491862390321e+02
5.907052133688873710e+02
5.849567195773270214e+02
5.815804579242978889e+02
5.878573601698611810e+02
6.038083325140787565e+02
6.066340863901237981e+02
6.007465658164890101e+02
5.969163888580048933e+02
5.915218432816149061e+02
5.700893431261946489e+02
5.736847571511291335e+02
5.674834735427052692e+02
5.636195113401394110e+02
5.657849637906134603e+02
5.719365282024647286e+02
5.782548925377532214e+02
5.674834589897859587e+02
5.772980901088058090e+02
5.826146088613663778e+02
5.828993164758298917e+02
5.911252518026097960e+02
5.889987771397743472e+02
5.896219023716207630e+02
5.855532030738697813e+02
5.867566672417068503e+02
5.835062569159489385e+02
5.798123888403970341e+02
5.898705815355888262e+02
5.952656791584055327e+02
6.055319924190946494e+02
6.042047450064072791e+02
6.140587922343538594e+02
6.070036342495460531e+02
6.139845285320812991e+02
5.977153337535555693e+02
6.026022561002846487e+02
5.895227126314182442e+02
5.937793377184008250e+02
6.016512327607823636e+02
5.976995646381998313e+02
5.832755700737320694e+02
5.825036427970339901e+02
5.918186425596270510e+02
5.799566224038505879e+02
5.712065708319298665e+02
5.728914117768956658e+02
5.686843488832654430e+02
5.789752990409995164e+02
5.926788826740115610e+02
5.886647508633526513e+02
5.970957241304907939e+02
6.016484713554357313e+02
6.089180819365551542e+02
5.924068463363481669e+02
5.728805708452149474e+02
5.710084447525880478e+02
5.789502846661133617e+02
5.773615423179428490e+02
5.830031118898668865e+02
5.985208034550284992e+02
6.110889579148614530e+02
5.982145403383111670e+02
5.937481173408267523e+02
5.889464997761217546e+02
5.885451528778536385e+02
5.829744631850719543e+02
5.859317836382043652e+02
5.870384483150140795e+02
5.860281727360471677e+02
5.951274173861389727e+02
6.027256603928258301e+02
6.024032994934449334e+02
6.139383294523022414e+02
6.163331269864411297e+02
6.250109488559263582e+02
6.065768875394958286e+02
5.862141033783821058e+02
5.876061869377421090e+02
5.888579793157740596e+02
5.899497331162907585e+02
5.908136147486279697e+02
6.059948508202792254e+02
6.109160223555713856e+02
6.092434852171257944e+02
6.013075993544916855e+02
6.156795655819255444e+02
6.154891083086566823e+02
6.008900843140984307e+02
5.877890496567317768e+02
5.920320281348729168e+02
5.958429008879802495e+02
5.903628426852087614e+02
5.929602939484288981e+02
5.884634815375998187e+02
5.838230627720595294e+02
5.868745813338410926e+02
5.702120283524907336e+02
5.647179364785527014e+02
5.831610938459436966e+02
6.006888399342835783e+02
5.958701095765966329e+02
6.059445608028114520e+02
6.142382558894508975e+02
6.290903824541990161e+02
5.989192363880188168e+02
6.020138665345191384e+02
6.083998694270677561e+02
6.022415683495449912e+02
6.116357027884305353e+02
6.028845574412177939e+02
5.984407547816869055e+02
6.049398189028094066e+02
6.099724722221509410e+02
6.177126827572257071e+02
6.096986956194510867e+02
6.012039687801657237e+02
6.190299508418324876e+02
6.219369902808774668e+02
6.244632493837120819e+02
6.345190084250336895e+02
6.459882603587665244e+02
6.567132719413399400e+02
6.413470861990191452e+02
6.349264335519269480e+02
6.177895442316994377e+02
6.062946313856314191e+02
6.094715854912118402e+02
5.897627390344664491e+02
5.981105186501247317e+02
5.995077488460921131e+02
5.991504319931929103e+02
6.027641498977558285e+02
6.019560454053677176e+02
6.078235944217700535e+02
6.099394760306453236e+02
6.200089512852332518e+02
6.301476733138817963e+02
6.381476429230247049e+02
6.361656941397516221e+02
6.443319572659169125e+02
6.282715609037891227e+02
6.055150419929432246e+02
6.065568124334316735e+02
6.014393200180873009e+02
6.098043867976269894e+02
6.116302714920836934e+02
6.385639849718830874e+02
6.521710645352505935e+02
6.619356252941604453e+02
6.668028480854901545e+02
6.611367105655056093e+02
6.477116039106946346e+02
6.271871736205753223e+02
6.190424751385294257e+02
6.028873134595093006e+02
5.914217058431333953e+02
5.973377804677842278e+02
5.940077371024501645e+02
5.957020888755687338e+02
5.993725755732280049e+02
6.029689100499786036e+02
5.987333923213467415e+02
5.905989043319486882e+02
5.966371751789947666e+02
5.910436093270869833e+02
5.917904877197911446e+02
5.983785422842162234e+02
6.091154604281498450e+02
6.136745789596053555e+02
6.114655338907685973e+02
6.236084929242368844e+02
6.262588601814452431e+02
6.260066308782904798e+02
6.300775149671335384e+02
6.440841437099689983e+02
6.448207754822850575e+02
6.319978101476378924e+02
6.451599602053313447e+02
6.459502351017894171e+02
6.453952926967630219e+02
6.364176080285187709e+02
6.441198260363718191e+02
6.515435574790021747e+02
6.403028673780715962e+02
6.436467310976494218e+02
6.454884395035476246e+02
6.440649114368468418e+02
6.458027220639721691e+02
6.501522431095260117e+02
6.517730908447666707e+02
6.621211896137715485e+02
6.596960556904508621e+02
6.333785326284199755e+02
6.252327313461420317e+02
6.225246721863894663e+02
6.210523068171295336e+02
6.131505952107370376e+02
6.184820148910658872e+02
6.322248903345429198e+02
6.402151676038224650e+02
6.415265111356201260e+02
6.399543921033360903e+02
6.335510681407923812e+02
6.237945575973325276e+02
6.070966648589505894e+02
6.054729797261816202e+02
6.144585238673732874e+02
6.270010321516616614e+02
6.292867472588496867e+02
6.377930969185825916e+02
6.497167997164398230e+02
6.539132551766901997e+02
6.444466115414752494e+02
6.395556120868772041e+02
6.334288857413649794e+02
6.364342533040157832e+02
6.319775769184461751e+02
6.284070451928973853e+02
6.345894458446285853e+02
6.323624046792484705e+02
6.393255681220285851e+02
6.384641569854773024e+02
6.201018134610407060e+02
6.121814545016648026e+02
6.158261904901742128e+02
6.121293794654844760e+02
5.950862378918145623e+02
6.056346027760106381e+02
6.156611229819823166e+02
6.193526751804586183e+02
6.206713692679528549e+02
6.320010085307937970e+02
6.398270429777885511e+02
6.468051193814069393e+02
6.542798918494322606e+02
6.592179830789935977e+02
6.567561590197142323e+02
6.481935854945944584e+02
6.612788128262036480e+02
6.485196137292525691e+02
6.333355463647645820e+02
6.384455019212923617e+02
6.443257301931995471e+02
6.637369013184612641e+02
6.555696134399870516e+02
6.587098572455973908e+02
6.608254881541830628e+02
6.625968485026294275e+02
6.517966141227248045e+02
6.297603904033315985e+02
6.174517269125324219e+02
6.109267046851539362e+02
6.188943769104506600e+02
6.148337793488567513e+02
6.047348007340417553e+02
6.105308240959269597e+02
6.338396486884870455e+02
6.350608607801754033e+02
6.319244530742387269e+02
6.505465713452066439e+02
6.638638348826198126e+02
6.722630141886457977e+02
6.629080574051197345e+02
6.590559982904596836e+02
6.703759323840105253e+02
6.546096744570763803e+02
6.428448031386949424e+02
6.509130949866408855e+02
6.626189590713024700e+02
6.619580072341321966e+02
6.503488183922504504e+02
6.530999928435212496e+02
6.581109188629366145e+02
6.518512146056159509e+02
6.303551352707311253e+02
6.270031245672013256e+02
6.370471523404465870e+02
6.528375488754300022e+02
6.490698274692441601e+02
6.581461261899950159e+02
6.757335390258755297e+02
6.756946712416937544e+02
6.692318197983587424e+02
6.609672858340809398e+02
6.770210874913609587e+02
6.753188784675228362e+02
6.760003593403198465e+02
6.757694261708999193e+02
6.824484741642212384e+02
6.917108478812075418e+02
6.763930898593338270e+02
6.670742385086668946e+02
6.585538368791067114e+02
6.545761600235147171e+02
6.480008165788708538e+02
6.337307112146977488e+02
6.270822755404345799e+02
6.362036338252729593e+02
6.230635139082971818e+02
6.175436994193895544e+02
6.090872795139181335e+02
6.107196474612746897e+02
6.123417937186762856e+02
6.180328113531788858e+02
6.284799245571307438e+02
6.359911494847883660e+02
6.406758314180987099e+02
6.394681955080441185e+02
6.281064936602582520e+02
6.234691510582100591e+02
6.329954835676124958e+02
6.430433424582041653e+02
6.319413562488588241e+02
6.527078995542492521e+02
6.539467538410126508e+02
6.550631151173197395e+02
6.430176898523166074e+02
6.315639238835607330e+02
6.411582272479988660e+02
6.361244580507810724e+02
6.473351392672054772e+02
6.537644515270078500e+02
6.510537107557404397e+02
6.459595720711519107e+02
6.525624353438216758e+02
6.501329536734352814e+02
6.588767136429336233e+02
6.386961187553914669e+02
6.500042193921804028e+02
6.608318760354960659e+02
6.504589698480286870e+02
6.543518778939961749e+02
6.440720718894092442e+02
6.628503497390396433e+02
6.620792442318951316e+02
6.531929128682238570e+02
6.695822782700020070e+02
6.607477700183751494e+02
6.515476017097809063e+02
6.355853496986341042e+02
6.390573505267647079e+02
6.358840788605946273e+02
6.404193224196428673e+02
6.421643777701566478e+02
6.333657950595714965e+02
6.386958912523671188e+02
6.380819400253449203e+02
6.399787698019813433e+02
6.288390899169780823e+02
6.367746033036291919e+02
6.566646710694901685e+02
6.624897103720861651e+02
6.594498406180093752e+02
6.600525490061127130e+02
6.656674747282365843e+02
6.700379292070996371e+02
6.698593894067709016e+02
6.620425719810413057e+02
6.685978834579615295e+02
6.775714431990370485e+02
6.786741452976400524e+02
6.772299487939899336e+02
6.703308600067798579e+02
6.641608002472628414e+02
6.709059929158230489e+02
6.515394197669309051e+02
6.375492788489801796e+02
6.485283653915299737e+02
6.379774613080682002e+02
6.495595197573663881e+02
6.460816264346254911e+02
6.544442178903971126e+02
