2.047000000000000000e+03
4.086000000000000000e+03
6.141000000000000000e+03
8.110000000000000000e+03
1.024000000000000000e+04
1.222900000000000000e+04
1.426300000000000000e+04
1.620200000000000000e+04
1.785100000000000000e+04
1.988000000000000000e+04
2.188000000000000000e+04
2.425500000000000000e+04
2.625500000000000000e+04
2.825500000000000000e+04
3.025500000000000000e+04
3.225500000000000000e+04
3.425500000000000000e+04
3.625500000000000000e+04
3.825500000000000000e+04
4.025500000000000000e+04
4.225500000000000000e+04
4.425500000000000000e+04
4.625500000000000000e+04
4.825500000000000000e+04
5.025500000000000000e+04
5.225500000000000000e+04
5.525500000000000000e+04
5.725500000000000000e+04
5.925500000000000000e+04
6.125500000000000000e+04
6.325500000000000000e+04
6.525500000000000000e+04
6.725500000000000000e+04
6.925500000000000000e+04
7.125500000000000000e+04
7.325500000000000000e+04
7.525500000000000000e+04
7.725500000000000000e+04
7.925500000000000000e+04
8.125500000000000000e+04
8.325500000000000000e+04
8.525500000000000000e+04
8.725500000000000000e+04
8.925500000000000000e+04
9.125500000000000000e+04
9.325500000000000000e+04
9.625500000000000000e+04
9.825500000000000000e+04
1.002550000000000000e+05
1.022550000000000000e+05
1.042550000000000000e+05
1.062550000000000000e+05
1.082550000000000000e+05
1.102550000000000000e+05
1.122550000000000000e+05
1.142550000000000000e+05
1.162550000000000000e+05
1.182550000000000000e+05
1.202550000000000000e+05
1.222550000000000000e+05
1.242550000000000000e+05
1.262550000000000000e+05
1.282550000000000000e+05
1.302550000000000000e+05
1.322550000000000000e+05
1.342550000000000000e+05
1.362550000000000000e+05
1.392550000000000000e+05
1.412550000000000000e+05
1.432550000000000000e+05
1.452550000000000000e+05
1.472550000000000000e+05
1.492550000000000000e+05
1.512550000000000000e+05
1.532550000000000000e+05
1.552550000000000000e+05
1.572550000000000000e+05
1.592550000000000000e+05
1.612550000000000000e+05
1.632550000000000000e+05
1.652550000000000000e+05
1.672550000000000000e+05
1.692550000000000000e+05
1.712550000000000000e+05
1.732550000000000000e+05
1.752550000000000000e+05
1.772550000000000000e+05
1.801780000000000000e+05
1.821780000000000000e+05
1.838910000000000000e+05
1.860110000000000000e+05
1.877010000000000000e+05
1.897010000000000000e+05
1.924370000000000000e+05
1.944370000000000000e+05
1.964370000000000000e+05
1.984370000000000000e+05
2.004370000000000000e+05
2.024370000000000000e+05
2.044370000000000000e+05
2.064370000000000000e+05
2.084370000000000000e+05
2.104370000000000000e+05
2.124370000000000000e+05
2.144370000000000000e+05
2.164370000000000000e+05
2.184370000000000000e+05
2.204370000000000000e+05
2.224370000000000000e+05
2.244370000000000000e+05
2.264370000000000000e+05
2.284370000000000000e+05
2.304370000000000000e+05
2.334370000000000000e+05
2.354370000000000000e+05
2.374370000000000000e+05
2.394370000000000000e+05
2.414370000000000000e+05
2.434370000000000000e+05
2.454370000000000000e+05
2.474370000000000000e+05
2.494370000000000000e+05
2.514370000000000000e+05
2.534370000000000000e+05
2.554370000000000000e+05
2.574370000000000000e+05
2.594370000000000000e+05
2.614370000000000000e+05
2.634370000000000000e+05
2.654370000000000000e+05
2.674370000000000000e+05
2.694370000000000000e+05
2.714370000000000000e+05
2.734370000000000000e+05
2.764370000000000000e+05
2.784370000000000000e+05
2.804370000000000000e+05
2.824370000000000000e+05
2.844370000000000000e+05
2.864370000000000000e+05
2.884370000000000000e+05
2.904370000000000000e+05
2.924370000000000000e+05
2.944370000000000000e+05
2.964370000000000000e+05
2.984370000000000000e+05
3.004370000000000000e+05
3.024370000000000000e+05
3.044370000000000000e+05
3.064370000000000000e+05
3.084370000000000000e+05
3.104370000000000000e+05
3.124370000000000000e+05
3.144370000000000000e+05
3.174370000000000000e+05
3.194370000000000000e+05
3.214370000000000000e+05
3.234370000000000000e+05
3.254370000000000000e+05
3.274370000000000000e+05
3.294370000000000000e+05
3.314370000000000000e+05
3.334370000000000000e+05
3.354370000000000000e+05
3.374370000000000000e+05
3.394370000000000000e+05
3.414370000000000000e+05
3.434370000000000000e+05
3.454370000000000000e+05
3.474370000000000000e+05
3.494370000000000000e+05
3.514370000000000000e+05
3.534370000000000000e+05
3.554370000000000000e+05
3.574370000000000000e+05
3.604370000000000000e+05
3.624370000000000000e+05
3.644370000000000000e+05
3.664370000000000000e+05
3.684370000000000000e+05
3.704370000000000000e+05
3.724370000000000000e+05
3.744370000000000000e+05
3.764370000000000000e+05
3.784370000000000000e+05
3.804370000000000000e+05
3.824370000000000000e+05
3.844370000000000000e+05
3.864370000000000000e+05
3.884370000000000000e+05
3.904370000000000000e+05
3.924370000000000000e+05
3.944370000000000000e+05
3.964370000000000000e+05
3.984370000000000000e+05
4.004370000000000000e+05
4.034370000000000000e+05
4.054370000000000000e+05
4.074370000000000000e+05
4.094370000000000000e+05
4.114370000000000000e+05
4.134370000000000000e+05
4.154370000000000000e+05
4.174370000000000000e+05
4.194370000000000000e+05
4.214370000000000000e+05
4.234370000000000000e+05
4.254370000000000000e+05
4.274370000000000000e+05
4.294370000000000000e+05
4.314370000000000000e+05
4.334370000000000000e+05
4.354370000000000000e+05
4.374370000000000000e+05
4.394370000000000000e+05
4.414370000000000000e+05
4.434370000000000000e+05
4.464370000000000000e+05
4.484370000000000000e+05
4.504370000000000000e+05
4.524370000000000000e+05
4.544370000000000000e+05
4.564370000000000000e+05
4.584370000000000000e+05
4.604370000000000000e+05
4.624370000000000000e+05
4.644370000000000000e+05
4.664370000000000000e+05
4.684370000000000000e+05
4.704370000000000000e+05
4.724370000000000000e+05
4.744370000000000000e+05
4.764370000000000000e+05
4.784370000000000000e+05
4.804370000000000000e+05
4.824370000000000000e+05
4.844370000000000000e+05
4.864370000000000000e+05
4.894370000000000000e+05
4.914370000000000000e+05
4.934370000000000000e+05
4.954370000000000000e+05
4.974370000000000000e+05
4.994370000000000000e+05
5.014370000000000000e+05
5.034370000000000000e+05
5.054370000000000000e+05
5.074370000000000000e+05
5.094370000000000000e+05
5.114370000000000000e+05
5.134370000000000000e+05
5.154370000000000000e+05
5.174370000000000000e+05
5.194370000000000000e+05
5.214370000000000000e+05
5.234370000000000000e+05
5.254370000000000000e+05
5.274370000000000000e+05
5.294370000000000000e+05
5.324370000000000000e+05
5.344370000000000000e+05
5.364370000000000000e+05
5.384370000000000000e+05
5.404370000000000000e+05
5.424370000000000000e+05
5.444370000000000000e+05
5.464370000000000000e+05
5.484370000000000000e+05
5.504370000000000000e+05
5.524370000000000000e+05
5.544370000000000000e+05
5.564370000000000000e+05
5.581940000000000000e+05
5.601940000000000000e+05
5.631940000000000000e+05
5.651940000000000000e+05
5.671940000000000000e+05
5.691940000000000000e+05
5.711940000000000000e+05
5.731940000000000000e+05
5.751940000000000000e+05
5.771940000000000000e+05
5.791940000000000000e+05
5.811940000000000000e+05
5.831940000000000000e+05
5.851940000000000000e+05
5.871940000000000000e+05
5.891940000000000000e+05
5.911940000000000000e+05
5.931940000000000000e+05
5.951940000000000000e+05
5.971940000000000000e+05
5.991940000000000000e+05
6.011940000000000000e+05
6.031940000000000000e+05
6.061940000000000000e+05
6.081940000000000000e+05
6.101940000000000000e+05
6.121940000000000000e+05
6.141940000000000000e+05
6.161940000000000000e+05
6.181940000000000000e+05
6.201940000000000000e+05
6.221940000000000000e+05
6.241940000000000000e+05
6.261940000000000000e+05
6.281940000000000000e+05
6.301940000000000000e+05
6.321940000000000000e+05
6.341940000000000000e+05
6.361940000000000000e+05
6.381940000000000000e+05
6.401940000000000000e+05
6.421940000000000000e+05
6.441940000000000000e+05
6.461940000000000000e+05
6.491940000000000000e+05
6.511940000000000000e+05
6.531940000000000000e+05
6.551940000000000000e+05
6.571940000000000000e+05
6.591940000000000000e+05
6.611940000000000000e+05
6.631940000000000000e+05
6.651940000000000000e+05
6.671940000000000000e+05
6.691940000000000000e+05
6.711940000000000000e+05
6.731940000000000000e+05
6.751940000000000000e+05
6.771940000000000000e+05
6.791940000000000000e+05
6.811940000000000000e+05
6.831940000000000000e+05
6.851940000000000000e+05
6.871940000000000000e+05
6.891940000000000000e+05
6.921940000000000000e+05
6.941940000000000000e+05
6.961940000000000000e+05
6.981940000000000000e+05
7.001940000000000000e+05
7.021940000000000000e+05
7.042980000000000000e+05
7.056490000000000000e+05
7.076490000000000000e+05
7.106490000000000000e+05
7.126490000000000000e+05
7.146490000000000000e+05
7.166490000000000000e+05
7.186490000000000000e+05
7.206490000000000000e+05
7.226490000000000000e+05
7.246490000000000000e+05
7.266490000000000000e+05
7.285140000000000000e+05
7.305140000000000000e+05
7.325140000000000000e+05
7.345140000000000000e+05
7.365140000000000000e+05
7.386440000000000000e+05
7.410620000000000000e+05
7.430620000000000000e+05
7.450620000000000000e+05
7.468450000000000000e+05
7.489410000000000000e+05
7.509410000000000000e+05
7.529410000000000000e+05
7.549410000000000000e+05
7.569410000000000000e+05
7.589410000000000000e+05
7.609410000000000000e+05
7.629410000000000000e+05
7.659410000000000000e+05
7.679410000000000000e+05
7.699410000000000000e+05
7.719410000000000000e+05
7.739410000000000000e+05
7.759410000000000000e+05
7.779410000000000000e+05
7.799410000000000000e+05
7.819410000000000000e+05
7.839410000000000000e+05
7.859410000000000000e+05
7.879410000000000000e+05
7.899040000000000000e+05
7.919040000000000000e+05
7.939040000000000000e+05
7.959040000000000000e+05
7.979040000000000000e+05
7.999040000000000000e+05
8.019040000000000000e+05
8.039040000000000000e+05
8.069040000000000000e+05
8.089040000000000000e+05
8.109040000000000000e+05
8.123740000000000000e+05
8.150900000000000000e+05
8.170900000000000000e+05
8.190900000000000000e+05
8.210680000000000000e+05
8.230680000000000000e+05
8.250680000000000000e+05
8.265120000000000000e+05
8.285120000000000000e+05
8.305120000000000000e+05
8.335120000000000000e+05
8.355120000000000000e+05
8.375120000000000000e+05
8.395120000000000000e+05
8.415120000000000000e+05
8.435120000000000000e+05
8.455120000000000000e+05
8.475120000000000000e+05
8.495120000000000000e+05
8.515120000000000000e+05
8.535120000000000000e+05
8.555120000000000000e+05
8.575120000000000000e+05
8.599800000000000000e+05
8.619800000000000000e+05
8.639800000000000000e+05
8.659800000000000000e+05
8.679800000000000000e+05
8.699800000000000000e+05
8.719800000000000000e+05
8.739800000000000000e+05
8.759800000000000000e+05
8.779800000000000000e+05
8.799800000000000000e+05
8.819800000000000000e+05
8.839800000000000000e+05
8.859800000000000000e+05
8.879800000000000000e+05
8.899800000000000000e+05
8.919800000000000000e+05
8.939800000000000000e+05
8.969800000000000000e+05
8.989800000000000000e+05
9.009800000000000000e+05
9.029800000000000000e+05
9.049800000000000000e+05
9.069800000000000000e+05
9.089800000000000000e+05
9.109800000000000000e+05
9.127380000000000000e+05
9.147380000000000000e+05
9.170960000000000000e+05
9.192050000000000000e+05
9.212050000000000000e+05
9.232050000000000000e+05
9.252050000000000000e+05
9.272050000000000000e+05
9.292050000000000000e+05
9.312050000000000000e+05
9.332050000000000000e+05
9.352050000000000000e+05
9.372050000000000000e+05
9.392050000000000000e+05
9.412050000000000000e+05
9.432050000000000000e+05
9.452050000000000000e+05
9.482050000000000000e+05
9.502050000000000000e+05
9.522050000000000000e+05
9.542050000000000000e+05
9.562050000000000000e+05
9.582050000000000000e+05
9.602050000000000000e+05
9.622050000000000000e+05
9.642050000000000000e+05
9.662050000000000000e+05
9.682050000000000000e+05
9.702050000000000000e+05
9.722050000000000000e+05
9.742050000000000000e+05
9.762050000000000000e+05
9.782050000000000000e+05
9.802050000000000000e+05
9.822050000000000000e+05
9.842050000000000000e+05
9.862050000000000000e+05
9.882050000000000000e+05
9.912050000000000000e+05
9.932050000000000000e+05
9.952050000000000000e+05
9.972050000000000000e+05
9.992050000000000000e+05
1.001205000000000000e+06
1.003205000000000000e+06
1.005205000000000000e+06
1.007205000000000000e+06
1.009205000000000000e+06
1.011205000000000000e+06
1.013205000000000000e+06
1.015205000000000000e+06
1.017205000000000000e+06
1.019205000000000000e+06
1.021205000000000000e+06
1.023205000000000000e+06
1.025205000000000000e+06
1.027205000000000000e+06
1.029205000000000000e+06
1.031205000000000000e+06
1.034205000000000000e+06
1.036205000000000000e+06
1.038205000000000000e+06
1.040205000000000000e+06
1.042205000000000000e+06
1.044205000000000000e+06
1.046205000000000000e+06
1.048205000000000000e+06
1.050205000000000000e+06
1.052205000000000000e+06
1.054205000000000000e+06
1.056205000000000000e+06
1.058205000000000000e+06
1.060205000000000000e+06
1.062205000000000000e+06
1.064205000000000000e+06
1.066205000000000000e+06
1.068205000000000000e+06
1.070205000000000000e+06
1.072205000000000000e+06
1.074205000000000000e+06
1.076513000000000000e+06
1.078513000000000000e+06
1.080513000000000000e+06
1.082513000000000000e+06
1.084513000000000000e+06
1.086513000000000000e+06
1.089513000000000000e+06
1.091513000000000000e+06
1.093513000000000000e+06
1.095513000000000000e+06
1.097513000000000000e+06
1.099513000000000000e+06
1.101513000000000000e+06
1.103513000000000000e+06
1.105513000000000000e+06
1.107513000000000000e+06
1.109513000000000000e+06
1.111513000000000000e+06
1.113513000000000000e+06
1.115513000000000000e+06
1.117513000000000000e+06
1.119513000000000000e+06
1.121513000000000000e+06
1.123513000000000000e+06
1.125513000000000000e+06
1.127513000000000000e+06
1.129513000000000000e+06
1.132513000000000000e+06
1.134513000000000000e+06
1.136513000000000000e+06
1.138513000000000000e+06
1.140513000000000000e+06
1.142513000000000000e+06
1.144513000000000000e+06
1.146513000000000000e+06
1.148513000000000000e+06
1.150513000000000000e+06
1.152513000000000000e+06
1.154513000000000000e+06
1.156513000000000000e+06
1.158513000000000000e+06
1.160513000000000000e+06
1.162513000000000000e+06
1.164513000000000000e+06
1.166513000000000000e+06
1.168513000000000000e+06
1.170513000000000000e+06
1.172513000000000000e+06
1.175513000000000000e+06
1.177513000000000000e+06
1.179513000000000000e+06
1.181513000000000000e+06
1.183513000000000000e+06
1.185513000000000000e+06
1.187513000000000000e+06
1.189513000000000000e+06
1.191513000000000000e+06
1.193513000000000000e+06
1.195513000000000000e+06
1.197513000000000000e+06
1.199513000000000000e+06
1.201513000000000000e+06
1.203513000000000000e+06
1.205513000000000000e+06
1.207513000000000000e+06
1.209513000000000000e+06
1.211513000000000000e+06
1.213513000000000000e+06
1.215513000000000000e+06
1.218513000000000000e+06
1.220513000000000000e+06
1.222513000000000000e+06
1.224513000000000000e+06
1.226513000000000000e+06
1.228513000000000000e+06
1.230513000000000000e+06
1.232513000000000000e+06
1.234513000000000000e+06
1.236513000000000000e+06
1.238513000000000000e+06
1.240513000000000000e+06
1.242513000000000000e+06
1.244513000000000000e+06
1.246513000000000000e+06
1.248513000000000000e+06
1.250513000000000000e+06
1.252513000000000000e+06
1.254513000000000000e+06
1.256513000000000000e+06
1.259513000000000000e+06
1.261513000000000000e+06
1.263513000000000000e+06
1.265513000000000000e+06
1.267513000000000000e+06
1.269513000000000000e+06
1.271513000000000000e+06
1.273513000000000000e+06
1.275513000000000000e+06
1.277513000000000000e+06
1.279513000000000000e+06
1.281513000000000000e+06
1.283513000000000000e+06
1.285513000000000000e+06
1.287513000000000000e+06
1.289513000000000000e+06
1.291513000000000000e+06
1.293513000000000000e+06
1.295513000000000000e+06
1.297513000000000000e+06
1.299513000000000000e+06
1.302513000000000000e+06
1.304513000000000000e+06
1.306513000000000000e+06
1.308513000000000000e+06
1.310513000000000000e+06
1.312513000000000000e+06
1.314513000000000000e+06
1.316513000000000000e+06
1.318513000000000000e+06
1.320513000000000000e+06
1.322513000000000000e+06
1.324513000000000000e+06
1.326490000000000000e+06
1.328905000000000000e+06
1.331075000000000000e+06
1.333075000000000000e+06
1.335075000000000000e+06
1.337075000000000000e+06
1.339075000000000000e+06
1.341075000000000000e+06
1.343075000000000000e+06
1.345075000000000000e+06
1.347075000000000000e+06
1.349075000000000000e+06
1.351075000000000000e+06
1.353075000000000000e+06
1.355075000000000000e+06
1.357075000000000000e+06
1.359075000000000000e+06
1.361075000000000000e+06
1.363075000000000000e+06
1.365075000000000000e+06
1.367075000000000000e+06
1.370075000000000000e+06
1.372075000000000000e+06
1.374075000000000000e+06
1.376075000000000000e+06
1.378075000000000000e+06
1.380075000000000000e+06
1.382075000000000000e+06
1.384075000000000000e+06
1.386075000000000000e+06
1.388075000000000000e+06
1.390075000000000000e+06
1.392075000000000000e+06
1.394075000000000000e+06
1.396347000000000000e+06
1.397815000000000000e+06
1.400815000000000000e+06
1.402815000000000000e+06
1.404815000000000000e+06
1.406815000000000000e+06
1.408815000000000000e+06
1.410815000000000000e+06
1.412815000000000000e+06
1.414815000000000000e+06
1.416815000000000000e+06
1.418815000000000000e+06
1.420815000000000000e+06
1.422815000000000000e+06
1.424815000000000000e+06
1.426815000000000000e+06
1.428815000000000000e+06
1.430815000000000000e+06
1.432815000000000000e+06
1.434815000000000000e+06
1.436815000000000000e+06
1.438815000000000000e+06
1.440815000000000000e+06
1.443815000000000000e+06
1.445815000000000000e+06
1.447815000000000000e+06
1.449815000000000000e+06
1.451815000000000000e+06
1.453815000000000000e+06
1.455815000000000000e+06
1.457815000000000000e+06
1.459815000000000000e+06
1.461815000000000000e+06
1.463815000000000000e+06
1.465815000000000000e+06
1.467815000000000000e+06
1.469815000000000000e+06
1.471815000000000000e+06
1.473815000000000000e+06
1.475815000000000000e+06
1.477815000000000000e+06
1.479815000000000000e+06
1.481815000000000000e+06
1.483815000000000000e+06
1.486815000000000000e+06
1.488815000000000000e+06
1.490815000000000000e+06
1.492815000000000000e+06
1.494815000000000000e+06
1.496815000000000000e+06
1.498815000000000000e+06
1.500815000000000000e+06
1.502815000000000000e+06
1.504815000000000000e+06
1.506815000000000000e+06
1.508815000000000000e+06
1.510815000000000000e+06
1.512815000000000000e+06
1.514815000000000000e+06
1.516815000000000000e+06
1.518815000000000000e+06
1.520815000000000000e+06
1.522815000000000000e+06
1.524815000000000000e+06
1.526815000000000000e+06
1.529815000000000000e+06
1.531815000000000000e+06
1.533815000000000000e+06
1.535815000000000000e+06
1.537815000000000000e+06
1.539815000000000000e+06
1.541815000000000000e+06
1.543815000000000000e+06
1.545688000000000000e+06
1.547688000000000000e+06
1.549688000000000000e+06
1.551688000000000000e+06
1.553688000000000000e+06
1.555688000000000000e+06
1.557688000000000000e+06
1.559688000000000000e+06
1.561688000000000000e+06
1.563688000000000000e+06
1.566688000000000000e+06
1.568688000000000000e+06
1.570688000000000000e+06
1.572688000000000000e+06
1.574688000000000000e+06
1.576688000000000000e+06
1.578688000000000000e+06
1.580688000000000000e+06
1.582688000000000000e+06
1.584688000000000000e+06
1.586688000000000000e+06
1.588688000000000000e+06
1.590688000000000000e+06
1.592688000000000000e+06
1.594688000000000000e+06
1.596688000000000000e+06
1.598688000000000000e+06
1.600688000000000000e+06
1.602688000000000000e+06
1.604688000000000000e+06
1.606688000000000000e+06
1.609688000000000000e+06
1.611688000000000000e+06
1.613688000000000000e+06
1.615688000000000000e+06
1.617688000000000000e+06
1.619688000000000000e+06
1.621688000000000000e+06
1.623688000000000000e+06
1.625688000000000000e+06
1.627688000000000000e+06
1.629688000000000000e+06
1.631793000000000000e+06
1.633793000000000000e+06
1.635793000000000000e+06
1.637793000000000000e+06
1.639793000000000000e+06
1.641793000000000000e+06
1.643793000000000000e+06
1.645793000000000000e+06
1.647793000000000000e+06
1.649793000000000000e+06
1.651793000000000000e+06
1.653793000000000000e+06
1.656793000000000000e+06
1.658793000000000000e+06
1.660793000000000000e+06
1.662793000000000000e+06
1.664793000000000000e+06
1.666793000000000000e+06
1.668793000000000000e+06
1.670793000000000000e+06
1.672793000000000000e+06
1.674793000000000000e+06
1.676793000000000000e+06
1.678793000000000000e+06
1.680793000000000000e+06
1.682793000000000000e+06
1.684793000000000000e+06
1.686793000000000000e+06
1.688793000000000000e+06
1.690793000000000000e+06
1.692793000000000000e+06
1.694793000000000000e+06
1.696793000000000000e+06
1.699793000000000000e+06
1.701793000000000000e+06
1.703793000000000000e+06
1.705793000000000000e+06
1.707793000000000000e+06
1.709793000000000000e+06
1.711793000000000000e+06
1.713793000000000000e+06
1.715793000000000000e+06
1.717793000000000000e+06
1.719793000000000000e+06
1.721793000000000000e+06
1.723793000000000000e+06
1.725793000000000000e+06
1.727793000000000000e+06
1.729793000000000000e+06
1.731793000000000000e+06
1.733793000000000000e+06
1.735793000000000000e+06
1.737793000000000000e+06
1.740793000000000000e+06
1.742793000000000000e+06
1.744793000000000000e+06
1.746793000000000000e+06
1.748793000000000000e+06
1.750793000000000000e+06
1.752793000000000000e+06
1.754793000000000000e+06
1.756793000000000000e+06
1.758793000000000000e+06
1.760793000000000000e+06
1.762793000000000000e+06
1.764793000000000000e+06
1.766793000000000000e+06
1.768793000000000000e+06
1.770793000000000000e+06
1.772793000000000000e+06
1.774793000000000000e+06
1.776793000000000000e+06
1.778793000000000000e+06
1.780793000000000000e+06
1.783793000000000000e+06
1.785793000000000000e+06
1.787793000000000000e+06
1.789793000000000000e+06
1.791793000000000000e+06
1.793793000000000000e+06
1.795793000000000000e+06
1.797793000000000000e+06
1.799793000000000000e+06
1.801793000000000000e+06
1.803793000000000000e+06
1.805793000000000000e+06
1.807793000000000000e+06
1.809793000000000000e+06
1.811793000000000000e+06
1.813793000000000000e+06
1.815793000000000000e+06
1.817793000000000000e+06
1.819793000000000000e+06
1.821793000000000000e+06
1.823793000000000000e+06
1.826793000000000000e+06
1.828793000000000000e+06
1.830793000000000000e+06
1.832793000000000000e+06
1.834793000000000000e+06
1.836793000000000000e+06
1.838793000000000000e+06
1.840793000000000000e+06
1.842793000000000000e+06
1.844793000000000000e+06
1.846793000000000000e+06
1.848793000000000000e+06
1.850793000000000000e+06
1.852793000000000000e+06
1.854793000000000000e+06
1.856793000000000000e+06
1.858793000000000000e+06
1.860793000000000000e+06
1.862793000000000000e+06
1.864793000000000000e+06
1.866793000000000000e+06
1.869793000000000000e+06
1.871793000000000000e+06
1.873793000000000000e+06
1.875793000000000000e+06
1.877793000000000000e+06
1.879793000000000000e+06
1.881793000000000000e+06
1.883793000000000000e+06
1.885793000000000000e+06
1.887793000000000000e+06
1.889793000000000000e+06
1.891793000000000000e+06
1.893793000000000000e+06
1.895793000000000000e+06
1.897793000000000000e+06
1.899793000000000000e+06
1.901793000000000000e+06
1.903793000000000000e+06
1.905793000000000000e+06
1.907793000000000000e+06
1.909793000000000000e+06
1.912793000000000000e+06
1.914793000000000000e+06
1.916793000000000000e+06
1.918793000000000000e+06
1.920793000000000000e+06
1.922793000000000000e+06
1.924793000000000000e+06
1.926793000000000000e+06
1.928793000000000000e+06
1.930793000000000000e+06
1.932793000000000000e+06
1.934793000000000000e+06
1.936793000000000000e+06
1.938793000000000000e+06
1.940793000000000000e+06
1.942793000000000000e+06
1.944793000000000000e+06
1.946793000000000000e+06
1.948793000000000000e+06
1.950793000000000000e+06
1.952793000000000000e+06
1.955793000000000000e+06
1.957793000000000000e+06
1.959793000000000000e+06
1.961793000000000000e+06
1.963793000000000000e+06
1.965793000000000000e+06
1.967793000000000000e+06
1.969793000000000000e+06
1.971793000000000000e+06
1.973793000000000000e+06
1.975793000000000000e+06
1.977793000000000000e+06
1.979793000000000000e+06
1.981793000000000000e+06
1.983793000000000000e+06
1.985793000000000000e+06
1.987793000000000000e+06
1.989793000000000000e+06
1.991793000000000000e+06
1.993793000000000000e+06
1.996793000000000000e+06
1.998793000000000000e+06
2.000793000000000000e+06
