2.045000000000000000e+03
4.093000000000000000e+03
6.139000000000000000e+03
8.191000000000000000e+03
1.023400000000000000e+04
1.228800000000000000e+04
1.433400000000000000e+04
1.637400000000000000e+04
1.842800000000000000e+04
2.047000000000000000e+04
2.251600000000000000e+04
2.456100000000000000e+04
2.661200000000000000e+04
2.865900000000000000e+04
3.070000000000000000e+04
3.276400000000000000e+04
3.481000000000000000e+04
3.683600000000000000e+04
3.889300000000000000e+04
4.092000000000000000e+04
4.298000000000000000e+04
4.505300000000000000e+04
4.709500000000000000e+04
4.913800000000000000e+04
5.119600000000000000e+04
5.324100000000000000e+04
5.526700000000000000e+04
5.733300000000000000e+04
5.936900000000000000e+04
6.143400000000000000e+04
6.344700000000000000e+04
6.542900000000000000e+04
6.758000000000000000e+04
6.961900000000000000e+04
7.164200000000000000e+04
7.367900000000000000e+04
7.573000000000000000e+04
7.781400000000000000e+04
7.972700000000000000e+04
8.181900000000000000e+04
8.390800000000000000e+04
8.595600000000000000e+04
8.799300000000000000e+04
9.010700000000000000e+04
9.213800000000000000e+04
9.416200000000000000e+04
9.618800000000000000e+04
9.825800000000000000e+04
1.002500000000000000e+05
1.023930000000000000e+05
1.042170000000000000e+05
1.063890000000000000e+05
1.085060000000000000e+05
1.104790000000000000e+05
1.126040000000000000e+05
1.146820000000000000e+05
1.166440000000000000e+05
1.186530000000000000e+05
1.204100000000000000e+05
1.227740000000000000e+05
1.243990000000000000e+05
1.268880000000000000e+05
1.288010000000000000e+05
1.308930000000000000e+05
1.329360000000000000e+05
1.351160000000000000e+05
1.366960000000000000e+05
1.385840000000000000e+05
1.405140000000000000e+05
1.426210000000000000e+05
1.454060000000000000e+05
1.472080000000000000e+05
1.490670000000000000e+05
1.515290000000000000e+05
1.530010000000000000e+05
1.556260000000000000e+05
1.576510000000000000e+05
1.596490000000000000e+05
1.615510000000000000e+05
1.638050000000000000e+05
1.656500000000000000e+05
1.679090000000000000e+05
1.699090000000000000e+05
1.715630000000000000e+05
1.737940000000000000e+05
1.753830000000000000e+05
1.777900000000000000e+05
1.798280000000000000e+05
1.822720000000000000e+05
1.842720000000000000e+05
1.862310000000000000e+05
1.875890000000000000e+05
1.895890000000000000e+05
1.919830000000000000e+05
1.939720000000000000e+05
1.960410000000000000e+05
1.983780000000000000e+05
2.002790000000000000e+05
2.024510000000000000e+05
2.044760000000000000e+05
2.059530000000000000e+05
2.079530000000000000e+05
2.100740000000000000e+05
2.120740000000000000e+05
2.146310000000000000e+05
2.169490000000000000e+05
2.187660000000000000e+05
2.202440000000000000e+05
2.225260000000000000e+05
2.247860000000000000e+05
2.267860000000000000e+05
2.287860000000000000e+05
2.312410000000000000e+05
2.332410000000000000e+05
2.352890000000000000e+05
2.372960000000000000e+05
2.388630000000000000e+05
2.408610000000000000e+05
2.432650000000000000e+05
2.451480000000000000e+05
2.476830000000000000e+05
2.491940000000000000e+05
2.517850000000000000e+05
2.534420000000000000e+05
2.559270000000000000e+05
2.573270000000000000e+05
2.591180000000000000e+05
2.614910000000000000e+05
2.638430000000000000e+05
2.658430000000000000e+05
2.682750000000000000e+05
2.696160000000000000e+05
2.716160000000000000e+05
2.736160000000000000e+05
2.755850000000000000e+05
2.775850000000000000e+05
2.800880000000000000e+05
2.823250000000000000e+05
2.841140000000000000e+05
2.860910000000000000e+05
2.887180000000000000e+05
2.902940000000000000e+05
2.921260000000000000e+05
2.943040000000000000e+05
2.964460000000000000e+05
2.989900000000000000e+05
3.009870000000000000e+05
3.025700000000000000e+05
3.042290000000000000e+05
3.062680000000000000e+05
3.088020000000000000e+05
3.108290000000000000e+05
3.128890000000000000e+05
3.148620000000000000e+05
3.168620000000000000e+05
3.188620000000000000e+05
3.215250000000000000e+05
3.235660000000000000e+05
3.255660000000000000e+05
3.268910000000000000e+05
3.287560000000000000e+05
3.316330000000000000e+05
3.334780000000000000e+05
3.355080000000000000e+05
3.374130000000000000e+05
3.391660000000000000e+05
3.411660000000000000e+05
3.433470000000000000e+05
3.453470000000000000e+05
3.481240000000000000e+05
3.494570000000000000e+05
3.518850000000000000e+05
3.538850000000000000e+05
3.560860000000000000e+05
3.580860000000000000e+05
3.600860000000000000e+05
3.620860000000000000e+05
3.641410000000000000e+05
3.661770000000000000e+05
3.682980000000000000e+05
3.702980000000000000e+05
3.721960000000000000e+05
3.741960000000000000e+05
3.761960000000000000e+05
3.781960000000000000e+05
3.801960000000000000e+05
3.827690000000000000e+05
3.847690000000000000e+05
3.867690000000000000e+05
3.888530000000000000e+05
3.908530000000000000e+05
3.928530000000000000e+05
3.948530000000000000e+05
3.968530000000000000e+05
3.988530000000000000e+05
4.006600000000000000e+05
4.033900000000000000e+05
4.052170000000000000e+05
4.072170000000000000e+05
4.092170000000000000e+05
4.110820000000000000e+05
4.136790000000000000e+05
4.152730000000000000e+05
4.172810000000000000e+05
4.197100000000000000e+05
4.217100000000000000e+05
4.237100000000000000e+05
4.257100000000000000e+05
4.280100000000000000e+05
4.296560000000000000e+05
4.316560000000000000e+05
4.340310000000000000e+05
4.360310000000000000e+05
4.380310000000000000e+05
4.400310000000000000e+05
4.420310000000000000e+05
4.440310000000000000e+05
4.460310000000000000e+05
4.480310000000000000e+05
4.500500000000000000e+05
4.520500000000000000e+05
4.544540000000000000e+05
4.560060000000000000e+05
4.580060000000000000e+05
4.600060000000000000e+05
4.620060000000000000e+05
4.640060000000000000e+05
4.660060000000000000e+05
4.680060000000000000e+05
4.710060000000000000e+05
4.730060000000000000e+05
4.750060000000000000e+05
4.770060000000000000e+05
4.790060000000000000e+05
4.810060000000000000e+05
4.830060000000000000e+05
4.845120000000000000e+05
4.865120000000000000e+05
4.885120000000000000e+05
4.915120000000000000e+05
4.935120000000000000e+05
4.955120000000000000e+05
4.975120000000000000e+05
4.995120000000000000e+05
5.017240000000000000e+05
5.037240000000000000e+05
5.057240000000000000e+05
5.077240000000000000e+05
5.097240000000000000e+05
5.117240000000000000e+05
5.137240000000000000e+05
5.154920000000000000e+05
5.174920000000000000e+05
5.194920000000000000e+05
5.215280000000000000e+05
5.235280000000000000e+05
5.255280000000000000e+05
5.277490000000000000e+05
5.297490000000000000e+05
5.317490000000000000e+05
5.337490000000000000e+05
5.357490000000000000e+05
5.377490000000000000e+05
5.397490000000000000e+05
5.417490000000000000e+05
5.447490000000000000e+05
5.467490000000000000e+05
5.487490000000000000e+05
5.507490000000000000e+05
5.527490000000000000e+05
5.547490000000000000e+05
5.567490000000000000e+05
5.587490000000000000e+05
5.607490000000000000e+05
5.627490000000000000e+05
5.643530000000000000e+05
5.663530000000000000e+05
5.687470000000000000e+05
5.707860000000000000e+05
5.726620000000000000e+05
5.746620000000000000e+05
5.775230000000000000e+05
5.788470000000000000e+05
5.807110000000000000e+05
5.827110000000000000e+05
5.857110000000000000e+05
5.877110000000000000e+05
5.895190000000000000e+05
5.915190000000000000e+05
5.935190000000000000e+05
5.955190000000000000e+05
5.975190000000000000e+05
5.995190000000000000e+05
6.015190000000000000e+05
6.035190000000000000e+05
6.055190000000000000e+05
6.075190000000000000e+05
6.102380000000000000e+05
6.121480000000000000e+05
6.141480000000000000e+05
6.158280000000000000e+05
6.178280000000000000e+05
6.198280000000000000e+05
6.218280000000000000e+05
6.245790000000000000e+05
6.265790000000000000e+05
6.286320000000000000e+05
6.306320000000000000e+05
6.326320000000000000e+05
6.346320000000000000e+05
6.366320000000000000e+05
6.386320000000000000e+05
6.406320000000000000e+05
6.426320000000000000e+05
6.446320000000000000e+05
6.466320000000000000e+05
6.485170000000000000e+05
6.505170000000000000e+05
6.525170000000000000e+05
6.545170000000000000e+05
6.565170000000000000e+05
6.585170000000000000e+05
6.605170000000000000e+05
6.635170000000000000e+05
6.655170000000000000e+05
6.675170000000000000e+05
6.688400000000000000e+05
6.708400000000000000e+05
6.728510000000000000e+05
6.748510000000000000e+05
6.778510000000000000e+05
6.798510000000000000e+05
6.818510000000000000e+05
6.838510000000000000e+05
6.858510000000000000e+05
6.878510000000000000e+05
6.898510000000000000e+05
6.918510000000000000e+05
6.938660000000000000e+05
6.958660000000000000e+05
6.978660000000000000e+05
6.998660000000000000e+05
7.023510000000000000e+05
7.043510000000000000e+05
7.063510000000000000e+05
7.083510000000000000e+05
7.103510000000000000e+05
7.123510000000000000e+05
7.143510000000000000e+05
7.163510000000000000e+05
7.183510000000000000e+05
7.203510000000000000e+05
7.223510000000000000e+05
7.243510000000000000e+05
7.263510000000000000e+05
7.283510000000000000e+05
7.303510000000000000e+05
7.323510000000000000e+05
7.343510000000000000e+05
7.363510000000000000e+05
7.389510000000000000e+05
7.411360000000000000e+05
7.431360000000000000e+05
7.451360000000000000e+05
7.474420000000000000e+05
7.493950000000000000e+05
7.513950000000000000e+05
7.533950000000000000e+05
7.556870000000000000e+05
7.576870000000000000e+05
7.597190000000000000e+05
7.617190000000000000e+05
7.637190000000000000e+05
7.657190000000000000e+05
7.674980000000000000e+05
7.694980000000000000e+05
7.718800000000000000e+05
7.738800000000000000e+05
7.761820000000000000e+05
7.781820000000000000e+05
7.801700000000000000e+05
7.821700000000000000e+05
7.841700000000000000e+05
7.862440000000000000e+05
7.876240000000000000e+05
7.896240000000000000e+05
7.920370000000000000e+05
7.941700000000000000e+05
7.961700000000000000e+05
7.981770000000000000e+05
8.001770000000000000e+05
8.021770000000000000e+05
8.041770000000000000e+05
8.060290000000000000e+05
8.089570000000000000e+05
8.109570000000000000e+05
8.129570000000000000e+05
8.149570000000000000e+05
8.169570000000000000e+05
8.189250000000000000e+05
8.206960000000000000e+05
8.229820000000000000e+05
8.249820000000000000e+05
8.269820000000000000e+05
8.289820000000000000e+05
8.310400000000000000e+05
8.330520000000000000e+05
8.350520000000000000e+05
8.370520000000000000e+05
8.390520000000000000e+05
8.413330000000000000e+05
8.433330000000000000e+05
8.453330000000000000e+05
8.473330000000000000e+05
8.493330000000000000e+05
8.513330000000000000e+05
8.533330000000000000e+05
8.553330000000000000e+05
8.580670000000000000e+05
8.600670000000000000e+05
8.615420000000000000e+05
8.642290000000000000e+05
8.662290000000000000e+05
8.676940000000000000e+05
8.696940000000000000e+05
8.716940000000000000e+05
8.736940000000000000e+05
8.756940000000000000e+05
8.776940000000000000e+05
8.796940000000000000e+05
8.816940000000000000e+05
8.846940000000000000e+05
8.866940000000000000e+05
8.885570000000000000e+05
8.905570000000000000e+05
8.925570000000000000e+05
8.940510000000000000e+05
8.960510000000000000e+05
8.990510000000000000e+05
9.010510000000000000e+05
9.030510000000000000e+05
9.050510000000000000e+05
9.070510000000000000e+05
9.090510000000000000e+05
9.110510000000000000e+05
9.130510000000000000e+05
9.145220000000000000e+05
9.165220000000000000e+05
9.195220000000000000e+05
9.215220000000000000e+05
9.235220000000000000e+05
9.255220000000000000e+05
9.275220000000000000e+05
9.295220000000000000e+05
9.315220000000000000e+05
9.335220000000000000e+05
9.355220000000000000e+05
9.375220000000000000e+05
9.395220000000000000e+05
9.415220000000000000e+05
9.435220000000000000e+05
9.455220000000000000e+05
9.479720000000000000e+05
9.499720000000000000e+05
9.519720000000000000e+05
9.538570000000000000e+05
9.558570000000000000e+05
9.579110000000000000e+05
9.599110000000000000e+05
9.619110000000000000e+05
9.639110000000000000e+05
9.659110000000000000e+05
9.677160000000000000e+05
9.707160000000000000e+05
9.727610000000000000e+05
9.742160000000000000e+05
9.762160000000000000e+05
9.788400000000000000e+05
9.801410000000000000e+05
9.821410000000000000e+05
9.847410000000000000e+05
9.867410000000000000e+05
9.887410000000000000e+05
9.907410000000000000e+05
9.927410000000000000e+05
9.947410000000000000e+05
9.967410000000000000e+05
9.987410000000000000e+05
1.000741000000000000e+06
1.002960000000000000e+06
1.004960000000000000e+06
1.006960000000000000e+06
1.008960000000000000e+06
1.010973000000000000e+06
1.012973000000000000e+06
1.014973000000000000e+06
1.016973000000000000e+06
1.018973000000000000e+06
1.020973000000000000e+06
1.023973000000000000e+06
1.025973000000000000e+06
1.027973000000000000e+06
1.029973000000000000e+06
1.031973000000000000e+06
1.033973000000000000e+06
1.035973000000000000e+06
1.037973000000000000e+06
1.039973000000000000e+06
1.041973000000000000e+06
1.043973000000000000e+06
1.045973000000000000e+06
1.047973000000000000e+06
1.049973000000000000e+06
1.051973000000000000e+06
1.054079000000000000e+06
1.056079000000000000e+06
1.058079000000000000e+06
1.060079000000000000e+06
1.062079000000000000e+06
1.064079000000000000e+06
1.066079000000000000e+06
1.068079000000000000e+06
1.071079000000000000e+06
1.073079000000000000e+06
1.075079000000000000e+06
1.077079000000000000e+06
1.079079000000000000e+06
1.081079000000000000e+06
1.083079000000000000e+06
1.085079000000000000e+06
1.087079000000000000e+06
1.089079000000000000e+06
1.091079000000000000e+06
1.093079000000000000e+06
1.095079000000000000e+06
1.097079000000000000e+06
1.099079000000000000e+06
1.101079000000000000e+06
1.103079000000000000e+06
1.105079000000000000e+06
1.107079000000000000e+06
1.109079000000000000e+06
1.111079000000000000e+06
1.114079000000000000e+06
1.116079000000000000e+06
1.118079000000000000e+06
1.120079000000000000e+06
1.122079000000000000e+06
1.124079000000000000e+06
1.126090000000000000e+06
1.128090000000000000e+06
1.130090000000000000e+06
1.132090000000000000e+06
1.134090000000000000e+06
1.136090000000000000e+06
1.138090000000000000e+06
1.140090000000000000e+06
1.142090000000000000e+06
1.144090000000000000e+06
1.146090000000000000e+06
1.148090000000000000e+06
1.150090000000000000e+06
1.152090000000000000e+06
1.154090000000000000e+06
1.157090000000000000e+06
1.159090000000000000e+06
1.161090000000000000e+06
1.163090000000000000e+06
1.165090000000000000e+06
1.167090000000000000e+06
1.169090000000000000e+06
1.170653000000000000e+06
1.173045000000000000e+06
1.175045000000000000e+06
1.177045000000000000e+06
1.179045000000000000e+06
1.181045000000000000e+06
1.183045000000000000e+06
1.185045000000000000e+06
1.187045000000000000e+06
1.189045000000000000e+06
1.191045000000000000e+06
1.193045000000000000e+06
1.195045000000000000e+06
1.198045000000000000e+06
1.200045000000000000e+06
1.202045000000000000e+06
1.204045000000000000e+06
1.206045000000000000e+06
1.208045000000000000e+06
1.210045000000000000e+06
1.212045000000000000e+06
1.214045000000000000e+06
1.216045000000000000e+06
1.218045000000000000e+06
1.220045000000000000e+06
1.222045000000000000e+06
1.224045000000000000e+06
1.226045000000000000e+06
1.228045000000000000e+06
1.230045000000000000e+06
1.232045000000000000e+06
1.234045000000000000e+06
1.236045000000000000e+06
1.238045000000000000e+06
1.241045000000000000e+06
1.243045000000000000e+06
1.245045000000000000e+06
1.247045000000000000e+06
1.249045000000000000e+06
1.251045000000000000e+06
1.253045000000000000e+06
1.255045000000000000e+06
1.257045000000000000e+06
1.259045000000000000e+06
1.261045000000000000e+06
1.263045000000000000e+06
1.265045000000000000e+06
1.267045000000000000e+06
1.269045000000000000e+06
1.271045000000000000e+06
1.273045000000000000e+06
1.275045000000000000e+06
1.277045000000000000e+06
1.279045000000000000e+06
1.282045000000000000e+06
1.284045000000000000e+06
1.286045000000000000e+06
1.288045000000000000e+06
1.290045000000000000e+06
1.292045000000000000e+06
1.294045000000000000e+06
1.296045000000000000e+06
1.298045000000000000e+06
1.300045000000000000e+06
1.302160000000000000e+06
1.304160000000000000e+06
1.306160000000000000e+06
1.308160000000000000e+06
1.310160000000000000e+06
1.312618000000000000e+06
1.314618000000000000e+06
1.316618000000000000e+06
1.318618000000000000e+06
1.320618000000000000e+06
1.322618000000000000e+06
1.324618000000000000e+06
1.326618000000000000e+06
1.328618000000000000e+06
1.330618000000000000e+06
1.332618000000000000e+06
1.334618000000000000e+06
1.336618000000000000e+06
1.338618000000000000e+06
1.340618000000000000e+06
1.342618000000000000e+06
1.345524000000000000e+06
1.347524000000000000e+06
1.349524000000000000e+06
1.351524000000000000e+06
1.353524000000000000e+06
1.355524000000000000e+06
1.357770000000000000e+06
1.359770000000000000e+06
1.361770000000000000e+06
1.363770000000000000e+06
1.365981000000000000e+06
1.367981000000000000e+06
1.369981000000000000e+06
1.371981000000000000e+06
1.373981000000000000e+06
1.375981000000000000e+06
1.377398000000000000e+06
1.379398000000000000e+06
1.382398000000000000e+06
1.384398000000000000e+06
1.386398000000000000e+06
1.388398000000000000e+06
1.390398000000000000e+06
1.392398000000000000e+06
1.394398000000000000e+06
1.396521000000000000e+06
1.398521000000000000e+06
1.400521000000000000e+06
1.402521000000000000e+06
1.404521000000000000e+06
1.406521000000000000e+06
1.408521000000000000e+06
1.410578000000000000e+06
1.412578000000000000e+06
1.414247000000000000e+06
1.416741000000000000e+06
1.418741000000000000e+06
1.420741000000000000e+06
1.422998000000000000e+06
1.424998000000000000e+06
1.426998000000000000e+06
1.428821000000000000e+06
1.430821000000000000e+06
1.432821000000000000e+06
1.434821000000000000e+06
1.436993000000000000e+06
1.438993000000000000e+06
1.440993000000000000e+06
1.442993000000000000e+06
1.444993000000000000e+06
1.446993000000000000e+06
1.448993000000000000e+06
1.451993000000000000e+06
1.453993000000000000e+06
1.455993000000000000e+06
1.457993000000000000e+06
1.459993000000000000e+06
1.461993000000000000e+06
1.463993000000000000e+06
1.465993000000000000e+06
1.467993000000000000e+06
1.469993000000000000e+06
1.471993000000000000e+06
1.474265000000000000e+06
1.476371000000000000e+06
1.478371000000000000e+06
1.480371000000000000e+06
1.482371000000000000e+06
1.484371000000000000e+06
1.486371000000000000e+06
1.488181000000000000e+06
1.490181000000000000e+06
1.492218000000000000e+06
1.494218000000000000e+06
1.496218000000000000e+06
1.498264000000000000e+06
1.500264000000000000e+06
1.502264000000000000e+06
1.505264000000000000e+06
1.507264000000000000e+06
1.509264000000000000e+06
1.511264000000000000e+06
1.513264000000000000e+06
1.515264000000000000e+06
1.517264000000000000e+06
1.518841000000000000e+06
1.520841000000000000e+06
1.523391000000000000e+06
1.525391000000000000e+06
1.527391000000000000e+06
1.529391000000000000e+06
1.531391000000000000e+06
1.533391000000000000e+06
1.535391000000000000e+06
1.537391000000000000e+06
1.539391000000000000e+06
1.541391000000000000e+06
1.543391000000000000e+06
1.545391000000000000e+06
1.547903000000000000e+06
1.550146000000000000e+06
1.552146000000000000e+06
1.554146000000000000e+06
1.556459000000000000e+06
1.558459000000000000e+06
1.560459000000000000e+06
1.562459000000000000e+06
1.564459000000000000e+06
1.566459000000000000e+06
1.568459000000000000e+06
1.570793000000000000e+06
1.572649000000000000e+06
1.574649000000000000e+06
1.576649000000000000e+06
1.578649000000000000e+06
1.580649000000000000e+06
1.582649000000000000e+06
1.584649000000000000e+06
1.586649000000000000e+06
1.589237000000000000e+06
1.591182000000000000e+06
1.593182000000000000e+06
1.595182000000000000e+06
1.596754000000000000e+06
1.598754000000000000e+06
1.600754000000000000e+06
1.602754000000000000e+06
1.604754000000000000e+06
1.606754000000000000e+06
1.608754000000000000e+06
1.611754000000000000e+06
1.613754000000000000e+06
1.615754000000000000e+06
1.617754000000000000e+06
1.619754000000000000e+06
1.621754000000000000e+06
1.623644000000000000e+06
1.625644000000000000e+06
1.627703000000000000e+06
1.629703000000000000e+06
1.631703000000000000e+06
1.633703000000000000e+06
1.635703000000000000e+06
1.637703000000000000e+06
1.639703000000000000e+06
1.641703000000000000e+06
1.643703000000000000e+06
1.645829000000000000e+06
1.647829000000000000e+06
1.649829000000000000e+06
1.651829000000000000e+06
1.653829000000000000e+06
1.656829000000000000e+06
1.658829000000000000e+06
1.660829000000000000e+06
1.662829000000000000e+06
1.664829000000000000e+06
1.666829000000000000e+06
1.669078000000000000e+06
1.671078000000000000e+06
1.672334000000000000e+06
1.674334000000000000e+06
1.676680000000000000e+06
1.678680000000000000e+06
1.680680000000000000e+06
1.682680000000000000e+06
1.684680000000000000e+06
1.686680000000000000e+06
1.688680000000000000e+06
1.690680000000000000e+06
1.693680000000000000e+06
1.695680000000000000e+06
1.697680000000000000e+06
1.699680000000000000e+06
1.701213000000000000e+06
1.703213000000000000e+06
1.705213000000000000e+06
1.707213000000000000e+06
1.709228000000000000e+06
1.711228000000000000e+06
1.713228000000000000e+06
1.715228000000000000e+06
1.717578000000000000e+06
1.719578000000000000e+06
1.721578000000000000e+06
1.723578000000000000e+06
1.725578000000000000e+06
1.728224000000000000e+06
1.730224000000000000e+06
1.732224000000000000e+06
1.734224000000000000e+06
1.736224000000000000e+06
1.738224000000000000e+06
1.740224000000000000e+06
1.742224000000000000e+06
1.744224000000000000e+06
1.746224000000000000e+06
1.748224000000000000e+06
1.750224000000000000e+06
1.752224000000000000e+06
1.754224000000000000e+06
1.756224000000000000e+06
1.758244000000000000e+06
1.760853000000000000e+06
1.762853000000000000e+06
1.764853000000000000e+06
1.766853000000000000e+06
1.768853000000000000e+06
1.770853000000000000e+06
1.772853000000000000e+06
1.774853000000000000e+06
1.776853000000000000e+06
1.778853000000000000e+06
1.780853000000000000e+06
1.782853000000000000e+06
1.785853000000000000e+06
1.787853000000000000e+06
1.789584000000000000e+06
1.791584000000000000e+06
1.793584000000000000e+06
1.795584000000000000e+06
1.797621000000000000e+06
1.799621000000000000e+06
1.801621000000000000e+06
1.803621000000000000e+06
1.806191000000000000e+06
1.808191000000000000e+06
1.810191000000000000e+06
1.812191000000000000e+06
1.814191000000000000e+06
1.816191000000000000e+06
1.818191000000000000e+06
1.820023000000000000e+06
1.822023000000000000e+06
1.824023000000000000e+06
1.826023000000000000e+06
1.828023000000000000e+06
1.830006000000000000e+06
1.832006000000000000e+06
1.835006000000000000e+06
1.837006000000000000e+06
1.838675000000000000e+06
1.840675000000000000e+06
1.842675000000000000e+06
1.844675000000000000e+06
1.847166000000000000e+06
1.849060000000000000e+06
1.851060000000000000e+06
1.853280000000000000e+06
1.855280000000000000e+06
1.857280000000000000e+06
1.859280000000000000e+06
1.861280000000000000e+06
1.863280000000000000e+06
1.865280000000000000e+06
1.867280000000000000e+06
1.869720000000000000e+06
1.871720000000000000e+06
1.873720000000000000e+06
1.875775000000000000e+06
1.877985000000000000e+06
1.879985000000000000e+06
1.881985000000000000e+06
1.883906000000000000e+06
1.885906000000000000e+06
1.888147000000000000e+06
1.890147000000000000e+06
1.892147000000000000e+06
1.894147000000000000e+06
1.896157000000000000e+06
1.898157000000000000e+06
1.900157000000000000e+06
1.902157000000000000e+06
1.904157000000000000e+06
1.906157000000000000e+06
1.908157000000000000e+06
1.910085000000000000e+06
1.912085000000000000e+06
1.914085000000000000e+06
1.916085000000000000e+06
1.918085000000000000e+06
1.920085000000000000e+06
1.922165000000000000e+06
1.924165000000000000e+06
1.927165000000000000e+06
1.929165000000000000e+06
1.931165000000000000e+06
1.933165000000000000e+06
1.935165000000000000e+06
1.937165000000000000e+06
1.939165000000000000e+06
1.940841000000000000e+06
1.942874000000000000e+06
1.945391000000000000e+06
1.947391000000000000e+06
1.949391000000000000e+06
1.951391000000000000e+06
1.953391000000000000e+06
1.955391000000000000e+06
1.957391000000000000e+06
1.959391000000000000e+06
1.961168000000000000e+06
1.963652000000000000e+06
1.965652000000000000e+06
1.967652000000000000e+06
1.970140000000000000e+06
1.972140000000000000e+06
1.974140000000000000e+06
1.976140000000000000e+06
1.978140000000000000e+06
1.980140000000000000e+06
1.982436000000000000e+06
1.984053000000000000e+06
1.986053000000000000e+06
1.988053000000000000e+06
1.990053000000000000e+06
1.992053000000000000e+06
1.994053000000000000e+06
1.995934000000000000e+06
1.998410000000000000e+06
2.000410000000000000e+06
