-1.435750247685342040e-01
1.030183767652835369e+00
1.696735215550248865e+00
1.804504036625702579e+00
2.100558498491654102e+00
2.257835818914885273e+00
2.296200407318178094e+00
2.374395250460317630e+00
2.380723898266978722e+00
2.367247881635343720e+00
2.335905842533112509e+00
2.357974046156346759e+00
2.369394515555579339e+00
2.380322298995179775e+00
2.383881668297384682e+00
2.426703702439874100e+00
2.442490472569960769e+00
2.505606790873261769e+00
2.541804462498524320e+00
2.567153519657303207e+00
2.616940610683069934e+00
2.644834636858133248e+00
2.681693190535826776e+00
2.718654414675764741e+00
2.757236032654271973e+00
2.779227797335999561e+00
2.794193970682670614e+00
2.822263252449521698e+00
2.829877149855672513e+00
2.840608259340944741e+00
2.859204490100855534e+00
2.878502781670732702e+00
2.896633468792276567e+00
2.919118432235451976e+00
2.929152772014721240e+00
2.946534912457282829e+00
2.960834622481747225e+00
2.968867182491341961e+00
2.984198486822456697e+00
2.993215734616915924e+00
3.002959828615404447e+00
3.014857736237716246e+00
3.017440571504768521e+00
3.028585529941262955e+00
3.042691972185954885e+00
3.052175422496797630e+00
3.059033542790680738e+00
3.060112823426685225e+00
3.065909196416510607e+00
3.136416960048697522e+00
3.164286458475278341e+00
3.175566626054629360e+00
3.203409050217956633e+00
3.204984360946143696e+00
3.218026376029862856e+00
3.235103642311763839e+00
3.242933197078875729e+00
3.262988848178762336e+00
3.285661104245176656e+00
3.304921384372194737e+00
3.323801046543074289e+00
3.349783446689281519e+00
3.380189958073946066e+00
3.393562347419808223e+00
3.393951975441674485e+00
3.405815327057266639e+00
3.405206981333748661e+00
3.410799297342809844e+00
3.415322427449725140e+00
3.421085082639005570e+00
3.425234430065308810e+00
3.421645606591327660e+00
3.418304223166870770e+00
3.409601299444730227e+00
3.404282525281617566e+00
3.413962571425899650e+00
3.400430187413493233e+00
3.412825448904824643e+00
3.411723937479079538e+00
3.414535846916750828e+00
3.403252488304023604e+00
3.398158873868398100e+00
3.392539914676010682e+00
3.386113790796624112e+00
3.377546785146350761e+00
3.383429059482891521e+00
3.375286899402005325e+00
3.376697718111506763e+00
3.375775813658931757e+00
3.379231072063404451e+00
3.381118758977384786e+00
3.392072234884462301e+00
3.392557861065481628e+00
3.388945201699453236e+00
3.389373373534504630e+00
3.396693658798073390e+00
3.409661731186168332e+00
3.411165364496220764e+00
3.406266856745734817e+00
3.404447527829583819e+00
3.400169489271537060e+00
3.401599953646559538e+00
3.407239808197415343e+00
3.402136617493907167e+00
3.410530485302791348e+00
3.403365967887411969e+00
3.401281134629870362e+00
3.408429457572188515e+00
3.417135872061101143e+00
3.415144051472645881e+00
3.414445755966314611e+00
3.420322319894274266e+00
3.431445376455063201e+00
3.440471355150514832e+00
3.445279022413245240e+00
3.451809869159699229e+00
3.462010340799604791e+00
3.461523414093296669e+00
3.467665655407320635e+00
3.467008888377197451e+00
3.475484611613196773e+00
3.488381052627313572e+00
3.495573658187500321e+00
3.508853134434007703e+00
3.524785962306915099e+00
3.522698661213310434e+00
3.538573320307441428e+00
3.551986680806110908e+00
3.543241544040823587e+00
3.556441928512615647e+00
3.567560478898050391e+00
3.572249454194473373e+00
3.581957905918385254e+00
3.594789398096517985e+00
3.599044488997462654e+00
3.614281045513312307e+00
3.626848769160620822e+00
3.643250896847858744e+00
3.647541489409889426e+00
3.646613232547553096e+00
3.651023891790651454e+00
3.654325494233012783e+00
3.654888996821558322e+00
3.656504997004850654e+00
3.651178229484478788e+00
3.641021143649912695e+00
3.663879196466451660e+00
3.671289124693036587e+00
3.680206674595471128e+00
3.681026085096981593e+00
3.677572438655667408e+00
3.669421425438298634e+00
3.683217989334009790e+00
3.687177635935230846e+00
3.701370145452683946e+00
3.698528341335456382e+00
3.692253793862208866e+00
3.686887884629192147e+00
3.686399148606635201e+00
3.690841811004663686e+00
3.685037014061080196e+00
3.682326459598040280e+00
3.690799768641448431e+00
3.691865830458111564e+00
3.688179724648797286e+00
3.692692192186561861e+00
3.693459526341974719e+00
3.687788242644472358e+00
3.696415924698078115e+00
3.701128580482904162e+00
3.686902524934573488e+00
3.695383678979764497e+00
3.703131767194934643e+00
3.702500617683562645e+00
3.709846619095047870e+00
3.709172243608796826e+00
3.706062749160065728e+00
3.720389110272692701e+00
3.732660198445359345e+00
3.717876520939347618e+00
3.725100495818463031e+00
3.669175485411007021e+00
3.669485761648482836e+00
3.680479792710466214e+00
3.682334058116393916e+00
3.682156815224601587e+00
3.681013942663345251e+00
3.698297855581373472e+00
3.705694795158269716e+00
3.712746162825252050e+00
3.721475185147824494e+00
3.734397216628281058e+00
3.741155706842234085e+00
3.709560192160545444e+00
3.727730408528261652e+00
3.730000366413834811e+00
3.734535768673019174e+00
3.743736886746443560e+00
3.715907939232338197e+00
3.728737770825066633e+00
3.732360033446579628e+00
3.727432016539668158e+00
3.729739801751396300e+00
3.732450705533870927e+00
3.745599308965689822e+00
3.762813855256563311e+00
3.780136799398917447e+00
3.800496076733646866e+00
3.812894615016274358e+00
3.823686120023076729e+00
3.823259053827238851e+00
3.825372914424079340e+00
3.835576000950875475e+00
3.843615482413620832e+00
3.846151464013141563e+00
3.850311921172752339e+00
3.862271251493591961e+00
3.867367644448997943e+00
3.871441601951320255e+00
3.886698345056115667e+00
3.885873324973349696e+00
3.884077834119885164e+00
3.880439497293733275e+00
3.881620787448440080e+00
3.880836606484054041e+00
3.888909861349570729e+00
3.894154951766479744e+00
3.899001088408977633e+00
3.934414146702722714e+00
4.004102541041934415e+00
4.013733629620389820e+00
4.015296849497988596e+00
4.021930613894665107e+00
4.032032929241035291e+00
4.037898232798605491e+00
4.045736792997310260e+00
4.047950773767140298e+00
4.060231197045351514e+00
4.058601346664942433e+00
4.072650866905373590e+00
4.081278124493946002e+00
4.094769117764728961e+00
4.147552571915397834e+00
4.153484380751155669e+00
4.159158761267643278e+00
4.165116266055092886e+00
4.171652204904937378e+00
4.224854811826302736e+00
4.230086350294646635e+00
4.266998370859964140e+00
4.279675010921403455e+00
4.229590842152777697e+00
4.216499906307306311e+00
4.227651962527457563e+00
4.220790211414874982e+00
4.217283168522102166e+00
4.222814516164056897e+00
4.230265808868449717e+00
4.243580038834357637e+00
4.256518330345113732e+00
4.267422262091749019e+00
4.282112090328132226e+00
4.288463419924648967e+00
4.293783229044144889e+00
4.308924741041722406e+00
4.322167621520680569e+00
4.326148204569400413e+00
4.336708194696979213e+00
4.351048456436551248e+00
4.373651385986637052e+00
4.393358036986244386e+00
4.415515091484341959e+00
4.424426604237318372e+00
4.433710983924916249e+00
4.445399780359941211e+00
4.450004838772477100e+00
4.453560219951593346e+00
4.457694201902783426e+00
4.458458515485816953e+00
4.465974606656097023e+00
4.478576391605728624e+00
4.484946989846454457e+00
4.490387116209838325e+00
4.506386773111225708e+00
4.515873058980977461e+00
4.532274438144598960e+00
4.535831196227300133e+00
4.551377827467914194e+00
4.555028049246381272e+00
4.559918124508173243e+00
4.564324913778691872e+00
4.568910823437438040e+00
4.585855835093584965e+00
4.594058636528161266e+00
4.592676283363875456e+00
4.591353866841022757e+00
4.604674621171488624e+00
4.613891041387518044e+00
4.616501409885418461e+00
4.628713139793844356e+00
4.706580616917551474e+00
4.741599892071805655e+00
4.750408267040341137e+00
4.777975181138331529e+00
4.796537538457051220e+00
4.813965614989536235e+00
4.834168762639755812e+00
4.853631146124333107e+00
4.866405343572518305e+00
4.883542689914367685e+00
4.899420981675379316e+00
4.924269653967346727e+00
4.941675194863317522e+00
4.966736364742853738e+00
4.990949470818235589e+00
4.997313941172779828e+00
5.011264248108901143e+00
5.023393726561757866e+00
5.034562237626566628e+00
5.051845298128657902e+00
5.070689865834641097e+00
5.096598124013714148e+00
5.111085312100942524e+00
5.121703620273577506e+00
5.141715558172961664e+00
5.154913813990108729e+00
5.173577724844879988e+00
5.178688035609078533e+00
5.191220254539023138e+00
5.206312679226154039e+00
5.217668680123832559e+00
5.225276363684892900e+00
5.232046622018558857e+00
5.253191859442142508e+00
5.263589524087494809e+00
5.276458175786284954e+00
5.292562677317550701e+00
5.308413846726550922e+00
5.318638881508124250e+00
5.341911690257592049e+00
5.354563743620857075e+00
5.364463925773824471e+00
5.379580806076610600e+00
5.414698113785700428e+00
5.437977773569308226e+00
5.461876015711372823e+00
5.477645509810100677e+00
5.494843675013932227e+00
5.508487537526923106e+00
5.518966386017330805e+00
5.556352123060990245e+00
5.568839937481405933e+00
5.585282721290163899e+00
5.607422253834370984e+00
5.633232584358246697e+00
5.663790712760498280e+00
5.678154965215423289e+00
5.699817127675500750e+00
5.720081622596984161e+00
5.746448587449249246e+00
5.784772229630724460e+00
5.817322480035788779e+00
5.853434306128238340e+00
5.881500017067491370e+00
5.928148611558250458e+00
5.965098419134149843e+00
6.007961019745002851e+00
6.045330622216023464e+00
6.076123493370499951e+00
6.117737399312481728e+00
6.157900577552596566e+00
6.198425306651288658e+00
6.246005027788579689e+00
6.297345052914856467e+00
6.381144313119492928e+00
6.431829697572419846e+00
6.496813876548190869e+00
6.547653597074558185e+00
6.591983940774007067e+00
6.644033003226763157e+00
6.702534836536110596e+00
6.762139282145813723e+00
6.810227308960894455e+00
6.868079975755233768e+00
6.929361591656537200e+00
6.981230346879981674e+00
7.041672175020730506e+00
7.096959932996306009e+00
7.148208472326964547e+00
7.207205350621222806e+00
7.266883325956923656e+00
7.320752729341649001e+00
7.364179811931187203e+00
7.416034758041345931e+00
7.461963776413480076e+00
7.548857306627505537e+00
7.602709697165886737e+00
7.660249854184883134e+00
7.710505549574570239e+00
7.752116035004840811e+00
7.812531452835093759e+00
7.872323784607335284e+00
7.922838113269992100e+00
7.969757067739835499e+00
8.011409391943875136e+00
8.059222692351459827e+00
8.101805403307801967e+00
8.145389159446070337e+00
8.189067638452698361e+00
8.220961371167366138e+00
8.256534011333766188e+00
8.283391889208386871e+00
8.323178115275631228e+00
8.346330711647155454e+00
8.378917862107249093e+00
8.403719685148473673e+00
8.451930255630644595e+00
8.476504453002952744e+00
8.502802853177772846e+00
8.531532433116367997e+00
8.549915867441935546e+00
8.569548823145913374e+00
8.592318684717376698e+00
8.603578640944753886e+00
8.632158642591486242e+00
8.652016995389104181e+00
8.669493876508431285e+00
8.693184520301219464e+00
8.710432419216694200e+00
8.721047315903227570e+00
8.722746571980243502e+00
8.741554935021836670e+00
8.754981388347719218e+00
8.763935565945706330e+00
8.776642268547057313e+00
8.790925903710753886e+00
8.811215692447307291e+00
8.820121352931527881e+00
8.841406786249274674e+00
8.859424782926090813e+00
8.874850797342398678e+00
8.890478842873848819e+00
8.897590031539593269e+00
8.909093485494514297e+00
8.913265883097460929e+00
8.931505177817449237e+00
8.948335286041844583e+00
8.950220194425739351e+00
8.962898292597930805e+00
8.968118988104881950e+00
8.973830499992089926e+00
8.979363777810933200e+00
8.986581096749739928e+00
8.988059903686218988e+00
9.003186798588146189e+00
9.009933683146616801e+00
9.010801075601113652e+00
9.016124995567786016e+00
9.027309257596055403e+00
9.030753261433495993e+00
9.034865168858722484e+00
9.026962333535346161e+00
9.036704779741754123e+00
9.041026567478191112e+00
9.047141419781741689e+00
9.054326641851430324e+00
9.058470142237831979e+00
9.053754377755854676e+00
9.055073891372868999e+00
9.064136812241448737e+00
9.056016463422563945e+00
9.047862785221580495e+00
9.052219548316923436e+00
9.044215783503606332e+00
9.042851669675860293e+00
9.048324607669044894e+00
9.056827251942998203e+00
9.060157139991382280e+00
9.063599742558729133e+00
9.065587601388514827e+00
9.064887620762240417e+00
9.062359635097106292e+00
9.051360077503510126e+00
9.041033070387534565e+00
9.035743197841494379e+00
9.029515300756534302e+00
9.034249467892090379e+00
9.024744451085249253e+00
9.017856525737210305e+00
9.015862406548778907e+00
9.012788548960811497e+00
9.017836710864850502e+00
9.014171608361813526e+00
9.012693522991170880e+00
9.002079266393721468e+00
9.003218269262932338e+00
9.003094389891034055e+00
8.994232419671908119e+00
8.992546208230788096e+00
8.990595328031774969e+00
8.992323775846571721e+00
8.992341009870596480e+00
8.987338365417837593e+00
8.985413700454181196e+00
8.983781594524145930e+00
8.989847055495941319e+00
8.998217891644776145e+00
8.997577156722133651e+00
8.995494354751857102e+00
8.998852492273920589e+00
9.007226346836409547e+00
9.011906435030613949e+00
9.013102836509956362e+00
9.016789318152349963e+00
9.017467131048579887e+00
9.020128084040601735e+00
9.023758844823378311e+00
9.028834278480129427e+00
9.024216469566411547e+00
9.044129123407122606e+00
9.044137319488008586e+00
9.048262120945352649e+00
9.044081345211949952e+00
9.048834248561034244e+00
9.050274185656501658e+00
9.053145790803959869e+00
9.051986275281358019e+00
9.064638853194765034e+00
9.062126525454694104e+00
9.067638650906131303e+00
9.075768672826002970e+00
9.083845179188465124e+00
9.105382548762932515e+00
9.119959093628338564e+00
9.121643591803318074e+00
9.136507094679155117e+00
9.149386321844104941e+00
9.154949586677814111e+00
9.163713657928383327e+00
9.171038530213605711e+00
9.176229897155316451e+00
9.193934100500978701e+00
9.198839101496782078e+00
9.203099802442430644e+00
9.211242789917115203e+00
9.217396730694977336e+00
9.233013422947056625e+00
9.243056413571396845e+00
9.245027134103082744e+00
9.247263461767314396e+00
9.256598920315905588e+00
9.263951427311114983e+00
9.267934062488105695e+00
9.281717730078138828e+00
9.291501454693889883e+00
9.291536665777051951e+00
9.294627060717544964e+00
9.301374496459017038e+00
9.306390358050073530e+00
9.312700802283700341e+00
9.315029470709895065e+00
9.316024048997727292e+00
9.315733857663090589e+00
9.319935571960833443e+00
9.315839947872342819e+00
9.326954405254570091e+00
9.325414968812317795e+00
9.329228528447961466e+00
9.331482918021986706e+00
9.345466031016997022e+00
9.354783539585394436e+00
9.368176020719035435e+00
9.366475587782620238e+00
9.362243900962285537e+00
9.366401018439674431e+00
9.371870818906776535e+00
9.373958811198354724e+00
9.378237500334444476e+00
9.373725296620968095e+00
9.372835188680619822e+00
9.380524504191372515e+00
9.376700207597306047e+00
9.372555663808338267e+00
9.362545029597335144e+00
9.360345398760053115e+00
9.355133367322912008e+00
9.358435641113663550e+00
9.357635561058289753e+00
9.358677253253105732e+00
9.363135391761097992e+00
9.352102169564922463e+00
9.352125211885805811e+00
9.361305534408170814e+00
9.355863008364419642e+00
9.359409464876488727e+00
9.349545150448669517e+00
9.355732244106627959e+00
9.353012981767292899e+00
9.355165444421746912e+00
9.357947603698896444e+00
9.357806204966454544e+00
9.360931880540118044e+00
9.364401950020374343e+00
9.355671074705325552e+00
9.356462713626847005e+00
9.365509488156019913e+00
9.367746487847393055e+00
9.366472624066535246e+00
9.377848533289540711e+00
9.385902981587218363e+00
9.393180535571950429e+00
9.404235361550384198e+00
9.413894479074917498e+00
9.433791205310241068e+00
9.439850878120472188e+00
9.449356889587541275e+00
9.458415806720806174e+00
9.474773298285589007e+00
9.475498553094242382e+00
9.489351443443210243e+00
9.494859840082307656e+00
9.505459477462272488e+00
9.517929536170532501e+00
9.518297749387066631e+00
9.527716465035870996e+00
9.537426550282752657e+00
9.541595095950857086e+00
9.549428869257701180e+00
9.555916142267088631e+00
9.559989179302210260e+00
9.562296182508159603e+00
9.572715965215142120e+00
9.575300063432269582e+00
9.579735274463940797e+00
9.592840295733198630e+00
9.598206414105298734e+00
9.593125056063991352e+00
9.593536061612235599e+00
9.599585754667211646e+00
9.601922876132583440e+00
9.612805135153124070e+00
9.614526041636631604e+00
9.612630705399787701e+00
9.612130105512379785e+00
9.621136361898347644e+00
9.631993740051173702e+00
9.641741280703190142e+00
9.646441268641243738e+00
9.654313300206782245e+00
9.655249064314999075e+00
9.655673553328027126e+00
9.656119562674135182e+00
9.663067339584856086e+00
9.671101948727747200e+00
9.664340589625476596e+00
9.668960659891032705e+00
9.669940103749738114e+00
9.673066653726735353e+00
9.668346782659847705e+00
9.669589291251767804e+00
9.664581182690398009e+00
9.658220993386581910e+00
9.655414181517596006e+00
9.658568658766583326e+00
9.660371085181402862e+00
9.664278540996271261e+00
9.667651603660921467e+00
9.656753729231796868e+00
9.650447906251766739e+00
9.649048592757235809e+00
9.640380852635882292e+00
9.639504506031688180e+00
9.639713215236636046e+00
9.645078443161631654e+00
9.643534463508899535e+00
9.651099635316432668e+00
9.662606965399239911e+00
9.667007466090057122e+00
9.666385447407709108e+00
9.673270892430466006e+00
9.689530402472211534e+00
9.694228432097391490e+00
9.698680922114283121e+00
9.697629781579824026e+00
9.700893518413357342e+00
9.716149815165614712e+00
9.719154063052442893e+00
9.700475068840312076e+00
9.707949023770700236e+00
9.711538422105242319e+00
9.718466984987934154e+00
9.726439455665161660e+00
9.724490545245867423e+00
9.722520121293790396e+00
9.719570259849810157e+00
9.716721654443936984e+00
9.718529777600148023e+00
9.715681359445461851e+00
9.721572236401803124e+00
9.724367783425721612e+00
9.723465436494928227e+00
9.720916885057109269e+00
9.721409194385691066e+00
9.730688005277501773e+00
9.733089987102687246e+00
9.732010960678350031e+00
9.727844751404241208e+00
9.721067952377055121e+00
9.716533918278832616e+00
9.728997949906524667e+00
9.733447776650200112e+00
9.730927559822704964e+00
9.721660256027947256e+00
9.716790122232119131e+00
9.709584160542570785e+00
9.711617864800478728e+00
9.719094443047012533e+00
9.723568848606012338e+00
9.719881866759449096e+00
9.717466331566463111e+00
9.720138909179043551e+00
9.723080195255496605e+00
9.722044498504891052e+00
9.722659181307195198e+00
9.716904796693276225e+00
9.709103938469075601e+00
9.703092383189718007e+00
9.703117995652862149e+00
9.700999555357798343e+00
9.696585397178044019e+00
9.698090375974416588e+00
9.691083617693243113e+00
9.689645612805858121e+00
9.695384448652372811e+00
9.688869604446725958e+00
9.691854942600670597e+00
9.716998038163861651e+00
9.708900610841570966e+00
9.704182734784001951e+00
9.703437856457709287e+00
9.704718991625394864e+00
9.708855586073223520e+00
9.708434297074626684e+00
9.718432797496102893e+00
9.712701134323229013e+00
9.714354336919578614e+00
9.715468588536118943e+00
9.710483994101618777e+00
9.709456308561692950e+00
9.720145773951609058e+00
9.720678621099404282e+00
9.720286789614641876e+00
9.723427934193553668e+00
9.727795775575348358e+00
9.727483985704621361e+00
9.740238508553739294e+00
9.751974040014095735e+00
9.755186366579659207e+00
9.749998526531074461e+00
9.753128239742265393e+00
9.748560740879463893e+00
9.755315578557366862e+00
9.758962598823723411e+00
9.760222487130205238e+00
9.766880445453439918e+00
9.763433061752611053e+00
9.762849493342866225e+00
9.769165492683686836e+00
9.784081361509864294e+00
9.776214223424766203e+00
9.775749150695581591e+00
9.771941047803647251e+00
9.774978056237097590e+00
9.782633580184723954e+00
9.784910272270758824e+00
9.787163304586679047e+00
9.793398992805020242e+00
9.795624833150991861e+00
9.799452982036685356e+00
9.802746740086718091e+00
9.812127273497241120e+00
9.818263858573848424e+00
9.810808863314649741e+00
9.813860489889805194e+00
9.812284332882283522e+00
9.810851446141075627e+00
9.811678895628798358e+00
9.821137932565813244e+00
9.816403760577772530e+00
9.820931098410635940e+00
9.817779958735648904e+00
9.818367111665674329e+00
9.817857010245260696e+00
9.820504451202644702e+00
9.808221315705345944e+00
9.817987968711978652e+00
9.819023985931014664e+00
9.819050257219773314e+00
9.816726440319387237e+00
9.823194219818768502e+00
9.823495393633045580e+00
9.818990474553247694e+00
9.822023418887898316e+00
9.826244179234564058e+00
9.827683910163218073e+00
9.829389997427572467e+00
9.832433290526594760e+00
9.840457776443203741e+00
9.837390116600966294e+00
9.847864993471915795e+00
9.842195866302242635e+00
9.840434921405080360e+00
9.851453601906911217e+00
9.845123356460911523e+00
9.845354550054164378e+00
9.847661977293583391e+00
9.847134643306112878e+00
9.852599905849793060e+00
9.857286584644439742e+00
9.864997059613942909e+00
9.870630154809283852e+00
9.882787728447953057e+00
9.879850967063049438e+00
9.883433708420474417e+00
9.882116896537141315e+00
9.886268840133000779e+00
9.879578144109194326e+00
9.878017440102587088e+00
9.872984868203440456e+00
9.871250239339495636e+00
9.864863934168152326e+00
9.869624567589532660e+00
9.870296449964360619e+00
9.866504071918392071e+00
9.861286252820292475e+00
9.860352752105972840e+00
9.857540547572813949e+00
9.863942242396586124e+00
9.868911273588093280e+00
9.854956421671904110e+00
9.852073890294860803e+00
9.851203624041330542e+00
9.847430071322209599e+00
9.854107189196582794e+00
9.845218511649191484e+00
9.840345871875467054e+00
9.841825930092294783e+00
9.840706414823452874e+00
9.836698011267454689e+00
9.840571851822161875e+00
9.841572656181934775e+00
9.837968912850675096e+00
9.835972046623565390e+00
9.826260490036837325e+00
9.822062821597675963e+00
9.811662783975165780e+00
9.808467682840422697e+00
9.805832585354984587e+00
9.811014409886119836e+00
9.807777671030414979e+00
9.810361868947200747e+00
9.801729297180710176e+00
9.807094376127443169e+00
9.796825676791343085e+00
9.792220279731822075e+00
9.789306620801742298e+00
9.794072756711734939e+00
9.797590404928778085e+00
9.787530796273930633e+00
9.788235031248298412e+00
9.775069064060536661e+00
9.774601692826960786e+00
9.770909288413260896e+00
9.766478959826404349e+00
9.762741898411311681e+00
9.760631726930197871e+00
9.761283094340525324e+00
9.759342224688637657e+00
9.764237992122509979e+00
9.760697200948763808e+00
9.759535420590024657e+00
9.757265711801561991e+00
9.758169487340950354e+00
9.765142862845134886e+00
9.765487037383994817e+00
9.761017186503941900e+00
9.764707944080075919e+00
9.754884642672202233e+00
9.760730884484479120e+00
9.767538969853710284e+00
9.766861849210579649e+00
9.760875611549003850e+00
9.758368511658053635e+00
9.763423000217738235e+00
9.767072934463115530e+00
9.756913972496921161e+00
9.760332192072020518e+00
9.751623032571247407e+00
9.748536827610163158e+00
9.750673270287489203e+00
9.751624799507931485e+00
9.749759519566149280e+00
9.750584873159679589e+00
9.744545391635785592e+00
9.748696834972550462e+00
9.746408199014171103e+00
9.749836934185612591e+00
9.738919678594276874e+00
9.742967664109015047e+00
9.746997634307549063e+00
9.749397263786471868e+00
9.751326239312367861e+00
9.761231190672740254e+00
9.767127844992586461e+00
9.764644278526009913e+00
9.760026825463352651e+00
9.749223836864342019e+00
9.750569672879521477e+00
9.754264037732179204e+00
9.750793748981841702e+00
9.745303173247251038e+00
9.746580000577070635e+00
9.746047605993750196e+00
9.749042334032258950e+00
9.754469190605471240e+00
9.747391480415474874e+00
9.748859801298934258e+00
9.744783433977522336e+00
9.746474925098222997e+00
9.743964864020659533e+00
9.743657133076483845e+00
9.742921182186456974e+00
9.749070469754103740e+00
9.747071220621609910e+00
9.749783764813606979e+00
9.750507970428968108e+00
9.756244100772658356e+00
9.753001028990778920e+00
9.744741525034392282e+00
9.754815357472416792e+00
9.757297297292385707e+00
9.760430306317221749e+00
9.760556032464588583e+00
9.762486244738035168e+00
9.762830883598748954e+00
9.765273762915915867e+00
9.775022724385355133e+00
9.778008133766638466e+00
9.775983044055987392e+00
9.776072298679318706e+00
9.775782297807964483e+00
9.780133640339910173e+00
9.788126438313986100e+00
9.784028733094789487e+00
9.786414907359089810e+00
9.785831423843932342e+00
9.789711742178685228e+00
9.787122679444188122e+00
9.787621240399067446e+00
9.781327489600583291e+00
9.769874066159999870e+00
9.762104223707758877e+00
9.762688302589678457e+00
9.759453959083684182e+00
9.769804173679352388e+00
9.770263648620282737e+00
9.765583412419401199e+00
9.759262811331254284e+00
9.758896939595841147e+00
9.767072446199675184e+00
9.768229121232893775e+00
9.772594865996781621e+00
9.771152874639447816e+00
9.768205703457461198e+00
9.765564092346281200e+00
9.758500231551845872e+00
9.763046179468325647e+00
