-7.863077085245928188e+00
-6.101957065168358341e+00
-3.449183912975405164e+00
3.431117053106147452e-01
1.746204283232425158e+00
3.363675426976008964e+00
3.710501329401786563e+00
4.784660069115483694e+00
5.529101775078085979e+00
6.324255929210750971e+00
6.779037304228918259e+00
7.347563966303759742e+00
8.070899802120841571e+00
8.425649856027256135e+00
8.913784795469968714e+00
9.363706748248315392e+00
9.812310029704779168e+00
1.028361813311320105e+01
1.055151692728877144e+01
1.088796408587212206e+01
1.128218550473717841e+01
1.150281241245559904e+01
1.177916862131949216e+01
1.200669456778661903e+01
1.217226843670401060e+01
1.237645113396149910e+01
1.255786821035773393e+01
1.263446154581018810e+01
1.268897291527726168e+01
1.277654506529279033e+01
1.285467579681493433e+01
1.290669042826730006e+01
1.303868608320712319e+01
1.317247146736395891e+01
1.322742075180667065e+01
1.331914517280299926e+01
1.339295808459889514e+01
1.348451728330160648e+01
1.352400778673415616e+01
1.357299842242475130e+01
1.356552903666172583e+01
1.368641309960543495e+01
1.374720355859817467e+01
1.373869146475581182e+01
1.378309066244418624e+01
1.383673501278639684e+01
1.388273237213516076e+01
1.392827939810558568e+01
1.399000639676655489e+01
1.452591247966226007e+01
1.500952060894035789e+01
1.533121393758684547e+01
1.542737029113449587e+01
1.563108967677578676e+01
1.575018541518094395e+01
1.601782553239090845e+01
1.614101469602387340e+01
1.625968219678525983e+01
1.632625446457675622e+01
1.646317812131363567e+01
1.651648368315072091e+01
1.653078141253945432e+01
1.660822593971224137e+01
1.661904000428788564e+01
1.662489326680648816e+01
1.662134047727215602e+01
1.664320897442599190e+01
1.663848534883859998e+01
1.665846834666044884e+01
1.667474594653760889e+01
1.671125173508525563e+01
1.671022974433904906e+01
1.669416792240783209e+01
1.672238729266077684e+01
1.673127434345657250e+01
1.670367352155253116e+01
1.675798648563288396e+01
1.684159614299482755e+01
1.689450680721476772e+01
1.694760522555230864e+01
1.700594798828967313e+01
1.696219577889111108e+01
1.696903943221837352e+01
1.700826538491832096e+01
1.704076436654754545e+01
1.706357870601976146e+01
1.709454992441288823e+01
1.712380315487364513e+01
1.716357376881342489e+01
1.717057493861120321e+01
1.719492073879643712e+01
1.718064708863715140e+01
1.725023225526981463e+01
1.728816684893633493e+01
1.729157423697249740e+01
1.730901596158247813e+01
1.733927767317765500e+01
1.738345501482819699e+01
1.732086623146948057e+01
1.724212732977463958e+01
1.723965715005226329e+01
1.723493835863081713e+01
1.719400852233338384e+01
1.719869578178701985e+01
1.712505153861871676e+01
1.710694963192091222e+01
1.714118773284829089e+01
1.713249826494653760e+01
1.714014564980524824e+01
1.719509471568764170e+01
1.724184282003531976e+01
1.730556848588293306e+01
1.730484542817753990e+01
1.732195608867183623e+01
1.739523878120567346e+01
1.746283112479957111e+01
1.742334814114973796e+01
1.747702291172717892e+01
1.752492148149064732e+01
1.753197414738993487e+01
1.753887834661759015e+01
1.757162550824597602e+01
1.761658574346136419e+01
1.766443441380194201e+01
1.765206055352427583e+01
1.764311569035603711e+01
1.769005178521502231e+01
1.770238144882191023e+01
1.769655661770068633e+01
1.767372919051108937e+01
1.774655633600825411e+01
1.769207636717495191e+01
1.773593573716237870e+01
1.778528199531280762e+01
1.781670231634101853e+01
1.780376023866745783e+01
1.787093158184739750e+01
1.799157572827098406e+01
1.809026430157258858e+01
1.796982661057798225e+01
1.808063271229778479e+01
1.810458434344898038e+01
1.815818116277144156e+01
1.824060906922995073e+01
1.831617135249972961e+01
1.841946673483331764e+01
1.845275586931107981e+01
1.855911967605261381e+01
1.865635254695484591e+01
1.872778701377470512e+01
1.879290888725713060e+01
1.887121822844363450e+01
1.893694947636588566e+01
1.900310370134493354e+01
1.906349610432171815e+01
1.907995309219514368e+01
1.915110406386354214e+01
1.919689435403132904e+01
1.920917470928582915e+01
1.928051077389753232e+01
1.928384617769848930e+01
1.931470221636897477e+01
1.941347804760841100e+01
1.943071135942533800e+01
1.944281307410129500e+01
1.958370650802204338e+01
1.961574601065552770e+01
1.961341325475705233e+01
1.970733642349043180e+01
1.977509110286889538e+01
1.978623070129689410e+01
1.979126567982990892e+01
1.980805309344732734e+01
1.995817524783069530e+01
2.005737399484721806e+01
2.008641780142221478e+01
2.015932446809718925e+01
2.024884637304457513e+01
2.036387518304100652e+01
2.042486782643585030e+01
2.059972311791276312e+01
2.059855064455472018e+01
2.059233503584956537e+01
2.066107208234971537e+01
2.077056966819730377e+01
2.085739402295020994e+01
2.093504700838870036e+01
2.109750425429496801e+01
2.125900018189890872e+01
2.136791100294466261e+01
2.147956828037042598e+01
2.157720496755497663e+01
2.165152673504379877e+01
2.168957316401961677e+01
2.175350835985996412e+01
2.182665028666458440e+01
2.191715936714593127e+01
2.199454577474102734e+01
2.209387640008550591e+01
2.218722635327085868e+01
2.228485727482085466e+01
2.240054567421751841e+01
2.255957273977925936e+01
2.268361198574723403e+01
2.282762333249393194e+01
2.293500264925043197e+01
2.307958532817872666e+01
2.322186042821517660e+01
2.340707497394992131e+01
2.355783319140417120e+01
2.373932347844268520e+01
2.387070027914266035e+01
2.403405352486728219e+01
2.417729185524391156e+01
2.436539480718057504e+01
2.453784991533707327e+01
2.468950663433265902e+01
2.485939467762339561e+01
2.505290175439680311e+01
2.522599893795594284e+01
2.539577390501387910e+01
2.549894492524117595e+01
2.561779644441521953e+01
2.577043153105671536e+01
2.589498287475180405e+01
2.600067112555604254e+01
2.613789059645704427e+01
2.622617627124584061e+01
2.636520519435588383e+01
2.653296427923031686e+01
2.675621479567862337e+01
2.693427059707955351e+01
2.710286337162022363e+01
2.724914725682612371e+01
2.735256691320315525e+01
2.750974884827749989e+01
2.764124376780143422e+01
2.777693933326682796e+01
2.792338215756483422e+01
2.803287633932752598e+01
2.819565214823037280e+01
2.833544723772247664e+01
2.857712573714844595e+01
2.878883682608206840e+01
2.902713855702409518e+01
2.926011687395218530e+01
2.948942922170931880e+01
2.964287583814682847e+01
2.989435611604156762e+01
3.019537160068023596e+01
3.038930168406457710e+01
3.053246890168835392e+01
3.076030087287685078e+01
3.096717244902623278e+01
3.126159644220427580e+01
3.145525939304428320e+01
3.173434783990609631e+01
3.195495838707547520e+01
3.219583267618951794e+01
3.246545230762930601e+01
3.267314401431835336e+01
3.283438620362915117e+01
3.306108313139964139e+01
3.310775667406446843e+01
3.331563854532515734e+01
3.356001163162378020e+01
3.373131037324382930e+01
3.378293363130581639e+01
3.396748948249913980e+01
3.416927299496464343e+01
3.461307341526506320e+01
3.483045933734018007e+01
3.507078383118179943e+01
3.533043005656784885e+01
3.552168593313986378e+01
3.573516529973531419e+01
3.598221400197093800e+01
3.616929093991684852e+01
3.633845359693440713e+01
3.656103201082547116e+01
3.666522255321764590e+01
3.681703540413028719e+01
3.696141668446446715e+01
3.710980879976978031e+01
3.726350734054242508e+01
3.747631782675458112e+01
3.761659276341541869e+01
3.779961325642236147e+01
3.794853484116620734e+01
3.811983082486031549e+01
3.830926177197324733e+01
3.846164154253855116e+01
3.858175525849698317e+01
3.866143483471051212e+01
3.881839989373211353e+01
3.891877928659682340e+01
3.904469762207794048e+01
3.912253187673241683e+01
3.919169644680408027e+01
3.925816793050955056e+01
3.942436509709272485e+01
3.953431064320838573e+01
3.959219617763362464e+01
3.956600150022902085e+01
3.971082788995617818e+01
3.974010965545593876e+01
3.971470613753732692e+01
3.971052877353984911e+01
3.980144544349909097e+01
3.982802441108519531e+01
3.988776000633763630e+01
3.990673686348935689e+01
4.014372746257938473e+01
4.017268259320375989e+01
4.021491127073583272e+01
4.026517444949769242e+01
4.039388630644715761e+01
4.052399838142518718e+01
4.051534995649298310e+01
4.054701436786155710e+01
4.056915843354423146e+01
4.056601447874725608e+01
4.062762679307090963e+01
4.072592455557233393e+01
4.082339764350764710e+01
4.089276724128052365e+01
4.095893202147880174e+01
4.102453752809529419e+01
4.106643484788962439e+01
4.117493108986299433e+01
4.122973378312333637e+01
4.130669083891425686e+01
4.138399919515122605e+01
4.149736616003991685e+01
4.151477102811853825e+01
4.160787807500569357e+01
4.166737050915003238e+01
4.167736591207761165e+01
4.169535599348325405e+01
4.169342480713155652e+01
4.176110033974442359e+01
4.178224063858166204e+01
4.182543824320114112e+01
4.183892856081007494e+01
4.185818086771908497e+01
4.186630751049200683e+01
4.185740980511582165e+01
4.189103071502936615e+01
4.190607616438858685e+01
4.191224546895868031e+01
4.196160907500497927e+01
4.200606512844921525e+01
4.204792252891712678e+01
4.202320039428695253e+01
4.211390611920406002e+01
4.211216158485705563e+01
4.206845977352877242e+01
4.214879645206640646e+01
4.222129575279564051e+01
4.228592321033277557e+01
4.236264204275412482e+01
4.238025391175936107e+01
4.241534709139043713e+01
4.245140101820081213e+01
4.247611238613924911e+01
4.255977466434040224e+01
4.255559157279317617e+01
4.258558005955077874e+01
4.260524925075142022e+01
4.268844090663490221e+01
4.271782290092939860e+01
4.269779109388830562e+01
4.267904118448691975e+01
4.267217847154179111e+01
4.270156949693595294e+01
4.266731126452381773e+01
4.276796074321219976e+01
4.283252508950541682e+01
4.284186721051953839e+01
4.286881729407925690e+01
4.289586592735060577e+01
4.292485293754676690e+01
4.290907193392022378e+01
4.288939115936835833e+01
4.288555527031832781e+01
4.287379829078398075e+01
4.288143843555148749e+01
4.291197343469836767e+01
4.293839604417062361e+01
4.296234519474871405e+01
4.298403908692261410e+01
4.296381829303550148e+01
4.300153164342448520e+01
4.306436345948689137e+01
4.309975439594219182e+01
4.323239021623871281e+01
4.324231051582786733e+01
4.321151162546948399e+01
4.317547928625695164e+01
4.318161480694817556e+01
4.316916089973259574e+01
4.317074318786038845e+01
4.314625227730894608e+01
4.311965117544040993e+01
4.320812123298732388e+01
4.320434358735708713e+01
4.307073551193019512e+01
4.306165832866489751e+01
4.303705896768669703e+01
4.299488679257076029e+01
4.296311816821051366e+01
4.296509027864551911e+01
4.297400088474991264e+01
4.298196008554970149e+01
4.299791370278006042e+01
4.296641005444485018e+01
4.297526778959448990e+01
4.292107833296667252e+01
4.284717124082519035e+01
4.293571365084162750e+01
4.300362139077098789e+01
4.298392795775908581e+01
4.302641996618113041e+01
4.300349395852172307e+01
4.305406308374802649e+01
4.298901413212671230e+01
4.294838252923337052e+01
4.293503072937456011e+01
4.292465961290083953e+01
4.292727584720315548e+01
4.294668255605314755e+01
4.291647565596633029e+01
4.300046599325985142e+01
4.299991554314019027e+01
4.303011325728333958e+01
4.300980344493749641e+01
4.301383898120820959e+01
4.301883788266898279e+01
4.301696475015356214e+01
4.305311319197023323e+01
4.307079594850044657e+01
4.308137596811464221e+01
4.305348961820160270e+01
4.313659848329189117e+01
4.311066050908166858e+01
4.313617716689389425e+01
4.318093205816587954e+01
4.322558549194615551e+01
4.326546535907765190e+01
4.326638965236030288e+01
4.325973226753398393e+01
4.331021253443707053e+01
4.336194048981579385e+01
4.337519151285895447e+01
4.342740054216812240e+01
4.345679701813247675e+01
4.345543555114957002e+01
4.346784309467140872e+01
4.352227599536647062e+01
4.354914041805240288e+01
4.360520580567332871e+01
4.359666030155823080e+01
4.362309721813951313e+01
4.360764036906798680e+01
4.364000471610503240e+01
4.372747162268248644e+01
4.374934085313508803e+01
4.383638348841520127e+01
4.376057020663975550e+01
4.371837072464966667e+01
4.374143711932155298e+01
4.368662994451020154e+01
4.369818372353231695e+01
4.370005853546640395e+01
4.375858105233690054e+01
4.384903126086823022e+01
4.387890418630230727e+01
4.387730310005576229e+01
4.388487718157089290e+01
4.393176535685325490e+01
4.392062464418475543e+01
4.391203050922015905e+01
4.394492960530968872e+01
4.395680469268892665e+01
4.402486820318944183e+01
4.402293641931878199e+01
4.406078149908876895e+01
4.409916020275617399e+01
4.408180301481871766e+01
4.410502502415172899e+01
4.403499345620029715e+01
4.404672693776750947e+01
4.404900497911040702e+01
4.406713737200264092e+01
4.402961914259540066e+01
4.405807953932899323e+01
4.401681751443634028e+01
4.395408878232596805e+01
4.399853965929059285e+01
4.402512645585583329e+01
4.400105025747784282e+01
4.397459185349693200e+01
4.401527494133949148e+01
4.409044922593116667e+01
4.409811749051092988e+01
4.414197512006523283e+01
4.413411918377479282e+01
4.416822330618206394e+01
4.415119511336161651e+01
4.413668523322861148e+01
4.418181181098765364e+01
4.414298603916871144e+01
4.416352500699409234e+01
4.415230559266623800e+01
4.415114713747325226e+01
4.417384065883838673e+01
4.419567414196076527e+01
4.424768391341954299e+01
4.427561249348823935e+01
4.426430168392220565e+01
4.435617242243964142e+01
4.439857018310944881e+01
4.442922663919244997e+01
4.435812709289962896e+01
4.433807728403384374e+01
4.436355311596467033e+01
4.439762569521533209e+01
4.445715791308141718e+01
4.449458123946215693e+01
4.450032999761134533e+01
4.453565634116979766e+01
4.449170380976118366e+01
4.456807302554108219e+01
4.454544548780208402e+01
4.454300341729845059e+01
4.454869815093207563e+01
4.452823129079986586e+01
4.452864547793495831e+01
4.448996675196494266e+01
4.455366529320111368e+01
4.453118843944236005e+01
4.449510034405257386e+01
4.455771712854686228e+01
4.455277386491410851e+01
4.458679350232516470e+01
4.460297575126725889e+01
4.463207670144301176e+01
4.463893086234362073e+01
4.470076640587360117e+01
4.475642792290850736e+01
4.477995329551711734e+01
4.476172497575190334e+01
4.472423341670374697e+01
4.468635298816479207e+01
4.470668921923164163e+01
4.469383913397611963e+01
4.469212058885867123e+01
4.468759815581291406e+01
4.466813495063075834e+01
4.474869368162573835e+01
4.477440211138772952e+01
4.480923210444714755e+01
4.479094580794804870e+01
4.478711123814129991e+01
4.479490422223155122e+01
4.480693441903668628e+01
4.480681001667522878e+01
4.482562150603448714e+01
4.484412655460832298e+01
4.485043082517154289e+01
4.483986253503398700e+01
4.486609207495055074e+01
4.490712013290388427e+01
4.495160997672306280e+01
4.496300486278469322e+01
4.492832409045000475e+01
4.494516766342963621e+01
4.488498558093183277e+01
4.490568548635305035e+01
4.496382848504566709e+01
4.503211488733067114e+01
4.499925573977893123e+01
4.500977129648033781e+01
4.500344275672182448e+01
4.496296657388448637e+01
4.499924061880794568e+01
4.500543035077456722e+01
4.500136375575913661e+01
4.500104300555659620e+01
4.501603994592769453e+01
4.496230714055255362e+01
4.498014384397349374e+01
4.498584102908586857e+01
4.500533865488483798e+01
4.508378248913926711e+01
4.512742481372019654e+01
4.509745886247620206e+01
4.508351435348900793e+01
4.506568570186198741e+01
4.507242240586322879e+01
4.505385902485360106e+01
4.512799961282283334e+01
4.516928684446133957e+01
4.515626190755489233e+01
4.514297235565258148e+01
4.518806601372460108e+01
4.525598572757123605e+01
4.523258296495831132e+01
4.517711966818059466e+01
4.520234687750186708e+01
4.520193047285714982e+01
4.524996359164870796e+01
4.525417627826887923e+01
4.527809645426452079e+01
4.528231590029889730e+01
4.527106746511240942e+01
4.526123389538925323e+01
4.525776319467809827e+01
4.524613562171439440e+01
4.525378716488655328e+01
4.525260522915368000e+01
4.530357605920192299e+01
4.530591275641447879e+01
4.532394679534429116e+01
4.536832177993093040e+01
4.539318530052904066e+01
4.545464743919196593e+01
4.545671516648372545e+01
4.541338616423249874e+01
4.542229137894647550e+01
4.548701507822738677e+01
4.550420688016109239e+01
4.551005317721999432e+01
4.559619243203830763e+01
4.560269266503769359e+01
4.563349314665979506e+01
4.563507091548874683e+01
4.564655210998014212e+01
4.570151107540972646e+01
4.572642150035400022e+01
4.573204278482984364e+01
4.579083829431542796e+01
4.580347991636059390e+01
4.573738235811720187e+01
4.568518512135106846e+01
4.579201743116455248e+01
4.577669318466924864e+01
4.576221459629115174e+01
4.581128321613576304e+01
4.582078781384188204e+01
4.584493413268246798e+01
4.587642757086264567e+01
4.590401123832830876e+01
4.587380368422446963e+01
4.585795047274467606e+01
4.577733547455106589e+01
4.583288383554840095e+01
4.589758458368691407e+01
4.588480040656340009e+01
4.589955466713986709e+01
4.589558886115406722e+01
4.590215240288603127e+01
4.572275888215740736e+01
4.571222517413345798e+01
4.572225880733055448e+01
4.576439078894696877e+01
4.578759206508832591e+01
4.573857834336305928e+01
4.575745512357056555e+01
4.575888854439543962e+01
4.572784270372958559e+01
4.567606804206665316e+01
4.568793842511882985e+01
4.560775834648392646e+01
4.559306011687358762e+01
4.554729073086345181e+01
4.556319725351568195e+01
4.561564524600811410e+01
4.559656723995723127e+01
4.561239318417985800e+01
4.559263428560186782e+01
4.566168327370765923e+01
4.567745972386336462e+01
4.564758599447727505e+01
4.568872455049343273e+01
4.571918164617679281e+01
4.571102090895520575e+01
4.574612040374772448e+01
4.576421703395641316e+01
4.574865120899007565e+01
4.570622228262075026e+01
4.573473467592715025e+01
4.575733854289666880e+01
4.576187432913091158e+01
4.574333758981370579e+01
4.576643369850850007e+01
4.575680393432052995e+01
4.570878344385650394e+01
4.568892990090803607e+01
4.565701575860169470e+01
4.565471518934273121e+01
4.562574872989500108e+01
4.565556479802388168e+01
4.560852065303895841e+01
4.567328931832112460e+01
4.565593820339127973e+01
4.563434682662339270e+01
4.558248218074805891e+01
4.549786196903521329e+01
4.549839042942208067e+01
4.546765257483821898e+01
4.567767061452556732e+01
4.561634141332133652e+01
4.562857682694779982e+01
4.559691090026107929e+01
4.556483214212412491e+01
4.558475323380721278e+01
4.560871953990443473e+01
4.554713154586985979e+01
4.557110062204518641e+01
4.553981709271283052e+01
4.557004593626047040e+01
4.563848913933539109e+01
4.567897566436573698e+01
4.567922606986971346e+01
4.564598415508411478e+01
4.558950057808190337e+01
4.560354685057937729e+01
4.561129525637949200e+01
4.558332548846117049e+01
4.554730428764830918e+01
4.552850030880820498e+01
4.558862813744657672e+01
4.558847246326423175e+01
4.561509867182957123e+01
4.556760020675253031e+01
4.557546353060605782e+01
4.562238044823259742e+01
4.567727920763272920e+01
4.574697067055578259e+01
4.575963453928851976e+01
4.575790940197794754e+01
4.579625562397095706e+01
4.583704318757472862e+01
4.588785504756859268e+01
4.592388021005203314e+01
4.596914483535862672e+01
4.598892104450551699e+01
4.604947909872959144e+01
4.610800518719351970e+01
4.611198488398726170e+01
4.620108495234953949e+01
4.617650488359772964e+01
4.612639169585339971e+01
4.614119251109796238e+01
4.612863536268685749e+01
4.622699642712567680e+01
4.631881596777510879e+01
4.628945257912011613e+01
4.633254100772765582e+01
4.635330372811112909e+01
4.644368882271367482e+01
4.642956178690170077e+01
4.647470448503025153e+01
4.653745866539296827e+01
4.657527169106489850e+01
4.655095457410559590e+01
4.662126410189411985e+01
4.663837586183684891e+01
4.677023804659344108e+01
4.680564331939440592e+01
4.681723139504535425e+01
4.690083335379917173e+01
4.695188431630437975e+01
4.701012957013286098e+01
4.704301207381148942e+01
4.704010013647656763e+01
4.709872962735030200e+01
4.709460797362199003e+01
4.714924285709710006e+01
4.715466916055522972e+01
4.715618277968097516e+01
4.712039799506354143e+01
4.709080834098258350e+01
4.712978992847924786e+01
4.713488166210695596e+01
4.712029144238877620e+01
4.707405046680318605e+01
4.707015031483687295e+01
4.706306257218718514e+01
4.711825457206801815e+01
4.711300393812053500e+01
4.713206713466500020e+01
4.707865779725907629e+01
4.710564467070025785e+01
4.712322590074573014e+01
4.708617598317788833e+01
4.712239122842444061e+01
4.708038766316315815e+01
4.710304882273671723e+01
4.716800628876109158e+01
4.722655669642428933e+01
4.730303000966581095e+01
4.724274695655991962e+01
4.728667316888062544e+01
4.729238413691801668e+01
4.733621554337291570e+01
4.740936867204712257e+01
4.743593024629942079e+01
4.748444749507217466e+01
4.747469180025425572e+01
4.749260399099235030e+01
4.751674871555734825e+01
4.752240777027702023e+01
4.745755236181918235e+01
4.746739926114222641e+01
4.743962235133143679e+01
4.738496804596834977e+01
4.731997231371675383e+01
4.738901838105017106e+01
4.735036986854661478e+01
4.732163349666932106e+01
4.729034846626613842e+01
4.727787069154438626e+01
4.725798937447059700e+01
4.725696193202318796e+01
4.724146894363271088e+01
4.727653444726134779e+01
4.726597601793950787e+01
4.728994318614116565e+01
4.727694812486356568e+01
4.734621772216681279e+01
4.737131683295351792e+01
4.744223788363696315e+01
4.745372086975103798e+01
4.743394153161406734e+01
4.748955572540983638e+01
4.747043412914656813e+01
4.744281514789993537e+01
4.744245366446511269e+01
4.743058506445741784e+01
4.741512692628036518e+01
4.744478841995605478e+01
4.733968021910215640e+01
4.737211730850636116e+01
4.740952223882505479e+01
4.737608660644809788e+01
4.741962383771848266e+01
4.740801504122401866e+01
4.736712836299739138e+01
4.732207273434685391e+01
4.728916094134223158e+01
4.735696960569988789e+01
4.734975418883360021e+01
4.734615045934604183e+01
4.734395518047411144e+01
4.727566835202956241e+01
4.724105315331800625e+01
4.719367982735150946e+01
4.727063201117256597e+01
4.729239220469968785e+01
4.730955418307894433e+01
4.729844137828509787e+01
4.735308452739784002e+01
4.734571070510154556e+01
4.739841618921358446e+01
4.743799785715113870e+01
4.741859907950370712e+01
4.738256403002479544e+01
4.738852624122373669e+01
4.733299929952958252e+01
4.731488725789687777e+01
4.730389814816543748e+01
4.732830752890907178e+01
4.728057998944745322e+01
4.729178788131810762e+01
4.725148673714749492e+01
4.724478752163548023e+01
4.729027305708198270e+01
4.725487446747693099e+01
4.717104396828565882e+01
4.715454178060822699e+01
4.708440076511400463e+01
4.708662156122190368e+01
4.710948565156340351e+01
4.705812471415547549e+01
4.711691410998184182e+01
4.712975724833283664e+01
4.714669402888446115e+01
4.715380881076050201e+01
4.713812419504312601e+01
4.715598776614936583e+01
4.714518012924003187e+01
4.711432112997924548e+01
4.709459901479375077e+01
4.706177392527973069e+01
4.706297911287651203e+01
4.699604760225678746e+01
4.697988267069200674e+01
4.700051119523273258e+01
4.702114271816830637e+01
4.699952430789889490e+01
4.698109507525900597e+01
4.697752142102848438e+01
4.699811916436328829e+01
4.701781788572511545e+01
4.703147236852918667e+01
4.701632659611453136e+01
4.700194098215872884e+01
4.702108951970227224e+01
4.694786659620827152e+01
4.697944900373448007e+01
4.694987385650419043e+01
4.696031464947552081e+01
4.695637732663065123e+01
4.694894795939323728e+01
4.699377142680682340e+01
4.701503657852020268e+01
4.701110305472109729e+01
4.703479558998876087e+01
4.706194250501162202e+01
4.709541223642619201e+01
4.713229331465304028e+01
4.719959941511051227e+01
4.719527485417798829e+01
4.722234922566980231e+01
4.722828094258670006e+01
4.719358856084343046e+01
4.717344148602581555e+01
4.719222891549150489e+01
4.727561506615081299e+01
4.732650858967261343e+01
4.735443303089702738e+01
4.738137342783629435e+01
4.744268540314098459e+01
4.746577428653623087e+01
4.751047752235564303e+01
4.750918799816596305e+01
4.751574534065670719e+01
4.750929608441713015e+01
4.754462197147365998e+01
4.760906866291445994e+01
4.758812203617080172e+01
4.758730068928798573e+01
4.765302709317919749e+01
4.766183247821160052e+01
4.773054787532760912e+01
4.776814148348520916e+01
4.775179241717205514e+01
4.771459971624133800e+01
4.776610479891458283e+01
4.773917487972097717e+01
4.775759736034552816e+01
4.768290663281017316e+01
4.765897206192968127e+01
4.764083587262781094e+01
4.762348185977627679e+01
4.760816604415238373e+01
4.761221883613236372e+01
4.762302857896182928e+01
4.766582267779891424e+01
4.769402136167699524e+01
4.767485785473384396e+01
4.765672073872556069e+01
4.772387180868724244e+01
4.776751555877188338e+01
4.774509599492554912e+01
4.773517692233843235e+01
4.772440861091980224e+01
4.765296581827842459e+01
4.762009757223825801e+01
4.756891405858174693e+01
4.758029423773985656e+01
4.759762904421449292e+01
4.758457060617583068e+01
4.760717670244581257e+01
4.760495134085769564e+01
