1.136449570099459017e+00
1.047389819030565716e+00
9.444611940667136940e-01
1.562226706485509986e+00
1.750191254510978123e+00
1.880397475416692110e+00
1.941917731274811043e+00
1.985639811042833491e+00
2.017891090162299950e+00
2.029132522257469873e+00
2.095680968076542250e+00
2.085832875121693686e+00
2.091825335630334237e+00
2.094559494803896360e+00
2.083747304831463865e+00
2.137978118543954587e+00
2.157455491443528217e+00
2.203782697677901581e+00
2.276338415549183480e+00
2.306605974057712949e+00
2.339700501747685291e+00
2.372417841920952064e+00
2.394755361808784677e+00
2.417101724533097684e+00
2.433636038649281463e+00
2.477733831866697045e+00
2.506856162760894957e+00
2.535531231181544332e+00
2.578454534359952977e+00
2.590395229870009253e+00
2.602026953946904086e+00
2.642578768625297947e+00
2.669201191354171776e+00
2.694363469465898664e+00
2.690516619804100173e+00
2.712696143103460411e+00
2.724238337217077088e+00
2.743241287833243724e+00
2.769869231599496828e+00
2.785946762554414313e+00
2.814880332730032464e+00
2.828587518553406621e+00
2.839477900169301350e+00
2.858042069791203676e+00
2.839158259778157944e+00
2.844211842332290630e+00
2.834629358957100553e+00
2.830764349232259391e+00
2.830099017024415797e+00
2.892475638438847696e+00
2.894399309149621402e+00
2.951796204744040697e+00
2.958666155772759154e+00
2.978869308916558101e+00
2.996898444191286703e+00
3.026594348254653344e+00
3.063531728138158439e+00
3.094185244632627896e+00
3.129328619253189281e+00
3.159382653981416045e+00
3.187411824289164919e+00
3.210470596231064455e+00
3.281193169519335040e+00
3.292560960286464944e+00
3.312645904469896596e+00
3.319506403729769684e+00
3.304901205758387750e+00
3.330768392293191660e+00
3.346888771833461007e+00
3.365537502686551719e+00
3.389029997801188188e+00
3.398519828087914973e+00
3.409830529035883906e+00
3.417312740248197755e+00
3.419863838740848649e+00
3.424668484193066575e+00
3.425763345131646709e+00
3.425746768186328506e+00
3.461123602726956960e+00
3.464373700920236665e+00
3.465121906523346063e+00
3.470654652020529252e+00
3.472568709926842967e+00
3.495346071566455048e+00
3.510651595507086942e+00
3.519289369425998348e+00
3.517245015842122680e+00
3.524948378188494935e+00
3.527673994333857976e+00
3.533824874924591075e+00
3.545366605346696787e+00
3.554514279296299151e+00
3.590514992911471914e+00
3.612308105122027602e+00
3.630257502005231895e+00
3.646441283023349911e+00
3.683837836374367125e+00
3.677525222216670109e+00
3.722450339175590095e+00
3.720778335571940154e+00
3.756426847246183698e+00
3.760267785477179991e+00
3.765909940375848919e+00
3.781371990977211439e+00
3.779873679494549332e+00
3.770886075576547203e+00
3.763651830057576753e+00
3.771521761931511563e+00
3.777510633063835055e+00
3.773145775103521782e+00
3.781825433145354687e+00
3.779388277932844709e+00
3.797478072108769975e+00
3.806723576281216825e+00
3.823810165864547361e+00
3.836141073649826705e+00
3.837194085305418501e+00
3.836927878676466008e+00
3.834918096148317801e+00
3.838585592120430601e+00
3.856414698733769519e+00
3.867258694000446528e+00
3.880429713998270635e+00
3.894258462563199075e+00
3.905997341699816605e+00
3.916068388921858823e+00
3.918884549699541697e+00
3.921146715859430643e+00
3.931895011219398217e+00
3.951845625851708732e+00
3.938137528207950488e+00
3.953388605863001892e+00
3.941888795778090149e+00
3.954462164195392315e+00
3.950396097054932998e+00
3.948837518234061594e+00
3.937523032573740256e+00
3.939602011380932911e+00
3.914787553907518092e+00
3.924658433356574605e+00
3.912699319155389599e+00
3.914160229590323059e+00
3.909700748159504524e+00
3.921092963704726930e+00
3.925723217029899015e+00
3.928815172481760598e+00
3.925588737841089415e+00
3.917865722979121834e+00
3.913854370821488349e+00
3.914502915151212292e+00
3.918663342589019383e+00
3.927443027399506903e+00
3.907043494706073261e+00
3.901937070125094387e+00
3.915625719041365915e+00
3.908545404624486075e+00
3.909268556976256637e+00
3.911715331324552292e+00
3.910583972186009838e+00
3.883087715638508186e+00
3.889455708982406890e+00
3.895865408548055075e+00
3.901320298187349600e+00
3.875717834676408291e+00
3.873323839723429973e+00
3.847517694592180515e+00
3.829544866970463257e+00
3.806936449177637183e+00
3.805976472332508909e+00
3.753609839946853377e+00
3.713716815811074046e+00
3.695631183363382366e+00
3.703339763949592633e+00
3.696539797653983328e+00
3.703216727102341288e+00
3.711554860521767196e+00
3.712515741237552458e+00
3.710245348510789132e+00
3.693124612104188742e+00
3.703433856735566021e+00
3.699365690218578084e+00
3.715652010401691019e+00
3.722628437146070723e+00
3.721631376504000777e+00
3.751918643722760738e+00
3.774948053009093751e+00
3.786326152250079513e+00
3.816371635125432871e+00
3.816736878742781780e+00
3.831132177374744874e+00
3.835264770112593702e+00
3.849976737577561980e+00
3.853554951277019303e+00
3.857279732894862256e+00
3.889348978542236157e+00
3.897091434735254545e+00
3.926223851135153708e+00
3.940759282994454882e+00
3.939315392180476660e+00
3.919981119280437909e+00
3.919253842565682433e+00
3.964565092463512297e+00
3.970111739535536088e+00
3.975406618908767786e+00
4.005852154435878276e+00
4.021770553684034688e+00
4.042062114869814593e+00
4.056775171632587274e+00
4.074927104929511934e+00
4.083956390287729832e+00
4.090239229704922153e+00
4.110095481494889569e+00
4.137148932233421839e+00
4.180257091895031252e+00
4.219833274075722507e+00
4.233198773893177780e+00
4.271466188268568054e+00
4.293723778681675540e+00
4.348147195710844848e+00
4.389597625188475405e+00
4.375018388940330460e+00
4.373503750612850460e+00
4.393354830172750525e+00
4.404164937275605318e+00
4.414134563799418487e+00
4.432079328462888768e+00
4.447415925776722290e+00
4.481138332451973127e+00
4.486569755159241168e+00
4.495057333870948746e+00
4.503922258943078738e+00
4.519695607446375440e+00
4.531994440239631494e+00
4.538130039212490807e+00
4.553207985533859414e+00
4.567526151685659563e+00
4.592301777042237632e+00
4.615136980606262540e+00
4.637847428568753649e+00
4.648044704503019986e+00
4.660307776004754210e+00
4.674356530029465162e+00
4.705688829562377329e+00
4.716167510781311023e+00
4.733381323874306545e+00
4.755960814412888205e+00
4.748830514058115071e+00
4.746524759156980799e+00
4.785397971974328257e+00
4.805383505683981760e+00
4.795301821713400692e+00
4.780613010185426504e+00
4.794461930918569870e+00
4.813576078583082563e+00
4.826448698992282793e+00
4.839142114668656625e+00
4.860654426800858019e+00
4.902572488179714583e+00
4.917457398753204423e+00
4.927038614750019363e+00
4.950525108594595380e+00
4.964565704833838744e+00
4.980072461685855600e+00
5.004247127926314320e+00
5.019224242310944106e+00
5.029108205461514380e+00
5.062740093449669132e+00
5.082710528389645432e+00
5.103492003264888943e+00
5.131898827811109065e+00
5.145532845072438022e+00
5.155522813298031082e+00
5.151127269209198722e+00
5.156696994697281156e+00
5.171756112815464768e+00
5.180525129107399707e+00
5.194944278239102431e+00
5.217047754403648874e+00
5.230432879325539908e+00
5.248750963807415459e+00
5.261937707336438841e+00
5.275328902963935640e+00
5.291193423303559129e+00
5.295685084687885791e+00
5.303052347798143273e+00
5.309220905671576674e+00
5.314567599729286940e+00
5.321184605538515910e+00
5.335152511934784236e+00
5.339793419489612170e+00
5.347878026694454334e+00
5.341594825695868742e+00
5.356864227626235042e+00
5.370629718424948962e+00
5.376321481229531685e+00
5.409683281068082827e+00
5.439096335644858726e+00
5.447146576234161763e+00
5.456196366278577514e+00
5.486476637716887872e+00
5.515834953582233524e+00
5.519978275290432279e+00
5.519266744640958677e+00
5.520073142787603082e+00
5.521899940553056219e+00
5.520981788523058320e+00
5.520522524380574225e+00
5.529585276422674056e+00
5.546179768045026215e+00
5.542185739795391086e+00
5.540427278547431555e+00
5.538281224595233532e+00
5.532390389111776940e+00
5.533905055700095055e+00
5.539324499193053697e+00
5.544977082661375789e+00
5.552957099654016737e+00
5.559243376843834739e+00
5.567262760362297058e+00
5.566045402072188786e+00
5.542954186452313969e+00
5.560684898026223344e+00
5.565341041479618944e+00
5.568964014283414699e+00
5.582638977369385636e+00
5.587130411526493035e+00
5.595273495737870029e+00
5.608008529426992794e+00
5.618698545541191081e+00
5.634597019409245178e+00
5.630858234394046313e+00
5.629409654041918287e+00
5.629488131868558121e+00
5.617938550384032226e+00
5.618948490708119081e+00
5.631170706501891665e+00
5.633731353766616046e+00
5.641536995756291972e+00
5.647661820224059603e+00
5.654201045812496496e+00
5.653494022845227285e+00
5.650693322608677960e+00
5.641417472538000411e+00
5.624865674445371333e+00
5.625808705244906172e+00
5.628153087718321679e+00
5.632507017836024588e+00
5.634744123094138857e+00
5.637712200515547778e+00
5.649843892603143125e+00
5.660764355919664759e+00
5.667593153841149700e+00
5.667544120360000548e+00
5.666475555248537965e+00
5.670838346011835007e+00
5.675893664229047175e+00
5.677795516858964220e+00
5.683357345168154495e+00
5.687578268700599793e+00
5.702233918271301327e+00
5.714546227777880461e+00
5.727970733656771785e+00
5.734034084109437934e+00
5.733971455945518159e+00
5.730459134988129755e+00
5.729453878730605965e+00
5.740866100594411492e+00
5.767016911161376491e+00
5.788886323143770163e+00
5.838396831940691811e+00
5.850008026670771244e+00
5.864513892140523765e+00
5.829116004602120427e+00
5.830779461469901115e+00
5.836415834102218980e+00
5.859992728804950701e+00
5.873759414204117846e+00
5.892571041650112029e+00
5.909752634164955332e+00
5.939726502893998727e+00
5.977945244287027116e+00
6.011335005422234090e+00
6.058017375561919771e+00
6.089854414643721903e+00
6.107745525329502989e+00
6.147124237227151511e+00
6.192097218978975803e+00
6.243873421113748101e+00
6.281190141746908040e+00
6.331378121521749058e+00
6.373230652286009601e+00
6.424195732933557501e+00
6.482008767313327979e+00
6.529473268619685911e+00
6.580691984361631164e+00
6.625997424443961670e+00
6.673079131524765728e+00
6.734306634125708513e+00
6.773281931785688492e+00
6.827277998428408878e+00
6.882986322021825032e+00
6.933034558138689185e+00
6.974628210837716225e+00
7.034611473214423150e+00
7.079652301615781518e+00
7.133213969430616253e+00
7.212447230060306858e+00
7.262286490077570100e+00
7.313371020874887662e+00
7.378669209319033584e+00
7.427765879914810299e+00
7.486335932174756458e+00
7.559549307036829369e+00
7.624281044325062595e+00
7.694592969407282546e+00
7.743388728005173860e+00
7.786872450202435125e+00
7.830208784088245721e+00
7.878047210980513526e+00
7.933152421204420435e+00
7.981928849908241475e+00
8.080398266433864052e+00
8.130893672630866931e+00
8.185816696208377152e+00
8.226002732204889867e+00
8.269547759212406035e+00
8.305419290729156856e+00
8.375857322905332580e+00
8.399047920022677971e+00
8.437539549376065651e+00
8.480862135870479435e+00
8.514752906365339769e+00
8.563246054527150264e+00
8.614647120346342390e+00
8.642849136601640225e+00
8.663609219847462128e+00
8.686834313212008496e+00
8.711858039689671429e+00
8.744340738042531314e+00
8.776427485008190033e+00
8.798277276787928258e+00
8.825215404005437136e+00
8.848435810146551006e+00
8.873504780522212698e+00
8.891207784821313354e+00
8.908109580891201418e+00
8.924158824815684454e+00
8.960922345707860615e+00
8.976835263576735002e+00
9.002517075451709871e+00
9.029485055721865550e+00
9.054964110914058395e+00
9.079003764841257151e+00
9.112342774728915629e+00
9.130114664037831673e+00
9.153677132766045332e+00
9.185836143200448944e+00
9.211751016098688183e+00
9.237306974366312318e+00
9.232450974245638875e+00
9.233155382131252864e+00
9.243468560965443004e+00
9.241885923930833968e+00
9.251658514272762091e+00
9.270734898519441103e+00
9.284194162745297518e+00
9.301602976827554770e+00
9.307780396976607307e+00
9.339577741571744696e+00
9.342534052900862918e+00
9.360765199748556142e+00
9.381182487548871407e+00
9.386399307348151311e+00
9.400598626068951802e+00
9.414791925486758473e+00
9.423675180923060779e+00
9.432425371000507042e+00
9.454142833971088677e+00
9.468841933784968745e+00
9.480582426735027823e+00
9.483529193137673730e+00
9.489277511575833657e+00
9.498246534917761608e+00
9.507964697204368321e+00
9.520242394411852160e+00
9.515477678457399335e+00
9.539385230426230322e+00
9.537535215750047257e+00
9.532761711606674737e+00
9.525314358531298708e+00
9.523077573125014794e+00
9.525987818119553197e+00
9.524888922538467639e+00
9.524822266726019393e+00
9.524925650288908585e+00
9.525009967382557008e+00
9.515170592758339652e+00
9.514380717183083647e+00
9.505118584309894203e+00
9.517298777010045896e+00
9.509166657465723205e+00
9.503210884514388113e+00
9.497241828590940571e+00
9.489417826581352244e+00
9.480580743839361446e+00
9.474549867923997226e+00
9.461344528520582386e+00
9.452687202735251759e+00
9.464939916455344715e+00
9.469246994368884174e+00
9.484859059358067057e+00
9.497931250627660305e+00
9.504539578044887804e+00
9.505752863392560315e+00
9.510469972926616222e+00
9.502908613502428992e+00
9.506794888781305630e+00
9.438213984282523228e+00
9.449969372055727845e+00
9.454636821188705298e+00
9.457880029345041351e+00
9.463690743617263479e+00
9.458114169001174076e+00
9.472130259663366303e+00
9.477708486347415473e+00
9.485414737641098881e+00
9.496994495859524932e+00
9.497122839249680482e+00
9.502267542587869542e+00
9.515671800804083702e+00
9.525049982543755789e+00
9.543263578778439893e+00
9.527046721341871915e+00
9.520709387191306661e+00
9.532312161210592549e+00
9.536002565372243112e+00
9.546871595106223296e+00
9.567199073920914287e+00
9.586095638277065234e+00
9.601640904738554028e+00
9.612917028698939603e+00
9.624320381037771099e+00
9.634784078584949896e+00
9.633607774294407733e+00
9.645378938402423330e+00
9.655146120373467866e+00
9.661559859978815723e+00
9.672146520664972158e+00
9.637363990398906566e+00
9.648514501259906950e+00
9.666618781235536417e+00
9.667135500612063836e+00
9.687473898029624664e+00
9.687979105507022126e+00
9.696427909900011244e+00
9.709432871182002600e+00
9.718467083213658597e+00
9.733594433462025464e+00
9.733130611611043648e+00
9.740386975996967678e+00
9.734414228034035332e+00
9.737947609823624617e+00
9.746279851195929211e+00
9.747823559094413781e+00
9.750403769554077726e+00
9.756859475189273212e+00
9.820674118107886486e+00
9.817799854649683411e+00
9.818430872211614258e+00
9.832632475689907281e+00
9.838720780828657198e+00
9.841261861490870899e+00
9.845955885067157354e+00
9.829544332739153845e+00
9.821890340660846874e+00
9.820753437583977785e+00
9.820226146756747099e+00
9.819620153151200626e+00
9.817378956831129599e+00
9.819250931505404623e+00
9.819991966051420107e+00
9.845460876019682672e+00
9.839145894986016216e+00
9.834241010536631578e+00
9.834790518427613648e+00
9.833154778567839926e+00
9.838877606016957600e+00
9.831513569259884733e+00
9.827755800488199966e+00
9.827410190143496038e+00
9.842164747927260038e+00
9.845971332003113474e+00
9.847032861396280978e+00
9.854389648343646613e+00
9.844073557595097057e+00
9.842804451785774233e+00
9.852897856205874660e+00
9.877500530792756805e+00
9.874550586102252225e+00
9.885269460452034807e+00
9.891316523686064954e+00
9.902840010213600053e+00
9.916592525220963239e+00
9.925267056845397562e+00
9.913192145141014322e+00
9.908244701631661044e+00
9.899550241236935832e+00
9.908903930085557477e+00
9.901187613743248406e+00
9.917615244826048837e+00
9.921956849408790191e+00
9.930534346123231160e+00
9.938312485423191234e+00
9.933755620556734556e+00
9.940825814326474941e+00
9.944912763330354011e+00
9.949040214890944256e+00
9.939790894800591303e+00
9.944963658493552572e+00
9.947553594359147766e+00
9.954014460662211405e+00
9.951381210686440326e+00
9.965691785347013720e+00
9.975244984130901216e+00
9.974013991209593755e+00
9.973703724324854747e+00
9.971104848995413050e+00
9.980564676019303860e+00
9.984403085341929440e+00
9.983923848552302971e+00
9.979516415005022623e+00
9.994093923698848414e+00
9.995483788819507609e+00
1.000525239872757055e+01
1.000953239159505870e+01
1.000950433894427682e+01
1.001084459444963315e+01
1.000479828780777503e+01
9.992499577394083232e+00
9.986001764617514098e+00
9.985266943882910695e+00
9.982316743320737373e+00
9.975381272508082375e+00
9.989447720804351505e+00
9.989251333403391442e+00
9.988741161018261039e+00
9.998562320206680454e+00
9.996554843587066586e+00
9.979249548512536094e+00
9.977971552325477944e+00
9.978950059442210474e+00
9.976061955946081028e+00
9.978395442304238472e+00
9.980638549833061646e+00
1.000057855638880966e+01
1.000202991849591250e+01
1.000179590700175503e+01
1.000092772901923865e+01
9.989937955854845342e+00
9.987325630936295440e+00
9.983233265167195114e+00
9.978072527962806859e+00
9.994479696343049113e+00
9.987825997407814071e+00
9.984114480661007818e+00
9.975987793257612424e+00
9.978032941056431682e+00
9.969817708138648982e+00
9.963889244242398746e+00
9.953675919244087567e+00
9.958807303979435588e+00
9.957321808450242173e+00
9.952830552512796913e+00
9.942212181382702241e+00
9.948197563529795673e+00
9.957700483662216939e+00
9.959351003602058938e+00
9.959213370246791541e+00
9.946896291091793074e+00
9.937562371073115131e+00
9.934274379348572381e+00
9.921735584458073021e+00
9.919558049291561375e+00
9.914252733188641642e+00
9.910013793879011601e+00
9.915777255771432763e+00
9.927947737289310126e+00
9.937901643147949216e+00
9.928485322518408651e+00
9.938094447411529586e+00
9.938339816641992286e+00
9.946720823279191492e+00
9.942231570002419971e+00
9.955822398276836793e+00
9.965760385369911489e+00
9.971538945702071999e+00
9.974729456326844712e+00
9.981345255395293492e+00
9.977653642661463707e+00
9.967519716746560121e+00
9.956617011511589510e+00
9.947709748387140394e+00
9.940756001069589232e+00
9.926781963404062381e+00
9.930154897024859650e+00
9.940500204931272066e+00
9.948166955572609993e+00
9.965087964951003130e+00
9.965974421364229840e+00
9.967653119818828955e+00
9.959316339675336138e+00
9.961393594138549190e+00
9.961273032875535449e+00
9.965110363597105447e+00
9.986906524517635830e+00
9.988971702339249248e+00
9.982226737800271366e+00
9.994708068641285692e+00
1.000222419633750270e+01
9.983079656469140417e+00
9.973344679501284560e+00
9.976723693338943377e+00
9.991263746645691057e+00
9.975033520413854049e+00
9.964386719204890497e+00
9.930008606544976857e+00
9.935481220265561575e+00
9.952477119273634543e+00
9.963897608006899276e+00
9.968726854750427080e+00
9.971417863332863618e+00
9.962528568625495851e+00
9.966479398025985148e+00
9.954162970998458704e+00
9.946721304099417793e+00
9.947727665432593014e+00
9.947021678169804204e+00
9.956958343182657600e+00
9.957886002671322956e+00
9.969494405907287415e+00
9.936431297070313917e+00
9.934916475774338451e+00
9.927287981420683138e+00
9.921348352936545822e+00
9.918768825078105422e+00
9.924415062725921999e+00
9.917495616826489169e+00
9.923476545435921281e+00
9.930062511791859947e+00
9.946431656056841319e+00
9.941704286212619479e+00
9.940132297107464154e+00
9.953934487173752288e+00
9.955108341156243768e+00
9.952357476337882147e+00
9.945823640183197867e+00
9.944978018533518593e+00
9.937086508128901485e+00
9.924067570343590106e+00
9.917423932136379960e+00
9.910988596108209592e+00
9.897821014358843428e+00
9.894014182502479215e+00
9.875585738336296160e+00
9.869772613092786528e+00
9.868875787164176572e+00
9.862433725436206444e+00
9.864882949524067968e+00
9.893092376728247928e+00
9.902414407674049457e+00
9.907522171017527413e+00
9.897808608151839493e+00
9.898722189208209343e+00
9.898868506885534657e+00
9.913513698525742157e+00
9.909462915573566733e+00
9.896779405672534224e+00
9.897890944378065825e+00
9.899996139313229193e+00
9.908616845307793852e+00
9.916270074197463202e+00
9.923812103154361353e+00
9.925683981496643327e+00
9.930289684152249663e+00
9.924164506061682545e+00
9.919605894759888187e+00
9.916036230045026656e+00
9.912869473461022096e+00
9.907598463425891566e+00
9.947964779193986473e+00
9.947896541173047780e+00
9.950112248676731497e+00
9.952537717980700194e+00
9.948957155743437752e+00
9.945289019558506638e+00
9.955530928027979343e+00
9.954555572409343966e+00
9.950428021848752635e+00
9.938679919193557311e+00
9.940319741901365802e+00
9.952298485245854920e+00
9.953109230035089183e+00
9.944972559147153390e+00
9.949278582615509237e+00
9.951464335808886119e+00
9.935377967930364207e+00
9.938862117285436781e+00
9.945361837464087529e+00
9.961716761063438952e+00
9.966074679486364829e+00
9.980773275939251121e+00
9.990502161458392649e+00
1.000737403844129148e+01
1.000072716206977752e+01
1.000869077817904085e+01
9.997446010640221203e+00
9.987753320724117145e+00
9.983003410269777333e+00
9.968955879303067036e+00
9.971425483481930030e+00
9.978107587840327142e+00
9.988181351169867384e+00
9.988148881793200928e+00
9.992800009351689994e+00
9.997261959626170480e+00
1.000509839569313542e+01
9.996741149432596174e+00
9.995407675535886938e+00
9.978497335155905645e+00
9.977801819299228825e+00
9.970803432847770154e+00
9.979949967761120533e+00
9.984641069329148522e+00
9.983659765713394307e+00
9.968371452289240153e+00
9.968493778440862485e+00
9.963937172871982995e+00
9.956923799181691237e+00
9.947341590911653597e+00
9.947304415358082963e+00
9.948173257913738965e+00
9.945569732815071617e+00
9.943172238137258034e+00
9.948560894914798780e+00
9.936246671104399297e+00
9.925041541357247254e+00
9.926961118366000036e+00
9.928635916442985376e+00
9.927449671597187830e+00
9.923769375842390161e+00
9.928835385838429062e+00
9.924194091938746354e+00
9.921914207690639032e+00
9.922547473634200088e+00
9.936232367906889351e+00
9.933551650790249710e+00
9.933230415068281971e+00
9.934249688069455075e+00
9.934005399898765631e+00
9.919995422519800599e+00
9.907718857694787218e+00
9.910406209843786840e+00
9.929187240296778683e+00
9.925064322236002212e+00
9.925440507433320292e+00
9.926333268275572053e+00
9.924621907099435703e+00
9.933044807980040858e+00
9.933466870858985942e+00
9.931361812864443195e+00
9.923676261873442428e+00
9.928282885522083490e+00
9.943422481869021112e+00
9.941873577283018903e+00
9.937233395127970326e+00
9.940791714403244939e+00
9.933173403887574082e+00
9.941277659551380097e+00
9.940445252047135583e+00
9.947423835379566981e+00
9.948190298455468650e+00
9.949469997994164316e+00
9.943413783572564668e+00
9.958787165214285864e+00
9.962473035165945845e+00
9.961433162756806681e+00
9.962556493682134473e+00
9.971813080319041234e+00
9.976627746794830998e+00
9.974736253390084073e+00
9.975721035751160315e+00
9.976593342741947978e+00
9.971696342323246753e+00
9.975005356273463519e+00
9.994514625733733837e+00
1.000051801846672284e+01
9.993055761575442730e+00
9.994877587008263120e+00
9.994697166438555769e+00
9.991953751155463692e+00
9.996714075300626945e+00
9.999292319379950555e+00
9.991327775963974034e+00
9.982018081126831532e+00
9.977602473485603696e+00
9.977400986316904863e+00
9.975249514184136856e+00
9.970177697556914964e+00
9.979616112154134910e+00
9.985078435982051914e+00
9.969279911233389413e+00
9.968399618433675613e+00
9.971582827505820035e+00
9.976129713253925502e+00
9.979347588475224740e+00
9.984531193593127796e+00
9.987474400409849906e+00
9.981466479991157215e+00
9.967181909382487603e+00
9.976478702739735027e+00
9.974036452987864010e+00
9.968245368266467565e+00
9.969341296357866256e+00
9.961680219814830650e+00
9.966029278036696581e+00
9.980348323034736069e+00
9.979263650424522680e+00
9.982031564946902691e+00
9.972800737827801854e+00
9.976260443965667690e+00
9.957135872069212468e+00
9.963724955074603429e+00
9.953918550960905165e+00
9.961172047259326590e+00
9.970651525856828457e+00
9.971137130370125945e+00
9.973061108677198305e+00
9.977433510510174131e+00
9.975717902244397806e+00
9.982592790512498482e+00
9.972681095782224503e+00
9.979635543578639911e+00
9.966396354481261710e+00
9.954017676433489115e+00
9.965151462682884542e+00
9.972550390172870038e+00
9.966987428791250991e+00
9.963655458853924785e+00
9.949780170548528702e+00
9.944328641132683444e+00
9.947065729340268447e+00
9.959784441076470429e+00
9.955287199644402563e+00
9.961955873298721897e+00
9.959888121792458193e+00
9.971295400743647619e+00
9.973958912312268055e+00
9.977723750255862001e+00
9.983719751684015264e+00
9.990735595778984290e+00
9.990368060023644858e+00
9.989221157748868762e+00
9.992716368302767549e+00
9.980314379244815015e+00
9.979270890605606681e+00
9.977517109203292378e+00
9.982975142057728846e+00
9.997846178030577846e+00
9.999627684710183928e+00
9.990339027762868085e+00
9.978808113903374633e+00
9.977064966103995403e+00
9.979078960084557082e+00
9.974395796946389225e+00
9.966048366804489689e+00
9.958108942242803963e+00
9.962737561586065382e+00
