1.306984760406707125e+01
1.302864002384972508e+01
1.749283378855327342e+01
1.834719369564026792e+01
1.838992103592243055e+01
1.885510838355692798e+01
1.797022606817913370e+01
1.829420728566670817e+01
1.857262864786562062e+01
1.902522674494808541e+01
1.963682155690208475e+01
2.027862382598113911e+01
2.096095479062720557e+01
2.127474448446792366e+01
2.179848564509430631e+01
2.248653717357668214e+01
2.312608991082887400e+01
2.392663988703299438e+01
2.444726212472390969e+01
2.489119513685788476e+01
2.543853164748598772e+01
2.570146810168917995e+01
2.620541468118281259e+01
2.651696140717456629e+01
2.668324261913754825e+01
2.678728563147408437e+01
2.703148993897580965e+01
2.726288181158736634e+01
2.744318471978564489e+01
2.763194340164935525e+01
2.779109884546526743e+01
2.793624482881724802e+01
2.802197805021164001e+01
2.817379956522627893e+01
2.834024609078354828e+01
2.857553050994296129e+01
2.878488059984401204e+01
2.899030478360356611e+01
2.920688959501392290e+01
2.939918954272598839e+01
2.959088366953942995e+01
2.979579905087011937e+01
2.992784951971569996e+01
3.009120155377024375e+01
3.023791182252662679e+01
3.038416522420044430e+01
3.052951576198871919e+01
3.066923678924086261e+01
3.076013775960098329e+01
3.119091109680060825e+01
3.167251144880458824e+01
3.184545964695954012e+01
3.215362054562876182e+01
3.250031266338223190e+01
3.278508196941486119e+01
3.325432043233129065e+01
3.357154048624717291e+01
3.386604471080951839e+01
3.416325852432015608e+01
3.435749424190835555e+01
3.451621505188970218e+01
3.463416649493133548e+01
3.496358171086786371e+01
3.512586873784884745e+01
3.521407605652873229e+01
3.525838214322968156e+01
3.532210234106513980e+01
3.534102527372727565e+01
3.541511986615583396e+01
3.536598480260904864e+01
3.546328281292249329e+01
3.542116552080997849e+01
3.552390402181654849e+01
3.561083168350136674e+01
3.574618037300911766e+01
3.579798360292724624e+01
3.586194182275519182e+01
3.592057986332704900e+01
3.599925170891134485e+01
3.606711804386362985e+01
3.612537490029257015e+01
3.620145822424507287e+01
3.621926126807788648e+01
3.626449461715576916e+01
3.621660287037373394e+01
3.619156235469220206e+01
3.614301452528323466e+01
3.604003467324875487e+01
3.604266873909085689e+01
3.608021795929285958e+01
3.607002018756381290e+01
3.609400023423756920e+01
3.609073774415750080e+01
3.611129183311025770e+01
3.611001695640047870e+01
3.605199879516020189e+01
3.603292678642381475e+01
3.598808207983753960e+01
3.600560804016597416e+01
3.599376155320172899e+01
3.604386856067715428e+01
3.607046181277554808e+01
3.605664830145728672e+01
3.609976786496600454e+01
3.609528719709086886e+01
3.610477071860169929e+01
3.613125770632497336e+01
3.611559950056504675e+01
3.609591296963304075e+01
3.613234367706352401e+01
3.607268783207208429e+01
3.602132435178443615e+01
3.601522031055580442e+01
3.600627035016105282e+01
3.593222057047841389e+01
3.589099577047498713e+01
3.591175389909004423e+01
3.588671112352432857e+01
3.600679762769467374e+01
3.600021400827742468e+01
3.604636013959165552e+01
3.597845382579629359e+01
3.602253816917042428e+01
3.605911370037810570e+01
3.605936296596722457e+01
3.605969141760461127e+01
3.599227263691312118e+01
3.603463114013942459e+01
3.606195683700714483e+01
3.602640950415459287e+01
3.607746920721970696e+01
3.615625244837187324e+01
3.608992787562702631e+01
3.617616591446277852e+01
3.618301877194922156e+01
3.618300184373878636e+01
3.624104595894348080e+01
3.620435781656851759e+01
3.617534077983263785e+01
3.615448844352844304e+01
3.614255499540676908e+01
3.610592595548591532e+01
3.603789023011962200e+01
3.602307694513561387e+01
3.602193017248331586e+01
3.603675358837786291e+01
3.606207308943009338e+01
3.600827065890916145e+01
3.597224033474722660e+01
3.598354852310715302e+01
3.598993689921697126e+01
3.597383770828677996e+01
3.598362973371741447e+01
3.600765426023507132e+01
3.606283760357151635e+01
3.600201785725907655e+01
3.596240769683225125e+01
3.597221410125579411e+01
3.594457471168561824e+01
3.597439944419997460e+01
3.595822180451989425e+01
3.592518456648011238e+01
3.592478390695072932e+01
3.596188720868192235e+01
3.595636605510671302e+01
3.591451743704985944e+01
3.593019543887548650e+01
3.591274164851954254e+01
3.586142900968125247e+01
3.586928072689904212e+01
3.582027047325120606e+01
3.578377712828848445e+01
3.571789812984471268e+01
3.570474496635805650e+01
3.565459953281245475e+01
3.565876485368433890e+01
3.559006916722476177e+01
3.550293201235525231e+01
3.555496138418141783e+01
3.554528049546852486e+01
3.550675295659605268e+01
3.554918467238960034e+01
3.544732435354849542e+01
3.545119430767203283e+01
3.543826787599481065e+01
3.538121443585291104e+01
3.541335643369038877e+01
3.547080586328459617e+01
3.548060487207131786e+01
3.544909584733395747e+01
3.545416998075825887e+01
3.547260839951813693e+01
3.548463377590171319e+01
3.548683090788809125e+01
3.548956087688122807e+01
3.546715508311781662e+01
3.544986879332504515e+01
3.546000317056868312e+01
3.542987790210256094e+01
3.535532434314089301e+01
3.531973380057694811e+01
3.532495111864437831e+01
3.532043508766963669e+01
3.522284268144340302e+01
3.523393183412366625e+01
3.521290432529050918e+01
3.522795150475861448e+01
3.522111468146487567e+01
3.531957296248993572e+01
3.531202266810030466e+01
3.529436676564584729e+01
3.531940230867061814e+01
3.532270133380789900e+01
3.534859576208534548e+01
3.535250509177159017e+01
3.545498905002806822e+01
3.548261509300060368e+01
3.547486203715409658e+01
3.544293586710593758e+01
3.547581706359709841e+01
3.546708754506289552e+01
3.556335894082499749e+01
3.561383585908888705e+01
3.565282492541500403e+01
3.567154566789777448e+01
3.568186002907025767e+01
3.571273962592600526e+01
3.564048170085067113e+01
3.568838793981684887e+01
3.572191807289185306e+01
3.578913109767455580e+01
3.576928619346249860e+01
3.583200084032688437e+01
3.586954427491862418e+01
3.591159643695530690e+01
3.592462545594521117e+01
3.590151987054250782e+01
3.589992791504317893e+01
3.594325165164258351e+01
3.597345493304219843e+01
3.597372953797584927e+01
3.599759839808342576e+01
3.601967477440513221e+01
3.602047383692057991e+01
3.604010998308349656e+01
3.611350442691635010e+01
3.609531693700821364e+01
3.608528449166724528e+01
3.616195449280348129e+01
3.609557277920798413e+01
3.614179896601659436e+01
3.613143537192939903e+01
3.612738312103195426e+01
3.617857150513045639e+01
3.619230316036905748e+01
3.613329677130047202e+01
3.609934814236589773e+01
3.611177620445951675e+01
3.607453189157406115e+01
3.607838494997118772e+01
3.610305252076096849e+01
3.613355997821440013e+01
3.611528724050392469e+01
3.616025427660462555e+01
3.609468559439874014e+01
3.609495661606528927e+01
3.610343660198427784e+01
3.614606944708330616e+01
3.615168209650486375e+01
3.617824673203017483e+01
3.615025184402136205e+01
3.621382117208379725e+01
3.621950372415498975e+01
3.630511735258317429e+01
3.636218282381999245e+01
3.635612286899553425e+01
3.648968690669087067e+01
3.648604189477200777e+01
3.648753248459433252e+01
3.648506364388381940e+01
3.653217430368204788e+01
3.655649635682503629e+01
3.657768887661606527e+01
3.658270646650468905e+01
3.660419155600752816e+01
3.659792166750132481e+01
3.667033986492117492e+01
3.666593696648773459e+01
3.673436318374059084e+01
3.691173799161445856e+01
3.686857124788917162e+01
3.691173467858619262e+01
3.704259400941690927e+01
3.706803350484649684e+01
3.716893442726326668e+01
3.729925369553045300e+01
3.739757451070921945e+01
3.763609062050696963e+01
3.788578958289504328e+01
3.788420688958091631e+01
3.798479001354414208e+01
3.822031384141352817e+01
3.826346241225465405e+01
3.841995951763787787e+01
3.869503954083405262e+01
3.889843227313667029e+01
3.899136417132122290e+01
3.922165589243274297e+01
3.940784882821837698e+01
3.955167714664951006e+01
3.974511439944959790e+01
3.992581050750094107e+01
4.031748665664251519e+01
4.049539630854856398e+01
4.063892724323743977e+01
4.078731942042436032e+01
4.098773481273052255e+01
4.113189194618773570e+01
4.141871582828581921e+01
4.170129541895872194e+01
4.192979855813063494e+01
4.211083148377814922e+01
4.243058501680409478e+01
4.276806367794176111e+01
4.308844836830851932e+01
4.352746648892900083e+01
4.388331139309719475e+01
4.407541501467503764e+01
4.442059979455243734e+01
4.491953212796126849e+01
4.511073786832221089e+01
4.536621809053244903e+01
4.566231446836523133e+01
4.621592547303524157e+01
4.661093111934359712e+01
4.694856383076253792e+01
4.703078823108744189e+01
4.728942329700666392e+01
4.759240007124520133e+01
4.799237932759908887e+01
4.836538052631561158e+01
4.880549369877141430e+01
4.923463640601980273e+01
4.975843062571514253e+01
5.012384613707509828e+01
5.048714759711194233e+01
5.072928576986097227e+01
5.107269078541260399e+01
5.163154641698354652e+01
5.204560491281029755e+01
5.240945885791633430e+01
5.275210614234657669e+01
5.313964636168473277e+01
5.333313168080214695e+01
5.385784421215735307e+01
5.418247321440794906e+01
5.451936687535509662e+01
5.494807591888359610e+01
5.526576458663664937e+01
5.571374268320970913e+01
5.604803524310696616e+01
5.646144346399240277e+01
5.677527825331039679e+01
5.712451729866742767e+01
5.764070278541455394e+01
5.793944805599048919e+01
5.825448008494861796e+01
5.850647248068757733e+01
5.874944152733411329e+01
5.884368853003553568e+01
5.925035388873146758e+01
5.943104586261727462e+01
5.971168049061013505e+01
6.004296765701506189e+01
6.024901101817578564e+01
6.043715155417577733e+01
6.063877552899261048e+01
6.077497764948929415e+01
6.084243768319700507e+01
6.108285125008628569e+01
6.139141713961329572e+01
6.138532621499526698e+01
6.147421756372445856e+01
6.150082912569617122e+01
6.174468803002937989e+01
6.212671483017415852e+01
6.214906485580317508e+01
6.220665413901608787e+01
6.229340336599671701e+01
6.219289473422086445e+01
6.207971075920288939e+01
6.198548042764474530e+01
6.164912513580969744e+01
6.172791870961908245e+01
6.173912210488925467e+01
6.171326485087067226e+01
6.164170882529230511e+01
6.138751057407576184e+01
6.131780239245518516e+01
6.131414159882801584e+01
6.134818517138929650e+01
6.133712577512003605e+01
6.127195658026361968e+01
6.120705398323541857e+01
6.114618823784871182e+01
6.095482298084507278e+01
6.068822882171977540e+01
6.063780537908539259e+01
6.057660046278654420e+01
6.044469339459510593e+01
6.038496127698479654e+01
6.027391888221050209e+01
6.043486422863514917e+01
6.024028143128975188e+01
6.022242036635732632e+01
6.020723747913403656e+01
5.998045971499637119e+01
6.035668119365446671e+01
6.034039449772799912e+01
6.031725131817304231e+01
6.032368584156753144e+01
6.020012642614992870e+01
6.010635770118253163e+01
6.012438751099027456e+01
6.027107458652765359e+01
6.030348782627922333e+01
6.013543735811539648e+01
6.018006629881222835e+01
6.000738370261412769e+01
6.014292549568760649e+01
6.027047096779006097e+01
6.033746044562710154e+01
6.032004916128866512e+01
6.019905460938610275e+01
6.010801872805714652e+01
6.003278933067813483e+01
6.017253980995737095e+01
6.033889362109750465e+01
6.041054918520681838e+01
6.049819831852705931e+01
6.080207861965386940e+01
6.082007135274248100e+01
6.083605066439835696e+01
6.097028672020736906e+01
6.109957859963092375e+01
6.107687986641300881e+01
6.137345677118437948e+01
6.125081648567044823e+01
6.123084627740857400e+01
6.113901515965086020e+01
6.115574463976602715e+01
6.115549035970501990e+01
6.109257668268839581e+01
6.119953366459589006e+01
6.134504350167121345e+01
6.163497885721142922e+01
6.172361342487628377e+01
6.168660866622021643e+01
6.147629583931546193e+01
6.140363976264655577e+01
6.141523469621755993e+01
6.112996513385339625e+01
6.124419426107873932e+01
6.107357417429385293e+01
6.113901133934211174e+01
6.119311627842095902e+01
6.085219260310779532e+01
6.100207451506045686e+01
6.087983456161484241e+01
6.071894331034254577e+01
6.061411645444353979e+01
6.060131140694004870e+01
6.039442660410487207e+01
6.006766004406750881e+01
5.996974735202690709e+01
6.007468871714559810e+01
6.012339750545262973e+01
6.046450532573225445e+01
6.042541886730923295e+01
6.040408033698336254e+01
6.055401398552234582e+01
6.070146845713057360e+01
6.066849505387747143e+01
6.086364615537922873e+01
6.083821813717528926e+01
6.075009295150243815e+01
6.084653091030654792e+01
6.106112806117041458e+01
6.111846966409159876e+01
6.131604969942440420e+01
6.150864161711240996e+01
6.149235448740919452e+01
6.163619583856586104e+01
6.177556897711728112e+01
6.182725143098817000e+01
6.201488610322710571e+01
6.235501395359008114e+01
6.252520265094042884e+01
6.279133683903803842e+01
6.285750262896148399e+01
6.291434811623017254e+01
6.298746248649204915e+01
6.280147920431609521e+01
6.275188384010731824e+01
6.277685450132724299e+01
6.283487798910007882e+01
6.273837411546863052e+01
6.267428830289200903e+01
6.263353149989763580e+01
6.259635326786604992e+01
6.250394803787205689e+01
6.256296866166007931e+01
6.283333263823071491e+01
6.284805724602706789e+01
6.282780714978550662e+01
6.296655604811710560e+01
6.293360341559507276e+01
6.302450866272852892e+01
6.308944448843988795e+01
6.317797252300367461e+01
6.317975609043213581e+01
6.337214270629029045e+01
6.373527510892024139e+01
6.375529723238219049e+01
6.385685464376147280e+01
6.369648792656322200e+01
6.368627736667502148e+01
6.358272041629967219e+01
6.366019748926402144e+01
6.368863100585076609e+01
6.335294615261646811e+01
6.347771635034119697e+01
6.361409809144146266e+01
6.369795511988206016e+01
6.386032734284174950e+01
6.398635864970363230e+01
6.371566633754666498e+01
6.374408812379134304e+01
6.346257893079748413e+01
6.334131173387887515e+01
6.319963414295628468e+01
6.278631503795023150e+01
6.249902669531150678e+01
6.223026985311100390e+01
6.192870925673750548e+01
6.161793038519738985e+01
6.150803714414846013e+01
6.170736894659723504e+01
6.183932750436981252e+01
6.180227947583712478e+01
6.173842392724785810e+01
6.206400575179200274e+01
6.201223186853911784e+01
6.200329011761836284e+01
6.216414768646138356e+01
6.234570477266157695e+01
6.265647166113981825e+01
6.286868323686164928e+01
6.294922575972887557e+01
6.303974398001920321e+01
6.321051510551507846e+01
6.294012565702669804e+01
6.282868529675875635e+01
6.279871343768306247e+01
6.313355435598619181e+01
6.314643632729301004e+01
6.329681812115855877e+01
6.327183225241546438e+01
6.344723795585575488e+01
6.367554213702431554e+01
6.392011374835209381e+01
6.396672558613104798e+01
6.391883792203883985e+01
6.389371454307089238e+01
6.400065699691202781e+01
6.391606949132480509e+01
6.419518033252160194e+01
6.418654195972095522e+01
6.437338237304356880e+01
6.486326727497777256e+01
6.508828829392290061e+01
6.500740215404479727e+01
6.514723974474030399e+01
6.525805716340185825e+01
6.560284456070957049e+01
6.566093406411199851e+01
6.567744495608386046e+01
6.584887355620460880e+01
6.594864964430234977e+01
6.590916319325771155e+01
6.606091600124162255e+01
6.599595760744999495e+01
6.608010145359494913e+01
6.625773610086645249e+01
6.636942708758658682e+01
6.654651194744718623e+01
6.650405193166129436e+01
6.645023524246941804e+01
6.632850348899823700e+01
6.642091228184567342e+01
6.639727153358471412e+01
6.627038106979760812e+01
6.615905776510068392e+01
6.596811163251022947e+01
6.550936501674613055e+01
6.547301999266532846e+01
6.536494497468498821e+01
6.535132482930481501e+01
6.528162748299855878e+01
6.546256145357682499e+01
6.558274207366257258e+01
6.584474215136813768e+01
6.597898403412031598e+01
6.565736608727669932e+01
6.560146313986969346e+01
6.547016742063732408e+01
6.535320662438078898e+01
6.530405678798808822e+01
6.519735926099106393e+01
6.497924871016361692e+01
6.468346762197971600e+01
6.481292170500951499e+01
6.480534023119129472e+01
6.471502987437264665e+01
6.470469291990382033e+01
6.458788819100448109e+01
6.446127061991626306e+01
6.424681039604766397e+01
6.408247088767183186e+01
6.405970739261654501e+01
6.392263699294572632e+01
6.353441010985128656e+01
6.329372181582731827e+01
6.289453082132494188e+01
6.292499705676306121e+01
6.297616217260174665e+01
6.297747628053826929e+01
6.303134668385810357e+01
6.310335462485309677e+01
6.297927542998608175e+01
6.346995599706202285e+01
6.372694988500571611e+01
6.369206123101201200e+01
6.354348853382007434e+01
6.343126436475804297e+01
6.335885642213842317e+01
6.325124603106146992e+01
6.344295865018466429e+01
6.350759586242873667e+01
6.364018445629982068e+01
6.385690832431150454e+01
6.408934420780796870e+01
6.448048769097542277e+01
6.492680149968319370e+01
6.509568020881145856e+01
6.520903453170438979e+01
6.528843218460900744e+01
6.542248906691531829e+01
6.536927084977111235e+01
6.517364488331027417e+01
6.507614299481745945e+01
6.505968594064148647e+01
6.530827916516571463e+01
6.541736467327031335e+01
6.537419621821508997e+01
6.548028831774736602e+01
6.557897761645240564e+01
6.554956809948481578e+01
6.563880992593415442e+01
6.562209765202520373e+01
6.534778842263872889e+01
6.538284507956026914e+01
6.512898510443653777e+01
6.504900283231768299e+01
6.515223824872754221e+01
6.512421437229133403e+01
6.515635111565745774e+01
6.497889296728608599e+01
6.484969021221921537e+01
6.503037640202322223e+01
6.505604946624453078e+01
6.503976133550449390e+01
6.517989023318776276e+01
6.517653259298771218e+01
6.519080066580885102e+01
6.528795059006985468e+01
6.528667390577147955e+01
6.581527405409262599e+01
6.568006071774935606e+01
6.565486260990219591e+01
6.559329803473312381e+01
6.599596731236839275e+01
6.596707272666452582e+01
6.613900238714789737e+01
6.623787043128146479e+01
6.649206339603796323e+01
6.653827693759185991e+01
6.656166909018271838e+01
6.634284214658246981e+01
6.642953393430691733e+01
6.636567625523517222e+01
6.622967710581031042e+01
6.631078393199835830e+01
6.636337926902201900e+01
6.645783024451243648e+01
6.655324822182363675e+01
6.679110775806451272e+01
6.687643270217053271e+01
6.750898974953663867e+01
6.740497832162790814e+01
6.733199960697572806e+01
6.743003805740305268e+01
6.769536318046742451e+01
6.780231752299974346e+01
6.794057863094796801e+01
6.802964764344342541e+01
6.836762441719469052e+01
6.872293482719103963e+01
6.900528353513340107e+01
6.944137294166939967e+01
6.977842426696439304e+01
7.004372477344756476e+01
7.035315795853547627e+01
7.037795175572711059e+01
7.060934998020806574e+01
7.074773141886244332e+01
7.094238687084478556e+01
7.087433815021165628e+01
7.108296867926154050e+01
7.126364842593152105e+01
7.132074465924856099e+01
7.129264004323638915e+01
7.126648613305401625e+01
7.087838805291848132e+01
7.105232210200384202e+01
7.109859884851729817e+01
7.085870728450352374e+01
7.091234880248123318e+01
7.090808170089046314e+01
7.081847746290691248e+01
7.070980383633094846e+01
7.075222127821933782e+01
7.064163827595635325e+01
7.038270220353560092e+01
7.032837364317981610e+01
7.050068936119014040e+01
7.034920541616558864e+01
7.046249335924662205e+01
7.030855250936920697e+01
7.025487545487382590e+01
6.992298255812865193e+01
6.979981668528074579e+01
6.953031070236347944e+01
6.938792640095431352e+01
6.925805329114128028e+01
6.921490385209719420e+01
6.913544933346487653e+01
6.912650305616010371e+01
6.883626667092151763e+01
6.893317582867921089e+01
6.883040539186457352e+01
6.849731705210861321e+01
6.859619490657674135e+01
6.833122628745661586e+01
6.814787972912873215e+01
6.805496846169695857e+01
6.772914286194013300e+01
6.740899364331707488e+01
6.733166063991728834e+01
6.718477531645937972e+01
6.736534904817315805e+01
6.731080287323354128e+01
6.737984143071994936e+01
6.709678904516397324e+01
6.702327888590900784e+01
6.709839746752504652e+01
6.703631369841247079e+01
6.680772084589696647e+01
6.694876449260380014e+01
6.716572608319215476e+01
6.727841331247098822e+01
6.734788433141987696e+01
6.735873645305909463e+01
6.724606931979967328e+01
6.709733359388003748e+01
6.713668725464806641e+01
6.721283939178451305e+01
6.728210618959242595e+01
6.711262695187424754e+01
6.717749165461923155e+01
6.728508086820566803e+01
6.774037768773904133e+01
6.789011636716548992e+01
6.715341502994704115e+01
6.730995422699054131e+01
6.740478850233644437e+01
6.739563527373793761e+01
6.744056904174075839e+01
6.770841781778196378e+01
6.762751898854060073e+01
6.768643823659280656e+01
6.784574052902395636e+01
6.803145803513376677e+01
6.822186465660217891e+01
6.820227851967055699e+01
6.812557456977997106e+01
6.791736389664269780e+01
6.837947765092725660e+01
6.838517495803218083e+01
6.832488476406366829e+01
6.847409176744957904e+01
6.833422937560381172e+01
6.852475114312051119e+01
6.855435871240055690e+01
6.879499686133159742e+01
6.896122355307974772e+01
6.913916840072151615e+01
6.890071688905716485e+01
6.885287921550317947e+01
6.893008337725345314e+01
6.905799855874548143e+01
6.908516703496307798e+01
6.906028273567329734e+01
6.921943185555183220e+01
6.955171319971577759e+01
6.984356512181933851e+01
6.996292650543277603e+01
6.995676075052303133e+01
6.987947531338818408e+01
7.003560172632317915e+01
7.020728145275920440e+01
7.058154525941552038e+01
7.062684974257319936e+01
7.066215335338874581e+01
7.070895376733211890e+01
7.062500473448899641e+01
7.084628251220787831e+01
7.094023597888453025e+01
7.088482840345119484e+01
7.090200408300630386e+01
7.104243097305656818e+01
7.111961949299697494e+01
7.161115022130815078e+01
7.162150885297224079e+01
7.176521368920248278e+01
7.194141193939792345e+01
7.191348557849983081e+01
7.190297545307237215e+01
7.224079858101939067e+01
7.227283998666496245e+01
7.242074497560938084e+01
7.220484778560211225e+01
7.222657376239200744e+01
7.216911743104752475e+01
7.233574923092602660e+01
7.251133930312442999e+01
7.244247478735519508e+01
7.255355447948406322e+01
7.257490825519863620e+01
7.260175379182911115e+01
7.257497771016296895e+01
7.266793759492226457e+01
7.258875184736309905e+01
7.256447445404515406e+01
7.250982698445079677e+01
7.246802524046810845e+01
7.266743976621728507e+01
7.250968715592010483e+01
7.254745620913324444e+01
7.248767451445594645e+01
7.245877920790191240e+01
7.283484933792139771e+01
7.263955852025895865e+01
7.257431683243623866e+01
7.227276984121711223e+01
7.241507755267338098e+01
7.243371530927998947e+01
7.258332325883691283e+01
7.264578196173030733e+01
7.273714719309820964e+01
7.270941099093599291e+01
7.278738090020550544e+01
7.278289784755367009e+01
7.246017960650357281e+01
7.243400636704525652e+01
7.246717600351691146e+01
7.247807349590588899e+01
7.231250572547197919e+01
7.228376034490629820e+01
7.219196589156771893e+01
7.204605374281108254e+01
7.206923317390369732e+01
7.205913338788259637e+01
7.209320441887162190e+01
7.199037139969010468e+01
7.206314085856641327e+01
7.196959656212487744e+01
7.175113854625853094e+01
7.186252662071458985e+01
7.203465297206734874e+01
7.200610909285761352e+01
7.201865098854054281e+01
7.181100652173076071e+01
7.178259901018913069e+01
7.163256696304193838e+01
7.158808896302375047e+01
7.138982294304963716e+01
7.138351337925628570e+01
7.131647382122500289e+01
7.111762296405778727e+01
7.109330123364503606e+01
7.118847730081898817e+01
7.123071130741695356e+01
7.110383321769211307e+01
7.087080782627975850e+01
7.106372582753664346e+01
7.086516620005785683e+01
7.078103762496456852e+01
7.058880942039928641e+01
7.031263843500403254e+01
7.037823120619434292e+01
7.024488466428545053e+01
7.018513603105007803e+01
7.015147901308577616e+01
7.028185233148722943e+01
7.030172345076158535e+01
6.998033374190104894e+01
6.982729579043154899e+01
6.972113681394216655e+01
6.970265720894855122e+01
6.969061577967097776e+01
6.962425138300478977e+01
6.966355588298847579e+01
6.945157571849506439e+01
6.954469545720266410e+01
6.951537245650609975e+01
6.965019103049509397e+01
6.966905460801936556e+01
6.976663581246162948e+01
6.955946907955272707e+01
6.958491990876376576e+01
6.958855222017542985e+01
6.930946312079646532e+01
6.943116633084082423e+01
6.954181762214831508e+01
6.963560641743660540e+01
6.984734828873000367e+01
6.947493475408296604e+01
6.944211491451983420e+01
6.954497419769563749e+01
6.981018260041422252e+01
6.994651190904508553e+01
7.008365764107097107e+01
7.000598015581319089e+01
6.994200972818315165e+01
7.007089409543678471e+01
7.046137815673552041e+01
7.042402476372062381e+01
7.071630634311738106e+01
7.066012474737060245e+01
7.072029710242735234e+01
7.066913094231777848e+01
7.067617798998313106e+01
7.082574242181084401e+01
7.079740899429639001e+01
7.091576384845296843e+01
7.107476605828315996e+01
7.112220867457619988e+01
7.122708912269241921e+01
7.124576158810430115e+01
7.128808332130516590e+01
7.148758449144088445e+01
7.151078149113010340e+01
7.118289441836866160e+01
7.115465676103698911e+01
7.129342890568926805e+01
7.119600878731546345e+01
