4.280666020108763181e-01
1.000879124141202725e+00
1.617824895124182261e+00
1.543739961397462501e+00
1.675104972645656831e+00
1.827051078686170671e+00
1.907479704525501640e+00
1.896566357110528012e+00
1.910269770223112173e+00
1.920726890505303430e+00
1.980195262867261663e+00
1.995672573933884975e+00
2.036441104788673240e+00
2.096083459413423888e+00
2.176087169517773479e+00
2.240214478375420981e+00
2.281086078998068256e+00
2.340142020804583112e+00
2.375843027450093903e+00
2.418670386956383478e+00
2.420476364288761673e+00
2.443545013255339349e+00
2.453266170818330316e+00
2.492835985433699886e+00
2.513922553967366635e+00
2.534582552642968611e+00
2.551277568875561119e+00
2.581872873020063519e+00
2.607893147984246429e+00
2.641829126347607914e+00
2.666383574464074258e+00
2.685474745361076998e+00
2.702769276086157912e+00
2.719523271467558789e+00
2.738299452079617335e+00
2.756645178497122206e+00
2.770741684453475795e+00
2.794113529089591985e+00
2.801944788609753267e+00
2.797263067472713693e+00
2.802791720062589587e+00
2.811379227622135879e+00
2.820147922772747950e+00
2.834391700095134858e+00
2.844113529419718400e+00
2.866397152847290464e+00
2.872055697145456943e+00
2.874629970924345024e+00
2.887187470613718165e+00
2.955483061712748771e+00
2.996889585299129077e+00
3.014047051220932083e+00
3.058434977119596887e+00
3.089520000925500831e+00
3.098721044386258061e+00
3.122201117182103136e+00
3.157709306857746423e+00
3.182658453524546349e+00
3.215758575104686656e+00
3.230470245190508294e+00
3.259382135720220397e+00
3.279298996458539506e+00
3.296921307763462927e+00
3.304216776098783281e+00
3.314075680090019294e+00
3.328883514105330121e+00
3.337184062318435895e+00
3.339090557122231129e+00
3.350566426886002258e+00
3.373493018660188358e+00
3.382503783512985862e+00
3.405342853394225155e+00
3.411047488804658023e+00
3.420702304265776483e+00
3.427105556083426485e+00
3.434715096557899194e+00
3.435898741913105070e+00
3.440147440032482518e+00
3.442898445241887817e+00
3.445834640310261321e+00
3.456149266702338796e+00
3.467365490526957306e+00
3.470869295610360172e+00
3.471980849849470641e+00
3.478463158304447411e+00
3.460647823256858047e+00
3.461538644071509463e+00
3.480737738034134221e+00
3.490924590299123942e+00
3.495259050090906427e+00
3.501629000862790608e+00
3.504590757875029272e+00
3.503526266518351306e+00
3.507060824792278986e+00
3.493294409105895948e+00
3.502097203568611317e+00
3.512432918694900152e+00
3.516812340420970795e+00
3.513924211110340146e+00
3.516175120766809492e+00
3.497470472810004338e+00
3.483755838371286107e+00
3.471870849867346287e+00
3.469602885535363779e+00
3.459099439645759944e+00
3.464721192755517709e+00
3.455992498545487734e+00
3.450366285701274904e+00
3.445264335424405910e+00
3.455738963165996491e+00
3.452632564401332260e+00
3.459858498119187331e+00
3.449895181963379187e+00
3.462331649367312192e+00
3.458125782808444182e+00
3.464456378418771187e+00
3.454002012765852392e+00
3.443559625207291752e+00
3.454989735287114172e+00
3.466994245426809673e+00
3.471298921688725780e+00
3.466133331263743678e+00
3.475238345043887733e+00
3.474167647373966439e+00
3.489339950403644863e+00
3.505407029278436504e+00
3.511851579899591069e+00
3.520614010570899843e+00
3.524296427052650671e+00
3.517255517795371045e+00
3.511545546441794396e+00
3.520529565461034682e+00
3.532904187099261240e+00
3.539505715020727195e+00
3.559263760253693398e+00
3.548728228424885334e+00
3.548193750010192549e+00
3.559289991892463423e+00
3.580825558304752576e+00
3.591159818734305453e+00
3.599600920234501178e+00
3.609844548526245589e+00
3.606160011199353477e+00
3.620804065920083747e+00
3.625796323817561895e+00
3.627519175489805292e+00
3.632601857660672451e+00
3.636698761291318860e+00
3.664507579342806576e+00
3.687177669973274785e+00
3.697025997202187941e+00
3.731451858099882557e+00
3.735246865772862357e+00
3.748258532700040835e+00
3.767119536748503528e+00
3.777274933412335223e+00
3.795630254006161497e+00
3.815847949777673165e+00
3.819004826580688849e+00
3.839210919699228786e+00
3.855866768168179970e+00
3.881242842122599512e+00
3.892123352640254552e+00
3.917299013599445434e+00
3.934639797328398636e+00
3.977974973134378534e+00
4.023147838779641106e+00
4.045113510327471573e+00
4.059859703000568310e+00
4.078993351477302909e+00
4.109533822899950728e+00
4.133106977156812967e+00
4.170152698763194721e+00
4.196095647602222201e+00
4.222097943480140003e+00
4.247603374961072653e+00
4.274802136495519989e+00
4.304928410110198556e+00
4.338067459527023217e+00
4.387579302225582012e+00
4.421254040164619425e+00
4.448362657635082762e+00
4.475985310309806842e+00
4.517471325854985231e+00
4.572313911843755463e+00
4.614563389667713622e+00
4.644119692666627941e+00
4.701813221309393498e+00
4.741437597858412900e+00
4.785200244550577686e+00
4.847650019327033100e+00
4.893029438987237079e+00
4.933550105598232705e+00
4.990035224489987264e+00
5.043782150509844797e+00
5.092909504439043999e+00
5.148135528330668897e+00
5.206552148346879960e+00
5.267096064212815953e+00
5.319261449679028253e+00
5.389510184359497913e+00
5.468894048723477397e+00
5.534236770105867009e+00
5.601493050895750336e+00
5.679696545993009771e+00
5.752621661525139096e+00
5.823643293128466070e+00
5.887959647817273101e+00
5.981071028810705847e+00
6.034200992345294168e+00
6.102846274807559368e+00
6.156730706311869916e+00
6.211796184081766370e+00
6.271724729053718583e+00
6.328542259959477612e+00
6.374909191945352660e+00
6.432524280146023621e+00
6.475641208879380883e+00
6.519517285492201886e+00
6.564258508413888471e+00
6.604428560955102334e+00
6.648938494508801256e+00
6.690492757820751812e+00
6.726164166952878887e+00
6.772128204533288454e+00
6.818344914968905712e+00
6.862936821226826467e+00
6.916852791107520382e+00
6.952861730690844233e+00
7.026104944074334391e+00
7.069750854783524829e+00
7.118932449535091855e+00
7.158214092917005722e+00
7.206947635257689555e+00
7.256616322654932283e+00
7.305877507668136595e+00
7.278902256120927561e+00
7.324370380795915736e+00
7.371532841452928864e+00
7.409816841077140559e+00
7.454531599183093604e+00
7.505377087635987543e+00
7.551684971221812148e+00
7.597138256407399481e+00
7.630967528290072188e+00
7.658556662310234131e+00
7.689767869699559277e+00
7.715755769390975516e+00
7.753601499651661122e+00
7.779136068468154974e+00
7.799287269909124021e+00
7.809337187499505006e+00
7.829232340943299562e+00
7.847101966137408624e+00
7.855700581552392592e+00
7.813399320313090257e+00
7.825854399000684580e+00
7.843682482233569786e+00
7.851857935718727255e+00
7.865529490619730169e+00
7.883340675479660220e+00
7.899742609408466620e+00
7.912600953838330398e+00
7.924648436254090100e+00
7.948173382182551094e+00
7.947899188542865367e+00
7.977463192626360389e+00
8.012956960693232489e+00
8.038529710070495327e+00
8.068876352746251257e+00
8.066057498719121810e+00
8.087068218944720499e+00
8.108184097801320434e+00
8.111146616738517778e+00
8.124290778294263049e+00
8.140630655011252159e+00
8.154116797223498025e+00
8.170689108642863019e+00
8.181058308943754298e+00
8.189901823025648397e+00
8.205450955749173048e+00
8.223132601548110543e+00
8.230251912126222535e+00
8.237760499727992070e+00
8.248678245278693311e+00
8.328773728842083557e+00
8.335949701292632241e+00
8.338094884986487543e+00
8.339091942235876687e+00
8.334784797856737981e+00
8.330037724569926638e+00
8.319652257106689319e+00
8.323097756288566629e+00
8.332418985081405438e+00
8.335851332928580604e+00
8.336540934701298866e+00
8.336673478742989474e+00
8.345575664515225256e+00
8.344128214864429793e+00
8.340486016473013464e+00
8.339462050214386579e+00
8.344442791137785420e+00
8.332696504876460963e+00
8.329864763120449211e+00
8.383303882419328446e+00
8.388630694972466273e+00
8.383277076305237330e+00
8.386036248174086438e+00
8.380641103015683768e+00
8.382549811968527109e+00
8.388296630441757884e+00
8.387198740394785190e+00
8.380476271576535297e+00
8.372842057623461898e+00
8.380355787421516212e+00
8.371292175473140418e+00
8.359800330223784215e+00
8.358228583360643782e+00
8.391043972162149700e+00
8.391557744819628795e+00
8.396006461574897273e+00
8.390490633220210270e+00
8.388868516184501800e+00
8.387058490914586883e+00
8.375477861200250729e+00
8.364383349253309063e+00
8.363090664717779177e+00
8.361531980513408513e+00
8.354803468262629096e+00
8.348513930736698896e+00
8.345251858186387039e+00
8.344335058919043036e+00
8.345150338679061974e+00
8.336471708471638209e+00
8.335134773935635621e+00
8.339781517494969876e+00
8.350006828998727926e+00
8.355349799688356782e+00
8.360820654177818056e+00
8.369891667111124534e+00
8.382473996238500646e+00
8.385622223662288377e+00
8.400994707092692693e+00
8.396006614022022418e+00
8.394922804673239369e+00
8.400528159434298203e+00
8.404102873414727171e+00
8.418833733495398874e+00
8.426693008604946300e+00
8.437916774139113230e+00
8.444148567592812071e+00
8.454428834785337799e+00
8.464693537553715785e+00
8.475760419135482948e+00
8.495163299564172377e+00
8.514061966827892292e+00
8.526515857774494833e+00
8.538444944151155624e+00
8.543874277434293063e+00
8.547342652806451113e+00
8.553916477702323107e+00
8.563361838089658562e+00
8.582396423869795399e+00
8.592242654079539577e+00
8.592366213960696442e+00
8.604896043104915293e+00
8.605959985300446036e+00
8.604918011629338892e+00
8.607577687121510834e+00
8.605027112193200267e+00
8.620511581192591422e+00
8.644187617019198910e+00
8.651301370278865477e+00
8.672303072287077086e+00
8.691331944384327102e+00
8.704124294789609806e+00
8.726934010336385938e+00
8.754233043572821060e+00
8.765252077332018388e+00
8.786090408872022195e+00
8.799017212172486779e+00
8.814380373918002221e+00
8.829438003375667421e+00
8.844367275117049232e+00
8.850593808000020601e+00
8.852769585033875899e+00
8.860661865087008593e+00
8.871415339476065753e+00
8.879289694862460891e+00
8.880797464946759590e+00
8.889324889740093383e+00
8.889674536878512612e+00
8.912945880094618190e+00
8.921364637931345598e+00
8.929729114455007277e+00
8.937286513460174220e+00
8.948491741959102796e+00
8.966522144532106608e+00
8.982104257801895031e+00
8.992629871732594538e+00
9.010299331767296138e+00
9.031217362413899608e+00
9.040864952728963289e+00
9.059331160305793773e+00
9.072014812677343443e+00
9.080160973502581001e+00
9.092057348045132770e+00
9.107235706448864931e+00
9.120540110257696398e+00
9.137859386632779746e+00
9.154713426355328920e+00
9.165270431501461701e+00
9.174870622734509595e+00
9.197205768950039939e+00
9.215048946113713058e+00
9.231146880984780978e+00
9.255375181833805698e+00
9.272368620701307407e+00
9.278393658339672001e+00
9.286482779013269351e+00
9.293912704599026853e+00
9.293588708354285188e+00
9.314074784955439057e+00
9.334407382709951406e+00
9.329524470041281603e+00
9.343409275208960807e+00
9.342665426671631579e+00
9.356982445737379805e+00
9.345332457868472886e+00
9.350279547867193841e+00
9.353816381699562754e+00
9.358408245056898167e+00
9.370738477092602992e+00
9.384413567272435586e+00
9.400532147414807582e+00
9.418167652764610764e+00
9.425484684028228699e+00
9.434509646022640084e+00
9.442561563315589268e+00
9.452768198083880691e+00
9.461153159564286597e+00
9.473081958781110146e+00
9.482406396794852199e+00
9.483713820057243282e+00
9.494834230320110535e+00
9.509895889056108942e+00
9.508734774850296390e+00
9.514589158772810862e+00
9.514135411715521684e+00
9.530805014518401563e+00
9.528235575565995319e+00
9.538252094850996343e+00
9.545415282761934961e+00
9.546546024413045117e+00
9.560994225201660868e+00
9.574810257761114940e+00
9.581993654799635607e+00
9.593918535843858564e+00
9.604360949725325725e+00
9.612623026339640830e+00
9.621667074987724888e+00
9.641815740553958847e+00
9.660354165119869663e+00
9.673569569565454884e+00
9.688166086178011227e+00
9.706422912847571638e+00
9.735013910898755896e+00
9.724854133245759868e+00
9.741171282690046951e+00
9.739374173597274975e+00
9.753530098013108329e+00
9.772165342128124266e+00
9.777634375751052431e+00
9.795091633825775190e+00
9.798450405737302304e+00
9.810579207363147702e+00
9.823612311028409039e+00
9.850200101931683605e+00
9.863517466262921474e+00
9.883361968418199694e+00
9.893641897103272242e+00
9.886185195605817100e+00
9.900329143388731268e+00
9.902473949438407530e+00
9.908833675489786330e+00
9.934144783253683997e+00
9.944498569430928470e+00
9.960198247110673364e+00
9.970655753526104448e+00
9.986938055511089374e+00
9.988062012963675684e+00
1.000699085961195500e+01
1.001563850684887669e+01
1.002607013402079161e+01
1.003342331478611804e+01
1.004505441191271231e+01
1.003983643009110160e+01
1.005905318559857697e+01
1.005176611669822329e+01
1.006066937208466783e+01
1.005778238685842751e+01
1.005854349417395177e+01
1.007055841218097036e+01
1.006496939833743376e+01
1.006532203439381412e+01
1.005871852800101607e+01
1.005422694337198841e+01
1.001080495320038644e+01
1.001229038234909297e+01
1.001375731880510855e+01
1.001499337650065335e+01
9.999606302531196533e+00
9.955737086441983408e+00
9.957179591419663467e+00
9.954723202179261321e+00
9.942472892267922191e+00
9.969127416004445408e+00
9.956480149109847133e+00
9.976898166282753166e+00
9.973938496745988758e+00
9.956527792269085353e+00
9.948949900201245811e+00
9.945986566204663148e+00
9.947034097636930028e+00
9.952761156112211793e+00
9.944793915251757710e+00
9.942095260605782414e+00
9.939758620577505255e+00
9.943610532502328070e+00
9.929646149351496476e+00
9.939960151719343884e+00
9.935650645225326372e+00
9.912617316124736178e+00
9.909446249190359879e+00
9.898228958024752444e+00
9.891699278804930273e+00
9.887475327723384666e+00
9.883442380663367999e+00
9.868078832244931320e+00
9.860361245023428367e+00
9.847130289222697286e+00
9.841074976207348612e+00
9.831174532936463706e+00
9.823960713445982762e+00
9.812438893673238738e+00
9.811039814686688842e+00
9.802429762383114920e+00
9.794362719913852544e+00
9.783558156272979645e+00
9.784571469798910570e+00
9.779075529399689160e+00
9.768481232756755617e+00
9.768395710787483921e+00
9.754091733787870311e+00
9.763334989749477444e+00
9.763046329733647610e+00
9.802945220868673815e+00
9.800315018785148879e+00
9.796587507728988342e+00
9.793858570200475455e+00
9.801429009847353768e+00
9.845019838010808044e+00
9.837868719252199412e+00
9.847083384546511553e+00
9.825267589354071518e+00
9.828083680210317752e+00
9.844198707639622015e+00
9.855430532641223706e+00
9.863520195432203153e+00
9.875821304854415672e+00
9.889800701424952933e+00
9.903072364784584636e+00
9.905346848189726217e+00
9.900816071712737809e+00
9.899809311680893842e+00
9.912539627147021193e+00
9.917944704905846010e+00
9.922866046034817700e+00
9.940469740396128628e+00
9.942785366540631387e+00
9.952120243052192450e+00
9.979779871632114663e+00
9.984773212306311763e+00
9.986968123811362119e+00
9.988048262152815937e+00
9.985398352326312121e+00
1.000154091450544946e+01
1.002137181485866613e+01
1.003298180798477368e+01
1.004437982040925981e+01
1.004713622206538126e+01
1.005021407939244504e+01
1.004494045200245544e+01
1.006728816824472084e+01
1.007446445913944899e+01
1.009192251308252786e+01
1.011116259615559976e+01
1.012512405766303125e+01
1.013848501367023047e+01
1.014291809721285986e+01
1.015871396221427325e+01
1.016223224870698161e+01
1.017275019700779204e+01
1.017323472743581725e+01
1.018905382991706077e+01
1.020882114855155187e+01
1.021916581463953833e+01
1.022727127559177340e+01
1.022808002411506756e+01
1.023650768305032166e+01
1.023252804617213130e+01
1.023755061880858896e+01
1.023515298032297594e+01
1.027466719080850766e+01
1.027802315087125606e+01
1.027113816145546110e+01
1.028022903550848000e+01
1.028135409526585420e+01
1.027505242745017711e+01
1.027313177023791191e+01
1.027392060507220961e+01
1.027960010840466154e+01
1.029219743925469999e+01
1.030490330729461945e+01
1.030122339922540320e+01
1.030124702001312720e+01
1.029162498539326442e+01
1.029657738398557143e+01
1.029775085506637389e+01
1.029908943820549005e+01
1.030590615353249184e+01
1.030281039556200362e+01
1.031217085907817221e+01
1.031305533138847075e+01
1.031776904895298763e+01
1.031939999053941470e+01
1.031496299901336045e+01
1.030911004519284546e+01
1.031161902745554215e+01
1.031577744860166668e+01
1.031342795583201699e+01
1.032027795428445494e+01
1.031000488045948060e+01
1.031527567251004562e+01
1.030851544171698464e+01
1.031291420393660907e+01
1.031261090420109205e+01
1.031883849721659985e+01
1.031122852394493705e+01
1.030912457857194298e+01
1.031226505077601630e+01
1.030751858144311228e+01
1.031019267378591309e+01
1.031092226516580190e+01
1.029871288662388906e+01
1.030487003300289395e+01
1.030325372262690742e+01
1.030131793730112655e+01
1.030610472536439381e+01
1.031475757427348050e+01
1.031850695112955840e+01
1.032057646899676229e+01
1.032041996190292110e+01
1.031777083986049348e+01
1.032096323617352951e+01
1.031617103598677687e+01
1.032595564620269002e+01
1.033282000429412228e+01
1.033613150054699226e+01
1.033562187369652108e+01
1.033630288187052848e+01
1.034240838662049633e+01
1.034835593978801604e+01
1.035283944604473305e+01
1.035552828665041858e+01
1.036590254193260385e+01
1.036625615363613484e+01
1.036266874128781446e+01
1.035599538931582586e+01
1.035955673774777530e+01
1.036730222349567221e+01
1.037063691792653941e+01
1.037365683438369857e+01
1.037591225465354761e+01
1.037236357920661511e+01
1.037182346318095760e+01
1.038308620375794078e+01
1.038386383680067127e+01
1.038723974250545012e+01
1.039678622067892277e+01
1.039538020842626054e+01
1.039851481328363469e+01
1.040007444945797488e+01
1.038779035266025019e+01
1.038499240798220846e+01
1.038494458661833519e+01
1.038114905915707098e+01
1.038648954152390758e+01
1.039006153374790031e+01
1.039978965904448316e+01
1.040130364267879060e+01
1.040088710792544369e+01
1.039499264111879917e+01
1.040893253882237346e+01
1.039867080697935542e+01
1.039337511291006244e+01
1.039693071799974433e+01
1.039073282717414948e+01
1.039552879158736154e+01
1.039795730571130861e+01
1.039584624646693278e+01
1.040057726894660206e+01
1.039387401472483319e+01
1.038695548393038237e+01
1.038020526790888276e+01
1.038131809120015525e+01
1.037999634064200194e+01
1.037792291277196988e+01
1.037680880718219711e+01
1.036992513768056767e+01
1.036096246921584907e+01
1.034981373412693983e+01
1.034635704806775891e+01
1.033641654465528248e+01
1.033188976493431177e+01
1.032506359087800263e+01
1.032874552409306013e+01
1.033076979667910855e+01
1.032211627597786929e+01
1.032299111112239132e+01
1.032621934864607205e+01
1.032284585200958027e+01
1.031445760336402451e+01
1.031212742162756335e+01
1.031724580757783727e+01
1.030863568804741881e+01
1.030733059692394349e+01
1.031054717260544606e+01
1.031534718575132814e+01
1.031622692203857916e+01
1.030706880947150772e+01
1.031171362966221672e+01
1.031622964232528084e+01
1.031046497721042421e+01
1.031484328031459441e+01
1.031201596084322603e+01
1.032276988501509329e+01
1.032287735421624753e+01
1.032580778540769728e+01
1.033147442651640624e+01
1.033244087056774951e+01
1.032552177549143835e+01
1.034050615519682381e+01
1.035268837657739738e+01
1.036040973938272991e+01
1.036919052667336061e+01
1.037294219864695854e+01
1.036211274919339509e+01
1.035686177152039633e+01
1.035415745783386399e+01
1.035399975417231389e+01
1.035938219539437810e+01
1.036879002327283850e+01
1.037342440273982014e+01
1.038053051697165508e+01
1.038182801612139805e+01
1.037881115604073123e+01
1.038593985874523007e+01
1.038884977196878445e+01
1.039759336830252323e+01
1.041068199705492781e+01
1.041678457642884226e+01
1.041533430699392326e+01
1.042454822603869680e+01
1.042397628951983357e+01
1.043248770183618923e+01
1.042941338235923254e+01
1.043758001090938059e+01
1.043087676177362511e+01
1.044001576149643107e+01
1.045451220649666979e+01
1.046915283551605214e+01
1.047480264034764730e+01
1.047152835090714085e+01
1.046455428736262583e+01
1.047808416589650271e+01
1.047383142747015583e+01
1.047955792111787332e+01
1.050105069558743942e+01
1.050951610520243307e+01
1.051310634710088898e+01
1.052755798126485409e+01
1.052542686385961090e+01
1.053020729524253696e+01
1.053333551033657578e+01
1.053830952965170376e+01
1.054530839791439156e+01
1.054719368256071199e+01
1.055046250953050091e+01
1.055453714510292862e+01
1.055646027032665479e+01
1.055052077220343421e+01
1.054548925909027268e+01
1.054530377793424734e+01
1.054500071153854890e+01
1.054768596137218850e+01
1.055443910362704152e+01
1.056138086595306191e+01
1.056562420362043397e+01
1.055835458464776089e+01
1.056623365663514491e+01
1.056437446720078199e+01
1.056099227112259520e+01
1.056576306153536571e+01
1.056453518366807209e+01
1.057112764655311210e+01
1.056650507750462786e+01
1.056543411301604429e+01
1.054654241777481971e+01
1.054142493744210540e+01
1.054395684479787398e+01
1.055981629665269139e+01
1.056083381801575349e+01
1.057214586469458872e+01
1.056704455342323712e+01
1.057175276380379714e+01
1.057237551199968806e+01
1.058249265369476078e+01
1.057481999573610487e+01
1.057017727652494443e+01
1.056234741385281062e+01
1.057139069402318832e+01
1.057359382596484210e+01
1.057787235573148266e+01
1.057750429230751976e+01
1.058023946623134393e+01
1.057506680991065195e+01
1.057578576422020156e+01
1.056830646758299252e+01
1.056573689081305645e+01
1.056144208490339409e+01
1.056515099163455673e+01
1.057191322148196377e+01
1.057400628736638026e+01
1.056877176893137715e+01
1.056593594011996906e+01
1.056483894950770441e+01
1.056737829010485896e+01
1.057292328996887321e+01
1.056966847229588957e+01
1.056769938009940191e+01
1.056805085062429050e+01
1.056760834597488419e+01
1.055667682688661202e+01
1.056068063681088987e+01
1.055733020343510731e+01
1.055288179278626792e+01
1.055113165300069511e+01
1.054726750562142357e+01
1.054216777346235467e+01
1.055359642654497598e+01
1.054979306655220839e+01
1.054664991744558122e+01
1.054074254348376627e+01
1.053479679354795451e+01
1.053334765218016322e+01
1.053003510986773961e+01
1.054288875161057604e+01
1.054621132356092694e+01
1.054330086097658281e+01
1.053816326726991015e+01
1.052630073803433142e+01
1.052029514040886404e+01
1.052206818271638511e+01
1.052155921377982217e+01
1.051843319727827541e+01
1.051760817467808096e+01
1.052410973053524401e+01
1.052491567808742090e+01
1.051862654535638519e+01
1.051038741607355931e+01
1.050994261734910040e+01
1.051325002745811688e+01
1.050928064561118092e+01
1.050561793118438203e+01
1.050119321383707494e+01
1.049959611154859651e+01
1.050921984305647960e+01
1.050478129600493737e+01
1.050685590436485484e+01
1.050591190639755546e+01
1.050212743018903261e+01
1.049952850876233867e+01
1.049795141427765444e+01
1.050085658376445785e+01
1.050134821868970825e+01
1.050465514242071841e+01
1.051247218227445046e+01
1.051088527115435234e+01
1.051237497581300140e+01
1.051422472833745836e+01
1.051770807226083271e+01
1.051999564453880609e+01
1.051826552840953077e+01
1.052374844433482082e+01
1.052556022659698698e+01
1.052920574032864387e+01
1.053603596495729100e+01
1.053770265093221958e+01
1.053984016381147448e+01
1.053781848397832910e+01
1.054197039563868188e+01
1.054196571881210431e+01
1.054265476330610518e+01
1.054551758219906255e+01
1.054187657544890300e+01
1.054305526429880047e+01
1.054595830435424375e+01
1.054089378579769409e+01
1.054922788097876030e+01
1.054852232545792212e+01
1.054568604020245459e+01
1.055003078757077262e+01
1.054034149857260694e+01
1.054251572565760320e+01
1.053576383187582266e+01
1.052462408164194585e+01
1.052183078183004028e+01
1.053459423283580954e+01
1.054217213708489531e+01
1.053830272980176730e+01
1.053186913110550371e+01
1.053264114876047586e+01
1.053737326186550938e+01
1.052892197195424018e+01
1.052604354692268629e+01
1.051560642211428487e+01
1.051829821097865114e+01
1.052181230597450146e+01
1.052135164104876353e+01
1.052388431211404196e+01
1.052975059518227141e+01
1.052444156687352539e+01
1.052299190442150589e+01
1.052638000152306930e+01
1.052562549288053972e+01
1.052484399233630441e+01
1.053279028328971911e+01
1.052442719490443324e+01
1.052368289975380300e+01
1.051720342740112102e+01
1.052312685136402060e+01
1.052117138947456176e+01
1.051821439050213414e+01
1.052002960945273990e+01
1.052139418765357881e+01
1.051782652343913682e+01
1.051170588103265402e+01
1.051180736252364767e+01
1.051025474353945377e+01
1.051573240037355106e+01
1.052376450753288495e+01
1.052470985236347900e+01
1.051329316092742516e+01
1.051432871504823474e+01
1.051036961999776587e+01
1.051560104536193663e+01
1.050577456579209823e+01
1.049492298540002189e+01
1.049856651262105700e+01
1.049984878805242339e+01
1.049700473075380458e+01
1.050477759394620136e+01
1.050065531737912572e+01
1.050600192051966353e+01
1.050856462024622040e+01
1.050753773274005454e+01
