-4.364805865770767568e+00
-8.532761421321110040e-01
-5.910173817690670184e+00
1.608642374488849836e+00
4.513593125540178441e+00
7.826884068711989606e+00
9.016259594877229944e+00
1.057086878403900698e+01
1.244246998013381500e+01
1.421937540495945385e+01
1.514760298675617634e+01
1.584048097429323043e+01
1.672120322319674202e+01
1.755274884660491708e+01
1.839472607620854561e+01
1.910693401101118383e+01
1.947665981856512118e+01
1.994770898963723837e+01
2.068481567770436058e+01
2.137159223560171739e+01
2.213247636209321811e+01
2.257563554819208562e+01
2.312150253713020476e+01
2.362466912688039145e+01
2.385538428054738702e+01
2.416277909080884356e+01
2.437476004138829566e+01
2.464283779873526470e+01
2.479515720111594845e+01
2.514418289089585201e+01
2.543221604753685128e+01
2.567863386407312731e+01
2.587651590917825217e+01
2.612818823238195876e+01
2.637275760911227707e+01
2.653539171927342721e+01
2.681432364513066702e+01
2.690438728693750647e+01
2.703151018723221100e+01
2.718389718804218447e+01
2.725562811476057590e+01
2.751523671481836786e+01
2.764948300634111078e+01
2.780832365704748810e+01
2.794818289455587035e+01
2.810652271187338513e+01
2.822282995924020454e+01
2.838101128987594990e+01
2.850034059739253323e+01
2.922497813646296549e+01
2.979130684512917782e+01
3.075988071128071510e+01
3.098833543894675557e+01
3.129155761013617720e+01
3.150616668522534525e+01
3.191316586470160388e+01
3.221676271401788938e+01
3.240220199489118613e+01
3.248152558613646335e+01
3.272999341340759827e+01
3.296207814584995077e+01
3.312249197813951440e+01
3.324115759115860413e+01
3.332634877681783792e+01
3.353564712718500829e+01
3.371598121495469513e+01
3.382190587534044113e+01
3.389146538806732423e+01
3.389257161199115842e+01
3.397643784559947733e+01
3.403035498368758738e+01
3.411185195566460493e+01
3.413815923306921718e+01
3.425504378178047915e+01
3.434047648798758701e+01
3.449721171629825989e+01
3.458206425958815800e+01
3.467128981550257549e+01
3.468166547494892882e+01
3.474305501674772501e+01
3.473631027717440389e+01
3.469325301909905335e+01
3.466294260425334528e+01
3.472289817140049450e+01
3.481251100002504018e+01
3.479335119688296629e+01
3.500605910897141371e+01
3.515576469784126346e+01
3.518549909198107883e+01
3.527429502788448445e+01
3.529742229106376072e+01
3.537825252317023228e+01
3.543274390304222976e+01
3.551899391706643883e+01
3.557237773131436143e+01
3.556696154764822637e+01
3.556622582680432032e+01
3.562877988059911161e+01
3.570236847249319112e+01
3.582104392043520136e+01
3.590663544154134001e+01
3.580115880273045548e+01
3.575890161632048603e+01
3.556745230429368121e+01
3.547506265941426307e+01
3.544400734582982437e+01
3.545862635037731536e+01
3.545253132086875070e+01
3.545288523564030925e+01
3.540206626288888714e+01
3.546055163204514571e+01
3.557593445518938324e+01
3.556796487828415110e+01
3.558952123639300424e+01
3.553012746456915494e+01
3.523257807690259824e+01
3.529307347716303411e+01
3.528771271288098177e+01
3.528440666361999689e+01
3.530545861485146020e+01
3.521512569397104642e+01
3.522020410899000353e+01
3.512852931143584101e+01
3.515644520828575281e+01
3.509825477911305569e+01
3.511876825188126361e+01
3.512173769221884356e+01
3.514571066566459479e+01
3.516687064993366363e+01
3.537511554397911340e+01
3.516004251708536543e+01
3.525306404726271126e+01
3.530356575689561538e+01
3.522863686840408093e+01
3.522701785859092638e+01
3.516411247998225775e+01
3.517645989409201945e+01
3.523770481444498870e+01
3.521743960390635664e+01
3.518796029269458359e+01
3.522044994015674746e+01
3.524568479865003923e+01
3.518934292896125982e+01
3.519835337691726096e+01
3.526155590237802073e+01
3.532232031270105921e+01
3.531278699179969749e+01
3.526766481370603401e+01
3.525365428722165007e+01
3.522915020690840038e+01
3.538025545925825810e+01
3.586858765762244872e+01
3.613750858562368506e+01
3.618872190112930554e+01
3.625191948854313750e+01
3.634543088298952540e+01
3.641319146501319182e+01
3.640230388087056923e+01
3.652475914062442541e+01
3.651439175039661933e+01
3.654158550923088455e+01
3.651679064039719691e+01
3.648336990571706906e+01
3.653209503981287298e+01
3.674025767647091101e+01
3.670926723622145005e+01
3.683114023026408290e+01
3.696150586183306785e+01
3.679982383780894395e+01
3.676307703312453157e+01
3.668808953383618388e+01
3.668438142922101974e+01
3.658589719482046121e+01
3.670193677419065637e+01
3.661673897638688402e+01
3.647088005241420916e+01
3.645936091543456570e+01
3.647377613379784833e+01
3.644971848134490244e+01
3.664161780973502403e+01
3.659392062587733818e+01
3.654396649620858284e+01
3.657913927607928883e+01
3.649654907801580350e+01
3.652557797474338486e+01
3.645843878034453667e+01
3.650641186218373946e+01
3.647461993182055551e+01
3.646452998720042871e+01
3.648503032793699674e+01
3.646083197418679589e+01
3.642218253222168300e+01
3.626991087944924175e+01
3.629561893660291361e+01
3.622954700744536183e+01
3.622172080134382099e+01
3.627001258245515913e+01
3.630352252503209343e+01
3.636426863863638914e+01
3.629714654981644628e+01
3.605731328257692780e+01
3.595131537590458493e+01
3.590618056013405379e+01
3.581603720159164084e+01
3.586294291945260682e+01
3.575170664792619135e+01
3.576949964856746078e+01
3.548701057082550392e+01
3.545552501568383263e+01
3.527221816909554519e+01
3.526323723970446622e+01
3.532873913351565420e+01
3.525208459632712987e+01
3.536845404881508159e+01
3.535836777759891447e+01
3.523412455275234834e+01
3.520642834992757031e+01
3.542793462234928370e+01
3.565887077160004992e+01
3.591541341648235175e+01
3.595557482476191069e+01
3.610821530168757221e+01
3.623503290137057320e+01
3.621736098306518414e+01
3.645665263756762187e+01
3.648596331837995166e+01
3.642349774935219386e+01
3.640314002900185386e+01
3.640811905625550793e+01
3.643335801414725239e+01
3.644258218544223382e+01
3.648519673957329701e+01
3.659198041984825522e+01
3.660100271529830707e+01
3.658860743979295194e+01
3.660778685146421196e+01
3.664053560851579050e+01
3.652872705989862823e+01
3.645560531455740971e+01
3.639861741269803730e+01
3.634593013627728197e+01
3.647340601818230965e+01
3.645056080008301791e+01
3.640339715940856991e+01
3.639048631191276684e+01
3.632323100020173001e+01
3.632147391369201017e+01
3.626235272654967190e+01
3.641115562575716069e+01
3.640357071650360865e+01
3.651468560710711131e+01
3.660979469467361724e+01
3.660488915274617483e+01
3.657542523279958147e+01
3.668944095475569611e+01
3.698065189010630860e+01
3.698548698493699050e+01
3.696602709697605604e+01
3.720024501338076561e+01
3.733009920364830236e+01
3.742027241559720352e+01
3.739586907983473196e+01
3.729653779235232491e+01
3.721238947413290532e+01
3.726408143491028824e+01
3.727062267365383974e+01
3.728478851970577779e+01
3.713327005630461031e+01
3.701421989255654665e+01
3.703193109930762006e+01
3.709036639309808692e+01
3.709028102711104680e+01
3.701430334766951802e+01
3.697607138516072922e+01
3.698424201321665095e+01
3.715961129035915178e+01
3.720583024480526291e+01
3.735230534385416234e+01
3.727166789495976218e+01
3.732035584141618045e+01
3.735153466303416536e+01
3.757156137909560556e+01
3.760203804900938707e+01
3.760855991962673528e+01
3.770387560357702483e+01
3.782732278248864333e+01
3.808470029929046774e+01
3.813606328338738649e+01
3.834820021313295513e+01
3.841227916244447727e+01
3.863465801154021761e+01
3.875839674802554669e+01
3.861285163245036500e+01
3.869632615786303376e+01
3.869879226613215195e+01
3.876392432681041100e+01
3.872902351725311121e+01
3.883636509319760677e+01
3.880608123073029958e+01
3.865616217095833917e+01
3.865627169498721116e+01
3.873791491292823963e+01
3.875948161207760023e+01
3.889937801574034637e+01
3.876192613096841200e+01
3.881895542980605995e+01
3.893610995663182450e+01
3.898775870757852857e+01
3.897764807737279824e+01
3.890842582557712603e+01
3.899273737895823189e+01
3.913528950242036331e+01
3.918053318134218443e+01
3.912373195955215266e+01
3.904744574145340152e+01
3.905929579884961811e+01
3.903830484680826629e+01
3.902604830631585742e+01
3.892904324542350025e+01
3.884862157645016367e+01
3.914395341764297598e+01
3.918591550253871247e+01
3.919708860884787782e+01
3.932994591783919702e+01
3.935157805260649155e+01
3.939655034982475001e+01
3.935503728981237259e+01
3.953355197719699277e+01
3.957836730872219277e+01
3.964744055804772671e+01
3.969679368569429556e+01
3.988159197907847897e+01
3.991344066586078299e+01
3.998370825091782876e+01
3.972400311498087433e+01
3.984474932928257118e+01
3.977055294908728911e+01
3.976701547023995431e+01
3.981912187002032510e+01
3.965675615420725109e+01
3.969373129089919416e+01
3.993931955880600526e+01
4.009876857219021673e+01
4.023530830310896533e+01
4.020112312723355075e+01
4.035714933400740989e+01
4.053084213181219297e+01
4.107347285031456607e+01
4.147811367870541943e+01
4.186650512416794356e+01
4.212968801399483709e+01
4.254605972149489190e+01
4.241652125767564740e+01
4.277742629487639192e+01
4.318395735330818752e+01
4.347655980797485142e+01
4.365278682961800172e+01
4.383113502635135461e+01
4.415974268356970356e+01
4.429977914487659518e+01
4.469197683547774602e+01
4.497007038973040238e+01
4.516618044839017898e+01
4.537062617051363134e+01
4.554826153995256277e+01
4.578774526425300451e+01
4.614607988635851399e+01
4.636240103904054877e+01
4.633436711437531130e+01
4.618528682335673352e+01
4.619865542295218575e+01
4.633600718628964188e+01
4.640811903109739234e+01
4.643090829479414339e+01
4.631165192979599254e+01
4.653909202357636588e+01
4.658027012023181612e+01
4.666820179333145546e+01
4.687441844225878640e+01
4.698885564141774296e+01
4.676984738951348675e+01
4.704906288292135486e+01
4.716421400384631113e+01
4.760786317400786771e+01
4.763758433474787068e+01
4.793785286208928653e+01
4.826310914730991186e+01
4.829974185522700481e+01
4.823732169187289998e+01
4.827731732809681375e+01
4.860710758025441436e+01
4.870094798970158934e+01
4.910979232038528863e+01
4.937922495327012484e+01
4.962267114352908948e+01
4.995857266160341226e+01
4.951714748162924451e+01
4.953999043307742767e+01
4.946243735378677542e+01
4.953200478124811212e+01
4.974445555141093678e+01
5.024104063323348868e+01
5.045057899011019487e+01
5.052597098466996783e+01
5.039259345634943088e+01
5.061573740814583999e+01
5.094905561810901418e+01
5.124319560631557380e+01
5.132682513866854634e+01
5.136603368833669947e+01
5.130735133591581132e+01
5.152963103901804942e+01
5.183337886900185509e+01
5.205833114610076251e+01
5.231082025856572670e+01
5.256262478775802549e+01
5.308567790691630961e+01
5.319197659994990346e+01
5.349773669455279901e+01
5.389728793861281986e+01
5.424142430992333175e+01
5.452728344299677588e+01
5.507778822455700407e+01
5.529709454850409145e+01
5.523835717013511726e+01
5.544966228683045983e+01
5.565526081368859224e+01
5.542893138350999038e+01
5.562862596186358388e+01
5.591150569280167559e+01
5.603544374499762171e+01
5.645937769395396799e+01
5.656302392656601796e+01
5.685502582062413524e+01
5.692054882881183175e+01
5.687324455434579562e+01
5.722558033892025264e+01
5.806307503321363583e+01
5.830093434860076940e+01
5.843769042768207100e+01
5.833488181620486301e+01
5.849035161998806132e+01
5.861691391055344269e+01
5.844469396675452089e+01
5.818362027748122500e+01
5.862546328570529397e+01
5.883448228068861852e+01
5.888354919963766321e+01
5.882187505935099381e+01
5.857848632540205358e+01
5.851322427448171482e+01
5.823303181521688998e+01
5.819497922390321065e+01
5.837342506885874371e+01
5.820410290292333855e+01
5.843224729603755208e+01
5.834478870946056617e+01
5.865024430492059793e+01
5.905926347957792188e+01
5.902716256274659656e+01
5.899168458908203405e+01
5.893948699304760197e+01
5.889469421500069046e+01
5.886516465849912549e+01
5.888268869956947782e+01
5.889007458303676401e+01
5.938832993375714153e+01
5.959627079020960849e+01
5.957293090630442833e+01
5.962738207671939250e+01
5.992422529206201887e+01
5.989814729192134024e+01
6.028767112874755441e+01
6.075033313497324627e+01
6.112784315679871838e+01
6.163248780166127005e+01
6.229087162233102504e+01
6.238657942777300036e+01
6.273795887935231974e+01
6.289104542433755540e+01
6.309009841385145023e+01
6.336115674363090022e+01
6.338172400366066483e+01
6.356230462697082828e+01
6.378243799148916793e+01
6.390638875600329527e+01
6.391344451734452292e+01
6.413275608430171815e+01
6.402716202127808742e+01
6.446083296766175863e+01
6.466733672915854925e+01
6.425497080291422947e+01
6.484380421809800055e+01
6.473172016237408855e+01
6.488224695038003631e+01
6.480077790732397602e+01
6.489308210947019973e+01
6.455126527768746314e+01
6.479302576663333468e+01
6.458415352715829272e+01
6.461617341351602306e+01
6.478977676834377064e+01
6.504265187252413227e+01
6.517762113398244139e+01
6.520893459893413535e+01
6.497145139044114615e+01
6.456441094516780765e+01
6.430312409422732856e+01
6.476667310015453438e+01
6.469642900896386095e+01
6.480391680642374297e+01
6.497605404035476795e+01
6.489694740483004409e+01
6.496375547449098065e+01
6.510787052833467214e+01
6.522336837680552435e+01
6.531042638970917835e+01
6.547544234683751085e+01
6.544970749050820302e+01
6.553803743000689508e+01
6.550692107174681666e+01
6.545623265191535722e+01
6.558784215837133047e+01
6.511668260289201271e+01
6.451215489024646388e+01
6.427703210148048640e+01
6.404235235742363841e+01
6.384601817218288744e+01
6.361060348518977747e+01
6.336159229152047345e+01
6.312173371237866348e+01
6.337661576905729532e+01
6.361560732857047640e+01
6.336224835650153153e+01
6.336199562084756565e+01
6.276662220402867831e+01
6.295759767347497160e+01
6.292917864684518747e+01
6.248210050974476815e+01
6.225517745583790941e+01
6.248675765678365934e+01
6.210762772142388144e+01
6.230633553890324094e+01
6.181894993625346757e+01
6.234057210026767848e+01
6.264057907250798252e+01
6.256129541954733497e+01
6.289847757455874699e+01
6.280683311351257458e+01
6.301979311909175863e+01
6.324411377391849953e+01
6.299836145562753131e+01
6.301257977076075889e+01
6.316982449254481935e+01
6.346633255976491483e+01
6.345425419484077167e+01
6.378925372006590067e+01
6.373306358563696250e+01
6.391468200792145637e+01
6.372691702533074221e+01
6.380523205506005979e+01
6.396308732890904025e+01
6.382683041282743375e+01
6.381870836888874976e+01
6.395719183933988461e+01
6.388824443158227950e+01
6.403144477432947212e+01
6.395870557950257762e+01
6.356970963004863506e+01
6.385479826570376360e+01
6.400488102656048284e+01
6.384492645684434109e+01
6.415370820596793067e+01
6.474239131843962980e+01
6.490767453811118060e+01
6.507476500307889467e+01
6.506466385298284649e+01
6.518320562985890376e+01
6.560393561711305210e+01
6.502616429238170781e+01
6.491245737597847665e+01
6.475854138647414970e+01
6.502314532097226163e+01
6.498991488738001010e+01
6.518513505746722103e+01
6.517461145265083644e+01
6.518498381367110994e+01
6.522980154341955483e+01
6.547867187634629715e+01
6.558715356646317218e+01
6.477055579577391597e+01
6.479240539084153738e+01
6.504104042713926503e+01
6.487119028417833988e+01
6.468963671133980142e+01
6.480660556754172319e+01
6.475575272365695412e+01
6.520827668251332909e+01
6.517756966383225858e+01
6.512096762967443908e+01
6.552646873864823363e+01
6.511886521620509427e+01
6.491018718893850803e+01
6.475291379550952797e+01
6.465704715634197441e+01
6.358571589231054588e+01
6.393490399308783623e+01
6.372644713245001213e+01
6.365877926163661726e+01
6.375624261989041486e+01
6.365091975079307218e+01
6.350636210250723934e+01
6.359029469899447662e+01
6.353820935357699540e+01
6.357105965117607127e+01
6.352186779299200481e+01
6.343317795823105598e+01
6.372279197932035544e+01
6.355388093485650813e+01
6.327039831956687266e+01
6.350802660716077241e+01
6.328900876941668940e+01
6.297506903727438043e+01
6.287178756016787418e+01
6.284149595831961932e+01
6.306578452728068385e+01
6.299601789860828660e+01
6.298743033513743939e+01
6.328265030797119550e+01
6.320843317770513181e+01
6.283234571394794443e+01
6.283227658492349121e+01
6.329283096194387070e+01
6.330179692559742932e+01
6.327498472238150384e+01
6.308573059654385418e+01
6.292725419974541268e+01
6.273787932907456621e+01
6.274224004767783214e+01
6.357903251852198423e+01
6.378409233034872017e+01
6.363448128077232724e+01
6.379679757757563152e+01
6.398581700991972099e+01
6.366440916557517937e+01
6.338543572265860604e+01
6.346708997981021838e+01
6.375010037801013141e+01
6.369706356662403124e+01
6.347005116203875019e+01
6.373051582817295468e+01
6.340866543248995413e+01
6.363708425330899132e+01
6.402396039842864184e+01
6.476542466794509778e+01
6.454178483925970511e+01
6.476137635217841648e+01
6.509830515617521485e+01
6.492448845212821595e+01
6.541540003240042722e+01
6.582101030413836895e+01
6.575216495916711779e+01
6.548310241766013462e+01
6.516508634967868829e+01
6.523651251984126986e+01
6.505694312355562658e+01
6.525793217508582700e+01
6.529599362745886992e+01
6.498964772182759475e+01
6.505738509776159617e+01
6.512679921677937500e+01
6.538826829902176030e+01
6.543568298464583677e+01
6.542645663454419491e+01
6.517917777972485283e+01
6.535240518013229405e+01
6.527962514879585854e+01
6.534466679112460952e+01
6.519007517527346351e+01
6.547916009520100999e+01
6.529373596584281358e+01
6.503053952535954352e+01
6.519959724749548968e+01
6.537392080293442120e+01
6.612922595503442835e+01
6.654181790436832955e+01
6.656990721633199826e+01
6.654777035812770691e+01
6.627101046511981508e+01
6.636565697369222505e+01
6.634259151461613158e+01
6.638165559979506725e+01
6.666335354714379946e+01
6.682482805691378758e+01
6.712071621714252956e+01
6.662088107421897121e+01
6.614816783667460243e+01
6.596232449608083925e+01
6.611600251369023340e+01
6.636398710163003045e+01
6.686663682487865401e+01
6.718261586788639761e+01
6.692724316434433263e+01
6.676073493130699887e+01
6.694353363970641624e+01
6.714638985335511734e+01
6.692629422634567504e+01
6.675768877265268486e+01
6.605147567353589011e+01
6.583586742273000425e+01
6.622989711628780185e+01
6.660521014485624391e+01
6.636023892524033840e+01
6.656492493518589981e+01
6.628159878022933071e+01
6.622103030338639940e+01
6.609284641602631893e+01
6.655158436667204569e+01
6.684466487135391333e+01
6.688450173251490583e+01
6.684746728214366840e+01
6.698670801994101964e+01
6.700341489979250298e+01
6.702520103491150394e+01
6.668082141112458316e+01
6.694393066764448008e+01
6.663713552252308148e+01
6.653680110576716800e+01
6.612536120581832222e+01
6.578787251827947102e+01
6.589725830859305233e+01
6.582654614363131884e+01
6.561516310267100494e+01
6.569424609881906463e+01
6.539957174809593710e+01
6.543001693015217768e+01
6.536653751289196634e+01
6.553244389133246273e+01
6.543192047883621854e+01
6.584815864992589241e+01
6.572986110354138134e+01
6.554201087002697079e+01
6.556668220893239152e+01
6.556481050889432538e+01
6.617427846249998424e+01
6.625929927208954950e+01
6.645355652234820809e+01
6.647097953376074031e+01
6.639318455932023255e+01
6.605241284408931790e+01
6.589036175571754939e+01
6.584741583676846233e+01
6.611619279149759620e+01
6.622790083677008965e+01
6.626841127424118838e+01
6.631814785043169991e+01
6.661859615637423815e+01
6.679574803242449832e+01
6.696228726098054551e+01
6.666169760143361600e+01
6.630436750279319824e+01
6.629749974749307739e+01
6.618229911280022293e+01
6.632095976285464189e+01
6.634830022151025730e+01
6.685990378782643972e+01
6.675406014742615923e+01
6.693962026696867440e+01
6.657360555186106410e+01
6.656971856913428098e+01
6.727196996581756139e+01
6.776070124877182366e+01
6.753221367534308683e+01
6.784782646235227332e+01
6.818390412978980919e+01
6.833845154914909870e+01
6.851518143634115177e+01
6.902068621710697016e+01
6.958254865375489828e+01
6.971638892756064365e+01
6.954700029415330675e+01
6.926200326624734771e+01
6.895097864705513757e+01
6.926094101366992106e+01
6.916012231624124240e+01
6.974881871847317427e+01
6.992772488595690561e+01
7.019390601016938547e+01
6.996928834445979817e+01
7.002745313021277695e+01
7.003430565906441529e+01
6.995852209615732420e+01
6.989783020107073241e+01
6.980701790705755627e+01
7.020361988529062103e+01
7.004155920345343134e+01
7.029099428268885674e+01
7.054453590261400109e+01
7.073973307613626105e+01
7.089686476141775984e+01
7.075775081147352807e+01
7.062863982321121625e+01
7.034229814535629544e+01
7.041815810294006894e+01
7.035275809706963912e+01
7.026896805555276160e+01
7.031132018993707788e+01
7.028111829140804900e+01
7.082598780773724911e+01
7.079097663988254396e+01
7.085189017194831251e+01
7.067303939511509725e+01
7.133147590273433991e+01
7.132081492132324740e+01
7.079473199118444882e+01
7.065265988381888462e+01
7.090446406416619141e+01
7.068026810983970165e+01
7.057355305081587460e+01
7.045708906401202398e+01
7.031971017479270358e+01
7.052516035801320982e+01
7.067831968397095466e+01
7.049652308723136684e+01
7.050381032570867035e+01
7.087120413728098356e+01
7.110714259377235180e+01
7.139546053942109438e+01
7.180737855855592500e+01
7.149523843947980595e+01
7.164101816374218856e+01
7.178135419926670124e+01
7.168904403567800898e+01
7.178645548455007486e+01
7.159989391977897810e+01
7.115970858044047986e+01
7.165588040476400522e+01
7.149280410629913263e+01
7.155906639638024558e+01
7.183157231310161706e+01
7.237897352763978631e+01
7.236404510140287982e+01
7.222073770977218032e+01
7.195385622386646673e+01
7.209938416514931703e+01
7.219377338984860160e+01
7.189189718241513560e+01
7.128104204987310766e+01
7.149314181165986781e+01
7.159065312290567817e+01
7.145968574389593186e+01
7.121713974647974510e+01
7.135043804018468450e+01
7.147199624247818406e+01
7.195869952250019708e+01
7.160878454962015383e+01
7.171969305885014023e+01
7.167624472599305818e+01
7.181256902622001803e+01
7.194926694241753751e+01
7.168050697889468381e+01
7.101867017333124465e+01
7.089501067183462624e+01
7.127044977412306537e+01
7.106900058300469425e+01
7.122269949128421729e+01
7.150996210246478313e+01
7.103780305018700858e+01
7.114093651224999348e+01
7.122687829266527615e+01
7.125270202296351840e+01
7.123404784991070926e+01
7.128373988134721628e+01
7.165752184551364223e+01
7.184270467068985511e+01
7.158748004641533669e+01
7.150597931987356048e+01
7.165218324025266838e+01
7.204219989630284715e+01
7.217628036372633460e+01
7.252861746291726774e+01
7.324002588152721671e+01
7.304203157360808518e+01
7.329620710617604118e+01
7.356677421520240046e+01
7.364374934836541797e+01
7.385187218291281397e+01
7.383743010214411129e+01
7.399813935271873788e+01
7.361932368253813763e+01
7.399774095509233973e+01
7.432315579802929051e+01
7.450698640953274321e+01
7.427723002725801393e+01
7.407299768548743657e+01
7.445333425290570517e+01
7.504910750417224108e+01
7.469610860417880360e+01
7.486035106154886876e+01
7.537669418252235687e+01
7.581963509616315378e+01
7.606722685427396868e+01
7.597745354094125503e+01
7.587498053997337877e+01
7.613217989994737422e+01
7.576451392157828479e+01
7.552300261823523897e+01
7.556693738320774401e+01
7.571807460420332347e+01
7.617704441195554921e+01
7.676970003256138853e+01
7.689848720417364802e+01
7.696178611315575324e+01
7.734235563910350209e+01
7.707687451704740056e+01
7.699455897218297196e+01
7.730150383994161700e+01
7.699496987046322261e+01
7.701708486737712178e+01
7.729132678860725036e+01
7.722605685620797544e+01
7.725884319322493354e+01
7.701990216254158383e+01
7.700814777755020657e+01
7.718474766274842125e+01
7.645156187433912010e+01
7.624202455369254494e+01
7.596132211376935572e+01
7.608661192654255956e+01
7.624970137962338868e+01
7.625175607651505061e+01
7.625832276250127961e+01
7.609088268781451347e+01
7.616455813583073109e+01
7.627546813484700294e+01
7.642322245557609506e+01
7.620373179483458159e+01
7.620264089423126563e+01
7.595273906223688698e+01
7.586150838625698611e+01
7.609499293262280162e+01
7.570392918629308099e+01
7.595176310516954743e+01
7.593568346184400752e+01
7.603370650363513050e+01
7.627074452471615018e+01
7.646875193258425440e+01
7.642926457507874716e+01
7.648373094736436428e+01
7.638011574161026829e+01
7.604960185462687150e+01
7.623341292963186788e+01
7.657302748969314621e+01
7.681689694997488971e+01
7.694559061485757923e+01
7.735646274958520507e+01
7.735162345090290614e+01
7.769444073123104033e+01
7.761225508770368720e+01
7.774814388400291421e+01
7.760306168873195531e+01
7.766487741139100365e+01
7.756855078684313298e+01
7.790557278273841746e+01
7.735105704645930302e+01
7.727964159436767488e+01
7.739888123024122990e+01
7.693577069383954381e+01
7.724950448851508611e+01
7.753556657948607267e+01
7.759773581093766381e+01
7.769132276725412112e+01
7.766194724045047337e+01
7.750080578628192995e+01
7.801364167187956866e+01
7.815409517916143045e+01
7.825898300549044961e+01
