-1.892266570267477632e-01
1.465352341621796450e-01
5.396360774436137486e-01
9.983721904109270628e-01
1.539046951142057917e+00
2.148098246356013874e+00
3.371997072621040648e+00
4.957922182534699296e+00
6.746772749378276757e+00
8.355460435080125592e+00
8.193275392461570661e+00
9.391892630460818125e+00
1.183534846162324783e+01
1.365915622906132221e+01
1.504362269083248371e+01
1.592882180138003179e+01
1.687015699356854626e+01
1.920232218535335633e+01
2.179532134500063378e+01
2.392120158118435569e+01
2.423346921938352949e+01
2.452914160167266644e+01
2.471365359795855454e+01
2.519321396489163689e+01
2.601425146563452628e+01
2.627001026412373363e+01
2.683894653757410964e+01
2.778186661381397116e+01
2.808184979665005443e+01
2.884663193456690777e+01
3.050339722397656672e+01
2.911778868532830700e+01
2.954291203854297976e+01
3.022210620149407490e+01
3.074225027624913409e+01
3.153795507145308008e+01
3.122440578537046463e+01
3.188884857295408537e+01
3.234826564387105918e+01
3.224260724418324031e+01
3.299275654163464111e+01
3.224324482996533447e+01
3.194127280457991347e+01
3.296278532417690599e+01
3.297028670321310528e+01
3.350030250805973253e+01
3.349907307966617509e+01
3.338143893928226902e+01
3.359916600700073985e+01
3.364304936896533604e+01
3.421480730113785995e+01
3.445061062927777584e+01
3.327393185771050810e+01
3.332862789927947489e+01
3.333136505743507882e+01
3.374466097700862122e+01
3.429880934507146151e+01
3.416543915846158797e+01
3.397929388037724152e+01
3.400642043591181363e+01
3.360067118562640331e+01
3.379865641654718189e+01
3.372263057166819067e+01
3.345719899460986824e+01
3.311845116492173702e+01
3.394439585760766676e+01
3.416522158787573460e+01
3.458112594734158307e+01
3.515374259360073950e+01
3.564591270161716352e+01
3.543596255902281911e+01
3.589747514542226980e+01
3.652610384931063692e+01
3.716766035572737792e+01
3.700947477211740022e+01
3.750740228124970344e+01
3.776028456029199987e+01
3.867098515914258883e+01
3.914314149279881860e+01
3.942939750750706907e+01
3.852493522721007935e+01
3.914465057597665520e+01
3.905979742486618989e+01
3.930464719786556316e+01
3.934954796508506547e+01
3.912868110810810407e+01
3.950217434944533323e+01
4.049345493255442818e+01
4.117233534443825249e+01
4.203306280441841380e+01
4.183477625238926834e+01
4.218387867554831416e+01
4.363991360521092844e+01
4.456790173894335538e+01
4.512567710861363679e+01
4.579042542154203943e+01
4.636252357767219223e+01
4.686775504645079593e+01
4.823540218767962529e+01
4.822586888919003201e+01
4.776605090637436746e+01
4.771011314320864471e+01
4.912133188310956200e+01
4.999546349995944183e+01
5.086567246202286441e+01
5.058546459272625384e+01
5.149006856402004928e+01
5.281997740873750757e+01
5.444022968866249101e+01
5.625209155835718633e+01
5.510722536186653997e+01
5.582629470235356450e+01
5.537843327569964202e+01
5.673057587710786009e+01
5.845327461252291812e+01
5.854029715670429113e+01
5.946515800142949359e+01
6.009097852520413596e+01
6.095041916110315583e+01
6.259409419655641926e+01
6.419011320039390966e+01
6.311054450288543194e+01
6.461926541817577174e+01
6.539321421030244608e+01
6.742001110931416008e+01
6.777164609364430703e+01
7.021374658842896110e+01
7.177103759860368370e+01
7.187279248854757441e+01
7.121135451156563079e+01
6.951382941000917981e+01
7.180925302139418420e+01
7.409828990961017325e+01
7.338569242608795662e+01
7.474077158829864231e+01
7.606814266914136624e+01
7.607602216189840760e+01
7.638111433428741748e+01
7.722200505450520325e+01
7.831545106149191326e+01
7.902793839426908562e+01
8.058174018617047807e+01
8.334342735045154882e+01
8.215040428590074839e+01
8.256812442404304875e+01
8.356695175032673717e+01
8.606038622979953345e+01
8.405742514321582348e+01
8.476647688079155785e+01
8.459608108821188921e+01
8.394948072289845697e+01
8.418170258291826258e+01
8.587554090748439251e+01
8.752255276961585650e+01
8.861720066132335205e+01
8.949765095209815513e+01
9.187907331120537435e+01
9.063993297545358985e+01
9.200023874524661949e+01
8.873012999295541192e+01
8.906174648574454977e+01
9.046457364162831993e+01
8.859009192729664051e+01
8.856508218069592431e+01
9.089366255813247619e+01
8.950738782277021244e+01
8.891491320966046885e+01
8.892639286404097732e+01
9.045333957205325248e+01
9.006052662153363997e+01
9.081725641236666036e+01
9.292003483324124602e+01
9.463021373980302542e+01
9.626511885545136238e+01
9.824817254235432529e+01
9.746869856513893637e+01
9.755145268826645122e+01
1.001530484344150267e+02
1.007109438221956026e+02
9.921319207984370792e+01
9.991879679262171976e+01
1.009631431044469707e+02
1.027602920915061446e+02
1.021069781220054153e+02
1.024549281351509791e+02
1.021827362658293197e+02
1.023702283791527350e+02
1.048018689049116432e+02
1.037708448868435340e+02
1.035638655442736109e+02
1.059261334897677784e+02
1.092282422361530791e+02
1.114064560485093125e+02
1.118751260607490110e+02
1.147109678050487247e+02
1.171148316137537790e+02
1.187218701172518251e+02
1.183507234606446588e+02
1.172960868611310588e+02
1.192015426555361728e+02
1.183787564800815773e+02
1.167109751691210278e+02
1.165226978935725839e+02
1.146502020491872429e+02
1.144018523613693219e+02
1.144357830293573528e+02
1.135027828951325546e+02
1.120089806295157757e+02
1.106599182550021823e+02
1.119217291491103623e+02
1.070259928649526557e+02
1.067356921011983957e+02
1.064445955195322000e+02
1.075818930059260481e+02
1.084407032089706320e+02
1.110474135502225721e+02
1.106251616721302042e+02
1.123849074186271224e+02
1.137613742094666662e+02
1.136113291521504607e+02
1.137191866690332915e+02
1.142165130243050726e+02
1.174114522143665624e+02
1.165988184675881172e+02
1.147481063706995741e+02
1.121407134694085812e+02
1.160747712855999083e+02
1.180196735973097191e+02
1.185842090806385443e+02
1.149999032697557197e+02
1.115640328997293977e+02
1.130740857723607746e+02
1.133839149148631975e+02
1.135635658937033128e+02
1.167711855693465139e+02
1.189595201886957483e+02
1.212763538623884898e+02
1.217276681842686656e+02
1.258582417604614960e+02
1.251767492186030921e+02
1.270097581323838511e+02
1.284895263292706886e+02
1.309765534254456156e+02
1.320369703601218134e+02
1.353019993898005566e+02
1.324620907612030578e+02
1.350985827463156568e+02
1.389488899107539339e+02
1.411685367608754405e+02
1.425722852424090092e+02
1.425400509004179526e+02
1.417280867831258320e+02
1.391860975785698429e+02
1.331468024810328075e+02
1.370656675396973014e+02
1.314767283844962549e+02
1.331283277789644899e+02
1.301675444646442941e+02
1.317010873888885953e+02
1.304737708135959906e+02
1.329701536248736886e+02
1.292414377107142798e+02
1.300318550792934786e+02
1.313922053456188337e+02
1.236244209578585611e+02
1.223279645650021479e+02
1.222465482896469240e+02
1.185817590673789113e+02
1.205293927804948595e+02
1.232313870781547820e+02
1.265261947611099487e+02
1.247239010583118528e+02
1.274644036913607863e+02
1.232011549716190757e+02
1.256403007766682833e+02
1.231676510190681739e+02
1.186826909584757175e+02
1.212741451926629423e+02
1.204821105046971610e+02
1.208832361606701369e+02
1.243016588878057718e+02
1.266378742555233146e+02
1.271807274805189678e+02
1.305779615734144272e+02
1.329053120206976644e+02
1.378088071319199912e+02
1.361192327283251302e+02
1.351914757707749004e+02
1.309353332168171562e+02
1.328578418445500517e+02
1.360631515540734426e+02
1.385186239419165872e+02
1.418431783979411023e+02
1.435176858605800021e+02
1.447777275572646829e+02
1.450532711483390358e+02
1.477869029501419504e+02
1.445592728901343662e+02
1.443740899802830313e+02
1.454115931126811745e+02
1.377465076251090181e+02
1.400150181685834525e+02
1.438067037827757417e+02
1.434184549863107634e+02
1.412735805115973449e+02
1.419356239816484049e+02
1.430197840887956033e+02
1.453222317927390463e+02
1.473892550489392477e+02
1.491105322704310083e+02
1.450550069772598079e+02
1.443080873686223242e+02
1.456522976788151027e+02
1.438904423836850981e+02
1.444865632041383208e+02
1.439381114438890563e+02
1.442754071177077719e+02
1.483235654623029802e+02
1.509451854326873672e+02
1.488477684856005112e+02
1.501164916118593737e+02
1.545559758386858960e+02
1.509463099627223812e+02
1.501386347230931904e+02
1.517049743607811365e+02
1.547911214489905092e+02
1.537476480277851749e+02
1.571949526278885116e+02
1.626261826386833604e+02
1.631358374237271107e+02
1.642481119856894054e+02
1.676489526094533460e+02
1.667823454451976488e+02
1.664334380037481935e+02
1.651443376222636914e+02
1.624427233536687822e+02
1.649576789719918111e+02
1.642067922497436427e+02
1.659501990590057119e+02
1.686944965513881129e+02
1.691710095901001978e+02
1.677892212580109401e+02
1.725426599656657061e+02
1.748360516028738232e+02
1.704995642412358166e+02
1.732070616318745806e+02
1.736076594215799673e+02
1.732502985705408776e+02
1.665478333248214540e+02
1.666669727160628156e+02
1.611503461182247179e+02
1.570018449688143960e+02
1.551604505264756142e+02
1.567575498809285932e+02
1.538209394648856971e+02
1.569309324503410892e+02
1.591442946010230912e+02
1.572698485392889154e+02
1.609368801873536938e+02
1.642485221245834452e+02
1.668273880409811341e+02
1.690745944736935087e+02
1.706468452125307067e+02
1.688386562862627045e+02
1.695769093403000340e+02
1.657418919301054245e+02
1.681049621169935619e+02
1.696771822467339632e+02
1.676519971779268872e+02
1.676506724183796280e+02
1.678683887341741183e+02
1.712188694142232634e+02
1.737141263017923620e+02
1.744190555435892520e+02
1.752271096174504521e+02
1.746178647310433973e+02
1.770904440093026153e+02
1.777695872664017998e+02
1.798277577274659507e+02
1.827113143674806963e+02
1.815601220792469519e+02
1.843338711972320425e+02
1.869437084760824632e+02
1.794806207049234104e+02
1.790368211497947755e+02
1.766559636437952179e+02
1.755629886652770892e+02
1.742356550121295982e+02
1.785312861263108175e+02
1.734214268560864411e+02
1.738070049318600923e+02
1.728712382937260088e+02
1.710906963942324808e+02
1.729056598026680831e+02
1.776960717731153636e+02
1.776236342401092543e+02
1.774148621069041951e+02
1.809298739830944385e+02
1.796561812184450844e+02
1.864672628625041853e+02
1.867740092848752340e+02
1.888798898985462813e+02
1.893184225448750908e+02
1.930850740875684721e+02
1.924054856585082689e+02
1.972570586067962779e+02
1.980444389531540139e+02
2.024643278024863093e+02
2.034883946355818125e+02
2.002726796833968876e+02
2.038944370283991816e+02
2.038661037925886887e+02
2.074642441919689020e+02
2.080622045193936458e+02
2.101134754003268483e+02
2.100103663007601824e+02
2.144106533500215619e+02
2.140512326375647092e+02
2.150891404842039663e+02
2.206328541942398545e+02
2.261538876607545490e+02
2.292565522657064037e+02
2.277099383643773365e+02
2.248643790241294482e+02
2.262880525604250295e+02
2.305291440487911814e+02
2.255774298042829571e+02
2.263303151689684114e+02
2.233352695864227542e+02
2.205053827091174981e+02
2.212542330365869816e+02
2.174420936115310212e+02
2.128343709081102020e+02
2.123245497549696950e+02
2.100885994695987051e+02
2.120075313481115131e+02
2.167822113001152218e+02
2.213966530204909304e+02
2.169038087967945216e+02
2.168673589769582009e+02
2.199169113974390939e+02
2.227695572106887880e+02
2.230396056065436596e+02
2.226429251716407407e+02
2.253781599945519929e+02
2.283398285836362902e+02
2.308869924193784016e+02
2.273788094011890735e+02
2.253440074455098170e+02
2.196493325337161480e+02
2.218154408174013952e+02
2.199084629280791319e+02
2.219371953206456283e+02
2.204616648631676696e+02
2.236477797865314869e+02
2.246179346235944934e+02
2.249759141207101152e+02
2.278818523346699578e+02
2.332716725940074696e+02
2.362332558037716694e+02
2.362525780554482253e+02
2.401093670350302034e+02
2.424879682843193507e+02
2.370996794264105461e+02
2.356803185209250557e+02
2.341426385340907643e+02
2.305468742413388554e+02
2.261461106486451627e+02
2.251341571468781808e+02
2.219265479330129267e+02
2.140717479892245194e+02
2.172941928734830128e+02
2.196646527037839007e+02
2.206352775085830444e+02
2.180933938173511706e+02
2.184302202164552398e+02
2.221341873929993653e+02
2.226632884500519083e+02
2.241583587256492933e+02
2.267341202531195563e+02
2.257569165881291440e+02
2.290799723685096012e+02
2.265135430983434333e+02
2.224374679303121525e+02
2.195898719820945075e+02
2.194715165012535749e+02
2.123278662498730398e+02
2.115238038139523269e+02
2.080473645283689166e+02
2.109476709732926736e+02
2.125958518912554780e+02
2.138287953336624128e+02
2.184026879992722456e+02
2.193729011815512706e+02
2.190942712768731155e+02
2.235966973036645982e+02
2.247433123185089130e+02
2.248433502881975699e+02
2.273028152681989980e+02
2.313631872349770902e+02
2.260528239634135446e+02
2.249093793743520280e+02
2.277794163739950761e+02
2.334463427681365886e+02
2.335087463586220906e+02
2.315053123099255856e+02
2.344368694795355168e+02
2.369532607914830464e+02
2.378952313718799587e+02
2.417326117928072620e+02
2.368587903294623231e+02
2.363265031310808126e+02
2.390268680837139357e+02
2.441674235357068312e+02
2.401795641156569445e+02
2.390083680159706034e+02
2.393817960669791773e+02
2.442941918772604879e+02
2.426649136901116890e+02
2.395923895924755982e+02
2.428309018201110234e+02
2.400662356491151854e+02
2.406981201229702094e+02
2.401550916107596265e+02
2.390789085364266100e+02
2.396943169606024355e+02
2.387514168950141595e+02
2.371620022931887206e+02
2.365939213912193679e+02
2.314438247839108840e+02
2.281223218941020150e+02
2.206053207192629770e+02
2.206968591485101854e+02
2.180532969184753256e+02
2.152377731898511684e+02
2.154706366131217976e+02
2.088512056304372777e+02
2.117464772428985498e+02
2.096143459862954046e+02
2.093750988364641614e+02
2.127621706400570361e+02
2.146771300887051268e+02
2.111768362917096908e+02
2.128451286950969461e+02
2.094957716644013885e+02
2.124123958620720316e+02
2.125213239236908009e+02
2.138255088755232407e+02
2.164589768699398746e+02
2.114911451177660524e+02
2.169048440881172439e+02
2.118569793694581733e+02
2.170240672021191983e+02
2.198825175915201271e+02
2.223934857652118353e+02
2.251799181984989957e+02
2.257118957757173519e+02
2.290254065995824249e+02
2.294322877912210004e+02
2.287330622417828749e+02
2.320094253239141437e+02
2.286987372776289078e+02
2.281912763141994560e+02
2.316614367496548255e+02
2.308577611083429417e+02
2.327009877521064141e+02
2.305274919297203553e+02
2.283279818406759603e+02
2.264525977846979004e+02
2.278168845524978963e+02
2.295087827217743097e+02
2.296693861497972762e+02
2.360970459151107264e+02
2.305797257806252389e+02
2.252862601498308095e+02
2.258415112888362160e+02
2.320255166018283717e+02
2.298060957945662039e+02
2.322576578450373290e+02
2.365359128579361538e+02
2.296778421238608985e+02
2.306466453561009757e+02
2.261429670187038710e+02
2.222574477472407750e+02
2.256967742476180945e+02
2.262006706835338719e+02
2.325940633821340953e+02
2.322954449764716003e+02
2.313510695092549270e+02
2.338697185309268320e+02
2.354925734903802379e+02
2.315288099563874766e+02
2.261132245915786143e+02
2.302119816396488829e+02
2.289633006725896109e+02
2.346679223452787824e+02
2.353481469284950833e+02
2.325844914069743368e+02
2.282337368023666215e+02
2.304671170525534478e+02
2.308529771123269825e+02
2.306200142299725258e+02
2.320597633244600786e+02
2.313430482276760358e+02
2.294574150518490683e+02
2.259507086189773588e+02
2.291322707502628191e+02
2.270771639204399719e+02
2.310415532011578819e+02
2.329791579713769636e+02
2.335491857722111035e+02
2.321218727999798546e+02
2.334639619443884158e+02
2.262134506575831949e+02
2.293206156515236955e+02
2.243830507009444375e+02
2.265497666167506452e+02
2.287015107161008132e+02
2.308105887997224386e+02
2.312415908127752857e+02
2.371783773863189708e+02
2.403377959395634491e+02
2.350604991946420625e+02
2.317183702981759552e+02
2.317049831789473444e+02
2.348120467327061363e+02
2.308505564044291134e+02
2.327784572824602662e+02
2.382917895943651843e+02
2.362232043334810783e+02
2.423493397660214157e+02
2.448874472123644921e+02
2.489671846090725751e+02
2.471170934590376476e+02
2.451550781724955925e+02
2.487561547767193417e+02
2.528094266904227823e+02
2.556549468118704738e+02
2.564925954953677092e+02
2.583631775764396821e+02
2.567135865889916317e+02
2.558005047482478176e+02
2.537407848797270447e+02
2.582257111666208402e+02
2.624810646594499417e+02
2.619089096567117849e+02
2.615849054323871883e+02
2.612184508007254635e+02
2.578035304679947899e+02
2.530883641693724257e+02
2.414447884080338440e+02
2.441182873249408658e+02
2.408302465171681490e+02
2.399375885490101155e+02
2.407674729432535514e+02
2.407180982214467519e+02
2.366569421374331910e+02
2.343886043537540900e+02
2.278915759342386309e+02
2.206419220445625342e+02
2.216882954284481002e+02
2.137780245426303622e+02
2.154190639585020222e+02
2.070982484117402009e+02
2.058859249936706419e+02
2.095237708301315536e+02
2.044549532877368847e+02
1.999689935915627643e+02
1.960406366182343447e+02
1.962112120104710300e+02
1.988202721310100856e+02
1.992831711926157823e+02
2.015517423900607810e+02
2.046113597806074154e+02
2.078847410103016102e+02
2.061271671628285276e+02
2.089053262303159784e+02
2.127893794696713030e+02
2.126517461230957338e+02
2.096424447314801682e+02
2.148504524976447954e+02
2.146667705041740533e+02
2.131623088950560145e+02
2.151551927079001700e+02
2.177648504358972161e+02
2.165007224508025274e+02
2.185045748437874522e+02
2.217969733844487337e+02
2.207202774427411782e+02
2.267509801682192574e+02
2.245628829555719506e+02
2.279240111278016911e+02
2.317251248346811678e+02
2.333306815592633257e+02
2.340329673908594259e+02
2.384577729216250077e+02
2.390658884078234792e+02
2.425317177577896643e+02
2.443497202521336931e+02
2.483425202376615459e+02
2.500535775455240355e+02
2.488460914527174737e+02
2.516254390602313720e+02
2.535467539107957009e+02
2.522212502191729300e+02
2.430675795773052243e+02
2.461832983612303849e+02
2.450692731968543114e+02
2.373939369790562637e+02
2.397294753299193815e+02
2.375898749281592188e+02
2.406805754853126587e+02
2.385426552482847455e+02
2.403320124993615821e+02
2.449446171141140098e+02
2.454021186689797105e+02
2.431334481964180441e+02
2.405304896276027193e+02
2.406147791678277201e+02
2.278376141181094852e+02
2.312059989090344629e+02
2.308149073991910996e+02
2.305506974867948031e+02
2.273794714719195724e+02
2.206970787563944327e+02
2.198198025106757711e+02
2.229477564287639382e+02
2.189115331793335599e+02
2.236423923414475325e+02
2.236882269482177890e+02
2.254701606504019935e+02
2.251663694103995681e+02
2.229542919402448717e+02
2.273200825111771053e+02
2.272176591243225232e+02
2.302601076273797958e+02
2.272601138549056827e+02
2.351553319075999866e+02
2.341467307006191447e+02
2.371783340517644376e+02
2.352275726142618169e+02
2.404051267555470872e+02
2.302084037693415723e+02
2.283945758623873132e+02
2.215278059663476995e+02
2.231458887074288100e+02
2.278319197944844916e+02
2.299714628756757406e+02
2.260893610778005325e+02
2.264021918797505748e+02
2.293978807638582964e+02
2.306131462956817302e+02
2.355299737737341275e+02
2.362080430133669893e+02
2.371530593278517358e+02
2.353712121866803102e+02
2.373857211993934015e+02
2.368983086569913610e+02
2.357644112485940013e+02
2.355916187179021790e+02
2.364222520184979714e+02
2.334955502360100468e+02
2.341710047039238134e+02
2.384572042730261785e+02
2.355110826901960763e+02
2.319100537593239721e+02
2.239230924065778936e+02
2.252452536328434860e+02
2.257732461174305740e+02
2.253216311229889470e+02
2.265692550541901937e+02
2.320129044400154328e+02
2.355756371363222854e+02
2.353517487932693371e+02
2.374866293911149739e+02
2.435533305581636228e+02
2.404085466562261786e+02
2.397972675536240388e+02
2.389590034063376436e+02
2.410323571003886514e+02
2.278665260379510471e+02
2.280152273117453205e+02
2.244419851675534971e+02
2.261865830100803123e+02
2.252152334736503576e+02
2.258400533626941922e+02
2.284915633268470287e+02
2.324397143341422520e+02
2.274660337870341493e+02
2.262786403771372079e+02
2.282954793149103239e+02
2.324355761336666149e+02
2.277215607862321178e+02
2.254372244867495567e+02
2.230449443987928078e+02
2.283676150596973571e+02
2.249585494682548301e+02
2.208048698118694801e+02
2.196827766872467294e+02
2.133126117969897280e+02
2.154559529045417605e+02
2.114100237692188955e+02
2.143108208542242323e+02
2.107020115503323439e+02
2.160544405577337557e+02
2.159208498299092014e+02
2.180120373076698570e+02
2.159036496114400450e+02
2.112959634148226087e+02
2.129700899314578066e+02
2.103132491273393327e+02
2.103557175592068518e+02
2.077619608614274398e+02
2.103923391267101124e+02
2.077155526281535174e+02
2.127950987200081840e+02
2.051456037600064519e+02
2.123041372761009882e+02
2.163187866946111626e+02
2.179608631416985816e+02
2.221144958424192737e+02
2.223829139948333022e+02
2.199258649600567139e+02
2.194402019491173235e+02
2.205925629000817878e+02
2.206404307213276184e+02
2.169673618298689348e+02
2.175278718817721142e+02
2.188623690313262955e+02
2.204936869468529324e+02
2.208161044446666779e+02
2.231668740349367113e+02
2.255522732713902485e+02
2.278122116729423681e+02
2.349092057677833907e+02
2.365105065298034219e+02
2.340340518835722889e+02
2.411492504603403120e+02
2.406103771290272846e+02
2.412249711696689474e+02
2.368562525623585771e+02
2.412351629100110983e+02
2.343176108548826733e+02
2.392131535654699519e+02
2.375705787341828454e+02
2.327860041330715717e+02
2.305223249767999789e+02
2.232263056622448119e+02
2.262655654471487026e+02
2.276055389612286035e+02
2.304408264334472278e+02
2.327165893154718219e+02
2.263204973737351509e+02
2.275796131433115761e+02
2.283954736098542639e+02
2.270897698557750459e+02
2.284191490283043038e+02
2.302789875633405643e+02
2.311612504619519370e+02
2.331380252780094224e+02
2.301817405840110951e+02
2.239222829850053813e+02
2.210282182900785415e+02
2.197836008519134623e+02
2.202650808639518516e+02
2.226571753203024002e+02
2.259583814432898237e+02
2.241290551353484943e+02
2.236473941863597759e+02
2.246280822233909191e+02
2.308850303354741982e+02
2.358174541472368446e+02
2.387142536424470052e+02
2.392013664117681344e+02
2.419935697623574242e+02
2.446418851548231430e+02
2.420172954039586273e+02
2.445144279362295094e+02
2.421212492028429608e+02
2.476395938014351259e+02
2.499240411521216458e+02
2.502201450967009464e+02
2.455722875810406265e+02
2.446929607466742596e+02
2.425373685837289202e+02
2.444944784466546821e+02
2.418853073448987914e+02
2.417708349399842973e+02
2.452033672514835132e+02
2.434756280876453047e+02
2.395003950572559859e+02
2.372792837561079295e+02
2.341977177853495675e+02
2.334149663690151044e+02
2.390049282924952081e+02
2.395935768506696775e+02
2.368152161073524269e+02
2.346892108792779368e+02
2.339343928290554686e+02
2.317416681243992969e+02
2.341765941201920498e+02
2.365989154907250906e+02
2.362292509072875077e+02
2.352970233739366108e+02
2.305021570783487164e+02
2.340286096336691912e+02
2.319121926315144435e+02
2.315072530588100790e+02
2.301691178715970523e+02
2.304159117240845944e+02
2.293032273654328321e+02
2.299152201138289513e+02
2.356766065808649842e+02
2.392376032491643798e+02
2.360114802205241631e+02
2.361312170622368001e+02
2.345947935056694007e+02
2.387528301551856202e+02
2.398868971801713030e+02
2.426074447760003352e+02
2.446379003593190760e+02
2.434441262211501851e+02
2.395849565321993566e+02
2.422841003856849511e+02
2.418421375120680352e+02
2.420423445394266082e+02
2.431573881959682240e+02
2.431779996824336934e+02
2.390472571542852904e+02
2.401893221184270146e+02
2.346462008549019060e+02
2.327495490512258698e+02
2.317371266788445041e+02
2.352286648966563121e+02
2.313489551025720061e+02
2.310867103295271363e+02
2.315642266856881974e+02
2.314310278505160454e+02
2.302926607450096697e+02
2.324911146620376599e+02
2.354770562832262044e+02
2.328029495712297035e+02
2.341153941036186836e+02
2.318023097024397714e+02
2.291278133720880987e+02
2.301939215792683626e+02
2.300604123283832223e+02
2.310499091302075954e+02
2.297853430170474951e+02
2.325503168653259820e+02
2.315521470016510648e+02
2.324231993774893397e+02
2.314241277865767472e+02
2.308148436125814555e+02
2.267609782291318368e+02
2.319670409187406506e+02
2.331028667097080813e+02
2.334971240393497283e+02
2.309092262899783918e+02
2.300564262283318442e+02
2.324860873305602809e+02
2.313338398234179181e+02
2.314944814916628957e+02
2.245454101651249346e+02
2.215092742917663031e+02
2.158932600965001996e+02
2.211038131387992678e+02
2.211573912687657639e+02
2.146079368927765358e+02
