2.048000000000000000e+03
4.096000000000000000e+03
6.143000000000000000e+03
8.198000000000000000e+03
1.032700000000000000e+04
1.249200000000000000e+04
1.453000000000000000e+04
1.663900000000000000e+04
1.865400000000000000e+04
2.067800000000000000e+04
2.252800000000000000e+04
2.454400000000000000e+04
2.676300000000000000e+04
2.895400000000000000e+04
3.095600000000000000e+04
3.301900000000000000e+04
3.517300000000000000e+04
3.736100000000000000e+04
3.931900000000000000e+04
4.140800000000000000e+04
4.351000000000000000e+04
4.543900000000000000e+04
4.735800000000000000e+04
4.940300000000000000e+04
5.151000000000000000e+04
5.352900000000000000e+04
5.553900000000000000e+04
5.763000000000000000e+04
5.967500000000000000e+04
6.188200000000000000e+04
6.392300000000000000e+04
6.596800000000000000e+04
6.820600000000000000e+04
7.026600000000000000e+04
7.237400000000000000e+04
7.429900000000000000e+04
7.635900000000000000e+04
7.828700000000000000e+04
8.040100000000000000e+04
8.236200000000000000e+04
8.438400000000000000e+04
8.638200000000000000e+04
8.843800000000000000e+04
9.046100000000000000e+04
9.248800000000000000e+04
9.446500000000000000e+04
9.655600000000000000e+04
9.858700000000000000e+04
1.007040000000000000e+05
1.027430000000000000e+05
1.048300000000000000e+05
1.068440000000000000e+05
1.089460000000000000e+05
1.111690000000000000e+05
1.132920000000000000e+05
1.153250000000000000e+05
1.172890000000000000e+05
1.192510000000000000e+05
1.212670000000000000e+05
1.232000000000000000e+05
1.253150000000000000e+05
1.272860000000000000e+05
1.293620000000000000e+05
1.313670000000000000e+05
1.335150000000000000e+05
1.354520000000000000e+05
1.376130000000000000e+05
1.397150000000000000e+05
1.417160000000000000e+05
1.438150000000000000e+05
1.458580000000000000e+05
1.477680000000000000e+05
1.497960000000000000e+05
1.517930000000000000e+05
1.538670000000000000e+05
1.559890000000000000e+05
1.579850000000000000e+05
1.601060000000000000e+05
1.621730000000000000e+05
1.642840000000000000e+05
1.663760000000000000e+05
1.684030000000000000e+05
1.705180000000000000e+05
1.724790000000000000e+05
1.745010000000000000e+05
1.765380000000000000e+05
1.784780000000000000e+05
1.804810000000000000e+05
1.823900000000000000e+05
1.844840000000000000e+05
1.863920000000000000e+05
1.884440000000000000e+05
1.906410000000000000e+05
1.926440000000000000e+05
1.947010000000000000e+05
1.966680000000000000e+05
1.986890000000000000e+05
2.007350000000000000e+05
2.026980000000000000e+05
2.048180000000000000e+05
2.069320000000000000e+05
2.090770000000000000e+05
2.112390000000000000e+05
2.133590000000000000e+05
2.154460000000000000e+05
2.175550000000000000e+05
2.196370000000000000e+05
2.216100000000000000e+05
2.235350000000000000e+05
2.254850000000000000e+05
2.275480000000000000e+05
2.294450000000000000e+05
2.315310000000000000e+05
2.335840000000000000e+05
2.356690000000000000e+05
2.375970000000000000e+05
2.396410000000000000e+05
2.416570000000000000e+05
2.436430000000000000e+05
2.455880000000000000e+05
2.476200000000000000e+05
2.497690000000000000e+05
2.519230000000000000e+05
2.540770000000000000e+05
2.561180000000000000e+05
2.580780000000000000e+05
2.602730000000000000e+05
2.622660000000000000e+05
2.642450000000000000e+05
2.662570000000000000e+05
2.681930000000000000e+05
2.704290000000000000e+05
2.726420000000000000e+05
2.747840000000000000e+05
2.770230000000000000e+05
2.791010000000000000e+05
2.812040000000000000e+05
2.832050000000000000e+05
2.854990000000000000e+05
2.876010000000000000e+05
2.897660000000000000e+05
2.918510000000000000e+05
2.939040000000000000e+05
2.957850000000000000e+05
2.981950000000000000e+05
3.002460000000000000e+05
3.024460000000000000e+05
3.046610000000000000e+05
3.070730000000000000e+05
3.090890000000000000e+05
3.110430000000000000e+05
3.129110000000000000e+05
3.152510000000000000e+05
3.176680000000000000e+05
3.197350000000000000e+05
3.215740000000000000e+05
3.234630000000000000e+05
3.255220000000000000e+05
3.273640000000000000e+05
3.295330000000000000e+05
3.313980000000000000e+05
3.336290000000000000e+05
3.357460000000000000e+05
3.377170000000000000e+05
3.397220000000000000e+05
3.418810000000000000e+05
3.437230000000000000e+05
3.458210000000000000e+05
3.478720000000000000e+05
3.498800000000000000e+05
3.519980000000000000e+05
3.540690000000000000e+05
3.560260000000000000e+05
3.581220000000000000e+05
3.599700000000000000e+05
3.622270000000000000e+05
3.642230000000000000e+05
3.666120000000000000e+05
3.685970000000000000e+05
3.706900000000000000e+05
3.726400000000000000e+05
3.747320000000000000e+05
3.770270000000000000e+05
3.792370000000000000e+05
3.814550000000000000e+05
3.833080000000000000e+05
3.853510000000000000e+05
3.880900000000000000e+05
3.900670000000000000e+05
3.922270000000000000e+05
3.943380000000000000e+05
3.964240000000000000e+05
3.987420000000000000e+05
4.011340000000000000e+05
4.032480000000000000e+05
4.052010000000000000e+05
4.073780000000000000e+05
4.092850000000000000e+05
4.109190000000000000e+05
4.125630000000000000e+05
4.145970000000000000e+05
4.166870000000000000e+05
4.187630000000000000e+05
4.208170000000000000e+05
4.225850000000000000e+05
4.244600000000000000e+05
4.262540000000000000e+05
4.284030000000000000e+05
4.305810000000000000e+05
4.324700000000000000e+05
4.346500000000000000e+05
4.366020000000000000e+05
4.385370000000000000e+05
4.405930000000000000e+05
4.417660000000000000e+05
4.438040000000000000e+05
4.458860000000000000e+05
4.479880000000000000e+05
4.498270000000000000e+05
4.521170000000000000e+05
4.538890000000000000e+05
4.562500000000000000e+05
4.581340000000000000e+05
4.603060000000000000e+05
4.623310000000000000e+05
4.643360000000000000e+05
4.666220000000000000e+05
4.688830000000000000e+05
4.710440000000000000e+05
4.729780000000000000e+05
4.750220000000000000e+05
4.770870000000000000e+05
4.790490000000000000e+05
4.808780000000000000e+05
4.829310000000000000e+05
4.853020000000000000e+05
4.876550000000000000e+05
4.900260000000000000e+05
4.923190000000000000e+05
4.943210000000000000e+05
4.960010000000000000e+05
4.973490000000000000e+05
4.993260000000000000e+05
5.012420000000000000e+05
5.033500000000000000e+05
5.050840000000000000e+05
5.073910000000000000e+05
5.095930000000000000e+05
5.120130000000000000e+05
5.141000000000000000e+05
5.159480000000000000e+05
5.180150000000000000e+05
5.202030000000000000e+05
5.220050000000000000e+05
5.240460000000000000e+05
5.260160000000000000e+05
5.279090000000000000e+05
5.303350000000000000e+05
5.323240000000000000e+05
5.346020000000000000e+05
5.368490000000000000e+05
5.389420000000000000e+05
5.407050000000000000e+05
5.427690000000000000e+05
5.450810000000000000e+05
5.467790000000000000e+05
5.491510000000000000e+05
5.513790000000000000e+05
5.530670000000000000e+05
5.551840000000000000e+05
5.574820000000000000e+05
5.596120000000000000e+05
5.617560000000000000e+05
5.637380000000000000e+05
5.660100000000000000e+05
5.680710000000000000e+05
5.698600000000000000e+05
5.716710000000000000e+05
5.741970000000000000e+05
5.763510000000000000e+05
5.782600000000000000e+05
5.802180000000000000e+05
5.831450000000000000e+05
5.850560000000000000e+05
5.867340000000000000e+05
5.888760000000000000e+05
5.910110000000000000e+05
5.931780000000000000e+05
5.950930000000000000e+05
5.969220000000000000e+05
5.987550000000000000e+05
6.009390000000000000e+05
6.029440000000000000e+05
6.051490000000000000e+05
6.070380000000000000e+05
6.091780000000000000e+05
6.108490000000000000e+05
6.130410000000000000e+05
6.150730000000000000e+05
6.171640000000000000e+05
6.193830000000000000e+05
6.213010000000000000e+05
6.236480000000000000e+05
6.254660000000000000e+05
6.276380000000000000e+05
6.295640000000000000e+05
6.312370000000000000e+05
6.335180000000000000e+05
6.358250000000000000e+05
6.373800000000000000e+05
6.390310000000000000e+05
6.412960000000000000e+05
6.432060000000000000e+05
6.457000000000000000e+05
6.484920000000000000e+05
6.500840000000000000e+05
6.522200000000000000e+05
6.538830000000000000e+05
6.558040000000000000e+05
6.578260000000000000e+05
6.594560000000000000e+05
6.615910000000000000e+05
6.636870000000000000e+05
6.656950000000000000e+05
6.674880000000000000e+05
6.700570000000000000e+05
6.719970000000000000e+05
6.741180000000000000e+05
6.761180000000000000e+05
6.783510000000000000e+05
6.806690000000000000e+05
6.825190000000000000e+05
6.842740000000000000e+05
6.863860000000000000e+05
6.887850000000000000e+05
6.907870000000000000e+05
6.928240000000000000e+05
6.949610000000000000e+05
6.965820000000000000e+05
6.985680000000000000e+05
7.007990000000000000e+05
7.023560000000000000e+05
7.051140000000000000e+05
7.069620000000000000e+05
7.088510000000000000e+05
7.103380000000000000e+05
7.124120000000000000e+05
7.145840000000000000e+05
7.164630000000000000e+05
7.183550000000000000e+05
7.203530000000000000e+05
7.220090000000000000e+05
7.233330000000000000e+05
7.258360000000000000e+05
7.280190000000000000e+05
7.301370000000000000e+05
7.321400000000000000e+05
7.342240000000000000e+05
7.360780000000000000e+05
7.378090000000000000e+05
7.399970000000000000e+05
7.419520000000000000e+05
7.438970000000000000e+05
7.462320000000000000e+05
7.479280000000000000e+05
7.499520000000000000e+05
7.523300000000000000e+05
7.539870000000000000e+05
7.560050000000000000e+05
7.581560000000000000e+05
7.600180000000000000e+05
7.620450000000000000e+05
7.639630000000000000e+05
7.662910000000000000e+05
7.681620000000000000e+05
7.694120000000000000e+05
7.716920000000000000e+05
7.739690000000000000e+05
7.761540000000000000e+05
7.781310000000000000e+05
7.802950000000000000e+05
7.829780000000000000e+05
7.849160000000000000e+05
7.870610000000000000e+05
7.895850000000000000e+05
7.913950000000000000e+05
7.933920000000000000e+05
7.951750000000000000e+05
7.978700000000000000e+05
7.998410000000000000e+05
8.016390000000000000e+05
8.038900000000000000e+05
8.058940000000000000e+05
8.080660000000000000e+05
8.102080000000000000e+05
8.127990000000000000e+05
8.141760000000000000e+05
8.168810000000000000e+05
8.190750000000000000e+05
8.216200000000000000e+05
8.234470000000000000e+05
8.248550000000000000e+05
8.270250000000000000e+05
8.290250000000000000e+05
8.306760000000000000e+05
8.335590000000000000e+05
8.358890000000000000e+05
8.378890000000000000e+05
8.394040000000000000e+05
8.414430000000000000e+05
8.432320000000000000e+05
8.449360000000000000e+05
8.472030000000000000e+05
8.487160000000000000e+05
8.506580000000000000e+05
8.523540000000000000e+05
8.543810000000000000e+05
8.567200000000000000e+05
8.586370000000000000e+05
8.609110000000000000e+05
8.629110000000000000e+05
8.654190000000000000e+05
8.675680000000000000e+05
8.694820000000000000e+05
8.708440000000000000e+05
8.735020000000000000e+05
8.754130000000000000e+05
8.773640000000000000e+05
8.791240000000000000e+05
8.811670000000000000e+05
8.834830000000000000e+05
8.848760000000000000e+05
8.867340000000000000e+05
8.890830000000000000e+05
8.908030000000000000e+05
8.933620000000000000e+05
8.958840000000000000e+05
8.984340000000000000e+05
8.996990000000000000e+05
9.022450000000000000e+05
9.041750000000000000e+05
9.062000000000000000e+05
9.081540000000000000e+05
9.105700000000000000e+05
9.120800000000000000e+05
9.150090000000000000e+05
9.176660000000000000e+05
9.201670000000000000e+05
9.228140000000000000e+05
9.256080000000000000e+05
9.278310000000000000e+05
9.302120000000000000e+05
9.322870000000000000e+05
9.347430000000000000e+05
9.367530000000000000e+05
9.393750000000000000e+05
9.415200000000000000e+05
9.443090000000000000e+05
9.465550000000000000e+05
9.485550000000000000e+05
9.507460000000000000e+05
9.534690000000000000e+05
9.554140000000000000e+05
9.573020000000000000e+05
9.591920000000000000e+05
9.620030000000000000e+05
9.641090000000000000e+05
9.659710000000000000e+05
9.680620000000000000e+05
9.698030000000000000e+05
9.720400000000000000e+05
9.738560000000000000e+05
9.762230000000000000e+05
9.781110000000000000e+05
9.804650000000000000e+05
9.824450000000000000e+05
9.845680000000000000e+05
9.867080000000000000e+05
9.886560000000000000e+05
9.901310000000000000e+05
9.921320000000000000e+05
9.941320000000000000e+05
9.960580000000000000e+05
9.982140000000000000e+05
1.000315000000000000e+06
1.002526000000000000e+06
1.004808000000000000e+06
1.006738000000000000e+06
1.008454000000000000e+06
1.010454000000000000e+06
1.012683000000000000e+06
1.014533000000000000e+06
1.016533000000000000e+06
1.018566000000000000e+06
1.020849000000000000e+06
1.022899000000000000e+06
1.025289000000000000e+06
1.027308000000000000e+06
1.029290000000000000e+06
1.031555000000000000e+06
1.033589000000000000e+06
1.035195000000000000e+06
1.037223000000000000e+06
1.039631000000000000e+06
1.041635000000000000e+06
1.043237000000000000e+06
1.045237000000000000e+06
1.047588000000000000e+06
1.049747000000000000e+06
1.051749000000000000e+06
1.054204000000000000e+06
1.055385000000000000e+06
1.057413000000000000e+06
1.059692000000000000e+06
1.061369000000000000e+06
1.062676000000000000e+06
1.064787000000000000e+06
1.066787000000000000e+06
1.069062000000000000e+06
1.071231000000000000e+06
1.073785000000000000e+06
1.075964000000000000e+06
1.077653000000000000e+06
1.079078000000000000e+06
1.081008000000000000e+06
1.083050000000000000e+06
1.085179000000000000e+06
1.086806000000000000e+06
1.088579000000000000e+06
1.090617000000000000e+06
1.092774000000000000e+06
1.094793000000000000e+06
1.096424000000000000e+06
1.098643000000000000e+06
1.101276000000000000e+06
1.103502000000000000e+06
1.104839000000000000e+06
1.107440000000000000e+06
1.109276000000000000e+06
1.111294000000000000e+06
1.114094000000000000e+06
1.115966000000000000e+06
1.118191000000000000e+06
1.120048000000000000e+06
1.121697000000000000e+06
1.123697000000000000e+06
1.125527000000000000e+06
1.127649000000000000e+06
1.129857000000000000e+06
1.132025000000000000e+06
1.134246000000000000e+06
1.136575000000000000e+06
1.138575000000000000e+06
1.140179000000000000e+06
1.142211000000000000e+06
1.144400000000000000e+06
1.146504000000000000e+06
1.149487000000000000e+06
1.150880000000000000e+06
1.152553000000000000e+06
1.154842000000000000e+06
1.157049000000000000e+06
1.158816000000000000e+06
1.161372000000000000e+06
1.163597000000000000e+06
1.165455000000000000e+06
1.167374000000000000e+06
1.169287000000000000e+06
1.171079000000000000e+06
1.172421000000000000e+06
1.174398000000000000e+06
1.176611000000000000e+06
1.178837000000000000e+06
1.180980000000000000e+06
1.183662000000000000e+06
1.186161000000000000e+06
1.188115000000000000e+06
1.190523000000000000e+06
1.192315000000000000e+06
1.194305000000000000e+06
1.196189000000000000e+06
1.198416000000000000e+06
1.200359000000000000e+06
1.201904000000000000e+06
1.203569000000000000e+06
1.205548000000000000e+06
1.208138000000000000e+06
1.210359000000000000e+06
1.212570000000000000e+06
1.214834000000000000e+06
1.216992000000000000e+06
1.218989000000000000e+06
1.221379000000000000e+06
1.223723000000000000e+06
1.225666000000000000e+06
1.228000000000000000e+06
1.230462000000000000e+06
1.232748000000000000e+06
1.234889000000000000e+06
1.237017000000000000e+06
1.238945000000000000e+06
1.240845000000000000e+06
1.243704000000000000e+06
1.245593000000000000e+06
1.247499000000000000e+06
1.249429000000000000e+06
1.251832000000000000e+06
1.254235000000000000e+06
1.256653000000000000e+06
1.259253000000000000e+06
1.260995000000000000e+06
1.263606000000000000e+06
1.265298000000000000e+06
1.266802000000000000e+06
1.269255000000000000e+06
1.271486000000000000e+06
1.273438000000000000e+06
1.275289000000000000e+06
1.277032000000000000e+06
1.279250000000000000e+06
1.281100000000000000e+06
1.283874000000000000e+06
1.285877000000000000e+06
1.288036000000000000e+06
1.289569000000000000e+06
1.291160000000000000e+06
1.293629000000000000e+06
1.295629000000000000e+06
1.297629000000000000e+06
1.299671000000000000e+06
1.302399000000000000e+06
1.304375000000000000e+06
1.306885000000000000e+06
1.308805000000000000e+06
1.310698000000000000e+06
1.312679000000000000e+06
1.314778000000000000e+06
1.316852000000000000e+06
1.319012000000000000e+06
1.320965000000000000e+06
1.322693000000000000e+06
1.324234000000000000e+06
1.326028000000000000e+06
1.328421000000000000e+06
1.330929000000000000e+06
1.332785000000000000e+06
1.334219000000000000e+06
1.336391000000000000e+06
1.338193000000000000e+06
1.340269000000000000e+06
1.342522000000000000e+06
1.344738000000000000e+06
1.347054000000000000e+06
1.348455000000000000e+06
1.350465000000000000e+06
1.352710000000000000e+06
1.354710000000000000e+06
1.356214000000000000e+06
1.358418000000000000e+06
1.360509000000000000e+06
1.362208000000000000e+06
1.364699000000000000e+06
1.366699000000000000e+06
1.368899000000000000e+06
1.370897000000000000e+06
1.373123000000000000e+06
1.375306000000000000e+06
1.377667000000000000e+06
1.379654000000000000e+06
1.382034000000000000e+06
1.384346000000000000e+06
1.386218000000000000e+06
1.388361000000000000e+06
1.390345000000000000e+06
1.392034000000000000e+06
1.393845000000000000e+06
1.395893000000000000e+06
1.397991000000000000e+06
1.399831000000000000e+06
1.401978000000000000e+06
1.404674000000000000e+06
1.406387000000000000e+06
1.408236000000000000e+06
1.410353000000000000e+06
1.412614000000000000e+06
1.414688000000000000e+06
1.416617000000000000e+06
1.418902000000000000e+06
1.421196000000000000e+06
1.423525000000000000e+06
1.425634000000000000e+06
1.427634000000000000e+06
1.429507000000000000e+06
1.431838000000000000e+06
1.433497000000000000e+06
1.435695000000000000e+06
1.437747000000000000e+06
1.439279000000000000e+06
1.441303000000000000e+06
1.444138000000000000e+06
1.446328000000000000e+06
1.449099000000000000e+06
1.450897000000000000e+06
1.453255000000000000e+06
1.455713000000000000e+06
1.457292000000000000e+06
1.459537000000000000e+06
1.461583000000000000e+06
1.463519000000000000e+06
1.465566000000000000e+06
1.467184000000000000e+06
1.469184000000000000e+06
1.470609000000000000e+06
1.472144000000000000e+06
1.474144000000000000e+06
1.476490000000000000e+06
1.478997000000000000e+06
1.481015000000000000e+06
1.483184000000000000e+06
1.485108000000000000e+06
1.486766000000000000e+06
1.488356000000000000e+06
1.490077000000000000e+06
1.492190000000000000e+06
1.494141000000000000e+06
1.496361000000000000e+06
1.498274000000000000e+06
1.499892000000000000e+06
1.501914000000000000e+06
1.503793000000000000e+06
1.505656000000000000e+06
1.507263000000000000e+06
1.509430000000000000e+06
1.510741000000000000e+06
1.513006000000000000e+06
1.515270000000000000e+06
1.516928000000000000e+06
1.519301000000000000e+06
1.521162000000000000e+06
1.523815000000000000e+06
1.526068000000000000e+06
1.528559000000000000e+06
1.530606000000000000e+06
1.533143000000000000e+06
1.535072000000000000e+06
1.536672000000000000e+06
1.539086000000000000e+06
1.541021000000000000e+06
1.543033000000000000e+06
1.545720000000000000e+06
1.548175000000000000e+06
1.550782000000000000e+06
1.552782000000000000e+06
1.554872000000000000e+06
1.556630000000000000e+06
1.559139000000000000e+06
1.561005000000000000e+06
1.562705000000000000e+06
1.564019000000000000e+06
1.565577000000000000e+06
1.567837000000000000e+06
1.569590000000000000e+06
1.571370000000000000e+06
1.573581000000000000e+06
1.575833000000000000e+06
1.577265000000000000e+06
1.580034000000000000e+06
1.582082000000000000e+06
1.584189000000000000e+06
1.586336000000000000e+06
1.588792000000000000e+06
1.591368000000000000e+06
1.593403000000000000e+06
1.594756000000000000e+06
1.596731000000000000e+06
1.599457000000000000e+06
1.601782000000000000e+06
1.603827000000000000e+06
1.605505000000000000e+06
1.607505000000000000e+06
1.609448000000000000e+06
1.611981000000000000e+06
1.614052000000000000e+06
1.616161000000000000e+06
1.618841000000000000e+06
1.620856000000000000e+06
1.623144000000000000e+06
1.625918000000000000e+06
1.627917000000000000e+06
1.630168000000000000e+06
1.632130000000000000e+06
1.634282000000000000e+06
1.636237000000000000e+06
1.638204000000000000e+06
1.639924000000000000e+06
1.641971000000000000e+06
1.643365000000000000e+06
1.645367000000000000e+06
1.647424000000000000e+06
1.649334000000000000e+06
1.651642000000000000e+06
1.653239000000000000e+06
1.655286000000000000e+06
1.657149000000000000e+06
1.659848000000000000e+06
1.661993000000000000e+06
1.663591000000000000e+06
1.664910000000000000e+06
1.666898000000000000e+06
1.669120000000000000e+06
1.670484000000000000e+06
1.672886000000000000e+06
1.675194000000000000e+06
1.677101000000000000e+06
1.678987000000000000e+06
1.681035000000000000e+06
1.682997000000000000e+06
1.685741000000000000e+06
1.688270000000000000e+06
1.690177000000000000e+06
1.692283000000000000e+06
1.693878000000000000e+06
1.695585000000000000e+06
1.697081000000000000e+06
1.698600000000000000e+06
1.700966000000000000e+06
1.703352000000000000e+06
1.705013000000000000e+06
1.707304000000000000e+06
1.709559000000000000e+06
1.712330000000000000e+06
1.714666000000000000e+06
1.717051000000000000e+06
1.718726000000000000e+06
1.721034000000000000e+06
1.722690000000000000e+06
1.724037000000000000e+06
1.726511000000000000e+06
1.728187000000000000e+06
1.730926000000000000e+06
1.732099000000000000e+06
1.734159000000000000e+06
1.735945000000000000e+06
1.737992000000000000e+06
1.740024000000000000e+06
1.741469000000000000e+06
1.743807000000000000e+06
1.745732000000000000e+06
1.747277000000000000e+06
1.749010000000000000e+06
1.751265000000000000e+06
1.753092000000000000e+06
1.754772000000000000e+06
1.756841000000000000e+06
1.758620000000000000e+06
1.760658000000000000e+06
1.762658000000000000e+06
1.764580000000000000e+06
1.766546000000000000e+06
1.769301000000000000e+06
1.771141000000000000e+06
1.773486000000000000e+06
1.775258000000000000e+06
1.777558000000000000e+06
1.780109000000000000e+06
1.782480000000000000e+06
1.784599000000000000e+06
1.786718000000000000e+06
1.789417000000000000e+06
1.791280000000000000e+06
1.793280000000000000e+06
1.795539000000000000e+06
1.797635000000000000e+06
1.799599000000000000e+06
1.802025000000000000e+06
1.803893000000000000e+06
1.805714000000000000e+06
1.807856000000000000e+06
1.810417000000000000e+06
1.812844000000000000e+06
1.814853000000000000e+06
1.816874000000000000e+06
1.819283000000000000e+06
1.821503000000000000e+06
1.823402000000000000e+06
1.825621000000000000e+06
1.827726000000000000e+06
1.829962000000000000e+06
1.831731000000000000e+06
1.833776000000000000e+06
1.835767000000000000e+06
1.837916000000000000e+06
1.839819000000000000e+06
1.842238000000000000e+06
1.844408000000000000e+06
1.846729000000000000e+06
1.849186000000000000e+06
1.851284000000000000e+06
1.853459000000000000e+06
1.855692000000000000e+06
1.857590000000000000e+06
1.859825000000000000e+06
1.861835000000000000e+06
1.863749000000000000e+06
1.866064000000000000e+06
1.868356000000000000e+06
1.870389000000000000e+06
1.872969000000000000e+06
1.875252000000000000e+06
1.877942000000000000e+06
1.879958000000000000e+06
1.881155000000000000e+06
1.883155000000000000e+06
1.885149000000000000e+06
1.887451000000000000e+06
1.890021000000000000e+06
1.892071000000000000e+06
1.894294000000000000e+06
1.896740000000000000e+06
1.898974000000000000e+06
1.901613000000000000e+06
1.903659000000000000e+06
1.906100000000000000e+06
1.908585000000000000e+06
1.911137000000000000e+06
1.912848000000000000e+06
1.914730000000000000e+06
1.916528000000000000e+06
1.918569000000000000e+06
1.921451000000000000e+06
1.923115000000000000e+06
1.924755000000000000e+06
1.926608000000000000e+06
1.928852000000000000e+06
1.931171000000000000e+06
1.933557000000000000e+06
1.935278000000000000e+06
1.937735000000000000e+06
1.938959000000000000e+06
1.940695000000000000e+06
1.943202000000000000e+06
1.945889000000000000e+06
1.947813000000000000e+06
1.949648000000000000e+06
1.951761000000000000e+06
1.953598000000000000e+06
1.956147000000000000e+06
1.958045000000000000e+06
1.959782000000000000e+06
1.961782000000000000e+06
1.963720000000000000e+06
1.966336000000000000e+06
1.968882000000000000e+06
1.970583000000000000e+06
1.972730000000000000e+06
1.975224000000000000e+06
1.977585000000000000e+06
1.978982000000000000e+06
1.981109000000000000e+06
1.983452000000000000e+06
1.985247000000000000e+06
1.987087000000000000e+06
1.988750000000000000e+06
1.991033000000000000e+06
1.993028000000000000e+06
1.995306000000000000e+06
1.997498000000000000e+06
1.999456000000000000e+06
2.001567000000000000e+06
