2.030000000000000000e+03
4.080000000000000000e+03
6.098000000000000000e+03
8.172000000000000000e+03
1.021400000000000000e+04
1.221800000000000000e+04
1.428200000000000000e+04
1.638600000000000000e+04
1.852300000000000000e+04
2.051300000000000000e+04
2.262400000000000000e+04
2.454600000000000000e+04
2.661600000000000000e+04
2.862600000000000000e+04
3.068000000000000000e+04
3.263800000000000000e+04
3.440300000000000000e+04
3.685900000000000000e+04
3.886600000000000000e+04
4.088100000000000000e+04
4.298100000000000000e+04
4.491200000000000000e+04
4.709200000000000000e+04
4.918600000000000000e+04
5.130300000000000000e+04
5.325200000000000000e+04
5.544100000000000000e+04
5.753400000000000000e+04
5.946300000000000000e+04
6.166700000000000000e+04
6.359300000000000000e+04
6.562000000000000000e+04
6.762200000000000000e+04
6.973800000000000000e+04
7.189000000000000000e+04
7.388400000000000000e+04
7.570100000000000000e+04
7.762400000000000000e+04
7.951700000000000000e+04
8.164300000000000000e+04
8.355100000000000000e+04
8.552100000000000000e+04
8.751800000000000000e+04
8.959500000000000000e+04
9.161200000000000000e+04
9.363200000000000000e+04
9.560400000000000000e+04
9.763900000000000000e+04
9.987900000000000000e+04
1.019410000000000000e+05
1.040720000000000000e+05
1.060500000000000000e+05
1.079670000000000000e+05
1.101510000000000000e+05
1.121260000000000000e+05
1.141710000000000000e+05
1.162010000000000000e+05
1.184030000000000000e+05
1.203760000000000000e+05
1.225180000000000000e+05
1.244440000000000000e+05
1.263890000000000000e+05
1.284070000000000000e+05
1.303050000000000000e+05
1.324100000000000000e+05
1.343470000000000000e+05
1.363760000000000000e+05
1.384220000000000000e+05
1.404740000000000000e+05
1.424340000000000000e+05
1.444490000000000000e+05
1.464060000000000000e+05
1.483830000000000000e+05
1.504770000000000000e+05
1.524340000000000000e+05
1.546170000000000000e+05
1.566350000000000000e+05
1.588340000000000000e+05
1.606900000000000000e+05
1.627960000000000000e+05
1.648310000000000000e+05
1.667320000000000000e+05
1.687140000000000000e+05
1.706990000000000000e+05
1.726710000000000000e+05
1.747940000000000000e+05
1.769030000000000000e+05
1.789990000000000000e+05
1.809380000000000000e+05
1.830780000000000000e+05
1.850560000000000000e+05
1.872170000000000000e+05
1.893240000000000000e+05
1.913210000000000000e+05
1.932830000000000000e+05
1.953260000000000000e+05
1.973300000000000000e+05
1.993950000000000000e+05
2.016550000000000000e+05
2.037010000000000000e+05
2.056840000000000000e+05
2.078120000000000000e+05
2.100470000000000000e+05
2.120220000000000000e+05
2.137890000000000000e+05
2.160020000000000000e+05
2.180430000000000000e+05
2.202400000000000000e+05
2.223330000000000000e+05
2.243900000000000000e+05
2.263710000000000000e+05
2.285580000000000000e+05
2.306540000000000000e+05
2.327880000000000000e+05
2.347490000000000000e+05
2.366890000000000000e+05
2.385470000000000000e+05
2.405430000000000000e+05
2.426090000000000000e+05
2.445750000000000000e+05
2.467800000000000000e+05
2.488480000000000000e+05
2.508390000000000000e+05
2.527040000000000000e+05
2.546560000000000000e+05
2.566940000000000000e+05
2.586370000000000000e+05
2.606110000000000000e+05
2.627050000000000000e+05
2.647370000000000000e+05
2.669830000000000000e+05
2.690040000000000000e+05
2.710460000000000000e+05
2.731750000000000000e+05
2.750960000000000000e+05
2.770580000000000000e+05
2.789520000000000000e+05
2.810000000000000000e+05
2.830560000000000000e+05
2.851360000000000000e+05
2.871890000000000000e+05
2.892620000000000000e+05
2.913150000000000000e+05
2.932250000000000000e+05
2.954630000000000000e+05
2.974680000000000000e+05
2.995890000000000000e+05
3.017030000000000000e+05
3.035390000000000000e+05
3.055880000000000000e+05
3.077090000000000000e+05
3.099930000000000000e+05
3.121670000000000000e+05
3.141570000000000000e+05
3.162740000000000000e+05
3.184050000000000000e+05
3.204020000000000000e+05
3.223210000000000000e+05
3.240740000000000000e+05
3.257000000000000000e+05
3.279250000000000000e+05
3.299730000000000000e+05
3.322660000000000000e+05
3.344720000000000000e+05
3.365790000000000000e+05
3.386470000000000000e+05
3.407610000000000000e+05
3.427440000000000000e+05
3.448770000000000000e+05
3.470150000000000000e+05
3.491030000000000000e+05
3.512250000000000000e+05
3.532790000000000000e+05
3.553620000000000000e+05
3.573800000000000000e+05
3.593800000000000000e+05
3.614440000000000000e+05
3.632750000000000000e+05
3.653780000000000000e+05
3.673170000000000000e+05
3.695410000000000000e+05
3.711570000000000000e+05
3.729740000000000000e+05
3.748750000000000000e+05
3.773260000000000000e+05
3.796070000000000000e+05
3.818410000000000000e+05
3.843880000000000000e+05
3.868380000000000000e+05
3.887070000000000000e+05
3.909880000000000000e+05
3.929530000000000000e+05
3.952700000000000000e+05
3.977710000000000000e+05
4.003880000000000000e+05
4.024130000000000000e+05
4.040980000000000000e+05
4.056110000000000000e+05
4.076220000000000000e+05
4.092760000000000000e+05
4.112780000000000000e+05
4.132200000000000000e+05
4.151300000000000000e+05
4.170450000000000000e+05
4.190390000000000000e+05
4.211640000000000000e+05
4.231460000000000000e+05
4.251910000000000000e+05
4.268470000000000000e+05
4.290420000000000000e+05
4.311520000000000000e+05
4.330400000000000000e+05
4.346790000000000000e+05
4.367800000000000000e+05
4.387170000000000000e+05
4.405010000000000000e+05
4.426000000000000000e+05
4.446270000000000000e+05
4.469130000000000000e+05
4.488120000000000000e+05
4.509690000000000000e+05
4.528030000000000000e+05
4.550330000000000000e+05
4.576300000000000000e+05
4.594230000000000000e+05
4.615670000000000000e+05
4.633400000000000000e+05
4.652520000000000000e+05
4.677780000000000000e+05
4.699110000000000000e+05
4.719280000000000000e+05
4.743080000000000000e+05
4.760890000000000000e+05
4.782140000000000000e+05
4.802210000000000000e+05
4.821190000000000000e+05
4.842530000000000000e+05
4.867960000000000000e+05
4.890410000000000000e+05
4.911910000000000000e+05
4.937670000000000000e+05
4.960320000000000000e+05
4.984200000000000000e+05
5.005710000000000000e+05
5.027310000000000000e+05
5.042570000000000000e+05
5.065120000000000000e+05
5.084380000000000000e+05
5.104980000000000000e+05
5.129740000000000000e+05
5.155480000000000000e+05
5.176670000000000000e+05
5.193400000000000000e+05
5.213130000000000000e+05
5.233590000000000000e+05
5.257830000000000000e+05
5.277870000000000000e+05
5.298350000000000000e+05
5.320260000000000000e+05
5.338690000000000000e+05
5.358700000000000000e+05
5.377300000000000000e+05
5.398220000000000000e+05
5.419770000000000000e+05
5.441650000000000000e+05
5.461870000000000000e+05
5.479700000000000000e+05
5.500040000000000000e+05
5.520050000000000000e+05
5.536240000000000000e+05
5.557330000000000000e+05
5.579060000000000000e+05
5.597150000000000000e+05
5.617720000000000000e+05
5.637280000000000000e+05
5.655980000000000000e+05
5.676910000000000000e+05
5.697270000000000000e+05
5.710370000000000000e+05
5.733040000000000000e+05
5.756890000000000000e+05
5.779170000000000000e+05
5.798980000000000000e+05
5.819110000000000000e+05
5.840600000000000000e+05
5.858980000000000000e+05
5.875450000000000000e+05
5.897110000000000000e+05
5.916370000000000000e+05
5.936980000000000000e+05
5.959180000000000000e+05
5.981540000000000000e+05
6.001460000000000000e+05
6.015660000000000000e+05
6.034570000000000000e+05
6.047680000000000000e+05
6.069910000000000000e+05
6.087720000000000000e+05
6.105690000000000000e+05
6.125620000000000000e+05
6.146840000000000000e+05
6.164100000000000000e+05
6.185100000000000000e+05
6.205930000000000000e+05
6.226330000000000000e+05
6.247620000000000000e+05
6.270750000000000000e+05
6.285420000000000000e+05
6.301170000000000000e+05
6.326250000000000000e+05
6.340080000000000000e+05
6.358580000000000000e+05
6.380260000000000000e+05
6.401490000000000000e+05
6.421920000000000000e+05
6.446520000000000000e+05
6.468410000000000000e+05
6.492280000000000000e+05
6.514280000000000000e+05
6.531930000000000000e+05
6.554290000000000000e+05
6.575020000000000000e+05
6.598150000000000000e+05
6.615920000000000000e+05
6.635640000000000000e+05
6.653770000000000000e+05
6.676330000000000000e+05
6.698200000000000000e+05
6.719290000000000000e+05
6.741870000000000000e+05
6.764540000000000000e+05
6.788200000000000000e+05
6.806690000000000000e+05
6.828310000000000000e+05
6.849830000000000000e+05
6.867500000000000000e+05
6.887500000000000000e+05
6.911000000000000000e+05
6.931160000000000000e+05
6.951510000000000000e+05
6.976000000000000000e+05
6.999790000000000000e+05
7.019570000000000000e+05
7.045210000000000000e+05
7.067170000000000000e+05
7.086940000000000000e+05
7.104220000000000000e+05
7.127530000000000000e+05
7.148950000000000000e+05
7.168840000000000000e+05
7.189310000000000000e+05
7.207420000000000000e+05
7.226610000000000000e+05
7.247430000000000000e+05
7.263170000000000000e+05
7.291360000000000000e+05
7.315280000000000000e+05
7.334320000000000000e+05
7.354000000000000000e+05
7.373920000000000000e+05
7.393910000000000000e+05
7.414160000000000000e+05
7.436000000000000000e+05
7.454910000000000000e+05
7.476900000000000000e+05
7.497630000000000000e+05
7.517600000000000000e+05
7.534900000000000000e+05
7.561390000000000000e+05
7.586570000000000000e+05
7.602260000000000000e+05
7.624250000000000000e+05
7.647590000000000000e+05
7.667210000000000000e+05
7.686100000000000000e+05
7.706110000000000000e+05
7.728920000000000000e+05
7.751530000000000000e+05
7.775220000000000000e+05
7.795220000000000000e+05
7.811680000000000000e+05
7.830250000000000000e+05
7.842870000000000000e+05
7.865370000000000000e+05
7.882110000000000000e+05
7.899390000000000000e+05
7.917290000000000000e+05
7.935370000000000000e+05
7.955730000000000000e+05
7.979800000000000000e+05
7.999260000000000000e+05
8.018010000000000000e+05
8.038840000000000000e+05
8.061310000000000000e+05
8.081370000000000000e+05
8.100050000000000000e+05
8.115560000000000000e+05
8.133100000000000000e+05
8.158950000000000000e+05
8.175330000000000000e+05
8.193680000000000000e+05
8.215340000000000000e+05
8.243420000000000000e+05
8.267510000000000000e+05
8.286020000000000000e+05
8.307140000000000000e+05
8.326960000000000000e+05
8.349790000000000000e+05
8.368350000000000000e+05
8.390340000000000000e+05
8.418430000000000000e+05
8.433790000000000000e+05
8.451210000000000000e+05
8.473980000000000000e+05
8.493980000000000000e+05
8.517500000000000000e+05
8.536240000000000000e+05
8.559830000000000000e+05
8.577870000000000000e+05
8.599560000000000000e+05
8.621320000000000000e+05
8.643110000000000000e+05
8.668370000000000000e+05
8.689750000000000000e+05
8.709640000000000000e+05
8.726050000000000000e+05
8.748240000000000000e+05
8.765260000000000000e+05
8.785110000000000000e+05
8.806460000000000000e+05
8.823480000000000000e+05
8.843790000000000000e+05
8.867580000000000000e+05
8.892720000000000000e+05
8.907980000000000000e+05
8.928490000000000000e+05
8.943680000000000000e+05
8.968370000000000000e+05
8.996800000000000000e+05
9.015880000000000000e+05
9.042330000000000000e+05
9.060740000000000000e+05
9.079310000000000000e+05
9.099850000000000000e+05
9.118050000000000000e+05
9.141860000000000000e+05
9.158290000000000000e+05
9.178090000000000000e+05
9.193510000000000000e+05
9.210510000000000000e+05
9.232310000000000000e+05
9.254170000000000000e+05
9.274530000000000000e+05
9.295570000000000000e+05
9.311620000000000000e+05
9.334920000000000000e+05
9.357220000000000000e+05
9.382960000000000000e+05
9.405590000000000000e+05
9.427830000000000000e+05
9.448320000000000000e+05
9.469370000000000000e+05
9.494030000000000000e+05
9.514290000000000000e+05
9.538040000000000000e+05
9.555230000000000000e+05
9.576750000000000000e+05
9.596240000000000000e+05
9.623030000000000000e+05
9.638610000000000000e+05
9.661630000000000000e+05
9.683770000000000000e+05
9.699950000000000000e+05
9.715070000000000000e+05
9.733680000000000000e+05
9.753680000000000000e+05
9.771760000000000000e+05
9.790060000000000000e+05
9.808430000000000000e+05
9.825880000000000000e+05
9.845590000000000000e+05
9.867330000000000000e+05
9.886610000000000000e+05
9.906730000000000000e+05
9.927200000000000000e+05
9.951500000000000000e+05
9.972090000000000000e+05
9.994730000000000000e+05
1.002038000000000000e+06
1.004206000000000000e+06
1.006119000000000000e+06
1.008527000000000000e+06
1.010576000000000000e+06
1.012266000000000000e+06
1.014215000000000000e+06
1.015526000000000000e+06
1.017556000000000000e+06
1.019974000000000000e+06
1.021910000000000000e+06
1.023770000000000000e+06
1.025928000000000000e+06
1.028064000000000000e+06
1.029999000000000000e+06
1.032180000000000000e+06
1.034299000000000000e+06
1.036412000000000000e+06
1.038371000000000000e+06
1.040030000000000000e+06
1.041800000000000000e+06
1.043575000000000000e+06
1.046007000000000000e+06
1.048502000000000000e+06
1.050641000000000000e+06
1.052833000000000000e+06
1.055190000000000000e+06
1.057144000000000000e+06
1.059138000000000000e+06
1.061496000000000000e+06
1.063666000000000000e+06
1.065099000000000000e+06
1.067232000000000000e+06
1.069476000000000000e+06
1.071590000000000000e+06
1.073427000000000000e+06
1.075473000000000000e+06
1.077544000000000000e+06
1.080011000000000000e+06
1.082191000000000000e+06
1.084160000000000000e+06
1.086272000000000000e+06
1.088266000000000000e+06
1.090550000000000000e+06
1.092992000000000000e+06
1.095032000000000000e+06
1.096501000000000000e+06
1.097921000000000000e+06
1.100305000000000000e+06
1.102779000000000000e+06
1.104759000000000000e+06
1.106469000000000000e+06
1.108026000000000000e+06
1.110100000000000000e+06
1.111624000000000000e+06
1.113877000000000000e+06
1.116155000000000000e+06
1.118077000000000000e+06
1.120370000000000000e+06
1.121937000000000000e+06
1.124146000000000000e+06
1.127007000000000000e+06
1.129216000000000000e+06
1.131809000000000000e+06
1.133319000000000000e+06
1.135269000000000000e+06
1.137644000000000000e+06
1.139010000000000000e+06
1.141524000000000000e+06
1.143660000000000000e+06
1.146023000000000000e+06
1.148232000000000000e+06
1.150292000000000000e+06
1.152259000000000000e+06
1.154129000000000000e+06
1.156105000000000000e+06
1.158297000000000000e+06
1.160636000000000000e+06
1.162259000000000000e+06
1.164250000000000000e+06
1.165459000000000000e+06
1.167831000000000000e+06
1.170608000000000000e+06
1.171949000000000000e+06
1.173954000000000000e+06
1.175714000000000000e+06
1.177525000000000000e+06
1.179779000000000000e+06
1.181518000000000000e+06
1.183848000000000000e+06
1.185588000000000000e+06
1.187936000000000000e+06
1.189820000000000000e+06
1.192150000000000000e+06
1.194213000000000000e+06
1.196120000000000000e+06
1.198639000000000000e+06
1.200904000000000000e+06
1.202711000000000000e+06
1.204626000000000000e+06
1.206352000000000000e+06
1.208329000000000000e+06
1.210417000000000000e+06
1.213014000000000000e+06
1.215521000000000000e+06
1.217574000000000000e+06
1.219657000000000000e+06
1.222034000000000000e+06
1.224083000000000000e+06
1.226239000000000000e+06
1.228300000000000000e+06
1.230247000000000000e+06
1.232514000000000000e+06
1.234690000000000000e+06
1.236818000000000000e+06
1.239015000000000000e+06
1.240711000000000000e+06
1.242951000000000000e+06
1.245250000000000000e+06
1.246706000000000000e+06
1.248312000000000000e+06
1.249923000000000000e+06
1.251904000000000000e+06
1.254277000000000000e+06
1.256845000000000000e+06
1.258664000000000000e+06
1.260944000000000000e+06
1.263049000000000000e+06
1.264973000000000000e+06
1.267117000000000000e+06
1.269706000000000000e+06
1.271904000000000000e+06
1.273750000000000000e+06
1.275573000000000000e+06
1.276729000000000000e+06
1.278652000000000000e+06
1.280733000000000000e+06
1.282677000000000000e+06
1.284971000000000000e+06
1.286924000000000000e+06
1.288822000000000000e+06
1.290893000000000000e+06
1.292693000000000000e+06
1.294619000000000000e+06
1.296690000000000000e+06
1.298751000000000000e+06
1.301294000000000000e+06
1.303042000000000000e+06
1.305355000000000000e+06
1.307282000000000000e+06
1.308717000000000000e+06
1.310685000000000000e+06
1.312411000000000000e+06
1.315090000000000000e+06
1.317355000000000000e+06
1.318704000000000000e+06
1.320557000000000000e+06
1.322030000000000000e+06
1.324241000000000000e+06
1.326295000000000000e+06
1.328275000000000000e+06
1.330305000000000000e+06
1.332993000000000000e+06
1.335172000000000000e+06
1.337175000000000000e+06
1.339076000000000000e+06
1.341063000000000000e+06
1.342778000000000000e+06
1.344778000000000000e+06
1.346568000000000000e+06
1.349098000000000000e+06
1.351247000000000000e+06
1.353038000000000000e+06
1.354798000000000000e+06
1.357103000000000000e+06
1.359641000000000000e+06
1.361994000000000000e+06
1.364347000000000000e+06
1.366266000000000000e+06
1.368125000000000000e+06
1.370379000000000000e+06
1.373297000000000000e+06
1.374839000000000000e+06
1.376781000000000000e+06
1.378812000000000000e+06
1.381015000000000000e+06
1.383201000000000000e+06
1.385424000000000000e+06
1.388075000000000000e+06
1.390855000000000000e+06
1.393463000000000000e+06
1.395261000000000000e+06
1.397451000000000000e+06
1.399057000000000000e+06
1.401425000000000000e+06
1.403489000000000000e+06
1.405575000000000000e+06
1.407088000000000000e+06
1.409484000000000000e+06
1.411759000000000000e+06
1.413930000000000000e+06
1.415930000000000000e+06
1.418530000000000000e+06
1.420646000000000000e+06
1.422587000000000000e+06
1.425107000000000000e+06
1.427371000000000000e+06
1.429471000000000000e+06
1.431868000000000000e+06
1.433254000000000000e+06
1.435238000000000000e+06
1.437377000000000000e+06
1.439339000000000000e+06
1.441882000000000000e+06
1.444628000000000000e+06
1.446544000000000000e+06
1.448500000000000000e+06
1.449611000000000000e+06
1.451930000000000000e+06
1.454835000000000000e+06
1.456919000000000000e+06
1.458298000000000000e+06
1.460781000000000000e+06
1.462728000000000000e+06
1.465114000000000000e+06
1.467722000000000000e+06
1.469710000000000000e+06
1.471634000000000000e+06
1.473927000000000000e+06
1.475927000000000000e+06
1.477323000000000000e+06
1.479853000000000000e+06
1.481582000000000000e+06
1.483552000000000000e+06
1.485085000000000000e+06
1.487169000000000000e+06
1.489027000000000000e+06
1.491465000000000000e+06
1.494136000000000000e+06
1.496856000000000000e+06
1.498780000000000000e+06
1.500393000000000000e+06
1.502731000000000000e+06
1.504873000000000000e+06
1.506402000000000000e+06
1.508967000000000000e+06
1.511256000000000000e+06
1.513304000000000000e+06
1.515304000000000000e+06
1.517571000000000000e+06
1.520315000000000000e+06
1.522460000000000000e+06
1.523881000000000000e+06
1.526672000000000000e+06
1.528587000000000000e+06
1.530787000000000000e+06
1.532105000000000000e+06
1.534556000000000000e+06
1.536832000000000000e+06
1.538405000000000000e+06
1.540163000000000000e+06
1.542085000000000000e+06
1.543689000000000000e+06
1.546082000000000000e+06
1.547858000000000000e+06
1.549803000000000000e+06
1.551764000000000000e+06
1.553505000000000000e+06
1.556004000000000000e+06
1.558122000000000000e+06
1.560231000000000000e+06
1.561774000000000000e+06
1.563848000000000000e+06
1.565909000000000000e+06
1.568602000000000000e+06
1.570271000000000000e+06
1.571822000000000000e+06
1.573822000000000000e+06
1.576327000000000000e+06
1.577725000000000000e+06
1.579699000000000000e+06
1.582198000000000000e+06
1.584320000000000000e+06
1.586390000000000000e+06
1.588119000000000000e+06
1.589664000000000000e+06
1.591720000000000000e+06
1.594088000000000000e+06
1.596045000000000000e+06
1.598031000000000000e+06
1.600133000000000000e+06
1.601943000000000000e+06
1.603972000000000000e+06
1.606119000000000000e+06
1.607863000000000000e+06
1.609859000000000000e+06
1.611422000000000000e+06
1.613269000000000000e+06
1.615015000000000000e+06
1.616726000000000000e+06
1.618735000000000000e+06
1.621156000000000000e+06
1.623117000000000000e+06
1.625246000000000000e+06
1.628033000000000000e+06
1.630058000000000000e+06
1.631640000000000000e+06
1.633863000000000000e+06
1.636206000000000000e+06
1.638207000000000000e+06
1.640282000000000000e+06
1.641930000000000000e+06
1.644511000000000000e+06
1.647100000000000000e+06
1.648660000000000000e+06
1.650660000000000000e+06
1.653040000000000000e+06
1.654640000000000000e+06
1.656772000000000000e+06
1.658108000000000000e+06
1.660176000000000000e+06
1.661836000000000000e+06
1.663800000000000000e+06
1.665362000000000000e+06
1.667854000000000000e+06
1.669222000000000000e+06
1.670962000000000000e+06
1.673167000000000000e+06
1.675167000000000000e+06
1.677466000000000000e+06
1.679400000000000000e+06
1.681010000000000000e+06
1.682778000000000000e+06
1.684592000000000000e+06
1.687222000000000000e+06
1.688607000000000000e+06
1.691101000000000000e+06
1.693427000000000000e+06
1.695523000000000000e+06
1.696733000000000000e+06
1.698715000000000000e+06
1.700628000000000000e+06
1.702399000000000000e+06
1.704118000000000000e+06
1.706252000000000000e+06
1.708259000000000000e+06
1.709993000000000000e+06
1.712795000000000000e+06
1.715079000000000000e+06
1.717414000000000000e+06
1.719016000000000000e+06
1.721648000000000000e+06
1.722842000000000000e+06
1.725568000000000000e+06
1.727230000000000000e+06
1.728689000000000000e+06
1.731070000000000000e+06
1.733648000000000000e+06
1.735818000000000000e+06
1.737711000000000000e+06
1.740118000000000000e+06
1.742502000000000000e+06
1.744257000000000000e+06
1.746044000000000000e+06
1.748014000000000000e+06
1.750193000000000000e+06
1.752128000000000000e+06
1.754228000000000000e+06
1.756079000000000000e+06
1.758076000000000000e+06
1.760912000000000000e+06
1.762868000000000000e+06
1.764632000000000000e+06
1.766520000000000000e+06
1.768377000000000000e+06
1.769929000000000000e+06
1.771237000000000000e+06
1.773513000000000000e+06
1.775543000000000000e+06
1.777814000000000000e+06
1.780011000000000000e+06
1.782304000000000000e+06
1.784756000000000000e+06
1.786748000000000000e+06
1.788677000000000000e+06
1.791567000000000000e+06
1.793733000000000000e+06
1.795849000000000000e+06
1.797849000000000000e+06
1.799739000000000000e+06
1.801793000000000000e+06
1.803560000000000000e+06
1.805940000000000000e+06
1.807889000000000000e+06
1.809542000000000000e+06
1.811352000000000000e+06
1.813254000000000000e+06
1.815135000000000000e+06
1.817161000000000000e+06
1.819161000000000000e+06
1.821189000000000000e+06
1.822824000000000000e+06
1.825353000000000000e+06
1.826753000000000000e+06
1.828496000000000000e+06
1.830887000000000000e+06
1.833171000000000000e+06
1.835423000000000000e+06
1.838288000000000000e+06
1.839829000000000000e+06
1.842172000000000000e+06
1.844540000000000000e+06
1.846815000000000000e+06
1.849182000000000000e+06
1.851309000000000000e+06
1.854196000000000000e+06
1.856396000000000000e+06
1.858164000000000000e+06
1.860392000000000000e+06
1.862110000000000000e+06
1.864839000000000000e+06
1.867113000000000000e+06
1.868770000000000000e+06
1.870522000000000000e+06
1.872278000000000000e+06
1.874028000000000000e+06
1.875631000000000000e+06
1.878034000000000000e+06
1.879892000000000000e+06
1.882307000000000000e+06
1.884508000000000000e+06
1.886717000000000000e+06
1.888763000000000000e+06
1.891102000000000000e+06
1.893461000000000000e+06
1.895895000000000000e+06
1.897936000000000000e+06
1.900007000000000000e+06
1.901984000000000000e+06
1.904372000000000000e+06
1.905832000000000000e+06
1.907676000000000000e+06
1.909397000000000000e+06
1.912338000000000000e+06
1.914843000000000000e+06
1.916835000000000000e+06
1.918835000000000000e+06
1.920982000000000000e+06
1.923108000000000000e+06
1.925168000000000000e+06
1.927236000000000000e+06
1.928814000000000000e+06
1.930933000000000000e+06
1.932878000000000000e+06
1.934299000000000000e+06
1.935894000000000000e+06
1.937966000000000000e+06
1.939602000000000000e+06
1.941869000000000000e+06
1.943231000000000000e+06
1.945229000000000000e+06
1.946890000000000000e+06
1.948904000000000000e+06
1.951364000000000000e+06
1.953846000000000000e+06
1.955846000000000000e+06
1.958316000000000000e+06
1.960268000000000000e+06
1.962041000000000000e+06
1.964363000000000000e+06
1.966574000000000000e+06
1.969109000000000000e+06
1.970560000000000000e+06
1.972649000000000000e+06
1.974810000000000000e+06
1.977242000000000000e+06
1.979367000000000000e+06
1.982103000000000000e+06
1.984397000000000000e+06
1.986660000000000000e+06
1.988393000000000000e+06
1.990679000000000000e+06
1.991827000000000000e+06
1.993903000000000000e+06
1.995487000000000000e+06
1.997626000000000000e+06
1.999580000000000000e+06
2.001712000000000000e+06
