-3.686550455090935319e-02
2.914248662684393310e-02
6.598254858080973007e-01
8.529832819550103862e-01
1.704684312781291400e+00
2.775706327052795963e+00
4.125433347673634010e+00
5.411646497167720504e+00
7.425153500509360072e+00
9.105034701343679870e+00
1.082865689972331680e+01
1.260760700529752931e+01
1.501959376321286754e+01
1.721668923292007491e+01
1.925302196156092549e+01
2.110769316655633787e+01
2.326905827158706330e+01
2.479303007236466883e+01
2.606037406805271672e+01
2.713919697507222750e+01
2.770689709547083979e+01
2.669885527259121005e+01
2.718124857461161881e+01
2.812861513397105284e+01
2.858360387036288586e+01
2.902680252042540943e+01
2.921992832308694688e+01
2.995435475366971190e+01
3.075982519749497612e+01
3.143949360868026233e+01
3.229459964519111281e+01
3.255168929808788647e+01
3.313575155053112553e+01
3.302691582712206753e+01
3.298898002117446282e+01
3.271642464264104433e+01
3.277350386220312117e+01
3.315885804017467109e+01
3.323327818081094165e+01
3.345296034562596788e+01
3.332154281677110674e+01
3.305844754260387930e+01
3.335508725278898368e+01
3.410938066389326906e+01
3.475982050084562047e+01
3.504813426251137543e+01
3.542527690872929469e+01
3.524233230454993304e+01
3.567998523395742438e+01
3.637695785980773167e+01
3.692495946939330054e+01
3.735466605933316941e+01
3.748324613064340127e+01
3.780529198545745828e+01
3.807797965603820245e+01
3.820027174495070454e+01
3.772372371709493422e+01
3.850789172520182291e+01
3.876037334797533873e+01
3.882381671070005069e+01
3.851523781382442735e+01
3.836557744878794551e+01
3.882150092820180731e+01
3.853732167923922702e+01
3.870794337142559272e+01
3.919197769610902071e+01
3.997010246316549598e+01
3.976852559976006773e+01
3.964822313485154126e+01
3.960714027632912604e+01
4.011101589785646127e+01
3.975936346444408542e+01
3.989195788217052296e+01
3.955573345461218082e+01
3.953639195766337622e+01
3.923642835754721148e+01
3.954251946812099305e+01
4.040587381032321446e+01
4.087250261765892390e+01
4.167077136843506935e+01
4.198674232491930525e+01
4.225429068263094479e+01
4.305417524047711453e+01
4.253605330069911616e+01
4.352371198728643975e+01
4.410654313433163054e+01
4.533876103157129478e+01
4.543162259225228183e+01
4.595266462374703309e+01
4.609336373013773169e+01
4.840349164450656616e+01
4.859202721628087573e+01
4.979087913072820015e+01
5.063224893777075408e+01
5.154902369340710777e+01
5.259008478576564727e+01
5.329172785268117707e+01
5.320647640689490032e+01
5.302338447983809289e+01
5.359605231884270182e+01
5.454143728914284139e+01
5.627685496418386890e+01
5.510597317928876748e+01
5.593177377249295290e+01
5.745419604227698329e+01
5.993632920931435137e+01
6.120745498430343901e+01
6.441935071817619018e+01
6.835458230841419436e+01
7.058392697096172697e+01
7.265001464685502697e+01
7.669462004533816923e+01
7.979745374337402097e+01
8.319730011751794052e+01
8.554655554700430287e+01
9.034844174134691741e+01
9.373889237454221757e+01
9.626724923947071488e+01
9.829594514832530194e+01
1.013431726890592159e+02
1.044591175144386028e+02
1.072375999546475072e+02
1.108945651070092993e+02
1.124214964959749921e+02
1.145884713074558761e+02
1.172133256062436715e+02
1.160979250582228985e+02
1.188382478971106906e+02
1.195067720877514006e+02
1.218157718003369894e+02
1.236531437645243727e+02
1.250328858598434465e+02
1.251870538635383099e+02
1.279773213486908219e+02
1.320146669610527965e+02
1.350128174755372754e+02
1.345394199654139982e+02
1.354199133181369064e+02
1.341453052075892742e+02
1.362272483263696756e+02
1.389241215740242126e+02
1.402006693071598704e+02
1.442937689923654432e+02
1.476320340334205241e+02
1.470190610902211859e+02
1.472619222595527901e+02
1.507798714911039895e+02
1.513241541404279360e+02
1.517862691057789846e+02
1.537555068081230161e+02
1.547285901561601804e+02
1.557997640598242413e+02
1.539776151930488481e+02
1.566432030981316643e+02
1.591634110233576678e+02
1.590251769066410361e+02
1.599056789594017118e+02
1.590561973608849939e+02
1.622461494252583236e+02
1.629701216398031818e+02
1.674598996127091652e+02
1.689977796412296698e+02
1.705275176499280860e+02
1.679169109764258963e+02
1.677378677243064544e+02
1.680375958183122123e+02
1.685740920610722924e+02
1.704888329879605635e+02
1.684384022958717537e+02
1.694009885413142058e+02
1.638937958375463779e+02
1.638748663954646361e+02
1.661419674381467075e+02
1.687963245799120671e+02
1.719363374921592822e+02
1.662014719771977695e+02
1.650313435837116742e+02
1.658312055644147733e+02
1.664831852295473311e+02
1.694012194508603386e+02
1.691754403848493951e+02
1.722444597873116834e+02
1.745128057484728856e+02
1.742782462265754759e+02
1.739356963494949753e+02
1.731256396290228849e+02
1.761695963989659788e+02
1.707287217921260662e+02
1.678182449982545847e+02
1.657299276414011615e+02
1.646510951794817572e+02
1.652994497346935532e+02
1.658892309769594817e+02
1.629511277130721396e+02
1.665806171800651612e+02
1.685450061942347020e+02
1.680684126194447856e+02
1.674766081133990099e+02
1.679228602673259729e+02
1.653205184837123056e+02
1.661389012595630561e+02
1.602000504077848859e+02
1.646954127813393143e+02
1.674024046654350570e+02
1.680030629417277623e+02
1.670103704030148890e+02
1.609231932717025302e+02
1.631379944448109427e+02
1.612986955857735438e+02
1.600572420811819825e+02
1.576487051762927081e+02
1.525698042638832419e+02
1.512621322783348035e+02
1.519181151190023797e+02
1.529431469540123487e+02
1.537008497573100385e+02
1.564554715687000623e+02
1.544543777541947804e+02
1.551815194241222287e+02
1.566330248798380467e+02
1.532856008161269585e+02
1.533291096353027569e+02
1.555510133572141171e+02
1.512439310872790941e+02
1.498326207229942213e+02
1.510789657311824783e+02
1.533805306906464523e+02
1.506313979050950422e+02
1.523083862610903338e+02
1.531293869200919744e+02
1.522130533079009638e+02
1.530786391035203167e+02
1.524845560883298958e+02
1.528843513601595703e+02
1.511042245379948383e+02
1.519828442397009098e+02
1.544848658402460160e+02
1.541634465392608035e+02
1.588047918795938358e+02
1.599916136710596959e+02
1.615357292497167236e+02
1.625865248705977422e+02
1.577093376018021047e+02
1.622385657200424873e+02
1.605377203735635590e+02
1.617017454310191056e+02
1.636865537978309533e+02
1.626106268077276980e+02
1.625826776638340903e+02
1.643562330276276668e+02
1.689765901702305939e+02
1.717081683208450045e+02
1.759018021259352054e+02
1.771923680473434501e+02
1.794775540363800701e+02
1.809468421393960682e+02
1.761005467039623511e+02
1.793260816402770388e+02
1.830224241091632109e+02
1.842793600731024810e+02
1.882045304596983897e+02
1.912316787752009191e+02
1.941999899510120429e+02
1.958832444557352801e+02
1.989050896049472499e+02
1.984557796803995302e+02
2.022023399489189330e+02
2.003721684101668075e+02
2.003503095418337807e+02
2.045764905965498599e+02
2.054950536039541760e+02
2.049786021915799097e+02
2.024256344126212070e+02
2.039127332689349714e+02
2.076378232231967331e+02
2.062083574883280050e+02
2.085404608654035030e+02
2.088799776535584840e+02
2.108268204595677844e+02
2.115507674995773755e+02
2.143155916152227576e+02
2.134640333981714946e+02
2.115027262582667618e+02
2.101598298263790525e+02
2.110478746070789100e+02
2.074608628477643322e+02
2.066876705085787762e+02
2.070114959084918382e+02
2.046614608063236744e+02
2.009012903954904630e+02
1.975464374496482094e+02
1.850871265775093093e+02
1.854749815533789956e+02
1.851086838092635674e+02
1.856244844438359962e+02
1.843514051121873081e+02
1.801426358741208560e+02
1.760897569697921199e+02
1.715919335981557481e+02
1.727813995047482365e+02
1.723212027679642517e+02
1.703179772761018000e+02
1.693412870675811348e+02
1.646345260841843867e+02
1.628205347304535167e+02
1.642438750215083871e+02
1.663223674552103262e+02
1.689224834549176819e+02
1.705513721316490319e+02
1.643526824037024312e+02
1.646984261403307528e+02
1.636783251186500365e+02
1.640914203250539174e+02
1.678797480245219162e+02
1.684750606390515486e+02
1.699516216473698762e+02
1.682494243922934061e+02
1.703579273427285727e+02
1.736847984772112170e+02
1.728477451400422922e+02
1.752701395877913910e+02
1.767282707775175083e+02
1.777407231667298504e+02
1.794647991988621243e+02
1.846272893714960901e+02
1.848268914830641734e+02
1.853872679555383627e+02
1.876107322037550773e+02
1.922492487120729550e+02
1.956778429098323215e+02
1.958853226452853846e+02
1.927646877463905071e+02
1.962790408449083088e+02
1.990650309660137225e+02
2.001201143057149636e+02
2.017752719451569590e+02
2.031050918269963859e+02
2.003169774204863245e+02
2.011490359844929117e+02
2.040619485370851578e+02
2.009770205940142489e+02
2.022598088132373846e+02
2.044106703609130307e+02
2.075672658987387820e+02
2.079398341585559820e+02
2.049152533542357446e+02
2.045003622546786914e+02
2.066525484749620887e+02
2.058357395506655223e+02
2.089429645831132518e+02
2.113113022693919731e+02
2.131303409712458574e+02
2.090550639689899697e+02
2.048014335794138105e+02
2.029515080083980081e+02
2.049458191828388181e+02
2.058660181979959702e+02
2.071953543075497919e+02
2.038261056715361406e+02
2.011040012546534115e+02
1.971755053049033108e+02
1.909043714000591478e+02
1.869183780921974858e+02
1.887285281881797800e+02
1.856126830537563706e+02
1.847735395846042934e+02
1.855444792428589835e+02
1.891108537020111839e+02
1.933589768169869672e+02
1.914498811012646513e+02
1.944213061983931823e+02
1.916053439796577322e+02
1.907393029515599778e+02
1.857067085815350254e+02
1.880130683990379339e+02
1.901754787889658473e+02
1.918158458022839454e+02
1.903050213826819288e+02
1.873459188323769240e+02
1.912726237143994013e+02
1.942521100505394429e+02
1.925465808282390299e+02
1.972003239966222168e+02
2.003193356229119217e+02
2.002206303904032438e+02
1.962456236653715962e+02
1.933555521018936645e+02
1.939943075085949715e+02
1.940101274729514671e+02
1.977468761867978628e+02
2.004748261294157885e+02
2.041847185435519805e+02
2.082326827262895961e+02
2.100135589081950229e+02
2.089593671506638657e+02
2.111920293087488005e+02
2.132726392259897352e+02
2.001974906283671487e+02
1.968091594849002206e+02
1.989469281351670702e+02
2.015351841453392865e+02
2.047171862545323791e+02
2.025532747529053950e+02
2.066383921878596368e+02
2.066318744436321992e+02
2.049988672700970369e+02
2.060238234136953963e+02
2.043565231345278903e+02
2.069632045928735238e+02
2.032090133323885084e+02
1.967438821583131130e+02
1.964267512052674363e+02
1.950235067621526071e+02
1.891041168012324931e+02
1.929854487177497901e+02
1.934001201877260314e+02
1.972337862727093807e+02
1.990146861935675133e+02
1.942373901196108363e+02
1.965107685083019646e+02
1.930897339836178332e+02
1.937044866382312023e+02
1.929689708413222604e+02
1.927356479028355807e+02
1.922481742518734507e+02
1.873351004655706618e+02
1.873463950526216593e+02
1.892384593307187686e+02
1.921636672293233232e+02
1.935790408774995797e+02
1.962979833508360059e+02
1.912739318805055575e+02
1.952467105274814401e+02
1.936632802765777797e+02
1.928708058582415958e+02
1.947860373437495696e+02
1.921744094715815265e+02
1.923793810750496505e+02
1.928217006237673274e+02
1.936504721117584609e+02
1.896776015882180673e+02
1.934573631571067835e+02
1.962503614697140790e+02
1.997742785819197593e+02
2.037070256261775398e+02
1.994174564545530188e+02
2.004915784449328271e+02
1.996404135897676042e+02
2.000127079016517087e+02
1.979833212523548127e+02
1.983697215323685441e+02
1.973497418005531188e+02
2.013598573808745584e+02
2.040447219226666959e+02
2.045826047577205884e+02
2.038059815560334016e+02
2.078785117458154161e+02
2.089019221176073984e+02
2.065981948418464071e+02
1.965554426656034650e+02
1.964528744112768663e+02
1.959420315874614573e+02
1.962020122439670047e+02
1.964002692764561573e+02
1.988561629598470688e+02
1.985285156461652036e+02
1.998186797090438347e+02
1.966490921597925876e+02
1.977644216076097337e+02
1.960212680052897554e+02
1.910413560954287107e+02
1.921552132337136811e+02
1.911508246762680869e+02
1.912873129858965058e+02
1.885218319972833285e+02
1.880355353251737824e+02
1.905495806041888613e+02
1.881619346577815008e+02
1.910652758675264238e+02
1.927135705242099846e+02
1.883114202371647252e+02
1.878660766680825418e+02
1.899007888331608456e+02
1.881523500371174578e+02
1.873994524316940442e+02
1.872037417686689196e+02
1.827489177843029040e+02
1.876279084583065639e+02
1.915239955721421836e+02
1.929932411550232416e+02
1.900480073282760998e+02
1.880474476865392433e+02
1.889769890597972335e+02
1.885446926501378471e+02
1.900142039020649918e+02
1.906208319270116078e+02
1.956188984978577423e+02
2.001266334230983830e+02
1.976542613542862341e+02
1.991525917283645697e+02
1.980179525754542169e+02
1.965704684757816665e+02
1.934035669775650206e+02
1.976426020206620251e+02
1.992383659858157330e+02
1.974267665794036191e+02
1.914427965651289298e+02
1.878415517919690956e+02
1.837313652294281496e+02
1.885356199695209227e+02
1.877408984679057937e+02
1.825841268935168102e+02
1.850353848624922080e+02
1.866179556726026476e+02
1.854072975724450885e+02
1.861764930281900945e+02
1.856191981826103188e+02
1.880342596272415960e+02
1.850995931511664025e+02
1.851640808176227324e+02
1.840612955235949357e+02
1.815617343250149247e+02
1.793431760132918953e+02
1.812489645857000369e+02
1.821122377301246900e+02
1.839807234987974596e+02
1.821798061250305523e+02
1.845619106436426193e+02
1.845961597801513108e+02
1.872888634120709241e+02
1.883397153653438636e+02
1.859899991531539172e+02
1.884905108438590560e+02
1.917330205976111017e+02
1.964950594977689491e+02
1.968729636728187700e+02
1.983383304640526319e+02
2.003554334891295241e+02
1.972929105724746535e+02
2.005228808504496953e+02
2.037546578446849423e+02
2.028300551201777182e+02
2.039485370089930143e+02
2.042765224700120257e+02
2.075032527353018281e+02
2.081118472179672665e+02
2.077925186967723903e+02
2.050689991487607529e+02
2.060618204403350262e+02
2.034866928336660976e+02
2.035611103319382096e+02
2.036866255480790642e+02
2.033320912130517968e+02
2.009586781849695853e+02
1.996293537095936017e+02
2.004704662376300348e+02
2.022484520733374325e+02
2.040209875756773101e+02
2.077753364726759457e+02
2.058538132770378013e+02
2.036259953429248242e+02
2.065288875094883281e+02
2.072051042939569641e+02
2.069904227094256441e+02
2.097872968487562275e+02
2.106428138250308280e+02
2.104754317226002911e+02
2.135257972224860339e+02
2.140592205938301333e+02
2.140561736699368680e+02
2.138683653089518089e+02
2.162460464416000434e+02
2.130042910720991927e+02
2.075220848649823893e+02
1.993110810314675518e+02
1.974182392146050233e+02
1.966912517442389401e+02
1.997401539812826456e+02
1.990429208116437110e+02
2.022436247696437306e+02
2.038381596703794969e+02
2.039973094620542042e+02
2.057872008911930948e+02
2.072558480257470990e+02
2.075811401603994000e+02
2.030133903871440282e+02
2.006850568897016274e+02
2.013087191428467122e+02
2.038144009971076116e+02
2.015035918930647654e+02
2.032488441330488342e+02
2.070640176108620381e+02
2.068152468542250517e+02
2.017243063197749109e+02
2.025443263994775691e+02
2.001425355098537011e+02
1.971761977159515027e+02
1.964570090625771570e+02
1.967470795607457603e+02
1.925679076236008029e+02
1.978665871093953683e+02
1.961527422739372071e+02
2.001850253561079853e+02
2.058614025909720340e+02
2.047883390012202653e+02
2.034321701129453857e+02
1.975617189571492531e+02
1.995976201397699299e+02
1.995174404403087181e+02
1.996383362138854238e+02
2.028129029367316321e+02
1.996705535804031797e+02
1.982916073486294124e+02
1.942288846730023124e+02
1.989515311743139421e+02
2.004115218507456575e+02
1.990698328346291248e+02
1.969005182824091094e+02
1.939558493932229624e+02
1.945751795761217693e+02
1.915423819263515952e+02
1.896758180921713688e+02
1.835747468013835828e+02
1.863376926086338017e+02
1.887075849980848545e+02
1.918667956790084759e+02
1.934884741313301504e+02
1.990630364147371552e+02
1.987965613925317996e+02
2.046308504918189328e+02
2.044918036439838431e+02
2.062255706086234284e+02
2.047584793038311659e+02
2.064061811216508886e+02
2.103417919616296103e+02
2.116974805859872220e+02
2.110589948544252081e+02
2.133331342557049481e+02
2.145282240948774302e+02
2.102051498842161550e+02
2.107998494487525249e+02
2.162696920384333055e+02
2.193393935307255447e+02
2.189498423228427555e+02
2.186647654684961424e+02
2.223819555539703003e+02
2.244845995885189893e+02
2.270308564751706513e+02
2.277496881516516680e+02
2.278287927141331579e+02
2.309143502380928226e+02
2.325520395952535182e+02
2.382458796116031579e+02
2.416986464134238588e+02
2.418445889439374241e+02
2.429865294700604181e+02
2.448171104074460800e+02
2.433071710274934674e+02
2.384602485224362738e+02
2.401635512962135977e+02
2.392299483980177683e+02
2.342680896342296535e+02
2.301652746098960733e+02
2.294398274382965894e+02
2.276591642653219196e+02
2.249453247507001379e+02
2.237097994841543596e+02
2.214217108187652343e+02
2.255126454803614138e+02
2.290400870521160641e+02
2.215935048483389380e+02
2.270367885630613785e+02
2.227763848464956027e+02
2.235233447796191797e+02
2.206544976289897875e+02
2.163121025603940950e+02
2.154129292028309521e+02
2.093015057997012036e+02
2.090321171328407956e+02
2.083862976734019981e+02
2.033461758571468181e+02
2.067198313591842691e+02
2.039658722462549747e+02
2.025728981051709638e+02
1.983127569006455815e+02
1.985350241683183299e+02
2.012855391781563696e+02
1.999614060572223764e+02
2.013304663251333579e+02
2.022357061148013884e+02
2.055566114663833730e+02
2.091966927874382520e+02
2.167454609347059602e+02
2.156723660020083173e+02
2.190256515594026041e+02
2.180059173688586043e+02
2.185247035709166425e+02
2.227197393929103555e+02
2.235582670395328648e+02
2.208995826015275554e+02
2.202849382260232289e+02
2.258214809181153839e+02
2.239446449538894512e+02
2.269243145830479307e+02
2.230086773637740123e+02
2.184707704859566491e+02
2.240844300037184382e+02
2.254217653133946442e+02
2.309790507467477880e+02
2.361416645386287883e+02
2.361438406848673992e+02
2.401938644161907632e+02
2.443104188938984578e+02
2.402051423293910091e+02
2.435063173945738981e+02
2.434371404435958084e+02
2.435680475930816158e+02
2.384033935618579108e+02
2.367821228394482773e+02
2.357845304422590118e+02
2.355496583743137933e+02
2.368700596817256780e+02
2.320085582253633163e+02
2.293387985601143839e+02
2.288269884806431662e+02
2.296008782848829526e+02
2.327762091223903838e+02
2.273342694002942039e+02
2.295814012366404597e+02
2.319302350340376222e+02
2.335513544364147549e+02
2.329158751396820435e+02
2.368650838263531853e+02
2.397299875373643943e+02
2.406041301185850614e+02
2.412708398154420024e+02
2.462376122486093379e+02
2.464861910754034398e+02
2.490916409219777847e+02
2.479777015847870416e+02
2.428144125317290047e+02
2.356849242512311093e+02
2.317076358540037404e+02
2.322776103192537960e+02
2.326645705017322427e+02
2.325007908747224690e+02
2.328046259390808927e+02
2.352945927242622304e+02
2.340357164801966405e+02
2.334683792684201649e+02
2.352151648287373291e+02
2.325371054937060080e+02
2.374415665334420851e+02
2.355670163141006697e+02
2.396503286047289407e+02
2.426945097477426998e+02
2.393875188140510488e+02
2.364188398197343872e+02
2.361453268869625504e+02
2.364667725514702283e+02
2.283009737360505937e+02
2.238745810043720041e+02
2.145212587736704108e+02
2.170508564846699642e+02
2.163728175956306643e+02
2.148490545442082293e+02
2.137113413129936816e+02
2.154368685226603759e+02
2.153370319784751814e+02
2.168579102577677702e+02
2.203215590534602200e+02
2.234947709983909476e+02
2.297826665210044439e+02
2.333650817314650396e+02
2.281119647000441830e+02
2.273756554938105126e+02
2.285778872581144014e+02
2.306177698414563224e+02
2.316884275200297623e+02
2.329822576908236726e+02
2.342899280967596951e+02
2.379459126014109245e+02
2.391606166438637899e+02
2.402342647459046532e+02
2.392826387032881428e+02
2.370916421396952956e+02
2.375853070371394153e+02
2.405430803667733244e+02
2.389177253400386007e+02
2.417690038524500551e+02
2.411845916012340183e+02
2.453149521953511112e+02
2.447225886330031699e+02
2.498176203872987458e+02
2.553274911013371025e+02
2.558628468637955677e+02
2.561854659492940982e+02
2.544897265146969687e+02
2.615385280430999160e+02
2.660231891315639814e+02
2.630696188835290172e+02
2.636241839698799367e+02
2.620018650780027656e+02
2.614021452244127772e+02
2.579400207717254716e+02
2.579794894585373299e+02
2.571079983296380078e+02
2.640227935216553306e+02
2.626732036958384811e+02
2.632247579590183477e+02
2.631554468207170885e+02
2.631967069099079026e+02
2.629015286378975134e+02
2.648047268756196218e+02
2.614509390025516495e+02
2.554834101602169767e+02
2.554214467114992999e+02
2.575368257686154720e+02
2.586846148401233449e+02
2.527900137066005470e+02
2.555904160145864523e+02
2.561872019133416529e+02
2.546388027330004888e+02
2.574256507236796665e+02
2.588352083559494758e+02
2.519942857635986684e+02
2.492342562617239992e+02
2.443079008153966925e+02
2.436649794482728737e+02
2.385297153969770818e+02
2.396802385837548286e+02
2.343222118026515091e+02
2.348029899266743428e+02
2.328691565388016613e+02
2.370593713007614269e+02
2.373311448568330206e+02
2.362307596675625234e+02
2.307944974823743962e+02
2.307590425201505866e+02
2.311437722519155784e+02
2.288406415218204017e+02
2.282173885690971247e+02
2.258122742565807357e+02
2.199316256951701973e+02
2.258394665013287295e+02
2.295972244207257518e+02
2.352246360724974181e+02
2.349708606022605863e+02
2.326908121640842353e+02
2.391112789189234888e+02
2.391575059973426676e+02
2.429984412153145286e+02
2.402809503276012038e+02
2.435001307215579516e+02
2.428034721071294939e+02
2.436060448475765554e+02
2.490295027527472769e+02
2.478872444017621888e+02
2.460941042069165974e+02
2.473408208271959268e+02
2.479680300747280057e+02
2.453992480608597191e+02
2.422777190028080554e+02
2.465022282643140272e+02
2.491448004485891943e+02
2.465013202533611150e+02
2.464624957219074588e+02
2.490816382971075882e+02
2.524847211737965722e+02
2.533034834372860473e+02
2.548974602253269666e+02
2.543162442112129895e+02
2.535927018239957533e+02
2.543039543672701654e+02
2.541590653362687533e+02
2.554260357759654596e+02
2.550806348152089527e+02
2.553563217814775328e+02
2.509990092534640951e+02
2.519787974377147179e+02
2.512028691517093364e+02
2.498691763806910728e+02
2.520011978330150555e+02
2.415794623499923262e+02
2.436264135712974905e+02
2.427394544750320051e+02
2.422904381587181319e+02
2.430705563134537215e+02
2.405475891840009410e+02
2.402407336800326334e+02
2.362066389685250840e+02
2.376287799597873800e+02
2.391664260888609022e+02
2.421590459877886587e+02
2.476639916434743895e+02
2.479835352730599709e+02
2.427452388923841511e+02
2.410819737841891310e+02
2.409748765460720961e+02
2.422721828860574647e+02
2.385346194335354539e+02
2.341828780722674992e+02
2.370034374971366447e+02
2.412197054283946898e+02
2.408662780350708772e+02
2.415163230380542529e+02
2.417446180877183792e+02
2.399849560637058801e+02
2.433698749742819700e+02
2.400739119290611825e+02
2.373957477497702655e+02
2.398812429918744726e+02
2.384351647165105135e+02
2.443486040812401541e+02
2.438400891312550698e+02
2.470074741277051373e+02
2.481335790797914171e+02
2.504353815472047415e+02
2.493295687556821463e+02
2.518968926760597924e+02
2.538281645260181847e+02
2.579708425251262724e+02
2.524233702477849874e+02
2.522071354153043217e+02
2.483103174519283982e+02
2.422179713586238847e+02
2.467859870181939641e+02
2.443321340784579547e+02
2.442235554298184184e+02
2.424769086643916580e+02
2.489081159199195099e+02
2.491765810196581015e+02
2.469929116752431923e+02
2.442605205975911531e+02
2.433651383057267878e+02
2.427307411913746478e+02
2.454346494446518818e+02
2.452193661859553799e+02
2.461553909020283868e+02
2.484624773793756560e+02
2.540025010317775127e+02
2.528321148126711648e+02
2.558350744820049556e+02
2.507953512410868768e+02
2.495279652213075678e+02
2.474838982762895228e+02
2.409261777476615976e+02
2.461973071717314383e+02
2.438490674826367126e+02
2.484896834052129577e+02
2.477192074540307942e+02
2.506661714733458837e+02
2.508854703886630944e+02
2.517919321592724486e+02
2.545159175385765025e+02
2.592158831910315371e+02
2.586463879225908613e+02
2.602710623772522922e+02
2.600161945606559470e+02
2.587877520220673091e+02
2.611557853572754766e+02
2.608800358035247200e+02
2.610836024413620748e+02
2.614617997143094499e+02
