8.967294262012133288e+01
-1.642997406732677135e+00
1.863347632960693190e+01
4.621139135419353394e+00
1.819283540313874070e+01
1.045982427238801904e+01
2.106679515026856109e+01
1.701479063605727404e+01
2.256382559065406923e+01
2.529678652170687769e+01
3.923863107105479031e+01
3.520238882191073770e+01
6.431806900258722237e+01
4.694328545444577827e+01
7.675341756227487622e+01
8.779373268366224181e+01
1.042360877115337132e+02
9.298494854481246819e+01
1.221602515389182884e+02
1.312249393107202025e+02
1.410296174479056219e+02
1.374988124762286645e+02
1.645029852219321640e+02
1.593158140043543938e+02
1.778211104530387558e+02
1.887634661209207820e+02
2.026619331964018329e+02
1.980508074892215973e+02
2.189719747748472116e+02
2.198301665148726443e+02
2.484282255500980625e+02
2.426984098119483804e+02
2.669953951881952321e+02
2.617038834336678974e+02
2.841959387962468782e+02
2.774181352956725277e+02
2.996552571776795730e+02
2.953151483686867778e+02
3.066306595649816700e+02
3.180521862300420821e+02
3.209911946561934428e+02
3.267007205141954387e+02
3.387009729521867030e+02
3.347388046343247083e+02
3.460306905659066388e+02
3.434608565831217675e+02
3.526072082738070321e+02
3.504448288806167966e+02
3.695732346013147094e+02
3.692151555033410659e+02
3.662568728092503534e+02
3.727658310344629058e+02
3.766949644318533501e+02
3.784479748967489172e+02
3.841407344557994179e+02
3.784583949926945365e+02
3.820356779752509624e+02
3.818604704825116869e+02
3.875004316700139384e+02
3.852651645010505490e+02
3.867247074285762096e+02
3.890947990105004806e+02
3.889694020984973690e+02
3.888200751212046384e+02
3.924160592472770190e+02
3.903316852863513304e+02
4.087159030479224953e+02
4.062093322794186179e+02
4.285540327770279418e+02
4.324690190213160008e+02
4.519905331065054384e+02
4.500307943289122363e+02
4.661654124096470468e+02
4.555388721375688874e+02
4.740176401119689444e+02
4.716071597088306362e+02
4.890905636770472711e+02
4.898665757325250638e+02
4.992853017879820072e+02
4.955207906964715221e+02
5.155684794895523737e+02
5.159450919398851738e+02
5.203257423343968640e+02
5.124707612991784345e+02
5.343423141527964617e+02
5.241454048871005398e+02
5.555447519193905919e+02
5.360132392448916789e+02
5.633080065063236361e+02
5.489989189331739681e+02
5.797203006461493260e+02
5.721291317055272430e+02
5.949680726424558088e+02
5.714872169038306993e+02
5.954018820914694743e+02
5.794835458466653790e+02
6.102815309394509313e+02
5.860267156324136977e+02
6.153088570056472690e+02
5.875838041441476207e+02
6.194297090533573282e+02
6.012407370905339121e+02
6.210973260212563218e+02
5.996489629357577087e+02
6.193229625462763579e+02
5.852044847274077028e+02
6.053324571417508650e+02
5.868592765794454635e+02
6.084440410374600106e+02
5.785830081063197667e+02
6.017057726502065407e+02
5.822377414632163664e+02
6.068835304509267417e+02
5.973658293011502565e+02
6.096312059649046660e+02
6.112877953280133170e+02
6.181794854240005179e+02
6.137564855086637863e+02
6.303560979279048979e+02
6.265588062842864474e+02
6.455243868829583107e+02
6.374306587205467167e+02
6.655176964567374398e+02
6.689055475633248307e+02
6.769896492958192766e+02
6.920160331219016143e+02
7.057736862108707783e+02
6.937296344013360567e+02
7.082225409612171916e+02
7.090369150661546200e+02
7.206173022745859953e+02
7.127278284323153912e+02
7.246954041318844020e+02
7.140434483264923529e+02
7.189831169823213486e+02
6.882460412667996934e+02
6.996632384675384628e+02
6.868988711181289091e+02
6.901079976120308856e+02
6.530963940636420375e+02
6.672615001243111692e+02
6.344257735669843896e+02
6.440535252158360890e+02
6.365832333321612850e+02
6.439877959487371299e+02
6.434968543517318267e+02
6.578569542694406209e+02
6.575297665454663729e+02
6.853153225496466803e+02
6.676662076121117479e+02
6.917615080930056592e+02
6.685422747560915013e+02
6.931925763365823059e+02
6.885149694139657868e+02
7.236521381097865060e+02
7.379017908381014195e+02
7.476040570830373326e+02
7.483681741463134358e+02
7.662150336855844444e+02
7.514463071160873824e+02
7.639887076745010290e+02
7.565905675105703949e+02
7.487669749436145139e+02
7.329185239496232498e+02
7.668030781676236529e+02
7.526008544691616180e+02
7.833367116865831576e+02
7.910552666448870696e+02
8.176911769341844547e+02
8.184758403049179378e+02
8.258357675628524248e+02
8.200869364882341870e+02
8.453385141781731136e+02
8.360441032881186629e+02
8.588897925801210249e+02
8.377841412860387891e+02
8.782149541733368778e+02
8.553813612983791472e+02
8.940358556301735007e+02
8.876489048893652125e+02
9.396429609891497421e+02
9.190528109730471442e+02
9.489178845961138222e+02
9.216974116701328512e+02
9.419405692791707452e+02
9.147751187638594956e+02
9.281897779284594208e+02
9.159605332454382278e+02
9.411159884474739101e+02
9.252139694032957777e+02
9.601259687229577366e+02
9.395726424591488239e+02
9.686544162224876118e+02
9.269895341721285149e+02
9.670576633899574972e+02
9.326343987498196384e+02
9.670682447976432741e+02
9.290027879528120138e+02
9.507771610143312273e+02
9.155641296605521120e+02
9.546566527629940992e+02
9.074492341829646875e+02
9.440698101385123664e+02
9.184455906651311352e+02
9.581748771176938817e+02
9.294805754442746775e+02
9.354047581851600626e+02
9.032647391249087150e+02
9.268488364298212900e+02
9.224558268975000601e+02
9.417771239835360575e+02
9.052324568728524810e+02
9.312590317709277770e+02
9.036217213783910438e+02
9.361536628904542567e+02
9.019740675576965714e+02
9.361485538272348776e+02
8.915080460100886057e+02
9.321514669356619152e+02
9.188220149929334184e+02
9.256681139967676017e+02
9.356227615466119687e+02
9.332556142773003103e+02
9.458425613297259815e+02
9.592294345907555453e+02
9.660252862863843575e+02
9.689140355630614749e+02
9.557296766932040555e+02
9.903458109241511238e+02
9.902762772795643968e+02
1.021448302748318383e+03
9.877439751903934848e+02
1.016857496649334507e+03
1.008321109191222376e+03
1.051806119325223790e+03
1.035342530740177153e+03
1.049671466335462355e+03
1.034062412161827751e+03
1.049949751838001930e+03
1.012833407127993382e+03
1.032796790125112693e+03
1.012436980772117522e+03
1.007164296848463664e+03
9.955262229229062996e+02
9.952129418943951578e+02
9.790382665863346574e+02
9.843271138921444390e+02
9.736147296475406847e+02
9.712695765495177511e+02
9.658725674060312940e+02
9.691112977990856052e+02
9.474704478361013571e+02
9.794053321819030771e+02
9.595731379910967007e+02
9.919285013507128497e+02
1.007771236360994067e+03
1.008587401884013616e+03
1.017923546978130730e+03
1.033796856024044700e+03
1.057752306794285460e+03
1.061247053985785669e+03
1.058279649120906697e+03
1.046888147286030744e+03
1.050167995758795087e+03
1.034629024146559914e+03
1.035607728530944541e+03
1.034779427144594820e+03
1.032334978886252429e+03
1.028389526544806131e+03
1.004245773239704477e+03
1.011409195125568317e+03
9.894467814355791688e+02
9.901202649840894310e+02
9.748839068308271862e+02
9.914869009422377530e+02
9.614857764584371580e+02
9.756831234127203061e+02
9.832317457821218341e+02
1.001295695187406864e+03
9.905854301119615002e+02
1.005502596262503403e+03
9.904011671478106109e+02
1.030737612155092393e+03
1.004228410321106026e+03
1.024336308645990584e+03
1.024823995787816784e+03
1.064238132036197158e+03
1.026286462919771793e+03
1.042881101476059484e+03
1.022603423931597035e+03
1.014722790385049166e+03
1.015492522227020913e+03
1.040507919875243715e+03
1.008346071272350514e+03
1.038147162192911992e+03
1.022130878425956212e+03
1.038162561261251085e+03
1.032857062170569634e+03
1.083482566920469480e+03
1.089402750156792308e+03
1.076480916396530802e+03
1.068835399076254362e+03
1.081953836443639602e+03
1.046684829963163111e+03
1.061423487584442000e+03
1.061337312135935008e+03
1.084567294454013108e+03
1.077996701807215459e+03
1.095323156760317715e+03
1.095723908991450344e+03
1.103873345227260188e+03
1.123694941800683409e+03
1.122470296629868244e+03
1.109463537408128559e+03
1.138597702993543862e+03
1.155483764163364640e+03
1.139392759922672212e+03
1.138317004809351147e+03
1.144332437984874332e+03
1.160208912282440906e+03
1.188871518443987270e+03
1.182152312090750684e+03
1.231881999932018516e+03
1.214967931760508236e+03
1.239341785602315895e+03
1.214866848854984028e+03
1.229881312797589089e+03
1.243799795842686535e+03
1.258531557092318053e+03
1.255807928314596666e+03
1.265016959648525471e+03
1.267928517512650615e+03
1.261944891522120543e+03
1.258417563407545003e+03
1.258151376854244518e+03
1.234713077613353789e+03
1.261602362962406460e+03
1.220548459152846590e+03
1.234563088696184423e+03
1.204025503376898087e+03
1.231960490963953589e+03
1.178905932277882130e+03
1.216880545643198502e+03
1.192458923812424246e+03
1.218705522702101234e+03
1.205894439054902250e+03
1.239076348620302497e+03
1.208140293911296340e+03
1.212179431309599977e+03
1.184224014050454798e+03
1.203311200016015164e+03
1.207154003519212210e+03
1.209245764755623441e+03
1.216707750667594610e+03
1.229765712029994802e+03
1.226723225111805732e+03
1.238084945205221857e+03
1.266833220952907368e+03
1.272681746517046122e+03
1.266081988358138233e+03
1.264495803156527472e+03
1.267970762297293504e+03
1.243893274643216500e+03
1.235887667518828266e+03
1.248573340015286249e+03
1.219902269888199044e+03
1.253898375236947231e+03
1.248873647988732500e+03
1.268715448980903375e+03
1.290282738629580081e+03
1.290275941239460053e+03
1.270845729921077236e+03
1.295875350302535480e+03
1.289700460183824816e+03
1.260378979735728308e+03
1.239513676265882395e+03
1.265320009660580354e+03
1.226222040993042128e+03
1.239798769825999898e+03
1.200367665258023862e+03
1.236750994105949530e+03
1.250661539292686484e+03
1.269531010917752155e+03
1.280534943911451137e+03
1.275861134939337489e+03
1.254209667412530507e+03
1.246848301041308332e+03
1.270880962322673895e+03
1.263425204589307441e+03
1.235510479473651685e+03
1.268122374987330431e+03
1.268945326861973172e+03
1.278831501256640877e+03
1.305836967786726518e+03
1.371785869308953352e+03
1.359802769586113754e+03
1.403660252624657232e+03
1.384275084844905905e+03
1.421257427894383682e+03
1.446610814996060526e+03
1.477590863949331606e+03
1.473973673005560158e+03
1.524064358735416818e+03
1.510495016758044358e+03
1.555978012943610111e+03
1.560792459484894607e+03
1.570224754267955177e+03
1.576478936029826855e+03
1.623992557977157503e+03
1.612967126132845806e+03
1.638646242986141942e+03
1.665870821207649897e+03
1.661370517394890385e+03
1.665248912638420279e+03
1.673475198971179680e+03
1.717715329213404857e+03
1.729949884436645561e+03
1.737836480001502878e+03
1.755129613315657707e+03
1.742275409081188172e+03
1.769395656234919443e+03
1.740167613726328909e+03
1.781848812517120905e+03
1.814689225036030393e+03
1.832299938436049160e+03
1.849921069945805584e+03
1.842815345994423751e+03
1.771106461965589006e+03
1.783950942139500512e+03
1.799943195933454945e+03
1.799129186833703670e+03
1.846563303341196388e+03
1.881330552033359936e+03
1.898962089629969341e+03
1.889435636818441935e+03
1.905933238763372401e+03
1.921223273069361539e+03
1.882498804887747610e+03
1.896248074417901535e+03
1.894476897402415943e+03
1.914669661937880164e+03
1.851836336960970129e+03
1.859065393902269761e+03
1.785015310712297833e+03
1.820018312986879209e+03
1.816926524009990999e+03
1.868328788309518131e+03
1.831662412465514308e+03
1.827216257108522086e+03
1.825803310482179995e+03
1.760784522722575048e+03
1.702966407427569720e+03
1.719247048655829303e+03
1.736527588721461370e+03
1.765307895696806327e+03
1.758185602913055845e+03
1.761082155171369095e+03
1.757789156846794413e+03
1.738124683917730636e+03
1.708447916240042559e+03
1.741082515256307715e+03
1.745909356587894081e+03
1.746346085234224347e+03
1.790341612397208337e+03
1.812072184671786772e+03
1.836485475929730683e+03
1.882285198430171477e+03
1.895374473572495845e+03
1.901601513416937678e+03
1.937068782205422394e+03
1.961163735133152613e+03
1.965767384908895110e+03
2.023368884894837038e+03
1.937014619468774981e+03
1.935351531354241843e+03
1.938538013656806470e+03
1.915368949606910519e+03
1.899789043208511430e+03
1.941343097292930224e+03
1.955575822012573099e+03
1.968113930057651032e+03
1.936441035933550666e+03
1.934781758702807792e+03
1.960904976539422250e+03
1.946308218036982680e+03
1.997147774940689942e+03
2.012651833362813250e+03
1.995496777171694930e+03
2.017176255422539725e+03
1.946571960415714102e+03
1.964953646943506101e+03
1.917514616183113731e+03
1.947905611926661550e+03
1.906501887191163860e+03
1.867880218799303975e+03
1.869292595451462603e+03
1.865506002230635886e+03
1.875666046360996233e+03
1.917318028238295028e+03
1.895291341033411527e+03
1.924433884567065206e+03
1.895928998049429993e+03
1.931927300057745242e+03
1.898258316097249917e+03
1.911795398785708130e+03
1.934247285169198904e+03
1.976473553315986919e+03
1.925328195624680347e+03
1.932807896645027313e+03
1.918211875072507155e+03
1.980281909312088601e+03
2.007671184075152269e+03
1.995323469886770681e+03
1.969133325006875339e+03
1.976319344250994845e+03
1.923303025451746635e+03
1.913868022432826137e+03
1.922354630825850109e+03
1.957949484611322305e+03
1.985316936214915813e+03
2.028545018354941249e+03
2.026864840706477935e+03
2.066052230658446661e+03
2.085246608313491379e+03
2.094407493316560704e+03
2.038862333475639389e+03
2.068972653264698238e+03
2.079557056552745507e+03
2.055371477258877803e+03
2.052949626858023294e+03
2.127180555905282745e+03
2.144008746613812491e+03
2.170437289812704876e+03
2.112553213661119116e+03
2.114861477448152527e+03
2.096681823219124453e+03
2.120597430877892293e+03
2.134210748010495081e+03
2.145096127656637691e+03
2.113881426522825677e+03
2.105874718921927069e+03
2.078422447831193949e+03
2.080027778502142155e+03
2.041231255946978990e+03
2.082104297919150667e+03
2.090600404320853613e+03
2.103441855181663868e+03
2.063954655172589810e+03
2.070361900490046537e+03
2.084422341646161385e+03
2.061408174943956055e+03
1.980474943673494181e+03
2.010972266601274214e+03
2.037783963242687832e+03
2.074886446984663053e+03
1.994399927071790671e+03
2.035188709723167904e+03
2.021375138543543244e+03
2.043911746693637951e+03
2.017358724642168909e+03
2.020285005897269684e+03
1.997382630670918161e+03
2.033461920328327324e+03
2.039617677017250571e+03
2.063022159966026265e+03
2.095973872944789036e+03
2.070345775031558333e+03
2.065675472769790758e+03
2.074612037519077603e+03
2.081906862316104252e+03
2.123985686104408614e+03
2.090505329460547273e+03
2.090246419548444464e+03
2.084363898296895513e+03
2.096143835988636056e+03
2.048916090579349657e+03
2.056835432666825454e+03
2.025691169988256888e+03
2.014908199675491687e+03
1.993893408117342233e+03
1.959424154615300722e+03
1.944426229902941486e+03
1.969923382668477416e+03
1.968781881122045206e+03
1.980526471481455701e+03
1.953356675874022130e+03
1.959152986501247824e+03
1.929810044129610560e+03
1.965661122142074419e+03
1.969954545108870661e+03
1.979873408670828212e+03
1.881960490874971811e+03
1.923681884552871907e+03
1.926290287967779477e+03
1.954026521290604705e+03
1.949859416686747863e+03
1.977516930389893787e+03
1.989963921663821338e+03
1.991838567985058489e+03
2.010388390598397791e+03
2.002866833166133347e+03
1.979383594139788784e+03
2.003630065095019745e+03
2.050097826869086020e+03
2.036084687061388649e+03
2.059495812684044267e+03
2.106822352351819973e+03
2.072449501050783056e+03
2.110524947216436431e+03
2.095763510387270799e+03
2.131849866211029166e+03
2.107639222536599846e+03
2.087495924004226254e+03
2.052328418284620057e+03
2.080448792848581888e+03
2.046104734524361902e+03
2.071406097825521556e+03
2.030319842527432002e+03
2.076983077985224554e+03
2.047698381742418633e+03
2.090995837765720353e+03
2.105888686121559658e+03
2.079653831429683123e+03
2.015480684898103618e+03
2.027458207869182843e+03
1.980975837252172369e+03
1.999229431903616387e+03
2.009712223762631083e+03
2.039283819783952140e+03
1.985903216118778801e+03
1.994133532519353366e+03
1.981953164729877926e+03
1.982224805766961936e+03
1.956750599338789698e+03
1.972302326638857721e+03
1.940441911056749632e+03
1.995994544084959216e+03
1.944551563895774507e+03
1.964012617871367866e+03
1.979761711854159103e+03
2.012758313678154309e+03
1.943228308836351971e+03
1.969353684031229250e+03
2.000435228004573219e+03
1.993565829546802661e+03
1.999514257560138958e+03
2.026256476111913571e+03
2.023159826449972115e+03
2.060823209755685639e+03
2.028258101606235641e+03
2.078709707387260096e+03
2.097776043028683489e+03
2.107941574317098457e+03
2.094289788652168227e+03
2.145617728600207556e+03
2.047285492768858603e+03
2.067665043797499038e+03
2.065442330744146147e+03
2.121599314073927872e+03
2.116460873859794447e+03
2.132473343653959091e+03
2.139693126310782191e+03
2.157494879092676456e+03
2.154145414877615167e+03
2.221970714281800156e+03
2.208425410618504884e+03
2.266154932640763491e+03
2.215272757568102861e+03
2.247588933116381668e+03
2.258365029698486524e+03
2.246964331617211883e+03
2.245301757985961558e+03
2.308492576549699152e+03
2.347504707286355369e+03
2.348643391192022591e+03
2.349294323388772227e+03
2.346765371880871953e+03
2.314052342406088883e+03
2.318081499173604698e+03
2.317719307817206300e+03
2.333599913802083847e+03
2.266822330139260430e+03
2.287404700807089739e+03
2.254288862121018610e+03
2.299631635016346081e+03
2.274208956809733536e+03
2.301824419451903850e+03
2.292632366686994374e+03
2.305887513199654222e+03
2.301604705734035633e+03
2.330438641110436492e+03
2.289547478014774242e+03
2.297929047369933414e+03
2.285266983863111363e+03
2.311519813973482997e+03
2.280521971362615204e+03
2.322376510871604751e+03
2.358858674564223747e+03
2.349299674736224006e+03
2.336507144855508159e+03
2.332453274615241298e+03
2.343365264743141324e+03
2.358044837142399047e+03
2.315617478258847314e+03
2.370281543344201054e+03
2.304146108473758886e+03
2.289789504170890268e+03
2.234371501715729664e+03
2.249584203269472255e+03
2.255315986293630431e+03
2.291548295500710537e+03
2.240994020843019825e+03
2.247051460498954839e+03
2.245404104544072652e+03
2.273450057900567117e+03
2.247624299383714515e+03
2.256398842648144182e+03
2.197846134473516940e+03
2.219742441947767020e+03
2.249906785995902737e+03
2.253412772322108594e+03
2.158513229249770120e+03
2.225874483442856217e+03
2.208711051924020921e+03
2.200914882365399535e+03
2.134465239920928070e+03
2.098291340471072090e+03
2.053568907710726307e+03
2.084322769818569668e+03
2.087111065523279649e+03
2.099381405130945950e+03
2.091011088091012880e+03
2.115020895175478472e+03
2.037308745626232394e+03
2.063540590323244487e+03
2.046097091798564406e+03
2.074712225548329116e+03
2.096516267796959255e+03
2.096996156660319684e+03
2.080486017983175316e+03
2.064227915375407974e+03
2.082487578643816505e+03
2.122704135846577174e+03
2.128111565203725604e+03
2.188363125233436676e+03
2.146435680848615903e+03
2.170014220969334019e+03
2.108314359961013906e+03
2.154213774942472810e+03
2.125106986345381301e+03
2.121466263958777290e+03
2.113633556260253954e+03
2.158329141616443394e+03
2.160559740361389686e+03
2.149754785456307673e+03
2.117826844846696076e+03
2.177394436462305748e+03
2.164988791058412517e+03
2.187906184313915219e+03
2.132664364562172068e+03
2.149066768269270142e+03
2.168590160782634939e+03
2.163366787231303078e+03
2.123123138713081516e+03
2.193365636036117394e+03
2.186004344122582552e+03
2.212703339663237784e+03
2.175648993047302156e+03
2.195077616810252039e+03
2.192693119366279916e+03
2.191436138743586071e+03
2.189438690551761738e+03
2.196797035982197940e+03
2.060857774134958163e+03
2.075714608020702599e+03
2.088403350304206469e+03
2.105071089547594966e+03
2.093608149646547645e+03
2.092654494176672415e+03
2.113711260736907661e+03
2.132774918111424995e+03
2.092884858446196176e+03
2.100321356916376317e+03
2.083247393210002429e+03
2.123765951056881931e+03
2.122351379687075223e+03
2.139004507855307111e+03
2.140836508530083393e+03
2.146727121273668672e+03
2.105059872857617847e+03
2.092376055205640569e+03
2.108855597918094645e+03
2.134771230514814761e+03
2.134471305655497872e+03
2.170305895791770581e+03
2.138530145591939345e+03
2.195748428344565127e+03
2.174030041176838949e+03
2.194041259802768309e+03
2.108995601266169615e+03
2.110650602877127767e+03
2.138380956256280115e+03
2.190037704386193127e+03
2.175059017666513228e+03
2.240437080576494736e+03
2.238364437178403477e+03
2.267506640001340202e+03
2.258620593938980164e+03
2.245760756534426037e+03
2.275574145311167740e+03
2.277958563075827442e+03
2.279844078653697579e+03
2.343448256445776678e+03
2.283961242751694044e+03
2.346097717095161897e+03
2.373095631202786080e+03
2.368530990452325568e+03
2.300651706366863891e+03
2.329590302295448055e+03
2.380645156261200100e+03
2.406088950475544152e+03
2.410608521142187328e+03
2.440259741327545726e+03
2.420155568493154533e+03
2.446821300118113413e+03
2.402612255431846279e+03
2.444005746664892740e+03
2.399168323742186203e+03
2.405018790705445099e+03
2.350097170031729547e+03
2.360435628292567344e+03
2.355233528600287173e+03
2.411172928800723639e+03
2.414507121279962121e+03
2.423519540945850167e+03
2.369168517098482425e+03
2.423807271296278486e+03
2.374308656494102252e+03
2.356229931240180576e+03
2.362828705316573178e+03
2.379115085674741294e+03
2.384518087786450906e+03
2.405797351561337109e+03
2.376937186950204705e+03
2.401301538317089580e+03
2.408097386105820533e+03
2.451551840024151261e+03
2.407015871613998115e+03
2.405571689015575430e+03
2.464383414141701451e+03
2.464157533769950533e+03
2.407892323015942111e+03
2.403862152500339562e+03
2.405450388303484488e+03
2.430516166678976788e+03
2.454178769831442423e+03
2.487556756142926588e+03
2.467715056346079109e+03
2.504495284070616890e+03
2.492315552145635138e+03
2.542772681811154143e+03
2.529275499062014205e+03
2.542251735404689498e+03
2.575603462189870697e+03
2.600780261874212101e+03
2.597032025417308432e+03
2.609909627532725153e+03
2.584050891058227535e+03
2.596576664698004151e+03
2.581964124696662111e+03
2.617108337892719646e+03
2.594751959968888059e+03
2.614807066789651799e+03
2.637678434880419900e+03
2.646946677613429074e+03
2.645889436060300795e+03
2.644077478963688918e+03
2.634763269424160626e+03
2.629982140240610988e+03
2.596184723100333940e+03
2.593314886134063272e+03
2.597548726263183198e+03
2.602593007840532664e+03
2.623132672715575154e+03
2.646687183344188270e+03
2.584142191000000366e+03
2.575925847037412950e+03
2.546894988878698314e+03
2.594392368953469941e+03
2.572703960592640669e+03
2.584618671041763264e+03
2.532973475123909338e+03
2.544904711729136125e+03
2.503897538075357261e+03
2.516115214120549808e+03
2.514040652424306700e+03
2.516372942397600127e+03
2.530458529799884673e+03
2.540602824963661078e+03
2.532756329132900646e+03
2.555682378854307899e+03
2.473490542699754769e+03
2.476146612279745568e+03
2.456399549778544042e+03
2.455552393469997241e+03
2.465626911806189582e+03
2.460555349981957079e+03
2.458237722943850258e+03
2.506418412948815785e+03
2.472902400090606989e+03
2.475271067697729450e+03
2.471457969865813993e+03
2.516330241783367910e+03
2.488782837637760622e+03
2.467128395298112082e+03
2.493828923037305231e+03
2.487093125183971097e+03
2.523421983539048142e+03
2.580733595408251404e+03
2.579844259908169533e+03
2.581064431352571773e+03
2.592058105989890464e+03
2.597097970170982990e+03
2.616674687493061356e+03
2.579396214893705746e+03
2.582019093142776001e+03
2.572964056799670743e+03
2.523846064657318493e+03
2.545086481800211004e+03
2.496556385209059044e+03
2.509604451069477818e+03
2.502514297174143394e+03
2.493202096456801883e+03
2.484396245564899800e+03
2.536942313560359707e+03
2.557009435057165319e+03
2.564894153958558945e+03
2.614799747781010410e+03
2.639357995940128603e+03
2.559127831641061221e+03
2.586293495603166321e+03
2.620211899992572853e+03
2.619012524316004146e+03
2.578510046477224478e+03
2.574052601274230256e+03
2.583121003447014118e+03
2.588856377072106625e+03
2.588150065002652354e+03
2.584876038491659074e+03
2.497892481191250226e+03
2.502900613745918690e+03
2.433267585294608125e+03
2.448678649335814043e+03
2.437200227545861708e+03
2.426730163194664783e+03
2.421704875057565005e+03
2.460488691087849929e+03
2.430827044540927091e+03
2.466627485261834408e+03
2.442284060560132730e+03
2.507517912113997681e+03
2.429463172774653231e+03
2.434074411866702121e+03
2.454937975162184557e+03
2.487914995971483677e+03
2.463886442295240613e+03
2.499332427296505557e+03
2.455398161476003224e+03
2.464279173676344726e+03
2.458687488542057508e+03
2.479904243399912502e+03
2.482275355089479490e+03
2.471326785449535691e+03
2.465383676299084982e+03
2.471519789013693298e+03
2.471590075219159644e+03
2.463557181202994343e+03
2.441943590875669543e+03
2.433690817997761769e+03
2.357943698435206898e+03
2.407092154747680070e+03
2.356561485075151268e+03
2.361950214458953724e+03
2.363965170793318975e+03
2.366432864713005074e+03
2.415159655709366234e+03
2.451562342657886802e+03
2.396643178041541887e+03
2.426308666544106018e+03
2.430538688784902206e+03
2.443938193157247952e+03
2.448090795529551542e+03
2.448132988445686806e+03
2.445117420993715314e+03
2.468968253679895952e+03
2.497451201330381082e+03
2.477171500431824370e+03
2.510829663539044759e+03
2.522490364358929583e+03
2.433554074897836472e+03
2.456864076193660367e+03
2.389896934066710855e+03
2.409878955698393838e+03
