2.034000000000000000e+03
4.097000000000000000e+03
6.177000000000000000e+03
8.316000000000000000e+03
1.032200000000000000e+04
1.248900000000000000e+04
1.448800000000000000e+04
1.666700000000000000e+04
1.843800000000000000e+04
2.027900000000000000e+04
2.215900000000000000e+04
2.416800000000000000e+04
2.604900000000000000e+04
2.805300000000000000e+04
3.006100000000000000e+04
3.235400000000000000e+04
3.454900000000000000e+04
3.658600000000000000e+04
3.855400000000000000e+04
4.065100000000000000e+04
4.275700000000000000e+04
4.489900000000000000e+04
4.707700000000000000e+04
4.921200000000000000e+04
5.132900000000000000e+04
5.334300000000000000e+04
5.543700000000000000e+04
5.777100000000000000e+04
5.978000000000000000e+04
6.182600000000000000e+04
6.388100000000000000e+04
6.619600000000000000e+04
6.827600000000000000e+04
7.038500000000000000e+04
7.241800000000000000e+04
7.451700000000000000e+04
7.664600000000000000e+04
7.854300000000000000e+04
8.066700000000000000e+04
8.269700000000000000e+04
8.475300000000000000e+04
8.673700000000000000e+04
8.876300000000000000e+04
9.074600000000000000e+04
9.275600000000000000e+04
9.486400000000000000e+04
9.706900000000000000e+04
9.901100000000000000e+04
1.010900000000000000e+05
1.032420000000000000e+05
1.053060000000000000e+05
1.074140000000000000e+05
1.094500000000000000e+05
1.116580000000000000e+05
1.137420000000000000e+05
1.158110000000000000e+05
1.178750000000000000e+05
1.198790000000000000e+05
1.219740000000000000e+05
1.241520000000000000e+05
1.261850000000000000e+05
1.282020000000000000e+05
1.303380000000000000e+05
1.325720000000000000e+05
1.344480000000000000e+05
1.365650000000000000e+05
1.386940000000000000e+05
1.407420000000000000e+05
1.426640000000000000e+05
1.448470000000000000e+05
1.467580000000000000e+05
1.489130000000000000e+05
1.509120000000000000e+05
1.530870000000000000e+05
1.552830000000000000e+05
1.574180000000000000e+05
1.594120000000000000e+05
1.613400000000000000e+05
1.633540000000000000e+05
1.653980000000000000e+05
1.673120000000000000e+05
1.693740000000000000e+05
1.715470000000000000e+05
1.735570000000000000e+05
1.754490000000000000e+05
1.774080000000000000e+05
1.794600000000000000e+05
1.813650000000000000e+05
1.833740000000000000e+05
1.857790000000000000e+05
1.880000000000000000e+05
1.900430000000000000e+05
1.921240000000000000e+05
1.941060000000000000e+05
1.963050000000000000e+05
1.984800000000000000e+05
2.007470000000000000e+05
2.030510000000000000e+05
2.052190000000000000e+05
2.073380000000000000e+05
2.095260000000000000e+05
2.116450000000000000e+05
2.136200000000000000e+05
2.160490000000000000e+05
2.182520000000000000e+05
2.202320000000000000e+05
2.227290000000000000e+05
2.254170000000000000e+05
2.275990000000000000e+05
2.296770000000000000e+05
2.324340000000000000e+05
2.345760000000000000e+05
2.367420000000000000e+05
2.389290000000000000e+05
2.410430000000000000e+05
2.433650000000000000e+05
2.454050000000000000e+05
2.473900000000000000e+05
2.498450000000000000e+05
2.523560000000000000e+05
2.552500000000000000e+05
2.570990000000000000e+05
2.597240000000000000e+05
2.611900000000000000e+05
2.635790000000000000e+05
2.656040000000000000e+05
2.675210000000000000e+05
2.697420000000000000e+05
2.720120000000000000e+05
2.739390000000000000e+05
2.756100000000000000e+05
2.782170000000000000e+05
2.804160000000000000e+05
2.824980000000000000e+05
2.846080000000000000e+05
2.865340000000000000e+05
2.885130000000000000e+05
2.909780000000000000e+05
2.929330000000000000e+05
2.950580000000000000e+05
2.968860000000000000e+05
2.989450000000000000e+05
3.010770000000000000e+05
3.034540000000000000e+05
3.057830000000000000e+05
3.078240000000000000e+05
3.097070000000000000e+05
3.119090000000000000e+05
3.143470000000000000e+05
3.164000000000000000e+05
3.184260000000000000e+05
3.207150000000000000e+05
3.227420000000000000e+05
3.250670000000000000e+05
3.267040000000000000e+05
3.281170000000000000e+05
3.300600000000000000e+05
3.317420000000000000e+05
3.339190000000000000e+05
3.361490000000000000e+05
3.381470000000000000e+05
3.404730000000000000e+05
3.426980000000000000e+05
3.450340000000000000e+05
3.470460000000000000e+05
3.493960000000000000e+05
3.510340000000000000e+05
3.534240000000000000e+05
3.557410000000000000e+05
3.579790000000000000e+05
3.598520000000000000e+05
3.614570000000000000e+05
3.635300000000000000e+05
3.657000000000000000e+05
3.675300000000000000e+05
3.697190000000000000e+05
3.719870000000000000e+05
3.737540000000000000e+05
3.752070000000000000e+05
3.773930000000000000e+05
3.796520000000000000e+05
3.814340000000000000e+05
3.835010000000000000e+05
3.856030000000000000e+05
3.877130000000000000e+05
3.896310000000000000e+05
3.917770000000000000e+05
3.933220000000000000e+05
3.953380000000000000e+05
3.971100000000000000e+05
3.990850000000000000e+05
4.012170000000000000e+05
4.032050000000000000e+05
4.054200000000000000e+05
4.075080000000000000e+05
4.087230000000000000e+05
4.108880000000000000e+05
4.130680000000000000e+05
4.150560000000000000e+05
4.170130000000000000e+05
4.190860000000000000e+05
4.215550000000000000e+05
4.232330000000000000e+05
4.251930000000000000e+05
4.272270000000000000e+05
4.291920000000000000e+05
4.311700000000000000e+05
4.330300000000000000e+05
4.351040000000000000e+05
4.373270000000000000e+05
4.394980000000000000e+05
4.412290000000000000e+05
4.429410000000000000e+05
4.448800000000000000e+05
4.468110000000000000e+05
4.490730000000000000e+05
4.514120000000000000e+05
4.529270000000000000e+05
4.549140000000000000e+05
4.566880000000000000e+05
4.580870000000000000e+05
4.599470000000000000e+05
4.621560000000000000e+05
4.644480000000000000e+05
4.666050000000000000e+05
4.685420000000000000e+05
4.705790000000000000e+05
4.728200000000000000e+05
4.745240000000000000e+05
4.768420000000000000e+05
4.786860000000000000e+05
4.806230000000000000e+05
4.828970000000000000e+05
4.842370000000000000e+05
4.865370000000000000e+05
4.877840000000000000e+05
4.904950000000000000e+05
4.921120000000000000e+05
4.941510000000000000e+05
4.958190000000000000e+05
4.977530000000000000e+05
4.997390000000000000e+05
5.018980000000000000e+05
5.039690000000000000e+05
5.060720000000000000e+05
5.077930000000000000e+05
5.097310000000000000e+05
5.115910000000000000e+05
5.135580000000000000e+05
5.158540000000000000e+05
5.176020000000000000e+05
5.197790000000000000e+05
5.219370000000000000e+05
5.236680000000000000e+05
5.259090000000000000e+05
5.279740000000000000e+05
5.304330000000000000e+05
5.325670000000000000e+05
5.342110000000000000e+05
5.362780000000000000e+05
5.385530000000000000e+05
5.406510000000000000e+05
5.431270000000000000e+05
5.449900000000000000e+05
5.469750000000000000e+05
5.487270000000000000e+05
5.503960000000000000e+05
5.520770000000000000e+05
5.540770000000000000e+05
5.561090000000000000e+05
5.579240000000000000e+05
5.599110000000000000e+05
5.619810000000000000e+05
5.641810000000000000e+05
5.666820000000000000e+05
5.686410000000000000e+05
5.714800000000000000e+05
5.736090000000000000e+05
5.756800000000000000e+05
5.773990000000000000e+05
5.798650000000000000e+05
5.824590000000000000e+05
5.844150000000000000e+05
5.861980000000000000e+05
5.880050000000000000e+05
5.900960000000000000e+05
5.919040000000000000e+05
5.940160000000000000e+05
5.959610000000000000e+05
5.977780000000000000e+05
5.996460000000000000e+05
6.025640000000000000e+05
6.045050000000000000e+05
6.070940000000000000e+05
6.093730000000000000e+05
6.114180000000000000e+05
6.140910000000000000e+05
6.163210000000000000e+05
6.182980000000000000e+05
6.211340000000000000e+05
6.232470000000000000e+05
6.256020000000000000e+05
6.277240000000000000e+05
6.295900000000000000e+05
6.321410000000000000e+05
6.341850000000000000e+05
6.365330000000000000e+05
6.384490000000000000e+05
6.405330000000000000e+05
6.427540000000000000e+05
6.450920000000000000e+05
6.465810000000000000e+05
6.490950000000000000e+05
6.514300000000000000e+05
6.537800000000000000e+05
6.556250000000000000e+05
6.576970000000000000e+05
6.595540000000000000e+05
6.614460000000000000e+05
6.631600000000000000e+05
6.651260000000000000e+05
6.672980000000000000e+05
6.696680000000000000e+05
6.710810000000000000e+05
6.728130000000000000e+05
6.749260000000000000e+05
6.772840000000000000e+05
6.792670000000000000e+05
6.815170000000000000e+05
6.835880000000000000e+05
6.859400000000000000e+05
6.878960000000000000e+05
6.900240000000000000e+05
6.926280000000000000e+05
6.942710000000000000e+05
6.968190000000000000e+05
6.989540000000000000e+05
7.015000000000000000e+05
7.035000000000000000e+05
7.056760000000000000e+05
7.077580000000000000e+05
7.100620000000000000e+05
7.123420000000000000e+05
7.145760000000000000e+05
7.165760000000000000e+05
7.184390000000000000e+05
7.205810000000000000e+05
7.229910000000000000e+05
7.254280000000000000e+05
7.276950000000000000e+05
7.295630000000000000e+05
7.313320000000000000e+05
7.339320000000000000e+05
7.350890000000000000e+05
7.370930000000000000e+05
7.385680000000000000e+05
7.413570000000000000e+05
7.433490000000000000e+05
7.452870000000000000e+05
7.473040000000000000e+05
7.498250000000000000e+05
7.524790000000000000e+05
7.550490000000000000e+05
7.571130000000000000e+05
7.591130000000000000e+05
7.611160000000000000e+05
7.641160000000000000e+05
7.661920000000000000e+05
7.681540000000000000e+05
7.706110000000000000e+05
7.726110000000000000e+05
7.742790000000000000e+05
7.765470000000000000e+05
7.790150000000000000e+05
7.809070000000000000e+05
7.826150000000000000e+05
7.845210000000000000e+05
7.864610000000000000e+05
7.882920000000000000e+05
7.910920000000000000e+05
7.931000000000000000e+05
7.951000000000000000e+05
7.972360000000000000e+05
7.995250000000000000e+05
8.021460000000000000e+05
8.042410000000000000e+05
8.066660000000000000e+05
8.086220000000000000e+05
8.103370000000000000e+05
8.131500000000000000e+05
8.146600000000000000e+05
8.174930000000000000e+05
8.198750000000000000e+05
8.218220000000000000e+05
8.241470000000000000e+05
8.261470000000000000e+05
8.282720000000000000e+05
8.309020000000000000e+05
8.334060000000000000e+05
8.354060000000000000e+05
8.379100000000000000e+05
8.408010000000000000e+05
8.426590000000000000e+05
8.445200000000000000e+05
8.465200000000000000e+05
8.485710000000000000e+05
8.503840000000000000e+05
8.520330000000000000e+05
8.537110000000000000e+05
8.553700000000000000e+05
8.582520000000000000e+05
8.602520000000000000e+05
8.625880000000000000e+05
8.650140000000000000e+05
8.669870000000000000e+05
8.683510000000000000e+05
8.706720000000000000e+05
8.725970000000000000e+05
8.748810000000000000e+05
8.761030000000000000e+05
8.779130000000000000e+05
8.792330000000000000e+05
8.813580000000000000e+05
8.833640000000000000e+05
8.852670000000000000e+05
8.872670000000000000e+05
8.891770000000000000e+05
8.914930000000000000e+05
8.936280000000000000e+05
8.956480000000000000e+05
8.977160000000000000e+05
9.005410000000000000e+05
9.021830000000000000e+05
9.046440000000000000e+05
9.070790000000000000e+05
9.091870000000000000e+05
9.115670000000000000e+05
9.144560000000000000e+05
9.163330000000000000e+05
9.183330000000000000e+05
9.204930000000000000e+05
9.227870000000000000e+05
9.243690000000000000e+05
9.260940000000000000e+05
9.284570000000000000e+05
9.307340000000000000e+05
9.325600000000000000e+05
9.348840000000000000e+05
9.369320000000000000e+05
9.391630000000000000e+05
9.414330000000000000e+05
9.434300000000000000e+05
9.450260000000000000e+05
9.475040000000000000e+05
9.492280000000000000e+05
9.511310000000000000e+05
9.532720000000000000e+05
9.556120000000000000e+05
9.577360000000000000e+05
9.601090000000000000e+05
9.620530000000000000e+05
9.645470000000000000e+05
9.668680000000000000e+05
9.694180000000000000e+05
9.717280000000000000e+05
9.746790000000000000e+05
9.762720000000000000e+05
9.783430000000000000e+05
9.803430000000000000e+05
9.823430000000000000e+05
9.848970000000000000e+05
9.868970000000000000e+05
9.893180000000000000e+05
9.916280000000000000e+05
9.933280000000000000e+05
9.962020000000000000e+05
9.982020000000000000e+05
9.999610000000000000e+05
1.001405000000000000e+06
1.003686000000000000e+06
1.006652000000000000e+06
1.009010000000000000e+06
1.010980000000000000e+06
1.013411000000000000e+06
1.014795000000000000e+06
1.017373000000000000e+06
1.019277000000000000e+06
1.021572000000000000e+06
1.023572000000000000e+06
1.025832000000000000e+06
1.027672000000000000e+06
1.029714000000000000e+06
1.031703000000000000e+06
1.034191000000000000e+06
1.036191000000000000e+06
1.037818000000000000e+06
1.039818000000000000e+06
1.041168000000000000e+06
1.043204000000000000e+06
1.045966000000000000e+06
1.047576000000000000e+06
1.050476000000000000e+06
1.051588000000000000e+06
1.053588000000000000e+06
1.055789000000000000e+06
1.058413000000000000e+06
1.059763000000000000e+06
1.062606000000000000e+06
1.065259000000000000e+06
1.067259000000000000e+06
1.070108000000000000e+06
1.072179000000000000e+06
1.074766000000000000e+06
1.076007000000000000e+06
1.077436000000000000e+06
1.079436000000000000e+06
1.082329000000000000e+06
1.084329000000000000e+06
1.085958000000000000e+06
1.088788000000000000e+06
1.090775000000000000e+06
1.092908000000000000e+06
1.094903000000000000e+06
1.097031000000000000e+06
1.099339000000000000e+06
1.101387000000000000e+06
1.103849000000000000e+06
1.105972000000000000e+06
1.107908000000000000e+06
1.109847000000000000e+06
1.112563000000000000e+06
1.114416000000000000e+06
1.116366000000000000e+06
1.117908000000000000e+06
1.119502000000000000e+06
1.121502000000000000e+06
1.123194000000000000e+06
1.125194000000000000e+06
1.126956000000000000e+06
1.129636000000000000e+06
1.131912000000000000e+06
1.133854000000000000e+06
1.135441000000000000e+06
1.137093000000000000e+06
1.139514000000000000e+06
1.141837000000000000e+06
1.143556000000000000e+06
1.145269000000000000e+06
1.147327000000000000e+06
1.149578000000000000e+06
1.151262000000000000e+06
1.153527000000000000e+06
1.156238000000000000e+06
1.159057000000000000e+06
1.161458000000000000e+06
1.163567000000000000e+06
1.165229000000000000e+06
1.167204000000000000e+06
1.168909000000000000e+06
1.170701000000000000e+06
1.172330000000000000e+06
1.174409000000000000e+06
1.176786000000000000e+06
1.178753000000000000e+06
1.181229000000000000e+06
1.182553000000000000e+06
1.184350000000000000e+06
1.186360000000000000e+06
1.188675000000000000e+06
1.191426000000000000e+06
1.193203000000000000e+06
1.195231000000000000e+06
1.197643000000000000e+06
1.199812000000000000e+06
1.202059000000000000e+06
1.204045000000000000e+06
1.205996000000000000e+06
1.207699000000000000e+06
1.209699000000000000e+06
1.211699000000000000e+06
1.213669000000000000e+06
1.215669000000000000e+06
1.217313000000000000e+06
1.219823000000000000e+06
1.221164000000000000e+06
1.223628000000000000e+06
1.225442000000000000e+06
1.227847000000000000e+06
1.229499000000000000e+06
1.231802000000000000e+06
1.234016000000000000e+06
1.235602000000000000e+06
1.237555000000000000e+06
1.239555000000000000e+06
1.242028000000000000e+06
1.244028000000000000e+06
1.246280000000000000e+06
1.248469000000000000e+06
1.250224000000000000e+06
1.252431000000000000e+06
1.254240000000000000e+06
1.256456000000000000e+06
1.258331000000000000e+06
1.260295000000000000e+06
1.262720000000000000e+06
1.265076000000000000e+06
1.267617000000000000e+06
1.270285000000000000e+06
1.272285000000000000e+06
1.274121000000000000e+06
1.276266000000000000e+06
1.278482000000000000e+06
1.280581000000000000e+06
1.282262000000000000e+06
1.284505000000000000e+06
1.286570000000000000e+06
1.288345000000000000e+06
1.290610000000000000e+06
1.292074000000000000e+06
1.293729000000000000e+06
1.295839000000000000e+06
1.297625000000000000e+06
1.300181000000000000e+06
1.302320000000000000e+06
1.304256000000000000e+06
1.307252000000000000e+06
1.308911000000000000e+06
1.311031000000000000e+06
1.313172000000000000e+06
1.315226000000000000e+06
1.317127000000000000e+06
1.319054000000000000e+06
1.321470000000000000e+06
1.323542000000000000e+06
1.326465000000000000e+06
1.328847000000000000e+06
1.330516000000000000e+06
1.333450000000000000e+06
1.335028000000000000e+06
1.337547000000000000e+06
1.340189000000000000e+06
1.342110000000000000e+06
1.343967000000000000e+06
1.345851000000000000e+06
1.347996000000000000e+06
1.350266000000000000e+06
1.352405000000000000e+06
1.354547000000000000e+06
1.356127000000000000e+06
1.358522000000000000e+06
1.360553000000000000e+06
1.363137000000000000e+06
1.364947000000000000e+06
1.367659000000000000e+06
1.369877000000000000e+06
1.372541000000000000e+06
1.374674000000000000e+06
1.377118000000000000e+06
1.379680000000000000e+06
1.381653000000000000e+06
1.383366000000000000e+06
1.385818000000000000e+06
1.388800000000000000e+06
1.390324000000000000e+06
1.392647000000000000e+06
1.394647000000000000e+06
1.396193000000000000e+06
1.398787000000000000e+06
1.400962000000000000e+06
1.402619000000000000e+06
1.404154000000000000e+06
1.406163000000000000e+06
1.408206000000000000e+06
1.410550000000000000e+06
1.413100000000000000e+06
1.415100000000000000e+06
1.416791000000000000e+06
1.418983000000000000e+06
1.420578000000000000e+06
1.423261000000000000e+06
1.425312000000000000e+06
1.426862000000000000e+06
1.429387000000000000e+06
1.431479000000000000e+06
1.433691000000000000e+06
1.435831000000000000e+06
1.437831000000000000e+06
1.440833000000000000e+06
1.443182000000000000e+06
1.444795000000000000e+06
1.446955000000000000e+06
1.449299000000000000e+06
1.451425000000000000e+06
1.453464000000000000e+06
1.455345000000000000e+06
1.457259000000000000e+06
1.459518000000000000e+06
1.461651000000000000e+06
1.463948000000000000e+06
1.465538000000000000e+06
1.468021000000000000e+06
1.470653000000000000e+06
1.472429000000000000e+06
1.475231000000000000e+06
1.477461000000000000e+06
1.479761000000000000e+06
1.481761000000000000e+06
1.483616000000000000e+06
1.485509000000000000e+06
1.487373000000000000e+06
1.489839000000000000e+06
1.492005000000000000e+06
1.494780000000000000e+06
1.497220000000000000e+06
1.499291000000000000e+06
1.501294000000000000e+06
1.503663000000000000e+06
1.505524000000000000e+06
1.508219000000000000e+06
1.509919000000000000e+06
1.512363000000000000e+06
1.514328000000000000e+06
1.516313000000000000e+06
1.518097000000000000e+06
1.519691000000000000e+06
1.522259000000000000e+06
1.524470000000000000e+06
1.526586000000000000e+06
1.528518000000000000e+06
1.531124000000000000e+06
1.533064000000000000e+06
1.535364000000000000e+06
1.537540000000000000e+06
1.540081000000000000e+06
1.542081000000000000e+06
1.544393000000000000e+06
1.546906000000000000e+06
1.548899000000000000e+06
1.551092000000000000e+06
1.553092000000000000e+06
1.554850000000000000e+06
1.556491000000000000e+06
1.558519000000000000e+06
1.559937000000000000e+06
1.561854000000000000e+06
1.563531000000000000e+06
1.565694000000000000e+06
1.567761000000000000e+06
1.569709000000000000e+06
1.571980000000000000e+06
1.573877000000000000e+06
1.575590000000000000e+06
1.577706000000000000e+06
1.580476000000000000e+06
1.582211000000000000e+06
1.584211000000000000e+06
1.586482000000000000e+06
1.588033000000000000e+06
1.590263000000000000e+06
1.591953000000000000e+06
1.593953000000000000e+06
1.596706000000000000e+06
1.598824000000000000e+06
1.601469000000000000e+06
1.603607000000000000e+06
1.605993000000000000e+06
1.607931000000000000e+06
1.609575000000000000e+06
1.611304000000000000e+06
1.613658000000000000e+06
1.615765000000000000e+06
1.617754000000000000e+06
1.620097000000000000e+06
1.622348000000000000e+06
1.623737000000000000e+06
1.626486000000000000e+06
1.628062000000000000e+06
1.629344000000000000e+06
1.632097000000000000e+06
1.634097000000000000e+06
1.636799000000000000e+06
1.638650000000000000e+06
1.640345000000000000e+06
1.642898000000000000e+06
1.644824000000000000e+06
1.647772000000000000e+06
1.649794000000000000e+06
1.651849000000000000e+06
1.653739000000000000e+06
1.656116000000000000e+06
1.658257000000000000e+06
1.660654000000000000e+06
1.662596000000000000e+06
1.664462000000000000e+06
1.666567000000000000e+06
1.668646000000000000e+06
1.670618000000000000e+06
1.673036000000000000e+06
1.675245000000000000e+06
1.676989000000000000e+06
1.679789000000000000e+06
1.681767000000000000e+06
1.683951000000000000e+06
1.685697000000000000e+06
1.687678000000000000e+06
1.689344000000000000e+06
1.691514000000000000e+06
1.693778000000000000e+06
1.695587000000000000e+06
1.697711000000000000e+06
1.700112000000000000e+06
1.702201000000000000e+06
1.704322000000000000e+06
1.706064000000000000e+06
1.708546000000000000e+06
1.710410000000000000e+06
1.712410000000000000e+06
1.714037000000000000e+06
1.716876000000000000e+06
1.718916000000000000e+06
1.721072000000000000e+06
1.723011000000000000e+06
1.725236000000000000e+06
1.727099000000000000e+06
1.729527000000000000e+06
1.732073000000000000e+06
1.734394000000000000e+06
1.736351000000000000e+06
1.738742000000000000e+06
1.741242000000000000e+06
1.743242000000000000e+06
1.745880000000000000e+06
1.747497000000000000e+06
1.749644000000000000e+06
1.752533000000000000e+06
1.754327000000000000e+06
1.756612000000000000e+06
1.758572000000000000e+06
1.761533000000000000e+06
1.762880000000000000e+06
1.764880000000000000e+06
1.766977000000000000e+06
1.769314000000000000e+06
1.771036000000000000e+06
1.773386000000000000e+06
1.775881000000000000e+06
1.778181000000000000e+06
1.779852000000000000e+06
1.782484000000000000e+06
1.784376000000000000e+06
1.786349000000000000e+06
1.788564000000000000e+06
1.789869000000000000e+06
1.791637000000000000e+06
1.793480000000000000e+06
1.796480000000000000e+06
1.798338000000000000e+06
1.800661000000000000e+06
1.803180000000000000e+06
1.805643000000000000e+06
1.807643000000000000e+06
1.809923000000000000e+06
1.811743000000000000e+06
1.813825000000000000e+06
1.816653000000000000e+06
1.818207000000000000e+06
1.821029000000000000e+06
1.822751000000000000e+06
1.824913000000000000e+06
1.826669000000000000e+06
1.829225000000000000e+06
1.831360000000000000e+06
1.833735000000000000e+06
1.836292000000000000e+06
1.838292000000000000e+06
1.840415000000000000e+06
1.842636000000000000e+06
1.844523000000000000e+06
1.846517000000000000e+06
1.849099000000000000e+06
1.851139000000000000e+06
1.853090000000000000e+06
1.854739000000000000e+06
1.856870000000000000e+06
1.858414000000000000e+06
1.860361000000000000e+06
1.863131000000000000e+06
1.865247000000000000e+06
1.867046000000000000e+06
1.869348000000000000e+06
1.871348000000000000e+06
1.873433000000000000e+06
1.875808000000000000e+06
1.878102000000000000e+06
1.880400000000000000e+06
1.882626000000000000e+06
1.884868000000000000e+06
1.887125000000000000e+06
1.889125000000000000e+06
1.891579000000000000e+06
1.893372000000000000e+06
1.895577000000000000e+06
1.897550000000000000e+06
1.900294000000000000e+06
1.902627000000000000e+06
1.904551000000000000e+06
1.907041000000000000e+06
1.908981000000000000e+06
1.911479000000000000e+06
1.914431000000000000e+06
1.915693000000000000e+06
1.918113000000000000e+06
1.920320000000000000e+06
1.922616000000000000e+06
1.924555000000000000e+06
1.926556000000000000e+06
1.928436000000000000e+06
1.930662000000000000e+06
1.932812000000000000e+06
1.934781000000000000e+06
1.936710000000000000e+06
1.938747000000000000e+06
1.941589000000000000e+06
1.943514000000000000e+06
1.945962000000000000e+06
1.948267000000000000e+06
1.950138000000000000e+06
1.952695000000000000e+06
1.954695000000000000e+06
1.956632000000000000e+06
1.958616000000000000e+06
1.960602000000000000e+06
1.962931000000000000e+06
1.965192000000000000e+06
1.967293000000000000e+06
1.969455000000000000e+06
1.971037000000000000e+06
1.973812000000000000e+06
1.975658000000000000e+06
1.978032000000000000e+06
1.980073000000000000e+06
1.981779000000000000e+06
1.983779000000000000e+06
1.985950000000000000e+06
1.988537000000000000e+06
1.990317000000000000e+06
1.992663000000000000e+06
1.994164000000000000e+06
1.997044000000000000e+06
1.999097000000000000e+06
2.000489000000000000e+06
