-5.555454645354923615e-02
-3.932455554302086848e-02
3.695760987609219006e-01
8.768509724690461971e-01
1.305396510600042692e+00
1.950846885491676286e+00
3.291893471385096692e+00
5.213992604847768497e+00
7.004244608928097193e+00
8.680511347839859226e+00
1.058698931527810316e+01
1.166560844459390012e+01
1.311428819185395156e+01
1.476538501259811298e+01
1.645242141773377753e+01
1.780203357188704061e+01
1.898927929395203051e+01
1.968882344652614691e+01
2.129189220441118735e+01
2.290193117712700399e+01
2.315314134988571837e+01
2.381226699750034470e+01
2.447983129219557341e+01
2.482607011019777943e+01
2.457884926203445985e+01
2.496375374024495031e+01
2.540220758845706683e+01
2.461921859966470905e+01
2.482678471040350843e+01
2.514563553584332567e+01
2.485733810748660133e+01
2.555631002544375363e+01
2.600354404510819606e+01
2.579757863927367367e+01
2.617250428420102537e+01
2.694677656048132519e+01
2.747825419901401744e+01
2.775996059782234937e+01
2.823244186318402527e+01
2.810330778485918302e+01
2.897071401197773000e+01
2.918309059675370065e+01
3.025267232121278838e+01
3.036136929532363737e+01
3.062723267620994605e+01
3.123781668403426437e+01
3.164261336374480749e+01
3.211149929656897228e+01
3.280996101865156334e+01
3.288116544425644605e+01
3.353835788631332093e+01
3.364529880685115160e+01
3.512886442580911250e+01
3.505977163030839705e+01
3.573602438227356259e+01
3.637474941060101941e+01
3.675324465313836697e+01
3.723759349839588850e+01
3.756405325176861254e+01
3.876796837707708221e+01
3.863279660264118576e+01
3.867155265663772212e+01
3.896169406814381375e+01
3.948476993862166751e+01
3.982846020553909483e+01
3.985993858262219902e+01
4.038121481401032042e+01
4.008859101478660847e+01
4.052148402095612312e+01
4.110281956928763947e+01
4.128359593075815326e+01
4.137063783293018560e+01
4.149549078699331517e+01
4.189256369214412246e+01
4.167914945762122159e+01
4.120170213203043375e+01
4.200735268460198313e+01
4.212119459425827017e+01
4.145423156248278218e+01
4.280922604313960278e+01
4.305545342855247526e+01
4.374961841326719991e+01
4.475734217803130122e+01
4.445605548315607081e+01
4.479056166242789772e+01
4.609152729747458466e+01
4.726428141025595409e+01
4.802770864833359354e+01
4.711373753988241475e+01
4.774907910426355784e+01
4.806468256029273078e+01
4.792750350817326677e+01
4.759536536054331179e+01
4.782964150392245983e+01
4.993444016119344298e+01
5.141207131043647394e+01
5.291977767842706015e+01
5.298941383406038597e+01
5.314050218348545940e+01
5.543784356868575003e+01
5.667709001181027872e+01
5.725204837553496873e+01
5.904168420886890800e+01
6.171140207094921948e+01
6.204161829680021611e+01
6.273209376684766880e+01
6.155421414174838901e+01
6.174352004377578140e+01
6.192186748601952218e+01
6.295472762870161176e+01
6.367017884870256950e+01
6.397913104635316728e+01
6.314877786721041275e+01
6.335777185011348678e+01
6.298074147938479683e+01
6.200195344427535105e+01
6.086577501138776825e+01
6.071798637432048906e+01
6.106582047012071257e+01
6.019832353984131856e+01
5.879322732520525108e+01
5.879175309738323563e+01
5.853904879089590452e+01
5.952754525715353395e+01
6.065136766489175812e+01
6.299429226142150640e+01
6.360490162052832375e+01
6.407113177343265420e+01
6.576551718312146022e+01
6.678512562114859463e+01
6.764674205865325973e+01
6.924006296850501485e+01
6.964519486891866507e+01
7.221746415540900443e+01
7.328944657710464128e+01
7.461285444872518724e+01
7.562574743684903922e+01
7.496412356678779076e+01
7.404479331361989125e+01
7.477687101148951854e+01
7.521812581416607202e+01
7.580326419948127636e+01
7.626132164324549478e+01
7.791315727740462194e+01
7.894591622181015111e+01
7.956526028033400166e+01
8.041258534984571327e+01
8.115759754011314442e+01
8.035360651287999190e+01
8.116426113674594944e+01
8.117810119646284761e+01
8.137574492302481133e+01
8.080979572851445880e+01
8.032493023852697434e+01
7.931577620085228375e+01
7.946543749045095240e+01
7.965273883190117488e+01
7.885699790872814674e+01
7.739427134265660868e+01
7.791696074401245653e+01
7.738973007890753308e+01
7.779005425385048511e+01
7.880744538850572667e+01
8.045786162150245957e+01
7.926111537958547615e+01
8.211085662185621459e+01
8.287285849729127563e+01
8.649210045802725233e+01
8.728937302046433899e+01
9.044292721376666577e+01
9.514287748812408552e+01
9.716822476262409225e+01
9.892548746976288498e+01
1.020495727672938244e+02
1.033456923869130293e+02
1.062876684686548288e+02
1.081809890762555000e+02
1.093463975602878833e+02
1.117242874580154250e+02
1.146078865049543651e+02
1.160485935321257642e+02
1.183560303314952762e+02
1.202595223536313114e+02
1.210604023988705364e+02
1.209880159368650681e+02
1.232449299209967251e+02
1.244918406394555319e+02
1.237032904207894290e+02
1.262208100233977888e+02
1.283885770903426931e+02
1.263711811432468011e+02
1.272413709582284298e+02
1.273846797818520287e+02
1.298152260024705811e+02
1.298465413571232716e+02
1.301597412713671531e+02
1.292455555944354728e+02
1.313905265972873337e+02
1.304000125449267387e+02
1.286233247699799449e+02
1.296356480658069188e+02
1.306002806470710027e+02
1.331313813676807456e+02
1.369302069046085251e+02
1.354773755228195284e+02
1.379867850499682618e+02
1.390222910747255014e+02
1.436453484417027653e+02
1.468685838611688155e+02
1.481040337463010417e+02
1.489970344797472990e+02
1.506862862127927656e+02
1.505857220285472522e+02
1.500752362576713779e+02
1.492204819003842431e+02
1.479855558448263935e+02
1.508274481430959213e+02
1.492211437078623248e+02
1.510461580143283697e+02
1.541196601313059773e+02
1.571718405300137817e+02
1.563925509672266969e+02
1.601841244505577038e+02
1.610699571616998469e+02
1.635013504919590446e+02
1.635788666905746993e+02
1.652400223432861139e+02
1.605989060633176564e+02
1.652587937371826285e+02
1.645606666655094159e+02
1.656926119004297675e+02
1.657448535420848827e+02
1.639350343106762011e+02
1.635993323948814862e+02
1.630495130643736559e+02
1.629610975827534958e+02
1.654651054674519060e+02
1.671992648217629949e+02
1.706010317791712509e+02
1.690782332654293043e+02
1.681431405730467077e+02
1.633949544316104721e+02
1.622861958153663124e+02
1.637834316423843859e+02
1.609633284466886209e+02
1.572041296305299625e+02
1.543917780964863482e+02
1.480836429576590376e+02
1.462757700749087064e+02
1.478116064701304708e+02
1.484301281639432375e+02
1.431610533808069476e+02
1.399085956722763058e+02
1.425101471241609090e+02
1.387772734797141254e+02
1.399330581143303505e+02
1.367015863543167598e+02
1.336443862902269757e+02
1.310800736539953562e+02
1.344705562711625078e+02
1.365456324393990428e+02
1.400936921310503749e+02
1.444696742754844081e+02
1.454052056878871610e+02
1.479993296224768642e+02
1.502581380094076167e+02
1.514091674858011629e+02
1.510752982605113459e+02
1.533352938591025918e+02
1.571180349980245410e+02
1.604751072712442976e+02
1.607161752042095486e+02
1.635612512657705793e+02
1.643143483930559512e+02
1.650923090271350020e+02
1.671826601037378737e+02
1.671262802120447759e+02
1.697570684336518809e+02
1.696664436332884236e+02
1.691024986382252280e+02
1.700260114044339161e+02
1.720915483480220018e+02
1.726211402347031481e+02
1.765873815204596156e+02
1.755349205368814864e+02
1.723562517545239530e+02
1.716644979879807238e+02
1.736529749672112359e+02
1.734967864468961238e+02
1.714416213497943033e+02
1.699868948660595152e+02
1.716619939736682738e+02
1.755578464804883367e+02
1.753895331657191150e+02
1.794804246676517607e+02
1.812973951574910529e+02
1.793321429938239078e+02
1.814258675183805849e+02
1.847740005745012581e+02
1.838264449033274275e+02
1.818453041975783719e+02
1.856565408390211758e+02
1.859166677810964643e+02
1.856050878749473725e+02
1.882046962322578452e+02
1.869689262673427663e+02
1.888181075049786557e+02
1.888896892907085601e+02
1.916712945273706623e+02
1.935850525578958923e+02
1.917796586870090323e+02
1.926347842248884490e+02
1.963928862686477430e+02
1.944218125387701832e+02
1.924539311114479005e+02
1.954691162601692156e+02
1.967920306078613919e+02
1.909928745783037414e+02
1.851601857542918594e+02
1.819631327094257074e+02
1.804815496911260482e+02
1.791011034612316450e+02
1.764114256115597641e+02
1.776369052176713410e+02
1.788194249046979394e+02
1.741544774406847580e+02
1.738607140946236314e+02
1.682766306105000069e+02
1.686557430285628243e+02
1.704050241145252187e+02
1.684468252252414402e+02
1.676470458144940494e+02
1.680496002002001887e+02
1.674074218443705035e+02
1.706408822199620374e+02
1.736366356333801093e+02
1.752764079919681137e+02
1.786289692745878313e+02
1.739286284421602886e+02
1.715240547763936831e+02
1.735187498679352984e+02
1.755868703182633794e+02
1.790574179258471474e+02
1.850101860326730332e+02
1.863984326296373979e+02
1.907606292197595508e+02
1.910793613151440411e+02
1.942201614582681941e+02
1.936440122245773523e+02
1.931318929255479873e+02
1.962259292706981455e+02
1.981141574053151544e+02
2.029442189396005176e+02
2.067577458187793411e+02
2.099955213085497974e+02
2.138503380333754365e+02
2.178647070843661027e+02
2.192518701314194516e+02
2.230050349098158904e+02
2.269305116353922074e+02
2.303441607481994424e+02
2.366513398719881422e+02
2.365235366401329031e+02
2.408127262497272341e+02
2.421506984796984341e+02
2.449450104434733930e+02
2.484210694495188250e+02
2.501249543347657038e+02
2.518336443177758781e+02
2.547451879475577243e+02
2.585189780699305402e+02
2.617677531147173227e+02
2.680254272618956861e+02
2.683552612242988857e+02
2.742772984539162735e+02
2.744656043184545524e+02
2.765050857697374340e+02
2.799620197219584838e+02
2.804550612903149727e+02
2.856280488232530956e+02
2.851619860766326155e+02
2.837553653128767905e+02
2.892909688287308541e+02
2.902946126335753547e+02
2.937431834404944198e+02
2.941323427509643693e+02
2.948641277514955732e+02
2.966313331045812447e+02
2.964339001280208663e+02
2.952740898639448801e+02
2.943824171690430944e+02
2.968123245620330408e+02
3.006825027888407362e+02
3.026664015188767394e+02
3.045983384565666938e+02
3.033333652482100433e+02
2.986324092553126661e+02
2.977616293053819163e+02
2.991099829239462338e+02
2.949371562591406359e+02
2.980735446343458079e+02
3.005192086044247617e+02
2.934334185415283969e+02
2.904515028963722330e+02
2.890723013091486564e+02
2.830054603846360237e+02
2.783062911762040130e+02
2.802248179929513867e+02
2.791116896162651528e+02
2.810033456527978615e+02
2.821531194774353821e+02
2.808096091720848335e+02
2.809908049117208293e+02
2.806282667502412664e+02
2.823127721461914348e+02
2.855384182300747966e+02
2.871226510065517346e+02
2.852371562947561188e+02
2.864540305248175400e+02
2.839711542606120815e+02
2.871751335719579856e+02
2.894560859401398147e+02
2.896162860872663600e+02
2.859803012180927340e+02
2.869559179229469237e+02
2.873981943111569421e+02
2.893250466389754365e+02
2.896774158207639971e+02
2.866707599438947227e+02
2.829961323406137126e+02
2.840480480331482909e+02
2.848987639642114686e+02
2.875273053561691654e+02
2.890744976561815065e+02
2.883147723096665800e+02
2.853137511016997792e+02
2.848355278274519264e+02
2.853485782258256904e+02
2.915450941016304682e+02
2.947772945241470097e+02
2.910741601352229395e+02
2.932087408492910185e+02
2.954175540405461788e+02
2.979859961773910300e+02
3.016343107018032015e+02
3.040759752489928474e+02
3.019521215932518885e+02
2.998056373989492727e+02
2.964418195811483088e+02
3.025918198262174315e+02
3.000929533450467943e+02
2.933232064857062937e+02
2.924019292511950425e+02
2.855854175340771803e+02
2.834876133680863290e+02
2.834160598493602947e+02
2.833288422817957439e+02
2.835419598242987149e+02
2.845296878050963869e+02
2.822841892210107630e+02
2.804610080451503222e+02
2.837897445520911219e+02
2.778026427188996195e+02
2.797916759370947943e+02
2.720891825449674570e+02
2.751135897275782440e+02
2.741889327788434798e+02
2.739856718804549587e+02
2.777999622012063128e+02
2.775608147335539684e+02
2.739834071763177121e+02
2.694569960002224320e+02
2.701498467148404643e+02
2.720757663803822197e+02
2.721739945032272772e+02
2.733577158205892488e+02
2.686282857822116625e+02
2.689919740647075059e+02
2.694467198648475232e+02
2.722901887914798635e+02
2.746494989761103511e+02
2.721371808058329407e+02
2.680304530165318511e+02
2.708631554566888440e+02
2.729042181865965517e+02
2.734209879061933179e+02
2.776088753259359692e+02
2.747838466337934165e+02
2.697711740178905302e+02
2.691269747624656361e+02
2.703738469718185229e+02
2.690683630199071672e+02
2.714428616964516436e+02
2.748476773226789192e+02
2.739836749994203160e+02
2.761567620945203316e+02
2.800230192569551946e+02
2.807389960382957952e+02
2.802808871614400914e+02
2.855171998019731632e+02
2.876354685079701312e+02
2.892403482889644692e+02
2.893901887269711892e+02
2.882752032654248637e+02
2.924670339055235786e+02
2.933372498129044175e+02
2.947518914000848440e+02
2.926247137056172392e+02
2.980423791101452480e+02
2.949672348120941479e+02
2.986011549876258755e+02
2.970465349987989043e+02
3.006828842942275628e+02
2.983372439330564703e+02
2.946266818991146579e+02
2.943656000906779582e+02
2.962405508230429518e+02
2.987495670141720439e+02
3.014834426967423724e+02
3.029196153658617163e+02
3.032202395532174819e+02
2.982842762283135585e+02
3.010423146249195838e+02
2.998181180311085541e+02
3.038169503122160791e+02
2.968908406077385962e+02
3.006184667129972468e+02
2.979269380008674375e+02
2.999055585877845260e+02
2.984969731790695278e+02
3.009179561920958008e+02
3.010707961324339976e+02
3.027194631465497423e+02
3.035782267688048819e+02
3.040144093480490710e+02
3.072212461083148582e+02
3.073577339844866287e+02
3.044033115115454962e+02
3.049073559405240417e+02
3.038536759270045309e+02
3.047879083743130195e+02
3.083132702791718316e+02
3.022051727714022036e+02
3.083731956499763669e+02
3.144221909685064702e+02
3.117504530886498628e+02
3.111116280729286245e+02
3.128615223877876019e+02
3.113460831328573022e+02
3.114736766047242327e+02
3.113723277453617584e+02
3.107652149458960480e+02
3.137230808352169902e+02
3.122613547418565076e+02
3.124937086235689776e+02
3.156986356969484859e+02
3.135201448900758123e+02
3.071558601166175322e+02
3.093224090387301999e+02
3.094171590182378964e+02
3.142637876725408432e+02
3.145354344838919474e+02
3.122566325526993865e+02
3.118269499177999933e+02
3.188574198636308097e+02
3.178382124483528059e+02
3.177737046789757187e+02
3.110754625707239711e+02
3.079043468921661315e+02
3.127198513170949923e+02
3.146977423285655959e+02
3.113985488865096727e+02
3.101094213947691287e+02
3.059320150233775735e+02
3.043966382040275676e+02
3.052601250764214456e+02
3.014945453065787433e+02
3.040658681961263596e+02
3.014602541313148549e+02
3.038285336378793886e+02
3.049930228670275483e+02
3.061793286159927447e+02
3.051099438575296290e+02
3.041617875895510679e+02
3.057476788684112989e+02
3.055981339814257467e+02
3.061865568866092531e+02
3.074693501064464840e+02
3.073262615725263913e+02
3.095508058789019969e+02
3.098235740929851545e+02
3.149489498768752469e+02
3.122306314364432751e+02
3.085664238026172370e+02
3.088961627058012027e+02
3.136872394418257386e+02
3.133482273283318591e+02
3.118478679242900284e+02
3.108225392893527328e+02
3.077400301791934680e+02
3.140204004788564589e+02
3.177942795383366388e+02
3.099190839356434140e+02
3.105322253544899240e+02
3.078868804158854005e+02
3.141168163553535351e+02
3.129812753522221556e+02
3.041955266602511188e+02
3.008977842941382619e+02
3.050690278584576731e+02
3.054027229191957531e+02
3.088958389028873057e+02
3.030073415803514081e+02
3.001437636364607329e+02
3.031373450443644515e+02
3.037959412468093774e+02
2.897822285430378884e+02
2.906063973371053066e+02
2.946014007974295055e+02
2.933415909093926643e+02
2.883491394569648492e+02
2.886129834740133902e+02
2.931070278484660321e+02
2.932758297161154246e+02
2.899261218535481248e+02
2.808552609166445109e+02
2.789526301396836629e+02
2.647758911961907984e+02
2.659957842549824818e+02
2.653769663276131041e+02
2.693467860949738792e+02
2.697757751035140359e+02
2.700628326654973534e+02
2.730427546172114148e+02
2.786851104322611263e+02
2.789860681308854851e+02
2.839363054017360355e+02
2.898433343102855702e+02
2.840320936919083579e+02
2.836175743426208555e+02
2.893755781666461644e+02
2.941645345743003759e+02
3.013168708708661825e+02
2.953131914841503658e+02
2.866428852732492487e+02
2.917262402675986550e+02
2.847388564581440846e+02
2.792047380873909219e+02
2.843429062189511569e+02
2.913764817615189600e+02
2.898554212191833130e+02
2.856686741959535993e+02
2.889609174177055024e+02
2.872860707668190798e+02
2.865949195814059181e+02
2.800577402217074905e+02
2.832279992445355106e+02
2.895661406061573189e+02
2.934749701019812846e+02
2.880277459413410952e+02
2.965183047350857919e+02
3.008330723441758892e+02
2.979826737583711065e+02
3.004978779100129600e+02
2.962320384243816989e+02
2.923792741794072185e+02
2.894306948390118350e+02
2.881919919188994186e+02
2.865661302352926327e+02
2.866810926248256237e+02
2.836576203943285464e+02
2.878775943808194029e+02
2.906051152850696440e+02
2.931650525789612516e+02
2.898924223509949343e+02
2.890829035049792424e+02
2.882734200071627129e+02
2.903260312726464463e+02
2.951097000421413554e+02
2.969451263480232797e+02
3.012483201838549007e+02
3.079649348519469640e+02
3.089864270694626498e+02
3.105674769747290611e+02
3.138796217528685020e+02
3.111771308913124017e+02
3.102628874545158624e+02
3.167261163509222115e+02
3.152351748610258824e+02
3.146621473756025580e+02
3.141321553186226652e+02
3.169720626713242382e+02
3.226017417314514546e+02
3.237484038360948944e+02
3.248124265942223587e+02
3.307141558626306050e+02
3.263637005395813731e+02
3.261346358146431612e+02
3.286888918884247914e+02
3.343171967564230158e+02
3.375323707768066583e+02
3.370863241414436970e+02
3.381524210871970695e+02
3.394174617458056105e+02
3.409739445248151810e+02
3.374926690679249646e+02
3.357228089117641616e+02
3.358596757133176425e+02
3.360926929178580167e+02
3.359606548350026287e+02
3.372718792472016389e+02
3.376580498073388412e+02
3.413629895597811128e+02
3.423085727361080899e+02
3.439310057279752755e+02
3.402976747061217679e+02
3.392406871928170062e+02
3.424250445557153739e+02
3.254092011559030766e+02
3.253207263348620586e+02
3.282680841015670694e+02
3.291054892191794465e+02
3.329332869789545839e+02
3.350658785342551482e+02
3.367161472963188658e+02
3.382409811272657407e+02
3.415150687436957355e+02
3.418952372393366659e+02
3.421405182349408847e+02
3.387892719893362141e+02
3.392558632866216612e+02
3.348994572714320270e+02
3.349873885413304606e+02
3.374316292550649905e+02
3.355137256609845622e+02
3.330708055142754347e+02
3.317718490607950912e+02
3.278974188769791454e+02
3.336706473384671199e+02
3.364004091068457001e+02
3.402011149912219707e+02
3.420244394522965194e+02
3.423119515415555156e+02
3.427993841270366033e+02
3.448219628022614529e+02
3.416604382269306370e+02
3.386273658394117092e+02
3.397036161065062174e+02
3.412462871778002409e+02
3.413710572941386090e+02
3.379587984493290378e+02
3.379901298197263486e+02
3.367179292298338282e+02
3.379393063578386318e+02
3.329346591559140620e+02
3.289789987077606384e+02
3.394722746687982635e+02
3.420785805556324135e+02
3.455828651551769326e+02
3.416311515327521420e+02
3.424544695580017333e+02
3.403158706429667859e+02
3.399776464791825106e+02
3.370897101247769001e+02
3.310297439746240116e+02
3.306311638434734732e+02
3.303742812395592523e+02
3.316728501881303259e+02
3.267343709036320547e+02
3.250118542152831083e+02
3.274698089468299713e+02
3.308532165100002089e+02
3.323237853871672201e+02
3.335158982025935188e+02
3.345547761244597496e+02
3.353052052136149541e+02
3.365747027171712489e+02
3.357453907513934155e+02
3.380787933685820690e+02
3.355745671835877033e+02
3.370872384906283514e+02
3.428376794055995447e+02
3.376671332227581956e+02
3.413328873814322151e+02
3.387453100218925783e+02
3.395861842433043876e+02
3.364237158542007933e+02
3.366001234145685430e+02
3.336998547922971170e+02
3.400542593572248506e+02
3.399835380143273369e+02
3.397875203038438485e+02
3.418802124649989196e+02
3.465766335912648515e+02
3.537883150464607525e+02
3.517481186483180977e+02
3.551255084569490350e+02
3.551843843304330903e+02
3.546495021754266759e+02
3.543435528716402700e+02
3.519787973852319283e+02
3.520154151304016636e+02
3.550537740802007534e+02
3.582937892572848568e+02
3.531533715271160077e+02
3.555401400567792507e+02
3.604098878987221042e+02
3.596273948580741262e+02
3.639815022651087020e+02
3.620621470040366603e+02
3.617585069529094426e+02
3.632448572097632677e+02
3.615183643031760425e+02
3.592361421802675068e+02
3.610892002399207286e+02
3.593327831320150949e+02
3.571373484327326082e+02
3.541471219138293236e+02
3.545050909233441985e+02
3.541677470258301810e+02
3.573137069968395849e+02
3.538318675603234169e+02
3.536373286971171410e+02
3.548259242904302937e+02
3.572050605522100568e+02
3.567789142579203485e+02
3.598395795150935896e+02
3.590809566918964038e+02
3.541498525950285625e+02
3.521694713851297251e+02
3.531750752516236957e+02
3.536122690353270173e+02
3.509423229222705913e+02
3.533793932858997096e+02
3.503352608657291398e+02
3.511965829268322636e+02
3.569112432453885617e+02
3.594617944689707656e+02
3.614098303203536489e+02
3.614628235965676595e+02
3.603694578829947659e+02
3.550054354173233833e+02
3.545183980670997244e+02
3.570461125019349993e+02
3.550057540600537891e+02
3.550542724986438543e+02
3.542457083512072131e+02
3.498330476502192141e+02
3.497037242318960466e+02
3.513966122584229197e+02
3.538895095157999435e+02
3.533680258169476360e+02
3.546503562721217122e+02
3.524995365190063694e+02
3.493441985408646246e+02
3.555342659936723635e+02
3.552624293819047239e+02
3.529168686629251965e+02
3.528234887812814691e+02
3.526315210293957421e+02
3.524459656982276670e+02
3.552627003054238344e+02
3.543049329442268345e+02
3.458557204001202763e+02
3.418289673449310158e+02
3.410772321779295453e+02
3.459323569062755155e+02
3.460783283284034155e+02
3.374036815801653120e+02
3.352467540697940649e+02
3.352144174628987230e+02
3.339613805252894849e+02
3.270358744100366266e+02
3.255449214572861365e+02
3.237546556701878444e+02
3.241445786082546192e+02
3.266477073629685606e+02
3.274217645440801334e+02
3.290010142008081289e+02
3.253999618277687205e+02
3.264866426512544990e+02
3.194690432622393814e+02
3.230376943523439195e+02
3.263841979555451758e+02
3.269266914715725534e+02
3.248608278854540572e+02
3.209214240557363382e+02
3.215351824406830588e+02
3.200471598644750770e+02
3.173987154469011784e+02
3.221752288117292551e+02
3.167027756146118804e+02
3.174714551822175963e+02
3.152860997025307483e+02
3.176592722248799419e+02
3.193633888085453236e+02
3.237039829672290807e+02
3.142899692715974993e+02
3.158628921439080841e+02
3.169507752082622005e+02
3.123183892655005707e+02
3.098864325795096875e+02
3.113479796926301901e+02
3.139519284580914018e+02
3.161924613861186799e+02
3.148364028005759678e+02
3.136792747460341957e+02
3.146743597504768104e+02
3.171297479525885592e+02
3.187590203444517556e+02
3.225511981898356453e+02
3.179701108306196033e+02
3.220867181578986447e+02
3.215840278211828149e+02
3.179768386912932101e+02
3.174469438855367684e+02
3.228103793572815903e+02
3.257985216402946094e+02
3.242475910845332123e+02
3.241923798678634512e+02
3.275617663196506442e+02
3.252870963925533374e+02
3.281822438600788132e+02
3.272792004634974887e+02
3.235100490022325630e+02
3.268184829975793946e+02
3.271493735377788994e+02
3.309959300089818157e+02
3.259170585047590407e+02
3.280853771175817428e+02
3.321589917429863021e+02
3.284888184875284196e+02
3.305527228395180259e+02
3.330316025170934608e+02
3.385896642704882993e+02
3.414402027609764900e+02
3.391990452595273950e+02
3.423487220697123234e+02
3.474264292399898295e+02
3.483297866768197650e+02
3.494629435827424686e+02
3.483796165111908181e+02
3.433158239199331092e+02
3.485611123017590671e+02
3.509812870037490029e+02
3.533586327089716406e+02
3.510498389506155377e+02
3.422861938839080267e+02
3.468609731127138502e+02
3.466347605643850898e+02
3.464919880204331548e+02
3.507978079490579830e+02
3.479490993729334036e+02
3.445081674648235435e+02
3.426035833742477053e+02
3.457396865319141739e+02
3.483510039798163689e+02
3.451888048815354182e+02
3.391951984936969779e+02
3.406635904479773558e+02
3.355122915331911031e+02
3.356679241915264242e+02
3.338668236131033495e+02
3.348885051805787043e+02
3.336957362577203980e+02
3.386836755303161794e+02
3.399744777960555098e+02
3.376506726159763616e+02
3.400640302065050378e+02
3.410382730140375429e+02
3.383759370232484116e+02
3.368567346567039067e+02
3.348880513065673767e+02
3.373809194445217372e+02
3.260932479732211959e+02
3.261087982866886250e+02
3.279534609250664516e+02
3.290301909048578750e+02
