-1.321479735025382629e-01
-6.940579237097216359e-02
2.132044789766344151e-01
2.323046063002058015e-01
8.831207988465066272e-01
1.069657293773458306e+00
1.252372019735576769e+00
1.912136804886662045e+00
2.717911916919485193e+00
3.131596079731581828e+00
3.943044652957700791e+00
4.989664106751150463e+00
5.290802167750467078e+00
6.961241074788526717e+00
7.673483670625134145e+00
8.518139504015850960e+00
9.481382183885960657e+00
1.069157810330324487e+01
1.213021730458015313e+01
1.355073466570198448e+01
1.434220015636807588e+01
1.572124466100313001e+01
1.730841796919615660e+01
1.795361225613915934e+01
1.857844252150776043e+01
1.951154666672486115e+01
2.053188018277900184e+01
2.091256204576976074e+01
2.175694361665606280e+01
2.172279693653732480e+01
2.152781725222434517e+01
2.194600365880831916e+01
2.253751057921108725e+01
2.366989335660946736e+01
2.430487281184163706e+01
2.538182388656014510e+01
2.604855794001057845e+01
2.598195381385555791e+01
2.693477902186784334e+01
2.729676337982348144e+01
2.770868618044864107e+01
2.912826195218643477e+01
2.859564330822726674e+01
2.944839875689521591e+01
2.921747745336510960e+01
2.956100024968841922e+01
3.044539242864872008e+01
3.071507601137081878e+01
3.059989583170719030e+01
3.126598077878600179e+01
3.032433946513441825e+01
2.938885391757765930e+01
2.905783809667897444e+01
2.927158529582101565e+01
2.920955711649317976e+01
2.923115981193531354e+01
2.980049830359752860e+01
2.978078932570490878e+01
2.956922192623784085e+01
3.018043101206012224e+01
3.056351733996035236e+01
3.105206845746032585e+01
3.119054802375166346e+01
3.128309566724390223e+01
3.123015564762118146e+01
3.141660295826755700e+01
3.237551706573696464e+01
3.314347991875355603e+01
3.381659350306981082e+01
3.386906697173805725e+01
3.425055122538158514e+01
3.503255651723445396e+01
3.558383693132888936e+01
3.558057072220776007e+01
3.536010939062445146e+01
3.469341581136274044e+01
3.445921994465135896e+01
3.361339345075963791e+01
3.387219593235466419e+01
3.325287468130964186e+01
3.362606006362475597e+01
3.390060720573911368e+01
3.382211368868116352e+01
3.398798182285901248e+01
3.375052232741587943e+01
3.415066981177228911e+01
3.397321277371786152e+01
3.400296244088055886e+01
3.432393953622793248e+01
3.403149668528664762e+01
3.367203393376951936e+01
3.318127485286201761e+01
3.342450871839099591e+01
3.358257921482959318e+01
3.350805489809732762e+01
3.378709145081991494e+01
3.436810302103287995e+01
3.454360177323005843e+01
3.506105625098089007e+01
3.615733982518597855e+01
3.698272231740811122e+01
3.663637116916713410e+01
3.688055673306533322e+01
3.663737871982169736e+01
3.529056010581312108e+01
3.534726781789846228e+01
3.474467122227904525e+01
3.460480705939817625e+01
3.489182773787559455e+01
3.518272875119712495e+01
3.535863403034628050e+01
3.587323179241982984e+01
3.628904687485047020e+01
3.671156943073660273e+01
3.716928488297470068e+01
3.766819190744406853e+01
3.738122509081574663e+01
3.739330530008825804e+01
3.814611261064301573e+01
3.752264984855054308e+01
3.754283093009042460e+01
3.703708582504862790e+01
3.678243804465660105e+01
3.616888826030189819e+01
3.646869917095727232e+01
3.561885068805690224e+01
3.579925234586227134e+01
3.605231877097100579e+01
3.661695853432554060e+01
3.732821487777962943e+01
3.797402937999464001e+01
3.887274051026380306e+01
3.894568260901311163e+01
3.931585080059510062e+01
3.961855602637223228e+01
3.997412035595412760e+01
4.023827556563666263e+01
3.980879228057625596e+01
3.930102437863479992e+01
3.868743388477776080e+01
3.855952520344423107e+01
3.826422208335619501e+01
3.853956850144603408e+01
3.845529547545045546e+01
3.876720566921306244e+01
3.930802109250567611e+01
3.996606587196204430e+01
4.075103986692318614e+01
4.122138200526448770e+01
4.201610470101948636e+01
4.233973990082034788e+01
4.268880431662534392e+01
4.228160418566908163e+01
4.291584701178621941e+01
4.264653975903730299e+01
4.295738757202190072e+01
4.249900113993465567e+01
4.206327393829477046e+01
4.226122520511491842e+01
4.242938899715019119e+01
4.349867924384555096e+01
4.373988507248337498e+01
4.401424102545774986e+01
4.378112319848742828e+01
4.405137474424521571e+01
4.490319425934554687e+01
4.552980658815510395e+01
4.559976280653643954e+01
4.516987961964117204e+01
4.349038278084282894e+01
4.355325665035765326e+01
4.408287223185423187e+01
4.500833146683449826e+01
4.537442775700215236e+01
4.538909360231094325e+01
4.564521724530072078e+01
4.579818228509913780e+01
4.643121542218033682e+01
4.707449694404123619e+01
4.666394109802322276e+01
4.702779947424872375e+01
4.712562138817806101e+01
4.668655968498120501e+01
4.722576025450474191e+01
4.730426406222452584e+01
4.791080351711505614e+01
4.853808399371221327e+01
4.927817116721125501e+01
5.011799552883699249e+01
5.056977886173783077e+01
5.136175374095201107e+01
5.186610025005556679e+01
5.239286951098704748e+01
5.261706896666928657e+01
5.299250164387481021e+01
5.336803727214385873e+01
5.346438817426607670e+01
5.445871433665347183e+01
5.404502141755759226e+01
5.428059734063445063e+01
5.433249337937346013e+01
5.439735146389021025e+01
5.499558070479288574e+01
5.548729637789354285e+01
5.571508421813994261e+01
5.527173234918060984e+01
5.556459493008074446e+01
5.568589377114914640e+01
5.593337766175458370e+01
5.549699109541177933e+01
5.532836223600128278e+01
5.632939460018778277e+01
5.544261546873203628e+01
5.509613449282954178e+01
5.500035609451042262e+01
5.565559589336728408e+01
5.551128675232916265e+01
5.592386940051255806e+01
5.635550044580626405e+01
5.662528200357437669e+01
5.773494010288131051e+01
5.699046469341062249e+01
5.736765916842492175e+01
5.832201841631577821e+01
5.943080917679957764e+01
5.895750214657346788e+01
6.012806294928665096e+01
6.030311479899076232e+01
6.129321776672406230e+01
6.130901801414031382e+01
6.050526968353828039e+01
6.062257153495081496e+01
6.291475141404924187e+01
6.275542770254186564e+01
6.203107297015066024e+01
6.286588499781000650e+01
6.307326855845636260e+01
6.228012155823778784e+01
6.152525621011849921e+01
6.173494849122407402e+01
6.119576916933001343e+01
6.109780003897017053e+01
6.007217853757879311e+01
6.007160564282396820e+01
6.082544689279759353e+01
6.087458570124865531e+01
6.019627673424475489e+01
5.968389457746066284e+01
5.960428156674656464e+01
6.029389842148410139e+01
6.139859665701715130e+01
6.175409364002549495e+01
6.287556272321415918e+01
6.366456400762016443e+01
6.537220196998950428e+01
6.581675901123752226e+01
6.546130386819532987e+01
6.522714190927189293e+01
6.662683534109939387e+01
6.664837014716036379e+01
6.675629046089539997e+01
6.670534901259156868e+01
6.632005374168481637e+01
6.604891458189625553e+01
6.611152284654711764e+01
6.478675503390724089e+01
6.527046184654733452e+01
6.597746580647549308e+01
6.725092436359534531e+01
6.756225992343703979e+01
6.847854876685229897e+01
6.919673583486076041e+01
6.875400351668923804e+01
6.943705828516871748e+01
7.230204533886666241e+01
7.346384563735522022e+01
7.502267562723982053e+01
7.519266632580881549e+01
7.466118202600323173e+01
7.513301463736758024e+01
7.584934340028841859e+01
7.555297907995017681e+01
7.591432200375577111e+01
7.523262861890711406e+01
7.610606545725546823e+01
7.552846834164431300e+01
7.328517107307277456e+01
7.346632514068062392e+01
7.273842334531785525e+01
7.370455770032411635e+01
7.313240398034736245e+01
7.362498466915756978e+01
7.477485414830161403e+01
7.508369509183523860e+01
7.530214258526528681e+01
7.709380426795995334e+01
7.705312037852166895e+01
7.883744472111747825e+01
8.234842950580510035e+01
8.366701573506843204e+01
8.425564085688742466e+01
8.456427740049086594e+01
8.722157593935382636e+01
8.701811732949759914e+01
8.741214437709986385e+01
8.740987778324209501e+01
8.696593590668135221e+01
8.615939519030830240e+01
8.598155217331810718e+01
8.903248253006015034e+01
9.122635036326086322e+01
8.973700775670414487e+01
8.944305432650877208e+01
8.913076542114868062e+01
9.011398202510090982e+01
9.022229148810839661e+01
8.990457374318812356e+01
9.116781890484199380e+01
9.198043357209854776e+01
9.276087625094359623e+01
9.332208782205536579e+01
9.492443084325640257e+01
9.645336309348175519e+01
9.962364239387026998e+01
1.019677030724247260e+02
1.001301723623905815e+02
1.002081230664513214e+02
1.010044649876465996e+02
9.990272048142622907e+01
1.004000215280026538e+02
1.018902724989499973e+02
1.030650797284047258e+02
1.035718592377553051e+02
1.007415804629522000e+02
9.857424788512108194e+01
9.891645980388445025e+01
9.766376492656229402e+01
9.768643044363017225e+01
9.866324050461682305e+01
9.517226133289190670e+01
9.482921421143505825e+01
9.503682791032522914e+01
9.650016587565910697e+01
9.724686414556495606e+01
9.985481730081932028e+01
9.885783643851227964e+01
9.928858014744929505e+01
1.015177016129025276e+02
1.005268556548276564e+02
1.006455842668088536e+02
1.029583324781842748e+02
1.026338983481744975e+02
1.047965120722855801e+02
1.075032851908374880e+02
1.079185051004655662e+02
1.054975645111172895e+02
1.063113482318379823e+02
1.070231975722509361e+02
1.061507837983485416e+02
1.074599899865515482e+02
1.083814032626989672e+02
1.075579289560437672e+02
1.096789743704053990e+02
1.071144839184625255e+02
1.059304928659250464e+02
1.077367833945329352e+02
1.089045652805603766e+02
1.084533840364030937e+02
1.083362522095923453e+02
1.090942279412256681e+02
1.062443423515250487e+02
1.075428143430525552e+02
1.086592154779805668e+02
1.099679604854661505e+02
1.107809319119967171e+02
1.083028740091059063e+02
1.101380554586415315e+02
1.101977709520892006e+02
1.091119191980260581e+02
1.108631130614665494e+02
1.117751573932979170e+02
1.124309712446960248e+02
1.145352499198551470e+02
1.153284327653481114e+02
1.138346566730809855e+02
1.115238558995288116e+02
1.132661416528090541e+02
1.158908577747313444e+02
1.158001321292372694e+02
1.134770227218723022e+02
1.120676011204156879e+02
1.133751233322813619e+02
1.147983254582855608e+02
1.141492896240252577e+02
1.152033769819225597e+02
1.149729525592243533e+02
1.173892351195653134e+02
1.151019580246594671e+02
1.187325610231765438e+02
1.200769499738730133e+02
1.207858815381939763e+02
1.211160977102129124e+02
1.239865877283922089e+02
1.271774187683865733e+02
1.247508929353993352e+02
1.269246805413789048e+02
1.250632581467621094e+02
1.261523901051392187e+02
1.280715233814590590e+02
1.299311887399769603e+02
1.305247862734035778e+02
1.301360813159509462e+02
1.329296780561218725e+02
1.346659839947514001e+02
1.387799600259770614e+02
1.396436235934826868e+02
1.394413075506416249e+02
1.378870595646582160e+02
1.352230506123956104e+02
1.319473300214610845e+02
1.312922096404837760e+02
1.308157993405041850e+02
1.287391075648268099e+02
1.297472112832772666e+02
1.358806377963977639e+02
1.349042007563068353e+02
1.381752362836992916e+02
1.370207771964672929e+02
1.342020192994134220e+02
1.338257793080645683e+02
1.315936793091549362e+02
1.309859819791111306e+02
1.291821135852786426e+02
1.280895682651830896e+02
1.255970538223816959e+02
1.244587525426167787e+02
1.268508705901590616e+02
1.278751482373764219e+02
1.323818836096026246e+02
1.305314856800622181e+02
1.319434117133785662e+02
1.357277602215972649e+02
1.369126845703777633e+02
1.378890433552651302e+02
1.373396748562676066e+02
1.374101037430122574e+02
1.369976853098264087e+02
1.375391553598919927e+02
1.390980408624231188e+02
1.406078748070533209e+02
1.405456680999261039e+02
1.379447052991905593e+02
1.405601167659778241e+02
1.419121521224879245e+02
1.406690741742127955e+02
1.424514872671478827e+02
1.466778682537364773e+02
1.470976433788719362e+02
1.444489212524578363e+02
1.424323053416966900e+02
1.465721824471353329e+02
1.452078946157881774e+02
1.457340418590068793e+02
1.479786160163297382e+02
1.425900210087332027e+02
1.416588693636639960e+02
1.430441583830086643e+02
1.411914586474944997e+02
1.426458912660819749e+02
1.443968292286238864e+02
1.430983226896623250e+02
1.417070836326348626e+02
1.473711970443745827e+02
1.501165390124952239e+02
1.468855300279086862e+02
1.478031991432082748e+02
1.452546200615618091e+02
1.393684755413023311e+02
1.371084489474711745e+02
1.364743534200143813e+02
1.329497643363835380e+02
1.316103208276923340e+02
1.297762321738830167e+02
1.342568195635093105e+02
1.369041308244790685e+02
1.398300961692135331e+02
1.402535648468837337e+02
1.397352733182971747e+02
1.385396605064952382e+02
1.401859989724868001e+02
1.443083016890212775e+02
1.437644307699288504e+02
1.435256350144845499e+02
1.407023719539169235e+02
1.420102520653450995e+02
1.429547107736905502e+02
1.431813205516509413e+02
1.479127567430201680e+02
1.484948259009132130e+02
1.525307003655748588e+02
1.527558847989061235e+02
1.537906560688698221e+02
1.538126510959719440e+02
1.560214996665264664e+02
1.538479004246768795e+02
1.511226912315978268e+02
1.518870730523126156e+02
1.545115337401725526e+02
1.555396287554302432e+02
1.563076165655816965e+02
1.532225223565646957e+02
1.496090243955805477e+02
1.491644233933252224e+02
1.502712079001857148e+02
1.503324591263082368e+02
1.514014603383625115e+02
1.497442292644988129e+02
1.479476009167594270e+02
1.475263971194972328e+02
1.465490757944534153e+02
1.502884704081798191e+02
1.474305573595053431e+02
1.492324557018110056e+02
1.502039315624444953e+02
1.482060780266876634e+02
1.507774287820156189e+02
1.494066417423406676e+02
1.489729696557188277e+02
1.476477864135691789e+02
1.489616363721713981e+02
1.509543291822735114e+02
1.539542953116164199e+02
1.536224839386501912e+02
1.555994007130593957e+02
1.552332783847149642e+02
1.542335318371836763e+02
1.492875223949925498e+02
1.521831575381517325e+02
1.555170166324269303e+02
1.549387156353297144e+02
1.563275068917805868e+02
1.558604283774298267e+02
1.527078063537572916e+02
1.547591328134649018e+02
1.556842569059800496e+02
1.588296065487360806e+02
1.589387663204120997e+02
1.612233808145291505e+02
1.609054016303514629e+02
1.584531045939198748e+02
1.601040373368383030e+02
1.590159478126382737e+02
1.581625565842576862e+02
1.563906123269899524e+02
1.588450591953078685e+02
1.573758846544382948e+02
1.580449373457019249e+02
1.582430615268818599e+02
1.600806801105149191e+02
1.593250000517861906e+02
1.566357367849105060e+02
1.552103053519052764e+02
1.559475444982984698e+02
1.570466956586512310e+02
1.561499146556902815e+02
1.563660569420177353e+02
1.499900648320498249e+02
1.504013511474677500e+02
1.466296610356747010e+02
1.498348704881413767e+02
1.491725556457548976e+02
1.452855891133239084e+02
1.416529922278862159e+02
1.438840808014563208e+02
1.462052002701992706e+02
1.477694304662905154e+02
1.493103452507683642e+02
1.490471193896123054e+02
1.536160768750594912e+02
1.566146462334524472e+02
1.582723155459443376e+02
1.594072188545734150e+02
1.605738079544349830e+02
1.615198775983034523e+02
1.575322801265525072e+02
1.571100774445098409e+02
1.613080574713932833e+02
1.634146136876097444e+02
1.628401834620826492e+02
1.621491452344653226e+02
1.658411040892602557e+02
1.662992721100652034e+02
1.703823382601706271e+02
1.686894337596899618e+02
1.679263327939522696e+02
1.726693743184993934e+02
1.746177104286928170e+02
1.769285784538890312e+02
1.779650415464006130e+02
1.759127337046400044e+02
1.729490585304380943e+02
1.720026848550143654e+02
1.694259898760709007e+02
1.684918712250615158e+02
1.706244113192890666e+02
1.696911356677919400e+02
1.709147620124246032e+02
1.733413337148837172e+02
1.748287612630883530e+02
1.762773018718368689e+02
1.782656350117133854e+02
1.776811300289427891e+02
1.743253239314170742e+02
1.760176598968750170e+02
1.750787664712805736e+02
1.660434037173317563e+02
1.641634288587347044e+02
1.674862016452601665e+02
1.627437062105370558e+02
1.566681845196501683e+02
1.562364001612131119e+02
1.552458611372803432e+02
1.551054621495242145e+02
1.563635931897941020e+02
1.547818029010902592e+02
1.538611011795302943e+02
1.526048434838057517e+02
1.453962261516583112e+02
1.461193137212557076e+02
1.479854783917669749e+02
1.475490203777924307e+02
1.456229612224618393e+02
1.439350808647037638e+02
1.425813976354667147e+02
1.441337557857337686e+02
1.472165896176650222e+02
1.462280229081846414e+02
1.485934128995197057e+02
1.456520895562544524e+02
1.490389731849437851e+02
1.475751156387719334e+02
1.495657499677563465e+02
1.524029984462797245e+02
1.522418365019909743e+02
1.565999127379854201e+02
1.545974796989659694e+02
1.563622598809950546e+02
1.551532107998008598e+02
1.566723827650360761e+02
1.582550434075485271e+02
1.575694266288261929e+02
1.551577537236675255e+02
1.552582502974085514e+02
1.576638608170998737e+02
1.582936802725436962e+02
1.591985782777281884e+02
1.603974172000065437e+02
1.602485866641843586e+02
1.603555348659158994e+02
1.612195839283974976e+02
1.625270808440310191e+02
1.616224519087164424e+02
1.615524705839416981e+02
1.629640945139215660e+02
1.634185259546996463e+02
1.551746126613155923e+02
1.517926393858325582e+02
1.526062870629438635e+02
1.529182385411355654e+02
1.545263672725476738e+02
1.520508635932400239e+02
1.494276875672557310e+02
1.497458613074636844e+02
1.550911075248831992e+02
1.545577013518670242e+02
1.621024621143409377e+02
1.586992863762135357e+02
1.603268110883030886e+02
1.595841649645847156e+02
1.570946980755034872e+02
1.601384207662995038e+02
1.626730413862222235e+02
1.589317204240377350e+02
1.594849620513046204e+02
1.605109804772460222e+02
1.625628337869309235e+02
1.658397581237770737e+02
1.645671009391538178e+02
1.661491277123592454e+02
1.682345212449174028e+02
1.694531523691601649e+02
1.715271049683654212e+02
1.695389735919818008e+02
1.720288205400892139e+02
1.714072400268442777e+02
1.745976769070617252e+02
1.716578507237135511e+02
1.709420405784251784e+02
1.717638715428385581e+02
1.699912157173388891e+02
1.743865171735821775e+02
1.697157305393612603e+02
1.699928107853636448e+02
1.729013247246340939e+02
1.743973915083994370e+02
1.728544889647372713e+02
1.726169518296688921e+02
1.708601882331457489e+02
1.695766492162829024e+02
1.627942439016806588e+02
1.663641798796470255e+02
1.629605286626541840e+02
1.608748195341668463e+02
1.593840788192885043e+02
1.576933685421788880e+02
1.605937862025064362e+02
1.566780896428447534e+02
1.543363888426595736e+02
1.555887854418671736e+02
1.608060491227132900e+02
1.577801408079268413e+02
1.569349416241060453e+02
1.585575265837677819e+02
1.595076243799089752e+02
1.641443968146742520e+02
1.654334965216469300e+02
1.602481071451920798e+02
1.603594249444369950e+02
1.619165756494505786e+02
1.607042055827546108e+02
1.638620973945941728e+02
1.683856723333986167e+02
1.678892417621428876e+02
1.713141384180348439e+02
1.701321514510991619e+02
1.732212141279945286e+02
1.742442912926887288e+02
1.746562157020879056e+02
1.800304830262297742e+02
1.829616241304216828e+02
1.813362706764941379e+02
1.827975250776111409e+02
1.838554309458019134e+02
1.828580898151871565e+02
1.811285333851086534e+02
1.829255088484135570e+02
1.856997795499991923e+02
1.814887896722148071e+02
1.845851762111913104e+02
1.851287898569338495e+02
1.888567124256651368e+02
1.879519018089705469e+02
1.943918908585268355e+02
1.998797474968312713e+02
1.945141285545161622e+02
1.938786411441652717e+02
1.940526135911183587e+02
1.892410300491996509e+02
1.915633150850683251e+02
1.903110472442785124e+02
1.931445324261225380e+02
1.923723258391395348e+02
1.949997936292992620e+02
1.949073492857137921e+02
1.923398866440643076e+02
1.872909863401068264e+02
1.902628876397382953e+02
1.898832890287310136e+02
1.964122213120772642e+02
1.991467975207573318e+02
1.987026155217348844e+02
1.917523659011301334e+02
1.921191402787249842e+02
1.892534754718442116e+02
1.888165341505962829e+02
1.847210454001174753e+02
1.791319576020385682e+02
1.773927550277493026e+02
1.792891457935997153e+02
1.781075611987137677e+02
1.795330961943192563e+02
1.802892523284989750e+02
1.790637366696393258e+02
1.808047525692900592e+02
1.784433826715002169e+02
1.731744635513376807e+02
1.717215350830509806e+02
1.745290932021951562e+02
1.775563472593617576e+02
1.783542143086876308e+02
1.763405789724861847e+02
1.769912531926570693e+02
1.715843928432188932e+02
1.732966628146149617e+02
1.720812996691151113e+02
1.739033473377586176e+02
1.735966866943323907e+02
1.722257265940364732e+02
1.720719527036063425e+02
1.748660680192302834e+02
1.780201660589503376e+02
1.732330512651311096e+02
1.701541982055257165e+02
1.693120956165885502e+02
1.708929638159769695e+02
1.760177466466886074e+02
1.783288796664544975e+02
1.772899561590103872e+02
1.774344003512738936e+02
1.765445349054854205e+02
1.779901941446755131e+02
1.745800489426882507e+02
1.753612212057931288e+02
1.774347115611010395e+02
1.790103564886607046e+02
1.826002484249242741e+02
1.826908504282044419e+02
1.837358518336037605e+02
1.777126003133536472e+02
1.767087278702098274e+02
1.732563537976792531e+02
1.736426569695925082e+02
1.765624330933246142e+02
1.774620271315166633e+02
1.775810734651701637e+02
1.806751322733270797e+02
1.771705386344044655e+02
1.844786751423581563e+02
1.862816689223492403e+02
1.783364495927471864e+02
1.779954373023857954e+02
1.780947814209519038e+02
1.794819342679851388e+02
1.824212977146865455e+02
1.841632986754617320e+02
1.802124591283163966e+02
1.814763825298417714e+02
1.844332549762912947e+02
1.848908338253944805e+02
1.809442473518924714e+02
1.808274300814790934e+02
1.848714673951472776e+02
1.863029777143913748e+02
1.903394978465645124e+02
1.940964780882716241e+02
1.915897476708692295e+02
1.945567858857260148e+02
1.920467260518321666e+02
1.905202100178091484e+02
1.850388553388926027e+02
1.854964537645952305e+02
1.903409525877027875e+02
1.844428208707954298e+02
1.850757440069197060e+02
1.857960139100018466e+02
1.851417043881742188e+02
1.843289789409979846e+02
1.863877030113574165e+02
1.892296245771723875e+02
1.882633695080881466e+02
1.872977989313879448e+02
1.881051494407821281e+02
1.845168648548674071e+02
1.804421011603560601e+02
1.823210446682715826e+02
1.834297256078682494e+02
1.787781806594096281e+02
1.800786865455895907e+02
1.834204949517535113e+02
1.831152756431266937e+02
1.882558048626276275e+02
1.904834120416162193e+02
1.906256374100655364e+02
1.899858345572938561e+02
1.909370291232218619e+02
1.956999400599307819e+02
1.971924809765988300e+02
1.973195183007028675e+02
1.989338816858020209e+02
1.942764121257810928e+02
1.936162210154604963e+02
1.908797182457110182e+02
1.923649144783666145e+02
1.910253361517194435e+02
1.892239938844547851e+02
1.857639322639407453e+02
1.881113302294848779e+02
1.914405587975564060e+02
1.930414125181233942e+02
1.940537456485663768e+02
1.867720121773970163e+02
1.916125443160004238e+02
1.904599095763668117e+02
1.885109312822904428e+02
1.901991606112134150e+02
1.827637861360288412e+02
1.828988689903252123e+02
1.821724532722303422e+02
1.820530569652844122e+02
1.789515723726379406e+02
1.782658871044986881e+02
1.791128063406545721e+02
1.859351103263992684e+02
1.820428572414312782e+02
1.871863129302498407e+02
1.876488815763583489e+02
1.917633110422951859e+02
1.909706627139968020e+02
1.853763313876848997e+02
1.870116142474374215e+02
1.909310373430799928e+02
1.885082732866037531e+02
1.882615045312221866e+02
1.851467799981439839e+02
1.862216976073776777e+02
1.884774827386616778e+02
1.854212798418636510e+02
1.820579944913693566e+02
1.799221137100415149e+02
1.819785286282889274e+02
1.846888815098352552e+02
1.905257857353296913e+02
1.895607084809235801e+02
1.908163850152816394e+02
1.898423981232224094e+02
1.888855663883453531e+02
1.793405140629989205e+02
1.838944047788907028e+02
1.875825806606816286e+02
1.864829311791336011e+02
1.878758513600207607e+02
1.835303429270868207e+02
1.831213641349688146e+02
1.861839287786414445e+02
1.914133007593518414e+02
1.902562488016952784e+02
1.921430021536074264e+02
1.929242501889831942e+02
1.969593416846399521e+02
1.967290848052051615e+02
1.969904412005292045e+02
1.990189092450129067e+02
1.983435123080967344e+02
2.015647504068957403e+02
2.040859519415048169e+02
2.082285748212142380e+02
2.055895365707653752e+02
2.046932008106738010e+02
1.996632490480034221e+02
2.044251555157698022e+02
2.035321248616838830e+02
2.033728362353321302e+02
2.057338270368471171e+02
2.111254093982634004e+02
2.139405675358037513e+02
2.154206201162131435e+02
2.141610911317464740e+02
2.106500237045832478e+02
2.127271650915141663e+02
2.130339059387376324e+02
2.083300169628705021e+02
2.068129195699836487e+02
2.049108773674470001e+02
2.060993132385858928e+02
2.046121703950684605e+02
2.001356708364342865e+02
2.008266665402777562e+02
1.995281765506159388e+02
1.946587138265463750e+02
1.922821559945606111e+02
1.889332113650142730e+02
1.865978534082819635e+02
1.860534459829103184e+02
1.842572199171827094e+02
1.866752486243987335e+02
1.819890144954395907e+02
1.798300344467016032e+02
