2.047000000000000000e+03
4.073000000000000000e+03
6.111000000000000000e+03
8.188000000000000000e+03
1.022400000000000000e+04
1.224200000000000000e+04
1.425200000000000000e+04
1.632700000000000000e+04
1.840500000000000000e+04
2.047700000000000000e+04
2.240500000000000000e+04
2.456500000000000000e+04
2.654300000000000000e+04
2.849500000000000000e+04
3.068400000000000000e+04
3.269900000000000000e+04
3.479400000000000000e+04
3.661000000000000000e+04
3.887800000000000000e+04
4.093400000000000000e+04
4.288300000000000000e+04
4.472700000000000000e+04
4.702400000000000000e+04
4.896800000000000000e+04
5.114800000000000000e+04
5.312100000000000000e+04
5.528700000000000000e+04
5.726500000000000000e+04
5.924900000000000000e+04
6.140900000000000000e+04
6.336000000000000000e+04
6.552000000000000000e+04
6.746400000000000000e+04
6.958300000000000000e+04
7.167600000000000000e+04
7.368900000000000000e+04
7.561100000000000000e+04
7.767200000000000000e+04
7.958400000000000000e+04
8.175200000000000000e+04
8.383800000000000000e+04
8.599500000000000000e+04
8.793700000000000000e+04
8.997200000000000000e+04
9.209600000000000000e+04
9.400800000000000000e+04
9.620600000000000000e+04
9.826700000000000000e+04
1.002030000000000000e+05
1.023660000000000000e+05
1.042190000000000000e+05
1.063340000000000000e+05
1.083930000000000000e+05
1.105280000000000000e+05
1.126250000000000000e+05
1.146540000000000000e+05
1.166770000000000000e+05
1.187470000000000000e+05
1.208020000000000000e+05
1.226310000000000000e+05
1.248620000000000000e+05
1.269040000000000000e+05
1.288170000000000000e+05
1.309630000000000000e+05
1.330740000000000000e+05
1.350760000000000000e+05
1.371490000000000000e+05
1.392520000000000000e+05
1.411360000000000000e+05
1.431790000000000000e+05
1.452850000000000000e+05
1.473430000000000000e+05
1.494790000000000000e+05
1.514880000000000000e+05
1.534220000000000000e+05
1.556470000000000000e+05
1.575700000000000000e+05
1.596440000000000000e+05
1.615690000000000000e+05
1.638310000000000000e+05
1.657100000000000000e+05
1.678970000000000000e+05
1.698090000000000000e+05
1.718230000000000000e+05
1.740420000000000000e+05
1.759840000000000000e+05
1.781710000000000000e+05
1.801990000000000000e+05
1.821260000000000000e+05
1.842420000000000000e+05
1.863470000000000000e+05
1.882080000000000000e+05
1.904060000000000000e+05
1.923560000000000000e+05
1.943790000000000000e+05
1.965170000000000000e+05
1.986150000000000000e+05
2.006510000000000000e+05
2.027160000000000000e+05
2.046510000000000000e+05
2.068230000000000000e+05
2.088140000000000000e+05
2.107870000000000000e+05
2.128380000000000000e+05
2.150100000000000000e+05
2.169740000000000000e+05
2.190260000000000000e+05
2.210050000000000000e+05
2.232180000000000000e+05
2.252750000000000000e+05
2.271430000000000000e+05
2.292720000000000000e+05
2.314130000000000000e+05
2.333270000000000000e+05
2.355160000000000000e+05
2.375530000000000000e+05
2.395220000000000000e+05
2.416400000000000000e+05
2.437040000000000000e+05
2.456380000000000000e+05
2.477920000000000000e+05
2.497180000000000000e+05
2.517430000000000000e+05
2.538950000000000000e+05
2.558850000000000000e+05
2.579600000000000000e+05
2.599090000000000000e+05
2.620400000000000000e+05
2.641070000000000000e+05
2.660950000000000000e+05
2.681830000000000000e+05
2.702330000000000000e+05
2.722630000000000000e+05
2.743980000000000000e+05
2.763340000000000000e+05
2.784380000000000000e+05
2.804660000000000000e+05
2.825090000000000000e+05
2.845950000000000000e+05
2.866070000000000000e+05
2.886610000000000000e+05
2.908150000000000000e+05
2.928220000000000000e+05
2.947420000000000000e+05
2.968680000000000000e+05
2.989770000000000000e+05
3.009840000000000000e+05
3.030080000000000000e+05
3.047930000000000000e+05
3.070300000000000000e+05
3.090590000000000000e+05
3.110780000000000000e+05
3.132250000000000000e+05
3.151990000000000000e+05
3.173340000000000000e+05
3.191960000000000000e+05
3.215360000000000000e+05
3.234250000000000000e+05
3.255410000000000000e+05
3.274960000000000000e+05
3.296980000000000000e+05
3.314900000000000000e+05
3.337980000000000000e+05
3.358220000000000000e+05
3.377140000000000000e+05
3.397660000000000000e+05
3.419340000000000000e+05
3.439050000000000000e+05
3.459450000000000000e+05
3.480240000000000000e+05
3.500460000000000000e+05
3.520410000000000000e+05
3.541290000000000000e+05
3.561620000000000000e+05
3.582130000000000000e+05
3.602930000000000000e+05
3.624910000000000000e+05
3.644110000000000000e+05
3.665580000000000000e+05
3.684270000000000000e+05
3.704480000000000000e+05
3.724440000000000000e+05
3.746870000000000000e+05
3.766350000000000000e+05
3.787490000000000000e+05
3.807240000000000000e+05
3.827060000000000000e+05
3.847830000000000000e+05
3.869040000000000000e+05
3.889950000000000000e+05
3.911140000000000000e+05
3.930620000000000000e+05
3.950920000000000000e+05
3.973010000000000000e+05
3.991880000000000000e+05
4.013390000000000000e+05
4.033050000000000000e+05
4.052660000000000000e+05
4.073160000000000000e+05
4.094000000000000000e+05
4.114740000000000000e+05
4.133670000000000000e+05
4.155260000000000000e+05
4.176290000000000000e+05
4.196830000000000000e+05
4.217140000000000000e+05
4.235540000000000000e+05
4.256900000000000000e+05
4.278400000000000000e+05
4.300680000000000000e+05
4.319100000000000000e+05
4.338560000000000000e+05
4.360890000000000000e+05
4.380450000000000000e+05
4.400760000000000000e+05
4.422440000000000000e+05
4.442360000000000000e+05
4.462880000000000000e+05
4.485110000000000000e+05
4.503690000000000000e+05
4.525960000000000000e+05
4.544610000000000000e+05
4.566610000000000000e+05
4.586150000000000000e+05
4.607440000000000000e+05
4.621700000000000000e+05
4.646870000000000000e+05
4.666670000000000000e+05
4.687010000000000000e+05
4.708580000000000000e+05
4.729240000000000000e+05
4.750380000000000000e+05
4.769420000000000000e+05
4.789990000000000000e+05
4.809270000000000000e+05
4.830470000000000000e+05
4.852400000000000000e+05
4.873970000000000000e+05
4.893680000000000000e+05
4.913210000000000000e+05
4.934730000000000000e+05
4.954580000000000000e+05
4.976390000000000000e+05
4.995340000000000000e+05
5.016620000000000000e+05
5.035910000000000000e+05
5.056570000000000000e+05
5.075850000000000000e+05
5.098010000000000000e+05
5.118900000000000000e+05
5.138380000000000000e+05
5.160340000000000000e+05
5.180540000000000000e+05
5.199760000000000000e+05
5.221580000000000000e+05
5.240540000000000000e+05
5.260910000000000000e+05
5.282750000000000000e+05
5.301180000000000000e+05
5.323060000000000000e+05
5.344480000000000000e+05
5.365200000000000000e+05
5.386180000000000000e+05
5.406400000000000000e+05
5.425850000000000000e+05
5.446710000000000000e+05
5.466070000000000000e+05
5.488460000000000000e+05
5.508610000000000000e+05
5.529410000000000000e+05
5.547610000000000000e+05
5.569980000000000000e+05
5.588640000000000000e+05
5.610490000000000000e+05
5.631860000000000000e+05
5.650450000000000000e+05
5.672440000000000000e+05
5.689230000000000000e+05
5.712610000000000000e+05
5.733770000000000000e+05
5.753800000000000000e+05
5.774310000000000000e+05
5.794250000000000000e+05
5.815340000000000000e+05
5.834360000000000000e+05
5.856130000000000000e+05
5.877160000000000000e+05
5.895830000000000000e+05
5.916900000000000000e+05
5.936950000000000000e+05
5.958130000000000000e+05
5.979350000000000000e+05
5.998640000000000000e+05
6.018490000000000000e+05
6.040010000000000000e+05
6.061330000000000000e+05
6.080030000000000000e+05
6.100110000000000000e+05
6.123220000000000000e+05
6.141710000000000000e+05
6.162460000000000000e+05
6.182020000000000000e+05
6.202250000000000000e+05
6.225560000000000000e+05
6.245080000000000000e+05
6.265320000000000000e+05
6.286230000000000000e+05
6.306460000000000000e+05
6.325460000000000000e+05
6.348290000000000000e+05
6.366900000000000000e+05
6.387900000000000000e+05
6.410000000000000000e+05
6.427940000000000000e+05
6.444790000000000000e+05
6.470070000000000000e+05
6.491710000000000000e+05
6.510880000000000000e+05
6.532230000000000000e+05
6.553270000000000000e+05
6.572650000000000000e+05
6.591050000000000000e+05
6.614490000000000000e+05
6.632750000000000000e+05
6.653950000000000000e+05
6.675020000000000000e+05
6.696390000000000000e+05
6.714800000000000000e+05
6.736110000000000000e+05
6.755540000000000000e+05
6.777380000000000000e+05
6.798300000000000000e+05
6.817970000000000000e+05
6.839350000000000000e+05
6.860730000000000000e+05
6.877700000000000000e+05
6.900440000000000000e+05
6.919390000000000000e+05
6.941420000000000000e+05
6.961360000000000000e+05
6.983480000000000000e+05
7.002790000000000000e+05
7.021280000000000000e+05
7.043800000000000000e+05
7.062620000000000000e+05
7.081930000000000000e+05
7.103430000000000000e+05
7.124510000000000000e+05
7.147400000000000000e+05
7.165920000000000000e+05
7.186920000000000000e+05
7.208260000000000000e+05
7.228960000000000000e+05
7.249590000000000000e+05
7.268980000000000000e+05
7.287780000000000000e+05
7.310370000000000000e+05
7.329810000000000000e+05
7.350590000000000000e+05
7.371090000000000000e+05
7.392980000000000000e+05
7.411510000000000000e+05
7.433270000000000000e+05
7.454320000000000000e+05
7.473320000000000000e+05
7.495610000000000000e+05
7.514130000000000000e+05
7.534680000000000000e+05
7.555580000000000000e+05
7.575390000000000000e+05
7.595380000000000000e+05
7.614720000000000000e+05
7.636510000000000000e+05
7.655260000000000000e+05
7.676300000000000000e+05
7.699990000000000000e+05
7.720460000000000000e+05
7.738680000000000000e+05
7.761270000000000000e+05
7.780020000000000000e+05
7.802300000000000000e+05
7.821960000000000000e+05
7.841760000000000000e+05
7.861800000000000000e+05
7.881440000000000000e+05
7.898260000000000000e+05
7.921960000000000000e+05
7.944790000000000000e+05
7.964370000000000000e+05
7.984180000000000000e+05
8.005350000000000000e+05
8.025180000000000000e+05
8.046300000000000000e+05
8.068970000000000000e+05
8.088870000000000000e+05
8.109380000000000000e+05
8.129050000000000000e+05
8.148320000000000000e+05
8.169160000000000000e+05
8.190190000000000000e+05
8.210730000000000000e+05
8.230820000000000000e+05
8.252160000000000000e+05
8.271490000000000000e+05
8.292380000000000000e+05
8.311280000000000000e+05
8.330710000000000000e+05
8.351370000000000000e+05
8.373830000000000000e+05
8.390470000000000000e+05
8.413200000000000000e+05
8.434480000000000000e+05
8.456920000000000000e+05
8.477950000000000000e+05
8.499120000000000000e+05
8.519680000000000000e+05
8.535640000000000000e+05
8.560540000000000000e+05
8.577780000000000000e+05
8.599020000000000000e+05
8.620460000000000000e+05
8.641030000000000000e+05
8.660750000000000000e+05
8.680510000000000000e+05
8.701120000000000000e+05
8.721920000000000000e+05
8.738530000000000000e+05
8.765350000000000000e+05
8.784400000000000000e+05
8.802220000000000000e+05
8.826590000000000000e+05
8.843960000000000000e+05
8.867250000000000000e+05
8.883880000000000000e+05
8.903620000000000000e+05
8.926200000000000000e+05
8.943720000000000000e+05
8.966070000000000000e+05
8.987430000000000000e+05
9.009320000000000000e+05
9.030350000000000000e+05
9.046670000000000000e+05
9.071880000000000000e+05
9.085930000000000000e+05
9.109220000000000000e+05
9.130170000000000000e+05
9.152180000000000000e+05
9.174340000000000000e+05
9.193480000000000000e+05
9.215060000000000000e+05
9.231440000000000000e+05
9.253630000000000000e+05
9.273740000000000000e+05
9.292200000000000000e+05
9.314190000000000000e+05
9.334840000000000000e+05
9.357670000000000000e+05
9.379270000000000000e+05
9.393950000000000000e+05
9.420470000000000000e+05
9.441150000000000000e+05
9.461170000000000000e+05
9.474740000000000000e+05
9.497540000000000000e+05
9.522750000000000000e+05
9.540060000000000000e+05
9.563520000000000000e+05
9.582030000000000000e+05
9.602290000000000000e+05
9.623480000000000000e+05
9.645470000000000000e+05
9.661540000000000000e+05
9.686160000000000000e+05
9.706740000000000000e+05
9.719170000000000000e+05
9.747610000000000000e+05
9.767400000000000000e+05
9.787370000000000000e+05
9.806420000000000000e+05
9.828070000000000000e+05
9.847290000000000000e+05
9.865270000000000000e+05
9.888790000000000000e+05
9.909210000000000000e+05
9.932650000000000000e+05
9.952270000000000000e+05
9.971880000000000000e+05
9.990860000000000000e+05
1.000877000000000000e+06
1.003359000000000000e+06
1.005364000000000000e+06
1.007215000000000000e+06
1.009658000000000000e+06
1.011447000000000000e+06
1.013677000000000000e+06
1.015750000000000000e+06
1.017397000000000000e+06
1.019594000000000000e+06
1.021460000000000000e+06
1.023692000000000000e+06
1.026005000000000000e+06
1.027810000000000000e+06
1.030020000000000000e+06
1.031440000000000000e+06
1.034220000000000000e+06
1.036146000000000000e+06
1.038317000000000000e+06
1.040342000000000000e+06
1.042178000000000000e+06
1.044450000000000000e+06
1.046402000000000000e+06
1.048407000000000000e+06
1.050276000000000000e+06
1.052468000000000000e+06
1.054434000000000000e+06
1.056686000000000000e+06
1.058611000000000000e+06
1.060822000000000000e+06
1.062574000000000000e+06
1.064895000000000000e+06
1.066920000000000000e+06
1.068642000000000000e+06
1.070466000000000000e+06
1.072791000000000000e+06
1.074836000000000000e+06
1.076803000000000000e+06
1.079220000000000000e+06
1.081201000000000000e+06
1.083067000000000000e+06
1.085401000000000000e+06
1.087300000000000000e+06
1.089378000000000000e+06
1.091572000000000000e+06
1.093388000000000000e+06
1.095516000000000000e+06
1.097456000000000000e+06
1.099532000000000000e+06
1.101591000000000000e+06
1.103759000000000000e+06
1.105917000000000000e+06
1.107919000000000000e+06
1.109605000000000000e+06
1.111874000000000000e+06
1.113792000000000000e+06
1.116105000000000000e+06
1.117951000000000000e+06
1.120194000000000000e+06
1.122217000000000000e+06
1.124074000000000000e+06
1.126255000000000000e+06
1.128357000000000000e+06
1.130415000000000000e+06
1.132050000000000000e+06
1.134452000000000000e+06
1.136453000000000000e+06
1.138606000000000000e+06
1.140422000000000000e+06
1.142636000000000000e+06
1.144773000000000000e+06
1.146722000000000000e+06
1.148798000000000000e+06
1.150750000000000000e+06
1.152834000000000000e+06
1.154810000000000000e+06
1.156924000000000000e+06
1.159006000000000000e+06
1.160961000000000000e+06
1.163186000000000000e+06
1.164968000000000000e+06
1.167050000000000000e+06
1.169232000000000000e+06
1.171035000000000000e+06
1.173181000000000000e+06
1.175345000000000000e+06
1.177343000000000000e+06
1.179648000000000000e+06
1.181543000000000000e+06
1.183567000000000000e+06
1.185596000000000000e+06
1.187590000000000000e+06
1.189291000000000000e+06
1.191760000000000000e+06
1.193781000000000000e+06
1.195719000000000000e+06
1.197972000000000000e+06
1.199731000000000000e+06
1.202054000000000000e+06
1.203985000000000000e+06
1.206211000000000000e+06
1.207338000000000000e+06
1.210239000000000000e+06
1.212410000000000000e+06
1.214459000000000000e+06
1.216291000000000000e+06
1.218104000000000000e+06
1.220253000000000000e+06
1.222376000000000000e+06
1.224380000000000000e+06
1.226588000000000000e+06
1.228405000000000000e+06
1.230464000000000000e+06
1.232699000000000000e+06
1.234777000000000000e+06
1.236532000000000000e+06
1.238970000000000000e+06
1.240925000000000000e+06
1.243075000000000000e+06
1.245137000000000000e+06
1.247032000000000000e+06
1.249214000000000000e+06
1.250881000000000000e+06
1.253044000000000000e+06
1.255319000000000000e+06
1.257247000000000000e+06
1.259510000000000000e+06
1.261249000000000000e+06
1.263479000000000000e+06
1.265105000000000000e+06
1.267182000000000000e+06
1.269049000000000000e+06
1.271607000000000000e+06
1.273443000000000000e+06
1.275054000000000000e+06
1.277635000000000000e+06
1.279541000000000000e+06
1.281927000000000000e+06
1.283946000000000000e+06
1.285873000000000000e+06
1.287739000000000000e+06
1.289764000000000000e+06
1.291665000000000000e+06
1.294182000000000000e+06
1.296174000000000000e+06
1.297748000000000000e+06
1.300423000000000000e+06
1.301873000000000000e+06
1.304389000000000000e+06
1.306101000000000000e+06
1.308167000000000000e+06
1.310630000000000000e+06
1.312726000000000000e+06
1.314290000000000000e+06
1.316606000000000000e+06
1.318572000000000000e+06
1.320893000000000000e+06
1.322554000000000000e+06
1.324858000000000000e+06
1.326979000000000000e+06
1.328998000000000000e+06
1.331186000000000000e+06
1.332969000000000000e+06
1.335159000000000000e+06
1.337223000000000000e+06
1.339186000000000000e+06
1.340929000000000000e+06
1.343438000000000000e+06
1.345330000000000000e+06
1.347300000000000000e+06
1.349230000000000000e+06
1.351390000000000000e+06
1.353727000000000000e+06
1.355724000000000000e+06
1.357689000000000000e+06
1.359283000000000000e+06
1.361661000000000000e+06
1.363545000000000000e+06
1.365624000000000000e+06
1.367833000000000000e+06
1.369616000000000000e+06
1.372158000000000000e+06
1.373875000000000000e+06
1.376109000000000000e+06
1.378037000000000000e+06
1.380310000000000000e+06
1.381988000000000000e+06
1.383919000000000000e+06
1.386273000000000000e+06
1.387902000000000000e+06
1.390536000000000000e+06
1.392471000000000000e+06
1.394683000000000000e+06
1.396571000000000000e+06
1.398783000000000000e+06
1.400708000000000000e+06
1.402667000000000000e+06
1.404796000000000000e+06
1.406850000000000000e+06
1.408732000000000000e+06
1.410974000000000000e+06
1.412804000000000000e+06
1.415121000000000000e+06
1.417177000000000000e+06
1.419054000000000000e+06
1.420913000000000000e+06
1.423342000000000000e+06
1.424687000000000000e+06
1.427300000000000000e+06
1.429379000000000000e+06
1.431312000000000000e+06
1.433422000000000000e+06
1.435291000000000000e+06
1.437589000000000000e+06
1.439590000000000000e+06
1.441784000000000000e+06
1.443450000000000000e+06
1.445681000000000000e+06
1.447770000000000000e+06
1.449974000000000000e+06
1.451982000000000000e+06
1.453512000000000000e+06
1.455787000000000000e+06
1.458021000000000000e+06
1.460003000000000000e+06
1.461836000000000000e+06
1.464261000000000000e+06
1.466126000000000000e+06
1.467971000000000000e+06
1.470372000000000000e+06
1.472102000000000000e+06
1.474460000000000000e+06
1.476166000000000000e+06
1.478459000000000000e+06
1.480444000000000000e+06
1.482516000000000000e+06
1.484156000000000000e+06
1.486406000000000000e+06
1.488647000000000000e+06
1.490575000000000000e+06
1.492699000000000000e+06
1.494801000000000000e+06
1.496964000000000000e+06
1.498853000000000000e+06
1.501119000000000000e+06
1.503212000000000000e+06
1.504982000000000000e+06
1.507018000000000000e+06
1.509279000000000000e+06
1.511282000000000000e+06
1.513358000000000000e+06
1.515506000000000000e+06
1.517223000000000000e+06
1.519561000000000000e+06
1.521350000000000000e+06
1.523526000000000000e+06
1.525620000000000000e+06
1.527758000000000000e+06
1.529190000000000000e+06
1.531620000000000000e+06
1.533887000000000000e+06
1.535571000000000000e+06
1.538011000000000000e+06
1.539922000000000000e+06
1.541927000000000000e+06
1.544048000000000000e+06
1.546110000000000000e+06
1.548127000000000000e+06
1.550002000000000000e+06
1.551967000000000000e+06
1.554047000000000000e+06
1.556099000000000000e+06
1.558226000000000000e+06
1.560394000000000000e+06
1.562180000000000000e+06
1.564364000000000000e+06
1.566622000000000000e+06
1.568404000000000000e+06
1.570691000000000000e+06
1.572601000000000000e+06
1.574151000000000000e+06
1.576827000000000000e+06
1.578511000000000000e+06
1.580942000000000000e+06
1.582655000000000000e+06
1.585107000000000000e+06
1.586854000000000000e+06
1.588308000000000000e+06
1.590867000000000000e+06
1.593208000000000000e+06
1.594899000000000000e+06
1.596835000000000000e+06
1.599314000000000000e+06
1.601336000000000000e+06
1.603378000000000000e+06
1.605362000000000000e+06
1.607315000000000000e+06
1.609440000000000000e+06
1.611694000000000000e+06
1.613705000000000000e+06
1.615428000000000000e+06
1.617905000000000000e+06
1.619610000000000000e+06
1.621725000000000000e+06
1.623924000000000000e+06
1.625899000000000000e+06
1.627807000000000000e+06
1.629827000000000000e+06
1.632203000000000000e+06
1.634302000000000000e+06
1.636101000000000000e+06
1.638227000000000000e+06
1.640345000000000000e+06
1.642204000000000000e+06
1.644505000000000000e+06
1.646400000000000000e+06
1.648299000000000000e+06
1.650567000000000000e+06
1.652387000000000000e+06
1.654519000000000000e+06
1.656566000000000000e+06
1.658299000000000000e+06
1.660816000000000000e+06
1.662853000000000000e+06
1.664764000000000000e+06
1.666845000000000000e+06
1.668573000000000000e+06
1.670571000000000000e+06
1.673078000000000000e+06
1.675232000000000000e+06
1.677311000000000000e+06
1.679189000000000000e+06
1.681302000000000000e+06
1.683235000000000000e+06
1.685409000000000000e+06
1.687453000000000000e+06
1.689261000000000000e+06
1.691315000000000000e+06
1.693564000000000000e+06
1.695379000000000000e+06
1.697449000000000000e+06
1.699636000000000000e+06
1.701687000000000000e+06
1.703919000000000000e+06
1.705875000000000000e+06
1.707722000000000000e+06
1.709854000000000000e+06
1.711989000000000000e+06
1.714174000000000000e+06
1.715985000000000000e+06
1.718139000000000000e+06
1.720235000000000000e+06
1.722237000000000000e+06
1.724408000000000000e+06
1.725994000000000000e+06
1.727932000000000000e+06
1.730132000000000000e+06
1.732086000000000000e+06
1.734421000000000000e+06
1.736498000000000000e+06
1.738713000000000000e+06
1.740720000000000000e+06
1.742812000000000000e+06
1.744486000000000000e+06
1.746711000000000000e+06
1.748868000000000000e+06
1.750780000000000000e+06
1.753078000000000000e+06
1.754655000000000000e+06
1.756958000000000000e+06
1.758958000000000000e+06
1.761087000000000000e+06
1.763021000000000000e+06
1.765214000000000000e+06
1.767375000000000000e+06
1.769178000000000000e+06
1.771322000000000000e+06
1.773468000000000000e+06
1.775245000000000000e+06
1.777546000000000000e+06
1.779452000000000000e+06
1.781653000000000000e+06
1.783613000000000000e+06
1.785754000000000000e+06
1.787735000000000000e+06
1.789874000000000000e+06
1.791899000000000000e+06
1.793943000000000000e+06
1.795708000000000000e+06
1.798047000000000000e+06
1.800123000000000000e+06
1.802239000000000000e+06
1.804173000000000000e+06
1.806007000000000000e+06
1.807990000000000000e+06
1.809911000000000000e+06
1.812414000000000000e+06
1.813828000000000000e+06
1.816487000000000000e+06
1.818557000000000000e+06
1.819716000000000000e+06
1.822578000000000000e+06
1.824410000000000000e+06
1.826448000000000000e+06
1.828845000000000000e+06
1.830761000000000000e+06
1.832958000000000000e+06
1.834684000000000000e+06
1.836910000000000000e+06
1.838596000000000000e+06
1.840944000000000000e+06
1.843166000000000000e+06
1.845074000000000000e+06
1.846950000000000000e+06
1.849078000000000000e+06
1.851385000000000000e+06
1.853221000000000000e+06
1.855159000000000000e+06
1.857416000000000000e+06
1.859395000000000000e+06
1.860947000000000000e+06
1.863383000000000000e+06
1.865383000000000000e+06
1.867635000000000000e+06
1.869611000000000000e+06
1.871727000000000000e+06
1.873905000000000000e+06
1.875435000000000000e+06
1.877963000000000000e+06
1.879569000000000000e+06
1.881839000000000000e+06
1.883852000000000000e+06
1.886136000000000000e+06
1.887987000000000000e+06
1.890037000000000000e+06
1.892049000000000000e+06
1.894369000000000000e+06
1.896302000000000000e+06
1.898452000000000000e+06
1.900312000000000000e+06
1.902384000000000000e+06
1.903812000000000000e+06
1.906576000000000000e+06
1.908502000000000000e+06
1.910676000000000000e+06
1.912699000000000000e+06
1.914569000000000000e+06
1.916406000000000000e+06
1.918375000000000000e+06
1.920766000000000000e+06
1.922968000000000000e+06
1.924873000000000000e+06
1.926933000000000000e+06
1.928689000000000000e+06
1.930611000000000000e+06
1.933116000000000000e+06
1.935277000000000000e+06
1.937277000000000000e+06
1.939387000000000000e+06
1.941364000000000000e+06
1.943182000000000000e+06
1.945366000000000000e+06
1.947171000000000000e+06
1.949654000000000000e+06
1.951319000000000000e+06
1.953418000000000000e+06
1.955742000000000000e+06
1.957829000000000000e+06
1.959337000000000000e+06
1.961849000000000000e+06
1.963880000000000000e+06
1.965881000000000000e+06
1.967775000000000000e+06
1.969655000000000000e+06
1.971796000000000000e+06
1.974161000000000000e+06
1.976288000000000000e+06
1.978013000000000000e+06
1.980354000000000000e+06
1.982323000000000000e+06
1.984092000000000000e+06
1.986081000000000000e+06
1.988545000000000000e+06
1.990593000000000000e+06
1.992615000000000000e+06
1.994539000000000000e+06
1.996550000000000000e+06
1.998788000000000000e+06
2.000855000000000000e+06
