2.033000000000000000e+03
4.091000000000000000e+03
6.128000000000000000e+03
8.160000000000000000e+03
1.019500000000000000e+04
1.223700000000000000e+04
1.420500000000000000e+04
1.624700000000000000e+04
1.825300000000000000e+04
2.032100000000000000e+04
2.221700000000000000e+04
2.421300000000000000e+04
2.615500000000000000e+04
2.823600000000000000e+04
3.023600000000000000e+04
3.221800000000000000e+04
3.422000000000000000e+04
3.632200000000000000e+04
3.839600000000000000e+04
4.046000000000000000e+04
4.238200000000000000e+04
4.438900000000000000e+04
4.663000000000000000e+04
4.864700000000000000e+04
5.070600000000000000e+04
5.256200000000000000e+04
5.461600000000000000e+04
5.676000000000000000e+04
5.884900000000000000e+04
6.093800000000000000e+04
6.306800000000000000e+04
6.523300000000000000e+04
6.734500000000000000e+04
6.928900000000000000e+04
7.135300000000000000e+04
7.331600000000000000e+04
7.520400000000000000e+04
7.702600000000000000e+04
7.913000000000000000e+04
8.087400000000000000e+04
8.275200000000000000e+04
8.498300000000000000e+04
8.700300000000000000e+04
8.922600000000000000e+04
9.132200000000000000e+04
9.344000000000000000e+04
9.541200000000000000e+04
9.757100000000000000e+04
9.955800000000000000e+04
1.016440000000000000e+05
1.036850000000000000e+05
1.057740000000000000e+05
1.078250000000000000e+05
1.098230000000000000e+05
1.118000000000000000e+05
1.137590000000000000e+05
1.156180000000000000e+05
1.173950000000000000e+05
1.194580000000000000e+05
1.216200000000000000e+05
1.236150000000000000e+05
1.254270000000000000e+05
1.274230000000000000e+05
1.294550000000000000e+05
1.316810000000000000e+05
1.338250000000000000e+05
1.358650000000000000e+05
1.381110000000000000e+05
1.405330000000000000e+05
1.424320000000000000e+05
1.446770000000000000e+05
1.468410000000000000e+05
1.488410000000000000e+05
1.508920000000000000e+05
1.527320000000000000e+05
1.546800000000000000e+05
1.566660000000000000e+05
1.588970000000000000e+05
1.610330000000000000e+05
1.631260000000000000e+05
1.652120000000000000e+05
1.673520000000000000e+05
1.695280000000000000e+05
1.713790000000000000e+05
1.733590000000000000e+05
1.754560000000000000e+05
1.776260000000000000e+05
1.795930000000000000e+05
1.817940000000000000e+05
1.838780000000000000e+05
1.857690000000000000e+05
1.877930000000000000e+05
1.898440000000000000e+05
1.920070000000000000e+05
1.940230000000000000e+05
1.961500000000000000e+05
1.981340000000000000e+05
2.001340000000000000e+05
2.020930000000000000e+05
2.039880000000000000e+05
2.057710000000000000e+05
2.078310000000000000e+05
2.097430000000000000e+05
2.115730000000000000e+05
2.134710000000000000e+05
2.151590000000000000e+05
2.169870000000000000e+05
2.188480000000000000e+05
2.207150000000000000e+05
2.227290000000000000e+05
2.245190000000000000e+05
2.266100000000000000e+05
2.284820000000000000e+05
2.303090000000000000e+05
2.322670000000000000e+05
2.343110000000000000e+05
2.363990000000000000e+05
2.383850000000000000e+05
2.405810000000000000e+05
2.426980000000000000e+05
2.448520000000000000e+05
2.468980000000000000e+05
2.488980000000000000e+05
2.511940000000000000e+05
2.532160000000000000e+05
2.558130000000000000e+05
2.576360000000000000e+05
2.596980000000000000e+05
2.616160000000000000e+05
2.634810000000000000e+05
2.653590000000000000e+05
2.672350000000000000e+05
2.693760000000000000e+05
2.714140000000000000e+05
2.735960000000000000e+05
2.757050000000000000e+05
2.778710000000000000e+05
2.797810000000000000e+05
2.819760000000000000e+05
2.840280000000000000e+05
2.860790000000000000e+05
2.882840000000000000e+05
2.904300000000000000e+05
2.922710000000000000e+05
2.942120000000000000e+05
2.962420000000000000e+05
2.983010000000000000e+05
3.005380000000000000e+05
3.023950000000000000e+05
3.045610000000000000e+05
3.064120000000000000e+05
3.083220000000000000e+05
3.101990000000000000e+05
3.122240000000000000e+05
3.142900000000000000e+05
3.163850000000000000e+05
3.185080000000000000e+05
3.202520000000000000e+05
3.217890000000000000e+05
3.239280000000000000e+05
3.259270000000000000e+05
3.279080000000000000e+05
3.294820000000000000e+05
3.315410000000000000e+05
3.334540000000000000e+05
3.353500000000000000e+05
3.372740000000000000e+05
3.392300000000000000e+05
3.411890000000000000e+05
3.429590000000000000e+05
3.448380000000000000e+05
3.471970000000000000e+05
3.493570000000000000e+05
3.513800000000000000e+05
3.535750000000000000e+05
3.555780000000000000e+05
3.578650000000000000e+05
3.598570000000000000e+05
3.619200000000000000e+05
3.641650000000000000e+05
3.663090000000000000e+05
3.687790000000000000e+05
3.705570000000000000e+05
3.725450000000000000e+05
3.747950000000000000e+05
3.768770000000000000e+05
3.785950000000000000e+05
3.806690000000000000e+05
3.823990000000000000e+05
3.844620000000000000e+05
3.863690000000000000e+05
3.884060000000000000e+05
3.901180000000000000e+05
3.922120000000000000e+05
3.941570000000000000e+05
3.961930000000000000e+05
3.980830000000000000e+05
4.000560000000000000e+05
4.019810000000000000e+05
4.040160000000000000e+05
4.058280000000000000e+05
4.080650000000000000e+05
4.099570000000000000e+05
4.121420000000000000e+05
4.143000000000000000e+05
4.161820000000000000e+05
4.181600000000000000e+05
4.202180000000000000e+05
4.221470000000000000e+05
4.240770000000000000e+05
4.252820000000000000e+05
4.273510000000000000e+05
4.286810000000000000e+05
4.306640000000000000e+05
4.328420000000000000e+05
4.344970000000000000e+05
4.362620000000000000e+05
4.382370000000000000e+05
4.402140000000000000e+05
4.423610000000000000e+05
4.438190000000000000e+05
4.458770000000000000e+05
4.479330000000000000e+05
4.496170000000000000e+05
4.517940000000000000e+05
4.538760000000000000e+05
4.558560000000000000e+05
4.578950000000000000e+05
4.601140000000000000e+05
4.625360000000000000e+05
4.642620000000000000e+05
4.663860000000000000e+05
4.682190000000000000e+05
4.703950000000000000e+05
4.725120000000000000e+05
4.744150000000000000e+05
4.760750000000000000e+05
4.781940000000000000e+05
4.803270000000000000e+05
4.824180000000000000e+05
4.843440000000000000e+05
4.865160000000000000e+05
4.882450000000000000e+05
4.902970000000000000e+05
4.920630000000000000e+05
4.943140000000000000e+05
4.963420000000000000e+05
4.982160000000000000e+05
5.003280000000000000e+05
5.027140000000000000e+05
5.047630000000000000e+05
5.071840000000000000e+05
5.089420000000000000e+05
5.108760000000000000e+05
5.133740000000000000e+05
5.152540000000000000e+05
5.172930000000000000e+05
5.193070000000000000e+05
5.213370000000000000e+05
5.233750000000000000e+05
5.254490000000000000e+05
5.274460000000000000e+05
5.296010000000000000e+05
5.319350000000000000e+05
5.335990000000000000e+05
5.359360000000000000e+05
5.379410000000000000e+05
5.399540000000000000e+05
5.420340000000000000e+05
5.441450000000000000e+05
5.460190000000000000e+05
5.480970000000000000e+05
5.501240000000000000e+05
5.525270000000000000e+05
5.542840000000000000e+05
5.562310000000000000e+05
5.581230000000000000e+05
5.607080000000000000e+05
5.626590000000000000e+05
5.649550000000000000e+05
5.668820000000000000e+05
5.685490000000000000e+05
5.703420000000000000e+05
5.723360000000000000e+05
5.739330000000000000e+05
5.759210000000000000e+05
5.781000000000000000e+05
5.801020000000000000e+05
5.820270000000000000e+05
5.839830000000000000e+05
5.860850000000000000e+05
5.881420000000000000e+05
5.901540000000000000e+05
5.919930000000000000e+05
5.936850000000000000e+05
5.956430000000000000e+05
5.974480000000000000e+05
5.995210000000000000e+05
6.015210000000000000e+05
6.034070000000000000e+05
6.052690000000000000e+05
6.071200000000000000e+05
6.090800000000000000e+05
6.111610000000000000e+05
6.133200000000000000e+05
6.151760000000000000e+05
6.171710000000000000e+05
6.191400000000000000e+05
6.210510000000000000e+05
6.232200000000000000e+05
6.253170000000000000e+05
6.272620000000000000e+05
6.294140000000000000e+05
6.316440000000000000e+05
6.334250000000000000e+05
6.355120000000000000e+05
6.373710000000000000e+05
6.392400000000000000e+05
6.412700000000000000e+05
6.432650000000000000e+05
6.451700000000000000e+05
6.473600000000000000e+05
6.494230000000000000e+05
6.514680000000000000e+05
6.535910000000000000e+05
6.554690000000000000e+05
6.567670000000000000e+05
6.587980000000000000e+05
6.611800000000000000e+05
6.630380000000000000e+05
6.651410000000000000e+05
6.671920000000000000e+05
6.692750000000000000e+05
6.712620000000000000e+05
6.732230000000000000e+05
6.753540000000000000e+05
6.773090000000000000e+05
6.793700000000000000e+05
6.809350000000000000e+05
6.829490000000000000e+05
6.844200000000000000e+05
6.863530000000000000e+05
6.884430000000000000e+05
6.905220000000000000e+05
6.926100000000000000e+05
6.945700000000000000e+05
6.963920000000000000e+05
6.984420000000000000e+05
7.004400000000000000e+05
7.022390000000000000e+05
7.043680000000000000e+05
7.063600000000000000e+05
7.083630000000000000e+05
7.104500000000000000e+05
7.122350000000000000e+05
7.140130000000000000e+05
7.160870000000000000e+05
7.183790000000000000e+05
7.199850000000000000e+05
7.219400000000000000e+05
7.237960000000000000e+05
7.259460000000000000e+05
7.279740000000000000e+05
7.305200000000000000e+05
7.324090000000000000e+05
7.347360000000000000e+05
7.371160000000000000e+05
7.389520000000000000e+05
7.406930000000000000e+05
7.427560000000000000e+05
7.444700000000000000e+05
7.464590000000000000e+05
7.481090000000000000e+05
7.501490000000000000e+05
7.521320000000000000e+05
7.540270000000000000e+05
7.563670000000000000e+05
7.585090000000000000e+05
7.608630000000000000e+05
7.625650000000000000e+05
7.641140000000000000e+05
7.663370000000000000e+05
7.685680000000000000e+05
7.707180000000000000e+05
7.727830000000000000e+05
7.748040000000000000e+05
7.765070000000000000e+05
7.784900000000000000e+05
7.800550000000000000e+05
7.824520000000000000e+05
7.841330000000000000e+05
7.863450000000000000e+05
7.882460000000000000e+05
7.899590000000000000e+05
7.923390000000000000e+05
7.940750000000000000e+05
7.960890000000000000e+05
7.980530000000000000e+05
8.000130000000000000e+05
8.019090000000000000e+05
8.033030000000000000e+05
8.056030000000000000e+05
8.079670000000000000e+05
8.100820000000000000e+05
8.123950000000000000e+05
8.148690000000000000e+05
8.164380000000000000e+05
8.185040000000000000e+05
8.205040000000000000e+05
8.228160000000000000e+05
8.248330000000000000e+05
8.270930000000000000e+05
8.293700000000000000e+05
8.311590000000000000e+05
8.325320000000000000e+05
8.342670000000000000e+05
8.360260000000000000e+05
8.380690000000000000e+05
8.393480000000000000e+05
8.414810000000000000e+05
8.434810000000000000e+05
8.460500000000000000e+05
8.478680000000000000e+05
8.498680000000000000e+05
8.516930000000000000e+05
8.540050000000000000e+05
8.561250000000000000e+05
8.580370000000000000e+05
8.592960000000000000e+05
8.610040000000000000e+05
8.630420000000000000e+05
8.650700000000000000e+05
8.670700000000000000e+05
8.689440000000000000e+05
8.702240000000000000e+05
8.721750000000000000e+05
8.744700000000000000e+05
8.767690000000000000e+05
8.783920000000000000e+05
8.806090000000000000e+05
8.830740000000000000e+05
8.851590000000000000e+05
8.874230000000000000e+05
8.893160000000000000e+05
8.911710000000000000e+05
8.936720000000000000e+05
8.956720000000000000e+05
8.976660000000000000e+05
8.990490000000000000e+05
9.009900000000000000e+05
9.029250000000000000e+05
9.053450000000000000e+05
9.068680000000000000e+05
9.087940000000000000e+05
9.112260000000000000e+05
9.128370000000000000e+05
9.149060000000000000e+05
9.168790000000000000e+05
9.191000000000000000e+05
9.212250000000000000e+05
9.234700000000000000e+05
9.260230000000000000e+05
9.271620000000000000e+05
9.295490000000000000e+05
9.313480000000000000e+05
9.334580000000000000e+05
9.353610000000000000e+05
9.372820000000000000e+05
9.392970000000000000e+05
9.416220000000000000e+05
9.435040000000000000e+05
9.460260000000000000e+05
9.483930000000000000e+05
9.505110000000000000e+05
9.526930000000000000e+05
9.548060000000000000e+05
9.569500000000000000e+05
9.589820000000000000e+05
9.610970000000000000e+05
9.629720000000000000e+05
9.653600000000000000e+05
9.674070000000000000e+05
9.691040000000000000e+05
9.707900000000000000e+05
9.724010000000000000e+05
9.743390000000000000e+05
9.763390000000000000e+05
9.780610000000000000e+05
9.798260000000000000e+05
9.818960000000000000e+05
9.834000000000000000e+05
9.852910000000000000e+05
9.871200000000000000e+05
9.894640000000000000e+05
9.916970000000000000e+05
9.932790000000000000e+05
9.955110000000000000e+05
9.971790000000000000e+05
9.991790000000000000e+05
1.000598000000000000e+06
1.003179000000000000e+06
1.005144000000000000e+06
1.006850000000000000e+06
1.008660000000000000e+06
1.010553000000000000e+06
1.012803000000000000e+06
1.015256000000000000e+06
1.017500000000000000e+06
1.019695000000000000e+06
1.021716000000000000e+06
1.023716000000000000e+06
1.025911000000000000e+06
1.027413000000000000e+06
1.029420000000000000e+06
1.032113000000000000e+06
1.034347000000000000e+06
1.035885000000000000e+06
1.037785000000000000e+06
1.039810000000000000e+06
1.041810000000000000e+06
1.044282000000000000e+06
1.046990000000000000e+06
1.048708000000000000e+06
1.050751000000000000e+06
1.053026000000000000e+06
1.054813000000000000e+06
1.056813000000000000e+06
1.059784000000000000e+06
1.061511000000000000e+06
1.063107000000000000e+06
1.065903000000000000e+06
1.067505000000000000e+06
1.070086000000000000e+06
1.072047000000000000e+06
1.073705000000000000e+06
1.076403000000000000e+06
1.077722000000000000e+06
1.080277000000000000e+06
1.081957000000000000e+06
1.084090000000000000e+06
1.086493000000000000e+06
1.087778000000000000e+06
1.089159000000000000e+06
1.091206000000000000e+06
1.093812000000000000e+06
1.095758000000000000e+06
1.097211000000000000e+06
1.099346000000000000e+06
1.101346000000000000e+06
1.103346000000000000e+06
1.104936000000000000e+06
1.107080000000000000e+06
1.110010000000000000e+06
1.112416000000000000e+06
1.114754000000000000e+06
1.117268000000000000e+06
1.119268000000000000e+06
1.121122000000000000e+06
1.123122000000000000e+06
1.124551000000000000e+06
1.126565000000000000e+06
1.128629000000000000e+06
1.130423000000000000e+06
1.132364000000000000e+06
1.134179000000000000e+06
1.136126000000000000e+06
1.137443000000000000e+06
1.139855000000000000e+06
1.141561000000000000e+06
1.143472000000000000e+06
1.145133000000000000e+06
1.147591000000000000e+06
1.148928000000000000e+06
1.150580000000000000e+06
1.152468000000000000e+06
1.154352000000000000e+06
1.156694000000000000e+06
1.159513000000000000e+06
1.161334000000000000e+06
1.163625000000000000e+06
1.165815000000000000e+06
1.167452000000000000e+06
1.170013000000000000e+06
1.171937000000000000e+06
1.174440000000000000e+06
1.176392000000000000e+06
1.178690000000000000e+06
1.180974000000000000e+06
1.182792000000000000e+06
1.184271000000000000e+06
1.186313000000000000e+06
1.188843000000000000e+06
1.190586000000000000e+06
1.192590000000000000e+06
1.194590000000000000e+06
1.196394000000000000e+06
1.197753000000000000e+06
1.199491000000000000e+06
1.201734000000000000e+06
1.203798000000000000e+06
1.205477000000000000e+06
1.207447000000000000e+06
1.209982000000000000e+06
1.212109000000000000e+06
1.213735000000000000e+06
1.215823000000000000e+06
1.217853000000000000e+06
1.219623000000000000e+06
1.221987000000000000e+06
1.224382000000000000e+06
1.226372000000000000e+06
1.228309000000000000e+06
1.230590000000000000e+06
1.232621000000000000e+06
1.234914000000000000e+06
1.236876000000000000e+06
1.238876000000000000e+06
1.241215000000000000e+06
1.243215000000000000e+06
1.245435000000000000e+06
1.246993000000000000e+06
1.249042000000000000e+06
1.251052000000000000e+06
1.253086000000000000e+06
1.255364000000000000e+06
1.257444000000000000e+06
1.259345000000000000e+06
1.261268000000000000e+06
1.263199000000000000e+06
1.265447000000000000e+06
1.266740000000000000e+06
1.269124000000000000e+06
1.271210000000000000e+06
1.274015000000000000e+06
1.275694000000000000e+06
1.277473000000000000e+06
1.279473000000000000e+06
1.281540000000000000e+06
1.282826000000000000e+06
1.285020000000000000e+06
1.286967000000000000e+06
1.288997000000000000e+06
1.290997000000000000e+06
1.292437000000000000e+06
1.294287000000000000e+06
1.295943000000000000e+06
1.298409000000000000e+06
1.300490000000000000e+06
1.302012000000000000e+06
1.304750000000000000e+06
1.306750000000000000e+06
1.309123000000000000e+06
1.311025000000000000e+06
1.313171000000000000e+06
1.314894000000000000e+06
1.317350000000000000e+06
1.319043000000000000e+06
1.321181000000000000e+06
1.323181000000000000e+06
1.324979000000000000e+06
1.326582000000000000e+06
1.328512000000000000e+06
1.330445000000000000e+06
1.332643000000000000e+06
1.334643000000000000e+06
1.336804000000000000e+06
1.338804000000000000e+06
1.341056000000000000e+06
1.343062000000000000e+06
1.345230000000000000e+06
1.346796000000000000e+06
1.349262000000000000e+06
1.351262000000000000e+06
1.353090000000000000e+06
1.355090000000000000e+06
1.357415000000000000e+06
1.359908000000000000e+06
1.362272000000000000e+06
1.363748000000000000e+06
1.365317000000000000e+06
1.367317000000000000e+06
1.369532000000000000e+06
1.371792000000000000e+06
1.373898000000000000e+06
1.375898000000000000e+06
1.377268000000000000e+06
1.379378000000000000e+06
1.380995000000000000e+06
1.383439000000000000e+06
1.385331000000000000e+06
1.387331000000000000e+06
1.389391000000000000e+06
1.391012000000000000e+06
1.393527000000000000e+06
1.395527000000000000e+06
1.397358000000000000e+06
1.399358000000000000e+06
1.401557000000000000e+06
1.403289000000000000e+06
1.404913000000000000e+06
1.406762000000000000e+06
1.408526000000000000e+06
1.409966000000000000e+06
1.411951000000000000e+06
1.413931000000000000e+06
1.415721000000000000e+06
1.418122000000000000e+06
1.420031000000000000e+06
1.421971000000000000e+06
1.424030000000000000e+06
1.425827000000000000e+06
1.428018000000000000e+06
1.430372000000000000e+06
1.432446000000000000e+06
1.434446000000000000e+06
1.436486000000000000e+06
1.438090000000000000e+06
1.439788000000000000e+06
1.441956000000000000e+06
1.444267000000000000e+06
1.445772000000000000e+06
1.447954000000000000e+06
1.450758000000000000e+06
1.452109000000000000e+06
1.453416000000000000e+06
1.455431000000000000e+06
1.457546000000000000e+06
1.460348000000000000e+06
1.462283000000000000e+06
1.464673000000000000e+06
1.466425000000000000e+06
1.468055000000000000e+06
1.469455000000000000e+06
1.470942000000000000e+06
1.472915000000000000e+06
1.474936000000000000e+06
1.476195000000000000e+06
1.478355000000000000e+06
1.480299000000000000e+06
1.482514000000000000e+06
1.483893000000000000e+06
1.485512000000000000e+06
1.487512000000000000e+06
1.489116000000000000e+06
1.491116000000000000e+06
1.493657000000000000e+06
1.495220000000000000e+06
1.496976000000000000e+06
1.498807000000000000e+06
1.500908000000000000e+06
1.502516000000000000e+06
1.504593000000000000e+06
1.506593000000000000e+06
1.508593000000000000e+06
1.510515000000000000e+06
1.512590000000000000e+06
1.514590000000000000e+06
1.517074000000000000e+06
1.518307000000000000e+06
1.520163000000000000e+06
1.522163000000000000e+06
1.523519000000000000e+06
1.525135000000000000e+06
1.527165000000000000e+06
1.529704000000000000e+06
1.531465000000000000e+06
1.533465000000000000e+06
1.535330000000000000e+06
1.537938000000000000e+06
1.539896000000000000e+06
1.542042000000000000e+06
1.543907000000000000e+06
1.546188000000000000e+06
1.548061000000000000e+06
1.549542000000000000e+06
1.551287000000000000e+06
1.552897000000000000e+06
1.554957000000000000e+06
1.557412000000000000e+06
1.559648000000000000e+06
1.561417000000000000e+06
1.563871000000000000e+06
1.565871000000000000e+06
1.567989000000000000e+06
1.570171000000000000e+06
1.572410000000000000e+06
1.574410000000000000e+06
1.576847000000000000e+06
1.578161000000000000e+06
1.580019000000000000e+06
1.582126000000000000e+06
1.583698000000000000e+06
1.586175000000000000e+06
1.588150000000000000e+06
1.590143000000000000e+06
1.592577000000000000e+06
1.594577000000000000e+06
1.596909000000000000e+06
1.599319000000000000e+06
1.601533000000000000e+06
1.603533000000000000e+06
1.605268000000000000e+06
1.607054000000000000e+06
1.609199000000000000e+06
1.611835000000000000e+06
1.613717000000000000e+06
1.615834000000000000e+06
1.617427000000000000e+06
1.618843000000000000e+06
1.621281000000000000e+06
1.622823000000000000e+06
1.624295000000000000e+06
1.626830000000000000e+06
1.628769000000000000e+06
1.630769000000000000e+06
1.632137000000000000e+06
1.634176000000000000e+06
1.636777000000000000e+06
1.638722000000000000e+06
1.640722000000000000e+06
1.642722000000000000e+06
1.644474000000000000e+06
1.646585000000000000e+06
1.648781000000000000e+06
1.650781000000000000e+06
1.652652000000000000e+06
1.654652000000000000e+06
1.656522000000000000e+06
1.658634000000000000e+06
1.660643000000000000e+06
1.662380000000000000e+06
1.664746000000000000e+06
1.666593000000000000e+06
1.668827000000000000e+06
1.670552000000000000e+06
1.672830000000000000e+06
1.674830000000000000e+06
1.676169000000000000e+06
1.678568000000000000e+06
1.679988000000000000e+06
1.681988000000000000e+06
1.684690000000000000e+06
1.686543000000000000e+06
1.688484000000000000e+06
1.690484000000000000e+06
1.693129000000000000e+06
1.695832000000000000e+06
1.697979000000000000e+06
1.700154000000000000e+06
1.702325000000000000e+06
1.704325000000000000e+06
1.705836000000000000e+06
1.708379000000000000e+06
1.710428000000000000e+06
1.712295000000000000e+06
1.713925000000000000e+06
1.715925000000000000e+06
1.717965000000000000e+06
1.720252000000000000e+06
1.722198000000000000e+06
1.724047000000000000e+06
1.725310000000000000e+06
1.727205000000000000e+06
1.729002000000000000e+06
1.730460000000000000e+06
1.732409000000000000e+06
1.734842000000000000e+06
1.736378000000000000e+06
1.738292000000000000e+06
1.740265000000000000e+06
1.742265000000000000e+06
1.743858000000000000e+06
1.745858000000000000e+06
1.748223000000000000e+06
1.749932000000000000e+06
1.752219000000000000e+06
1.754606000000000000e+06
1.756600000000000000e+06
1.758545000000000000e+06
1.760571000000000000e+06
1.761938000000000000e+06
1.764075000000000000e+06
1.766075000000000000e+06
1.768252000000000000e+06
1.770143000000000000e+06
1.772096000000000000e+06
1.774304000000000000e+06
1.776613000000000000e+06
1.778556000000000000e+06
1.780681000000000000e+06
1.782681000000000000e+06
1.784821000000000000e+06
1.786904000000000000e+06
1.788760000000000000e+06
1.791057000000000000e+06
1.792886000000000000e+06
1.795059000000000000e+06
1.797729000000000000e+06
1.799894000000000000e+06
1.802341000000000000e+06
1.804341000000000000e+06
1.806287000000000000e+06
1.808080000000000000e+06
1.810221000000000000e+06
1.812221000000000000e+06
1.814298000000000000e+06
1.816363000000000000e+06
1.818253000000000000e+06
1.820253000000000000e+06
1.822708000000000000e+06
1.824410000000000000e+06
1.826889000000000000e+06
1.828706000000000000e+06
1.831187000000000000e+06
1.833636000000000000e+06
1.835574000000000000e+06
1.837240000000000000e+06
1.839056000000000000e+06
1.840987000000000000e+06
1.842693000000000000e+06
1.844722000000000000e+06
1.846353000000000000e+06
1.848353000000000000e+06
1.850086000000000000e+06
1.852040000000000000e+06
1.853628000000000000e+06
1.855501000000000000e+06
1.857700000000000000e+06
1.860559000000000000e+06
1.863121000000000000e+06
1.865121000000000000e+06
1.867196000000000000e+06
1.869350000000000000e+06
1.872093000000000000e+06
1.873823000000000000e+06
1.875893000000000000e+06
1.877893000000000000e+06
1.879854000000000000e+06
1.881854000000000000e+06
1.883929000000000000e+06
1.885716000000000000e+06
1.887716000000000000e+06
1.889406000000000000e+06
1.891228000000000000e+06
1.893466000000000000e+06
1.896134000000000000e+06
1.898103000000000000e+06
1.900654000000000000e+06
1.902152000000000000e+06
1.904334000000000000e+06
1.906247000000000000e+06
1.908111000000000000e+06
1.910111000000000000e+06
1.911784000000000000e+06
1.913553000000000000e+06
1.915148000000000000e+06
1.917033000000000000e+06
1.918697000000000000e+06
1.920130000000000000e+06
1.921499000000000000e+06
1.923499000000000000e+06
1.924840000000000000e+06
1.926536000000000000e+06
1.928729000000000000e+06
1.930729000000000000e+06
1.932134000000000000e+06
1.934134000000000000e+06
1.936116000000000000e+06
1.937675000000000000e+06
1.939721000000000000e+06
1.941210000000000000e+06
1.943428000000000000e+06
1.944828000000000000e+06
1.945957000000000000e+06
1.948276000000000000e+06
1.950180000000000000e+06
1.951734000000000000e+06
1.954157000000000000e+06
1.955656000000000000e+06
1.957807000000000000e+06
1.959645000000000000e+06
1.961408000000000000e+06
1.962766000000000000e+06
1.964558000000000000e+06
1.966012000000000000e+06
1.968012000000000000e+06
1.969984000000000000e+06
1.972037000000000000e+06
1.974195000000000000e+06
1.976195000000000000e+06
1.978377000000000000e+06
1.980527000000000000e+06
1.982752000000000000e+06
1.983889000000000000e+06
1.985889000000000000e+06
1.988372000000000000e+06
1.989835000000000000e+06
1.992024000000000000e+06
1.994024000000000000e+06
1.995997000000000000e+06
1.997997000000000000e+06
1.999482000000000000e+06
2.001351000000000000e+06
