-3.260456919842925211e-02
1.561126538252206042e-01
5.311957244088199026e-01
8.980186145548668675e-01
1.600529749702900295e+00
2.750534615803377214e+00
3.764633972397906536e+00
4.936328238187218886e+00
6.091639581308149864e+00
7.886619217640775226e+00
8.848779759319453930e+00
1.058697423285109629e+01
1.251316670886114224e+01
1.426198137836425772e+01
1.532250582008132866e+01
1.766120752596111032e+01
1.950191286066329610e+01
2.143121161381303352e+01
2.196626976281869403e+01
2.380349765135374085e+01
2.496659378587101230e+01
2.533069604463865332e+01
2.541324577399866058e+01
2.579545977962645864e+01
2.622108035111233093e+01
2.591633662298546881e+01
2.515585713328964346e+01
2.577699928655435002e+01
2.536532288968641424e+01
2.414515740204220151e+01
2.340112654972790907e+01
2.328184744283596430e+01
2.249302262393990404e+01
2.248908074957894243e+01
2.258628539871554608e+01
2.267850574925689955e+01
2.372499554522785203e+01
2.434923325514871451e+01
2.601846821690837785e+01
2.693705789921195048e+01
2.745062075665097723e+01
2.915031819994810647e+01
2.920051953939322331e+01
3.001685405234507087e+01
3.050043137244619018e+01
3.082616246315321717e+01
3.048480889979850517e+01
3.068505046687111815e+01
3.056309912143770902e+01
3.062395659951499383e+01
3.087500772351064526e+01
3.133243481008205578e+01
3.084129223793747343e+01
3.079564289281461598e+01
3.104515273715655965e+01
3.110846141093401584e+01
3.018239615102438478e+01
3.088022407865686958e+01
3.080538574414686437e+01
3.057718720171112281e+01
3.029442212491953512e+01
3.022331268188085218e+01
3.060657958239055887e+01
3.041045929076053511e+01
3.058440285174553708e+01
3.078120716798791889e+01
3.103126272774698435e+01
3.112069393194702016e+01
3.180530346091431682e+01
3.214845873282860111e+01
3.239114979344436307e+01
3.283204657785839231e+01
3.304354904084576106e+01
3.343430533963648799e+01
3.340692512467074948e+01
3.329533978485737578e+01
3.305189295252179704e+01
3.308983749199413182e+01
3.280889803581143838e+01
3.254137845259307937e+01
3.246067697741193570e+01
3.170709414250117675e+01
3.191034612055735664e+01
3.158840407495958402e+01
3.155199678832320487e+01
3.189935788338356204e+01
3.224130150625861546e+01
3.235713000347600854e+01
3.290950916914641766e+01
3.329227019400105547e+01
3.320191779936675402e+01
3.350228534607060027e+01
3.392934333888954512e+01
3.349839085919747106e+01
3.360461658415333375e+01
3.376458755096149389e+01
3.390505428153673506e+01
3.395837372673327081e+01
3.428696789308389015e+01
3.421557937265325222e+01
3.417306712388570133e+01
3.445060186176360162e+01
3.456741875239004713e+01
3.488103344293276820e+01
3.546362508965997051e+01
3.535881586683515820e+01
3.548116150240120703e+01
3.566878982664009357e+01
3.618557536780743789e+01
3.650967979418746978e+01
3.655946389855026268e+01
3.667102972010908246e+01
3.693665702719187038e+01
3.712207078147016404e+01
3.795482094118560923e+01
3.824336306340546798e+01
3.834782610060386787e+01
3.828153533056150337e+01
3.848466596361058834e+01
3.883449169766732467e+01
3.970958720934734032e+01
3.950880598512417663e+01
3.998824771575791459e+01
3.981712751950221474e+01
4.026547549121730896e+01
4.044827278929446379e+01
4.073768485245638971e+01
4.099032560051133345e+01
4.088335213769844501e+01
4.097357004710065098e+01
4.177707662183113513e+01
4.250359376770873610e+01
4.243725398795163528e+01
4.302062283644503538e+01
4.279184427496164034e+01
4.262443760246303270e+01
4.303020050900635596e+01
4.437884620571857397e+01
4.491150297186273832e+01
4.528476493276661330e+01
4.632967723671690408e+01
4.788969994304358124e+01
4.891367224011177228e+01
5.010255845076438419e+01
5.097739235994029627e+01
5.179175878031975344e+01
5.215666602501514149e+01
5.279004641873289927e+01
5.233736601239720443e+01
5.277282534529156521e+01
5.247784258128022117e+01
5.162165180065385073e+01
5.192775340981191334e+01
5.268198558196390024e+01
5.207830119268287206e+01
5.373295758335967776e+01
5.354631204980940140e+01
5.413821112833748828e+01
5.497912708183427810e+01
5.572075416391217573e+01
5.540689931670002721e+01
5.697168891664575341e+01
5.733132828025269845e+01
5.782909710660530322e+01
5.746188763695926127e+01
5.653212392994355184e+01
5.722740053627077828e+01
5.827313726607617639e+01
5.900782820926029615e+01
5.824245672027171850e+01
5.920745950344868191e+01
5.959154437804169646e+01
5.987665204644482486e+01
6.066403512366254347e+01
6.044184958516147077e+01
6.245568831508246177e+01
6.252110093613942610e+01
6.265695826593648832e+01
6.217542244561276732e+01
6.245750954320750026e+01
6.363320351274528264e+01
6.462339679748363608e+01
6.492588139648928802e+01
6.334514047352438126e+01
6.387044265526498776e+01
6.362991604955556824e+01
6.338268576100400509e+01
6.181504702290728659e+01
6.246791936132565581e+01
6.388771546419629743e+01
6.477301443896914179e+01
6.507680422033219259e+01
6.535070123862743685e+01
6.598237769607143832e+01
6.757081451149177553e+01
7.034607759082817324e+01
7.247930688418345824e+01
7.365253012810437383e+01
7.501345610157837029e+01
7.666007522415492303e+01
7.767575198023115490e+01
7.870281736727167754e+01
7.876421341223175432e+01
7.975100792911290171e+01
8.026284918153554315e+01
8.145947845768674256e+01
8.176623769962480992e+01
8.181792547010392980e+01
8.238046632406005187e+01
8.171202010852971398e+01
8.226406410688716164e+01
8.159301045393024765e+01
8.254611018937704614e+01
8.349773344901846883e+01
8.452101658720013688e+01
8.454344606039435917e+01
8.323017145385985316e+01
8.559503229088777232e+01
8.316614089232454887e+01
8.384538604013822294e+01
8.262302085071760871e+01
8.190610772424129493e+01
8.258391351747560805e+01
8.347189245155821880e+01
8.254155793790630469e+01
8.327002259835816744e+01
8.287547966570375024e+01
8.373486979614268932e+01
8.295392979862886307e+01
8.367748744177580988e+01
8.431862637997461718e+01
8.659268307018945166e+01
8.681575782000052754e+01
8.776695915016911442e+01
8.988587308876158488e+01
9.078242391583880533e+01
8.892575804928864613e+01
8.902245734314269043e+01
9.103396892599771206e+01
9.121909231091285619e+01
9.243713436695473717e+01
9.283805868401601913e+01
9.293209222625486632e+01
9.385067420686499418e+01
9.456667128397072020e+01
9.419382158414080664e+01
9.432922583384529958e+01
9.511164523456301367e+01
9.452117576154415701e+01
9.565286555195454810e+01
9.449577144264232231e+01
9.634026904614114528e+01
9.436608635517762877e+01
9.389202925300955371e+01
9.479374447749846411e+01
9.553249118524509242e+01
9.489729590381804769e+01
9.517562805219276356e+01
9.528435462175085036e+01
9.430736267569196229e+01
9.383184304639499373e+01
9.365491266306001705e+01
9.277383407588420994e+01
9.143229905328850293e+01
9.172312283504092534e+01
9.407111898941337813e+01
9.324636528200707630e+01
9.564553743812901132e+01
9.677497158712891689e+01
9.233169760990196551e+01
9.173755509198878144e+01
9.204395923682133684e+01
9.116429888677957649e+01
9.165054140557711548e+01
9.247932590473737946e+01
9.237445349289852459e+01
9.400145756987299706e+01
9.467500102821637142e+01
9.581843473976789483e+01
9.538082205166131189e+01
9.582782231660425509e+01
9.859208434793195863e+01
9.712302117552287939e+01
9.878591855830455870e+01
1.019425629151489687e+02
1.054970969043567663e+02
1.053849948817968709e+02
1.059972723021396632e+02
1.077416426715677034e+02
1.080421447973649975e+02
1.109377031801525817e+02
1.099785533637956121e+02
1.101396709387748700e+02
1.118959501646562558e+02
1.132888929697675309e+02
1.149011002630275300e+02
1.169897279724765156e+02
1.181883318911539362e+02
1.171826970377539681e+02
1.201980546142775381e+02
1.209129219536309989e+02
1.242053023257415703e+02
1.236456859351509081e+02
1.234858798413537926e+02
1.207784616213639310e+02
1.239681218596186767e+02
1.250451068529464891e+02
1.276202114466966435e+02
1.298579213767725378e+02
1.321211759295177330e+02
1.282180440791760248e+02
1.322874365334605784e+02
1.362189991600871224e+02
1.381715950111863549e+02
1.416865241172604328e+02
1.412948470984397602e+02
1.445409233995350462e+02
1.419876728321735300e+02
1.425676423756460451e+02
1.415840971877136099e+02
1.415874817766796525e+02
1.436048015999475069e+02
1.474458502277444154e+02
1.459730138698647863e+02
1.487146126956918977e+02
1.507617496460503332e+02
1.536673553577724931e+02
1.569680021840975712e+02
1.611033407561876061e+02
1.569571596378817162e+02
1.565141431869979272e+02
1.544118718360668936e+02
1.570429297316350130e+02
1.591044217842981823e+02
1.651024654696784921e+02
1.667191764359958768e+02
1.635821641880638708e+02
1.633063977551181551e+02
1.648735624538678906e+02
1.673815470337602562e+02
1.653945472296393291e+02
1.688717955425378818e+02
1.709187455401825844e+02
1.741268346964430691e+02
1.770120170222973002e+02
1.799873959390092466e+02
1.783831046287145057e+02
1.788251978839004721e+02
1.826322827290339319e+02
1.868062135078843369e+02
1.885873404953460977e+02
1.857987639718649859e+02
1.901173429586251871e+02
1.858796509006577935e+02
1.907283818723992113e+02
1.888328865057070232e+02
1.898192415158108588e+02
1.944381230388355561e+02
1.978809579984464051e+02
2.020187676932706324e+02
2.059903765434157776e+02
2.086895928561847597e+02
2.078847825328667511e+02
2.093290407621233271e+02
2.090306165928841438e+02
2.090102653267294954e+02
2.127687821063425417e+02
2.119684493966308310e+02
2.149980412889499064e+02
2.147809183309660170e+02
2.186520866150155769e+02
2.153020251672519123e+02
2.145227019908166994e+02
2.128653903110540568e+02
2.157963707358768204e+02
2.182030288740668880e+02
2.140766524087367770e+02
2.198530352375509267e+02
2.145930410223619162e+02
2.118649254566762181e+02
2.059519020146586001e+02
2.097293265690399267e+02
2.056995783896242926e+02
2.021056905372430492e+02
2.078064508628210660e+02
2.102567362413609828e+02
2.130709214583284847e+02
2.119349167133350704e+02
2.127786723658816186e+02
2.094161109827631719e+02
2.091360577851687026e+02
2.113302306941577342e+02
2.090075354119960309e+02
2.069325484131164217e+02
2.107424483263979482e+02
2.106578256386543160e+02
2.042029587976529967e+02
2.041829838052553612e+02
1.992692079120758706e+02
1.987690490719425611e+02
1.986577251043666195e+02
1.976874800688874245e+02
1.948376299194555656e+02
1.900742669253743315e+02
1.930823409880869690e+02
1.843381430672272074e+02
1.904510235570706698e+02
1.891323317842830249e+02
1.865683131838365796e+02
1.806969104593858617e+02
1.715620814418784335e+02
1.720292451115018082e+02
1.678240171048157663e+02
1.582717179947022430e+02
1.538893993361729713e+02
1.574130847051555691e+02
1.556374063238574195e+02
1.475653686028828133e+02
1.534616501031597409e+02
1.552933539590995338e+02
1.531780661605515661e+02
1.571377415143527969e+02
1.587062831575162534e+02
1.591455928737324825e+02
1.597579374203963596e+02
1.613666958355833287e+02
1.625044135889651216e+02
1.645114500816795271e+02
1.676107081892242547e+02
1.747407059077511349e+02
1.741712999273119635e+02
1.762888479775753581e+02
1.801377432451016034e+02
1.815593801159845952e+02
1.848395860415929803e+02
1.838844856303532254e+02
1.891621346386500306e+02
1.859765165875382138e+02
1.896733065388166892e+02
1.962151323978813195e+02
1.999875188658457432e+02
2.079419557702922248e+02
2.109063933272450129e+02
2.164434108332100664e+02
2.129358421404390072e+02
2.181929037116597385e+02
2.194647523327267038e+02
2.270879989021943004e+02
2.272671640649064955e+02
2.287124082858427698e+02
2.317322708908018853e+02
2.321319471211882330e+02
2.317014817830036577e+02
2.322661529699632865e+02
2.349630540344218161e+02
2.316796944124478728e+02
2.328793701106709761e+02
2.336197301805731286e+02
2.352077560972153094e+02
2.360119991461736220e+02
2.356479385471322132e+02
2.374102165776287165e+02
2.344961450836511005e+02
2.320885611951859744e+02
2.341300350858171555e+02
2.372699296696058866e+02
2.401272930745682288e+02
2.420412395599182958e+02
2.434600213548419845e+02
2.488915701858560112e+02
2.485285272681948072e+02
2.471058879309247516e+02
2.474449489075899464e+02
2.447744087979826872e+02
2.417611067559663240e+02
2.420675597079760735e+02
2.427149229790508969e+02
2.406527242134662856e+02
2.403556368297005577e+02
2.376122068977691413e+02
2.385479401417123597e+02
2.382195622942846853e+02
2.391101437477674949e+02
2.368879324562548447e+02
2.420243970730674903e+02
2.415100393668009247e+02
2.401228704501332629e+02
2.443623219546385315e+02
2.450598854229270103e+02
2.456393486224226876e+02
2.391504183075967376e+02
2.418854309315247519e+02
2.452785005913531506e+02
2.479043237725269933e+02
2.498044956768626434e+02
2.518192527042482141e+02
2.536872350922930082e+02
2.562580998158778129e+02
2.581154180267415086e+02
2.591568994161500541e+02
2.545568289279378575e+02
2.505430115720436959e+02
2.520702921097483795e+02
2.528216249956249158e+02
2.485539049694252469e+02
2.516231738620847409e+02
2.495271561177358421e+02
2.506624304793662645e+02
2.536120053041942128e+02
2.547643259008095526e+02
2.557246016650229592e+02
2.594859726775623017e+02
2.637980697782746802e+02
2.635532861401720197e+02
2.660255138459231148e+02
2.655699286489340238e+02
2.614450455645625198e+02
2.614823573311317091e+02
2.669483167711161968e+02
2.629521284042573370e+02
2.630766880751901908e+02
2.664905906229172388e+02
2.710558205435593209e+02
2.720749814984912973e+02
2.735322341882857700e+02
2.764366340154247723e+02
2.740148146887305529e+02
2.738664431556161389e+02
2.780010192711577588e+02
2.778072917791079703e+02
2.793592748688972733e+02
2.765234691099634006e+02
2.759652363166853775e+02
2.768972053816707444e+02
2.729531404874366558e+02
2.741006463286865369e+02
2.765486381705744634e+02
2.807971620198734399e+02
2.830746782013343363e+02
2.796620580462379166e+02
2.810146490575178859e+02
2.867574658112353063e+02
2.835588453412718764e+02
2.840075528476489239e+02
2.826180479885368868e+02
2.802394638503985220e+02
2.796021185054927400e+02
2.773949661911167937e+02
2.743921243289613017e+02
2.695144269644765700e+02
2.722781219437219988e+02
2.732151143361269874e+02
2.780863668071280586e+02
2.813765083610719557e+02
2.767498332078208705e+02
2.786817487526020614e+02
2.766780726800594721e+02
2.783277018744465181e+02
2.785976212457221095e+02
2.817610323427131789e+02
2.823113293934204648e+02
2.817028702354423899e+02
2.818170253512208774e+02
2.819299611947358244e+02
2.754106408412021096e+02
2.757926453821895620e+02
2.765475976130384765e+02
2.762295835942743452e+02
2.737575383473085822e+02
2.769531450762972895e+02
2.782341212141053575e+02
2.790799620526556737e+02
2.779600000609866584e+02
2.791090571173626813e+02
2.826660646389769909e+02
2.780707144464456633e+02
2.799988729560142247e+02
2.837845707638617796e+02
2.847575931980704240e+02
2.847268978389582230e+02
2.847362689936078368e+02
2.869578235421225827e+02
2.850433360789918993e+02
2.846986394698305389e+02
2.851128509041206485e+02
2.842352337912108737e+02
2.853742961646614731e+02
2.851746216671061802e+02
2.868006690826799741e+02
2.810501817203042378e+02
2.754739269931730519e+02
2.797415495767054949e+02
2.774293966075316575e+02
2.749609900034440102e+02
2.730125435973607750e+02
2.775588832411152111e+02
2.775190626489187480e+02
2.780307465153045428e+02
2.777075112205210985e+02
2.779342175332724878e+02
2.793789449625498378e+02
2.792678508849024865e+02
2.783214363452489692e+02
2.724922459338156386e+02
2.738068717460054131e+02
2.639199796934133815e+02
2.607709923631671813e+02
2.628778143708481139e+02
2.601412435407700627e+02
2.619517500813251445e+02
2.587343421356779345e+02
2.595075913244345429e+02
2.576154270966442823e+02
2.561085908024063542e+02
2.584812622268506743e+02
2.607790399879299912e+02
2.638772621013197295e+02
2.582636022869023691e+02
2.570469790676616526e+02
2.567411660631690324e+02
2.558129255284408146e+02
2.605985276835064610e+02
2.638957630163799877e+02
2.696083255148373610e+02
2.711541246086480328e+02
2.722051585228474551e+02
2.723530663425661373e+02
2.694289682906553480e+02
2.684625169891360201e+02
2.686302149450571051e+02
2.663688088422456985e+02
2.685358574918737986e+02
2.709782830835092682e+02
2.771436044711680324e+02
2.726802486699940573e+02
2.754821585333645544e+02
2.717648784525902101e+02
2.716826371475142992e+02
2.739898438944370014e+02
2.714693773673321857e+02
2.759056295507003824e+02
2.762565372380385611e+02
2.779231244909637439e+02
2.773351794444741358e+02
2.791433659792160142e+02
2.814546475612232825e+02
2.769626017257511421e+02
2.749522880150182118e+02
2.733090954462668378e+02
2.804069242978364400e+02
2.813967479891900325e+02
2.795356602095978360e+02
2.808005130617101486e+02
2.810645861024297005e+02
2.840467488781111456e+02
2.816492493806439370e+02
2.820381631707873566e+02
2.798798816431732348e+02
2.801332351182724665e+02
2.838252112800812483e+02
2.818534960822379958e+02
2.822964534502228275e+02
2.848121956345417516e+02
2.814808856942210582e+02
2.805494468503264898e+02
2.813539766906243358e+02
2.845944612092321222e+02
2.801327359310411680e+02
2.785755536811219031e+02
2.796425742849278322e+02
2.784836413718960557e+02
2.811434653744921093e+02
2.869407520629729333e+02
2.878273092894943943e+02
2.872416509738504260e+02
2.907101730406002389e+02
2.939133203380383748e+02
2.986575767786455344e+02
3.007220434836868321e+02
3.005116105028247375e+02
3.013064974418826978e+02
3.006872178863088720e+02
3.028763493846313395e+02
3.006418907892691550e+02
3.011875578426134439e+02
3.035055579781782171e+02
3.045628423847184081e+02
3.047517835074725099e+02
3.025912321898259734e+02
3.052235914525084013e+02
3.079676307477213300e+02
3.121477070309715600e+02
3.112277438872431503e+02
3.112727539258344223e+02
3.137268148953862124e+02
3.144431022968211096e+02
3.028585504836368045e+02
3.042146368187339363e+02
3.091120185398355034e+02
3.039451376913597755e+02
3.069038703748833541e+02
3.098189877266569283e+02
3.138252980254038107e+02
3.142071599653720000e+02
3.134366298545111817e+02
3.111730860481545164e+02
3.146353297897617267e+02
3.134650156051906720e+02
3.124730901339069078e+02
3.125144982863023415e+02
3.116624113263235358e+02
3.115778027313965026e+02
3.154567294610892532e+02
3.155869235073790833e+02
3.164115962361249217e+02
3.110379583169750504e+02
3.087228319445455895e+02
3.093477516444014555e+02
3.107044259067714620e+02
3.144485066055083848e+02
3.126507711143602251e+02
3.152782460861463392e+02
3.135946943560764453e+02
3.172826994142376975e+02
3.178265322028294122e+02
3.173085420481724555e+02
3.151788326927967319e+02
3.182833072645273660e+02
3.204970844900211659e+02
3.182517661924769641e+02
3.127168262169116701e+02
3.131044485463099250e+02
3.124257060391575465e+02
3.140801192207589452e+02
3.115251355169480689e+02
3.093829604554638877e+02
3.104097661779415489e+02
3.139511415795954576e+02
3.122024192525807962e+02
3.143308194753046791e+02
3.115964264532079824e+02
3.115315858750868756e+02
3.081894575255139443e+02
2.986076168574008989e+02
3.013054391022635059e+02
3.028499985149142617e+02
3.064240801461539832e+02
3.066977919934943770e+02
2.919829790984993565e+02
2.917754091973498589e+02
2.920608485463197326e+02
2.924653189927718131e+02
2.906072004693606914e+02
2.932059465311880899e+02
2.884950481204377866e+02
2.796862949639451017e+02
2.810318746762001183e+02
2.717024191317192390e+02
2.681658432245927770e+02
2.639566999564744947e+02
2.672963727037517856e+02
2.673015252771134556e+02
2.678983292960627409e+02
2.710645168509898895e+02
2.659295444932690202e+02
2.709931278684990161e+02
2.688901397052125049e+02
2.709374818078030671e+02
2.724671077154338832e+02
2.681072665225324840e+02
2.707530327219944866e+02
2.729782920049126460e+02
2.733347243037165981e+02
2.686539007250710256e+02
2.701972015432438639e+02
2.723392677858457205e+02
2.757819851216601705e+02
2.753224956366711353e+02
2.765828474434846953e+02
2.730970457610941367e+02
2.707259735754240069e+02
2.714851756123537143e+02
2.714131704125389319e+02
2.781797912982891035e+02
2.779615154593697639e+02
2.687184221601057743e+02
2.722807336570048165e+02
2.717748866715442091e+02
2.787972975989489441e+02
2.786646017798935873e+02
2.867804804930924547e+02
2.847280607513571340e+02
2.839388056005421959e+02
2.839665826852352666e+02
2.888199575030766937e+02
2.950214084612267698e+02
2.960802996884834783e+02
2.960023361530750208e+02
2.953963915055260827e+02
2.914831669965113292e+02
2.942624280655189182e+02
2.957053212766551837e+02
2.958067608240973527e+02
2.968779647508874859e+02
2.953581874305044153e+02
2.963783540961496783e+02
2.996121058591386372e+02
3.004270104136472810e+02
3.004436661739223950e+02
3.003323869420747201e+02
3.007388830370945243e+02
3.044335101478163210e+02
3.040045477525104616e+02
3.050646619792260026e+02
3.053958578947818410e+02
3.090349969019257514e+02
3.092770079431317072e+02
3.089672921457596999e+02
3.083945842068931142e+02
3.107372829763123150e+02
3.083993057063030960e+02
3.046795635809547775e+02
3.058698646210255561e+02
3.048089148418240484e+02
3.012118288722956549e+02
2.990827461263498321e+02
2.955241887656716813e+02
2.932655411906550853e+02
2.929615058668734378e+02
2.958020044930616450e+02
2.982765947531519828e+02
3.004686118038662812e+02
2.983166022599313578e+02
2.983338133063530790e+02
2.983951898269100411e+02
2.935115795846345463e+02
2.928778702283061648e+02
2.933630800232778597e+02
2.917760412657283950e+02
2.935493383270009531e+02
2.912680550409785383e+02
2.921545388347408903e+02
2.942763305491951087e+02
2.917019857700137209e+02
2.888019501930066326e+02
2.829541727009820420e+02
2.846327564287095697e+02
2.813359120976479630e+02
2.802275951049533660e+02
2.763499947329125916e+02
2.767480327154230508e+02
2.838406019820257598e+02
2.800215210101572438e+02
2.820326401974335226e+02
2.817213480485415289e+02
2.819191563633380611e+02
2.876964956646870064e+02
2.876950399044896471e+02
2.855708022052996284e+02
2.878381219763644481e+02
2.907699746392249267e+02
2.925556999163710543e+02
2.989622859326850630e+02
2.991770832013207837e+02
2.988436722238905645e+02
2.988375931225772888e+02
2.998378097944681713e+02
2.997983162621737847e+02
2.991954247723613776e+02
3.005776978067114555e+02
2.974797777872949496e+02
2.951598041799900329e+02
2.951372517561387099e+02
2.984733963639098988e+02
2.972076910341297662e+02
2.929327658913029495e+02
2.927479551850128132e+02
2.865024775652500466e+02
2.867780217552775639e+02
2.912239158248420949e+02
2.914042069311793739e+02
2.912362412685741901e+02
2.926959333328411503e+02
2.945565849819662390e+02
2.925829198572753285e+02
2.966681836395165988e+02
2.952338397803731027e+02
2.934042338055293158e+02
2.928430593253617076e+02
2.965014131576579075e+02
2.971304102450570781e+02
2.963186575008757586e+02
2.959822057366870354e+02
2.937798342396928888e+02
2.964911469337441190e+02
2.968745988309618156e+02
2.957295949212288519e+02
2.984550526464781228e+02
2.969557445044441693e+02
2.945348311674602542e+02
2.938339916545027108e+02
2.947637035991357948e+02
2.923618766553633463e+02
2.930760948105370289e+02
2.906230088384631927e+02
2.952527031101471948e+02
2.932027077154818357e+02
2.986424018647605294e+02
3.013540891741070027e+02
3.022385761739598706e+02
2.984608685144957576e+02
2.992222725850819529e+02
3.029878026293652056e+02
3.012799924334639741e+02
3.028758854716567726e+02
3.032464454400821410e+02
3.016854876506699270e+02
3.064550415281148616e+02
3.041475216861254012e+02
3.036353744418811971e+02
3.023295052128000862e+02
3.061390310321071411e+02
3.088107480170019130e+02
3.099043632762029574e+02
3.103930571604765873e+02
3.095148087000546866e+02
3.073005257510541810e+02
3.073303333703979092e+02
3.025803996331085273e+02
2.995917296016521618e+02
3.003749339266373681e+02
3.009524299973091388e+02
3.031288873481038877e+02
3.032518227846016998e+02
3.028552056981706642e+02
3.056119381040055600e+02
3.057723733266645922e+02
3.077465864789577381e+02
3.074877822794551889e+02
3.049366467634792457e+02
3.080427552134418647e+02
3.079724588518185442e+02
3.080020991047200596e+02
3.061441373358351825e+02
3.110612674501942934e+02
3.087342524387017875e+02
3.103676787683940574e+02
3.083400085395058454e+02
2.985720033191425955e+02
2.908971330910859479e+02
2.902111961892544514e+02
2.901037360525923532e+02
2.873366874199848553e+02
2.829923628417158739e+02
2.866620329303870562e+02
2.863707317959830334e+02
2.839372828422976909e+02
2.838701715928631302e+02
2.839509751016531709e+02
2.744344331852116170e+02
2.724587521705682320e+02
2.725509484145138686e+02
2.746188436925133374e+02
2.768168882877513397e+02
2.795540008167723158e+02
2.812957252593694761e+02
2.803230696053777251e+02
2.804930664636609094e+02
2.794952600431759038e+02
2.819559757623703149e+02
2.761596478530486820e+02
2.740602201447089215e+02
2.779182353735432685e+02
2.796912013437711266e+02
2.694758117419322048e+02
2.666827140042307178e+02
