-6.229445350953761817e+01
-6.660671056536753554e+01
-6.637316806554511572e+01
-6.544488490473690945e+01
-6.309943581340839103e+01
-6.171979598039658299e+01
-6.048333273178084113e+01
-5.960577576700872982e+01
-5.800449454626080836e+01
-5.780082842617990480e+01
-5.703955322647432524e+01
-5.607742710315255152e+01
-5.528609874122896173e+01
-5.420732208903030624e+01
-5.378879516052970899e+01
-5.328498663557272153e+01
-5.271725386601187324e+01
-5.245204484392233013e+01
-5.170182708464783161e+01
-5.090816746959539785e+01
-4.971173573521272715e+01
-4.905270209243902713e+01
-4.829524392845557657e+01
-4.797316032971671973e+01
-4.763849424106338404e+01
-4.699898342485999336e+01
-4.642465222001191449e+01
-4.565761742570352055e+01
-4.506799275014029149e+01
-4.440549229645797880e+01
-4.379068770437893221e+01
-4.316647084671909340e+01
-4.260407983498534890e+01
-4.187339580387441629e+01
-4.120101882472165045e+01
-4.057847102585006382e+01
-3.991632201348291886e+01
-3.925827890003089493e+01
-3.866874562758255962e+01
-3.801919634035485274e+01
-3.736069367314118495e+01
-3.657319958275654415e+01
-3.620707012165213001e+01
-3.564017925449592639e+01
-3.488765638693502069e+01
-3.433410451125602947e+01
-3.362747282532358639e+01
-3.296883412584068651e+01
-3.235864547374373501e+01
-3.105072166176821113e+01
-2.961190763223776656e+01
-2.813160154493293419e+01
-2.682126408287665242e+01
-2.562065140438577515e+01
-2.427666994376437870e+01
-2.298571981101643047e+01
-2.160553214565399216e+01
-2.048730241834910260e+01
-1.908859254769144798e+01
-1.779649888075142883e+01
-1.653884687661313535e+01
-1.520604354432534144e+01
-1.331757689819222890e+01
-1.189468304149723288e+01
-1.053024971005990906e+01
-9.107682358780284204e+00
-7.797616732450700638e+00
-6.510424522025789251e+00
-5.301861976283975153e+00
-3.999429452159334986e+00
-2.621331332169670958e+00
-1.381964176030625380e+00
5.370131430461654726e-02
1.394429170823155095e+00
2.676218558808267645e+00
3.996762730793780083e+00
5.060234278670623809e+00
6.293745451999558149e+00
7.547596404346328391e+00
8.881895681598436454e+00
1.019644852959675241e+01
1.150814371206341313e+01
1.267059076936216044e+01
1.453155047649095799e+01
1.581364155448993003e+01
1.703912000696740847e+01
1.828543479341320932e+01
1.963306010523449530e+01
2.088703253926103187e+01
2.208870947395823237e+01
2.347527938065643838e+01
2.489410526245361410e+01
2.620046296071036451e+01
2.747177135231748579e+01
2.881417689028918616e+01
3.004991564813320082e+01
3.127996826176733691e+01
3.259691677063743498e+01
3.369588500133340148e+01
3.490909376489446458e+01
3.601190182889374825e+01
3.721779474729052595e+01
3.832352810635199347e+01
3.940255416211808637e+01
4.083119184750655961e+01
4.182232656890754896e+01
4.283168932027065523e+01
4.389853090496590227e+01
4.482353989445363140e+01
4.562119081360324913e+01
4.666869153098055989e+01
4.765398145788930151e+01
4.860292173188573628e+01
4.955481996515094778e+01
5.039231945757883580e+01
5.090052385367854271e+01
5.178147061109384452e+01
5.268415580988186520e+01
5.341814379039448113e+01
5.413639451313113682e+01
5.495154056242394347e+01
5.575283903559000720e+01
5.671203717342481809e+01
5.758626594565730272e+01
5.887207132046530234e+01
5.973740391135439154e+01
6.055613228977976092e+01
6.139157183564234543e+01
6.209271406563890849e+01
6.269903797010607605e+01
6.352472125757850563e+01
6.415964392170519659e+01
6.478301001705604278e+01
6.549856238467799585e+01
6.622536461448507339e+01
6.686338910865863738e+01
6.746532719985864901e+01
6.815047264498549850e+01
6.862172621629405000e+01
6.912116057707576999e+01
6.973048201510674460e+01
7.030454433303265205e+01
7.066455382098104110e+01
7.116792928758714254e+01
7.154015633727189538e+01
7.212227726467379796e+01
7.240974002564243506e+01
7.298319593214040424e+01
7.339331830353501118e+01
7.384826672062017394e+01
7.430821726261660842e+01
7.471990021790352898e+01
7.508432785389746300e+01
7.560920449173210045e+01
7.612785393612576001e+01
7.656308060209701694e+01
7.704449995373960292e+01
7.744704896652899606e+01
7.805034771502837998e+01
7.838326891673222008e+01
7.869774490340141426e+01
7.910271537790517016e+01
7.948575335549831777e+01
7.997400357978500551e+01
8.074596674153313813e+01
8.110871130979859345e+01
8.171495217153653812e+01
8.214126537551457830e+01
8.228639531622158643e+01
8.268694105613681700e+01
8.311368402583838133e+01
8.353399035018711061e+01
8.381859956866907169e+01
8.426775189358221496e+01
8.461586080332700988e+01
8.494067745005709469e+01
8.524456886098481334e+01
8.557642427556984899e+01
8.602305493439109796e+01
8.621450203834338311e+01
8.655593815646540179e+01
8.698900787290125436e+01
8.724809584817420216e+01
8.750284720340282263e+01
8.781905607718186957e+01
8.810464187321400686e+01
8.837525109294581682e+01
8.894097881293801322e+01
8.935470892869845727e+01
8.960272388204326433e+01
8.995690085633792421e+01
9.001997632245974046e+01
9.041012296636516510e+01
9.076465165644236777e+01
9.105510006594745676e+01
9.145885546954100676e+01
9.183699436186043386e+01
9.211206843612691841e+01
9.237201947286695258e+01
9.269112561977094344e+01
9.309179715518145315e+01
9.308254403043619618e+01
9.331768867086793762e+01
9.341841027851049262e+01
9.367651515042611265e+01
9.392548994993310885e+01
9.416101249290937858e+01
9.436605351731721214e+01
9.430548657699273463e+01
9.455600325971514053e+01
9.471292905234280113e+01
9.486335400350837688e+01
9.500220579507372065e+01
9.519226574711545652e+01
9.541629572721110719e+01
9.566440233355595524e+01
9.587480925485722594e+01
9.623693639177442094e+01
9.646877619826024386e+01
9.653554611341914438e+01
9.655144272372339742e+01
9.670445461835055312e+01
9.676574107038223360e+01
9.664017236140861655e+01
9.671403975238368389e+01
9.683449216047418417e+01
9.685223586990167632e+01
9.696407463634029966e+01
9.714198692441679839e+01
9.735118792318513670e+01
9.746629036742389474e+01
9.748033068674848778e+01
9.758529837913634708e+01
9.757887170433889423e+01
9.756767800197653173e+01
9.764615870450381863e+01
9.786455969066315674e+01
9.796997458323359353e+01
9.809520937926019712e+01
9.806681106817754312e+01
9.835652400272560669e+01
9.841897765476747395e+01
9.842696826694748324e+01
9.855652913020820449e+01
9.853446492606100549e+01
9.849901717904576515e+01
9.863005593395581627e+01
9.859413446089911304e+01
9.861165453087765798e+01
9.882797931373967515e+01
9.886748430217500072e+01
9.895449104398210238e+01
9.921111297958881892e+01
9.925301740030525366e+01
9.927658257802600872e+01
9.945533281882417498e+01
9.985074070091684462e+01
1.000487004319901416e+02
1.000247564172108525e+02
1.000752072007238525e+02
1.000784212646143914e+02
1.000831152196500824e+02
1.002847215992159846e+02
1.003811088457936052e+02
1.004182393097924546e+02
1.004730487187365355e+02
1.006702945182899072e+02
1.006849835715354260e+02
1.007493712479330128e+02
1.009808717823171520e+02
1.012587366783221796e+02
1.014358392752459395e+02
1.017289276107687499e+02
1.017939043635502401e+02
1.018364735386918056e+02
1.018267794474313632e+02
1.019424052429479559e+02
1.020700303609794304e+02
1.021748709559929864e+02
1.022516399860462428e+02
1.023771773807438308e+02
1.025446910170791313e+02
1.027754549304087988e+02
1.029025822034185467e+02
1.030074500396640218e+02
1.030421566317867956e+02
1.031646980348513125e+02
1.032864212381427791e+02
1.034131419317028104e+02
1.034822737034097315e+02
1.035756962343742771e+02
1.037428447464733949e+02
1.038215129575739013e+02
1.039512679164374163e+02
1.040172106631258231e+02
1.041843870640550449e+02
1.042675900150287305e+02
1.045322398622725473e+02
1.046157793822348623e+02
1.047568862946681492e+02
1.049137982660207626e+02
1.049411397397504402e+02
1.050005664995458687e+02
1.050863706178646169e+02
1.052739320666471770e+02
1.052687091227251415e+02
1.053072660269494918e+02
1.054394057982926256e+02
1.055819427396149166e+02
1.057430814102644518e+02
1.059706121389272226e+02
1.060219214959898153e+02
1.060536744749219480e+02
1.059451555126087072e+02
1.060926143931721555e+02
1.061236308909089558e+02
1.062627964149003077e+02
1.063478350422016234e+02
1.063195197132281038e+02
1.063818768289339687e+02
1.063979929255477686e+02
1.064889272052236322e+02
1.065640481031419000e+02
1.067178327696263267e+02
1.070153524451258136e+02
1.071567320697919854e+02
1.071613351216594623e+02
1.072528032491793653e+02
1.073456296109398380e+02
1.074866522555825412e+02
1.075068641829981573e+02
1.075692204176608584e+02
1.077381715496963466e+02
1.078266741360371839e+02
1.079127041678639358e+02
1.079265175885679469e+02
1.080142744000500414e+02
1.081990071680589551e+02
1.083513544781771145e+02
1.083977888585629472e+02
1.085085608070739909e+02
1.085898820944262155e+02
1.087306749836402702e+02
1.089111026763526269e+02
1.090661503221698894e+02
1.091504696916481407e+02
1.091636142850957185e+02
1.092204100341557762e+02
1.092663997430026370e+02
1.092787999822505469e+02
1.093546472266098988e+02
1.095082630941988810e+02
1.096484108595082034e+02
1.097313517307098607e+02
1.099931798714259941e+02
1.101738244638564908e+02
1.102881183660258131e+02
1.103779943214379244e+02
1.104770540688400189e+02
1.105697246806338114e+02
1.107038746027905063e+02
1.108711265317532337e+02
1.109621609379142484e+02
1.110621998678316942e+02
1.112783213529816919e+02
1.112995554139313725e+02
1.114475786399003709e+02
1.115682323515947303e+02
1.117129395214574288e+02
1.118615727493004073e+02
1.120239954376979625e+02
1.121581163232592075e+02
1.122374405717881558e+02
1.122936424983812884e+02
1.123639367592920166e+02
1.124205938866705026e+02
1.124611788088612769e+02
1.125690876129336289e+02
1.125867916502550941e+02
1.126829127665064334e+02
1.127020331075954829e+02
1.126983397834278406e+02
1.126323921058731656e+02
1.124484995598771206e+02
1.124592851497396850e+02
1.114817834033312067e+02
1.111297030574531703e+02
1.111877523157072716e+02
1.112866489234704943e+02
1.114148739303301596e+02
1.115236623715995421e+02
1.115910003393059924e+02
1.116191234120964282e+02
1.113675493239349095e+02
1.114127698779521012e+02
1.114538545499370059e+02
1.114330090491835676e+02
1.115126178474404526e+02
1.116809132955322781e+02
1.116784206780708217e+02
1.117031213019252220e+02
1.116357508226454200e+02
1.115369600816214017e+02
1.115625595429702344e+02
1.114895328904503344e+02
1.114282354328152422e+02
1.113706300089495329e+02
1.113991920855653319e+02
1.112677515043197189e+02
1.110591358307521972e+02
1.111384465421341190e+02
1.113359045876137543e+02
1.112749644421701447e+02
1.111675886757776226e+02
1.111830444641623643e+02
1.111229024759959003e+02
1.110865719381694134e+02
1.109999808360484224e+02
1.108922687760437071e+02
1.109372250670235758e+02
1.109939381827459215e+02
1.109701119978264501e+02
1.109230565976693583e+02
1.107268174020172893e+02
1.107065553604655008e+02
1.106154693435802585e+02
1.107462185165961444e+02
1.107325297904432091e+02
1.107471680781473538e+02
1.108059496597989408e+02
1.108061011355873546e+02
1.108333455330835449e+02
1.109808237770465098e+02
1.110497487652757087e+02
1.120891247971737954e+02
1.124701114346734698e+02
1.123555898481669857e+02
1.123726613162895376e+02
1.123563470142277083e+02
1.123808005584316732e+02
1.122957781587329009e+02
1.123075581577078879e+02
1.124409178359357497e+02
1.125388021704644785e+02
1.126454236924839307e+02
1.127533491659007439e+02
1.127581985241910729e+02
1.127110635580079219e+02
1.126600824462064736e+02
1.126710707289978046e+02
1.127517708532700027e+02
1.128147691245326172e+02
1.128183869187288622e+02
1.129680007438141871e+02
1.130053048021652842e+02
1.130488140296962172e+02
1.130867458352642103e+02
1.131183928788820765e+02
1.133907051933809953e+02
1.133361693071526162e+02
1.132329206904404373e+02
1.132534615606090682e+02
1.132617067673965181e+02
1.133913156459782101e+02
1.135761678787971647e+02
1.135986026653113043e+02
1.136957141740612798e+02
1.138260456380410517e+02
1.138252507626315690e+02
1.139172334129791437e+02
1.140191513336925340e+02
1.141261526879541748e+02
1.145338742087408406e+02
1.146481021505817068e+02
1.148270488924261059e+02
1.148018692033124353e+02
1.149035433781469635e+02
1.149399633952717181e+02
1.146922136197785562e+02
1.150071818390618006e+02
1.151471888331618061e+02
1.153404947628679906e+02
1.153869763629958811e+02
1.154303084423841455e+02
1.155638567164974830e+02
1.158193253128706033e+02
1.158035498629546254e+02
1.158477445775184549e+02
1.159127767285689572e+02
1.160120809142385383e+02
1.160938934415287775e+02
1.161661490243911317e+02
1.162785869137657784e+02
1.163654521323149993e+02
1.163636730694545207e+02
1.163734500195533457e+02
1.164459045799468129e+02
1.166629836266759099e+02
1.166511820914490443e+02
1.168543590390508200e+02
1.169419217721776789e+02
1.168715581063595153e+02
1.168548473553077400e+02
1.169821766793468498e+02
1.172009507732047382e+02
1.171824642730109360e+02
1.173411573040951055e+02
1.174986065322927118e+02
1.174075906524172410e+02
1.174795636735162816e+02
1.175482482498822208e+02
1.176127247818647277e+02
1.176069230012397355e+02
1.175828593945516900e+02
1.173551537074719420e+02
1.173156302825610737e+02
1.172945461886255316e+02
1.173409234017860996e+02
1.173510848742600388e+02
1.173656521079796562e+02
1.172248979725268185e+02
1.172362801074118153e+02
1.172657385848200846e+02
1.171447000625210961e+02
1.171855051026652603e+02
1.172668523947847490e+02
1.172833483496169862e+02
1.170957022942564265e+02
1.171472183493428503e+02
1.170762073965310748e+02
1.170431118681863012e+02
1.171489271441823234e+02
1.171565988995877774e+02
1.170819208575718449e+02
1.170581105343936485e+02
1.171560227171613207e+02
1.171808111560458912e+02
1.171836322510274897e+02
1.172327062662190684e+02
1.172951457483116116e+02
1.173568454761437181e+02
1.173601495713465539e+02
1.173351644394072650e+02
1.174827561487850716e+02
1.175415530207590962e+02
1.175252457510743653e+02
1.175055544039477695e+02
1.175902203991225576e+02
1.173113934124302489e+02
1.173023533021323743e+02
1.174182970248370168e+02
1.174583561430967507e+02
1.174800659745730513e+02
1.173912088236639590e+02
1.175795447348536271e+02
1.175935013324083940e+02
1.175562453056280106e+02
1.177719177744474450e+02
1.177417278183603173e+02
1.177777508240075690e+02
1.178573413385289541e+02
1.179123780007393520e+02
1.182764505263960189e+02
1.183135977652411555e+02
1.183568990357161539e+02
1.184253004114763712e+02
1.185687457302474854e+02
1.185463859669575726e+02
1.185783388579375668e+02
1.187261961260838206e+02
1.187438331875645474e+02
1.188901661602873361e+02
1.189756626604669520e+02
1.189387608794264395e+02
1.188895011221932663e+02
1.189501932814061718e+02
1.191468275988705727e+02
1.191178276367257070e+02
1.192718476544757493e+02
1.193399470992146121e+02
1.193531816799921046e+02
1.194060266638790182e+02
1.193828357591991391e+02
1.192605902516123138e+02
1.192782667711799718e+02
1.193007226586192502e+02
1.194078198957252255e+02
1.192977954599532353e+02
1.194139007564118629e+02
1.193429166427879551e+02
1.193442936080281953e+02
1.193902001987331118e+02
1.192152152144980164e+02
1.193431386128033722e+02
1.194561664550130473e+02
1.195409611120896756e+02
1.194874362300522677e+02
1.196455874968842892e+02
1.196013021411552302e+02
1.196140576901353967e+02
1.195561739563880224e+02
1.195064788045257558e+02
1.196700918242382556e+02
1.195587603714249809e+02
1.194521821677028441e+02
1.193820042966613499e+02
1.193178781135804059e+02
1.194566483694423056e+02
1.194562044746956104e+02
1.192507648181918256e+02
1.192862477744972409e+02
1.191766578150089089e+02
1.193501755373554261e+02
1.193979922279374790e+02
1.192851541859902795e+02
1.193105235464049230e+02
1.193333148926280387e+02
1.193703991905024253e+02
1.194041661335438249e+02
1.193990638084884779e+02
1.193123981074299991e+02
1.193138172702720112e+02
1.194305641746050668e+02
1.194931619578857180e+02
1.194576131280579432e+02
1.196131274626567347e+02
1.196485061958992873e+02
1.196052121783347815e+02
1.194784728756363279e+02
1.194817051466362301e+02
1.195696843227968742e+02
1.196420438376334232e+02
1.197046875462749114e+02
1.197185778659067665e+02
1.196927724666313111e+02
1.197094670158433303e+02
1.197089144636155993e+02
1.196691898030566108e+02
1.198304832857779871e+02
1.198414009244489478e+02
1.199405685588042729e+02
1.200894669022493702e+02
1.200989313749587524e+02
1.195950741347183737e+02
1.196592122676359935e+02
1.197287332656461700e+02
1.197481397858491050e+02
1.198053381723107549e+02
1.198480725041250707e+02
1.198957617431680092e+02
1.199330839942294062e+02
1.199418097269053192e+02
1.200941845445952083e+02
1.201296356402525447e+02
1.202426713179743132e+02
1.203209204591658761e+02
1.202403016703510019e+02
1.203482578481464031e+02
1.204527898452654995e+02
1.199527572453761763e+02
1.201257921199676417e+02
1.200292517772443404e+02
1.199257884896626649e+02
1.200356962839583446e+02
1.199441275992782892e+02
1.199298038982939545e+02
1.198981798928226397e+02
1.199388715434323984e+02
1.198908382447330752e+02
1.200434607107816589e+02
1.199642042013685739e+02
1.199561535545745699e+02
1.200016717965074662e+02
1.200902885453694751e+02
1.202043392821135086e+02
1.202187107372684238e+02
1.202772507192883609e+02
1.202568695716113467e+02
1.202712991684619510e+02
1.202928933358010966e+02
1.203250794720360091e+02
1.203567806220980998e+02
1.203274036513114709e+02
1.204232941958500334e+02
1.203614039043592499e+02
1.198212811198250733e+02
1.197631434737736669e+02
1.197401762394383269e+02
1.196762424722830787e+02
1.195868297876149455e+02
1.195223924948316494e+02
1.195505354345809224e+02
1.200028589175690286e+02
1.199349253801855610e+02
1.200209289652600262e+02
1.201380369513187247e+02
1.200305002671248218e+02
1.200030517324248223e+02
1.201058792113748552e+02
1.201132028828935603e+02
1.200732631837620659e+02
1.200550206324834335e+02
1.201555521624843266e+02
1.201711607756110283e+02
1.200962902480684704e+02
1.201019454494499570e+02
1.200910729310443941e+02
1.200170514059398954e+02
1.204081119198274763e+02
1.205087764269624273e+02
1.204938265904796992e+02
1.205224454851340283e+02
1.204849161907558681e+02
1.204955816568816402e+02
1.206072735751026244e+02
1.206113322123063938e+02
1.207065957540598333e+02
1.207333057633457258e+02
1.208277257422119675e+02
1.208042641519379572e+02
1.209133691231512273e+02
1.209483276755821493e+02
1.209590127934992267e+02
1.208523765648231745e+02
1.208480240201103300e+02
1.206908859058553816e+02
1.207376514975859720e+02
1.207964215194482449e+02
1.208019353315352191e+02
1.207256223107679176e+02
1.207383968177404370e+02
1.207605010249443893e+02
1.207288535009930257e+02
1.207258387876415924e+02
1.213390747640107179e+02
1.213967892004614981e+02
1.214285244474824879e+02
1.214401725388912183e+02
1.215629759170134037e+02
1.216864764782931161e+02
1.216173928367114740e+02
1.215940342895176371e+02
1.216768341805705091e+02
1.217247649702796082e+02
1.216112297641892042e+02
1.217595238374837550e+02
1.218359347389317549e+02
1.218223096809158079e+02
1.218716853248161698e+02
1.218364696583509783e+02
1.217423207628933284e+02
1.217083504874120052e+02
1.217546021318965330e+02
1.220170963496706946e+02
1.220997902125758685e+02
1.220174182520939752e+02
1.221182428703821330e+02
1.222921388831499314e+02
1.222629699125435394e+02
1.223670491361731791e+02
1.223951235149973371e+02
1.225509398458876831e+02
1.226445727092222597e+02
1.226866988629618049e+02
1.227602606311375553e+02
1.227052139402382664e+02
1.227218954174852996e+02
1.227146208950046997e+02
1.227528271994039955e+02
1.226857773236188791e+02
1.226111723718681077e+02
1.226023806360230139e+02
1.227663641229086835e+02
1.228710474282340641e+02
1.230180635438610750e+02
1.230254756716019955e+02
1.230555971411277767e+02
1.231271686711214386e+02
1.231298787089608169e+02
1.231132228059870215e+02
1.230604591066816056e+02
1.230041813118647838e+02
1.230171543682832436e+02
1.230376147086816871e+02
1.230874850186894207e+02
1.230529361357717733e+02
1.230874928121774303e+02
1.230127317407383032e+02
1.230446410968562247e+02
1.230667948051362259e+02
1.230926517150633828e+02
1.230487925564465286e+02
1.229444954564068695e+02
1.212920390984206449e+02
1.212716075543951604e+02
1.212355944141647370e+02
1.212873906948596527e+02
1.212466183446277199e+02
1.212479412601765461e+02
1.213772231947124425e+02
1.213859841642576214e+02
1.214523122411948322e+02
1.212882314504015255e+02
1.211914341534353809e+02
1.213620658305664080e+02
1.211960214805803417e+02
1.212335296105684392e+02
1.211918814903333583e+02
1.211944549403712728e+02
1.213196709794936794e+02
1.212276433671243296e+02
1.212191660089128220e+02
1.211534997052892919e+02
1.210814253373016953e+02
1.210968733042961532e+02
1.210968021333429050e+02
1.210792291596809207e+02
1.210698796531544161e+02
1.209615208138634443e+02
1.209541592551007625e+02
1.210200394802948551e+02
1.209773479010576978e+02
1.209690129721802947e+02
1.209339914837522088e+02
1.208583401015096683e+02
1.207675306057582532e+02
1.208369135979172881e+02
1.208501877933919957e+02
1.208736975946017935e+02
1.208875572305624502e+02
1.209338481781879864e+02
1.209652609636654432e+02
1.210337272484696030e+02
1.209660581044811209e+02
1.208959031323167039e+02
1.208076995401531519e+02
1.208403524014249513e+02
1.208119292486135805e+02
1.207658509324510732e+02
1.207663423257456685e+02
1.208022890023746214e+02
1.207847858729910939e+02
1.224269612718008773e+02
1.223450534085876882e+02
1.223332496774498566e+02
1.222434092893646778e+02
1.222900587025669807e+02
1.223691410225169562e+02
1.223537443413620878e+02
1.223209459218607975e+02
1.222836874233088338e+02
1.225502159711881234e+02
1.226150234492514954e+02
1.225139410541010392e+02
1.226469724197277174e+02
1.225050982300390388e+02
1.221304035065722928e+02
1.219604660607367919e+02
1.219403666096994101e+02
1.218610948698739662e+02
1.218962232468291376e+02
1.218929929521628708e+02
1.218473077221160139e+02
1.204548790943658645e+02
1.204855620471475390e+02
1.203987044632355889e+02
1.203532556441977732e+02
1.205051283710649415e+02
1.205507361834656166e+02
1.204909893416852924e+02
1.204269793928168042e+02
1.203312400778994373e+02
1.203982029707389074e+02
1.204138520609539995e+02
1.204277431629432584e+02
1.204197506961274371e+02
1.203572751219817718e+02
1.204125221282692451e+02
1.204440612260162311e+02
1.205236092131709427e+02
1.204025059669689171e+02
1.202924816200112730e+02
1.201857965103551038e+02
1.203099351984263876e+02
1.203980148621671304e+02
1.203734997404124840e+02
1.203390226714585367e+02
1.202891749307746494e+02
1.202136770165962076e+02
1.201731045120754260e+02
1.201424330608671482e+02
1.201715891841080861e+02
1.202608822068091854e+02
1.203562697417669369e+02
1.204041588931116564e+02
1.203954498934517545e+02
1.203560043912372208e+02
1.203441278070461209e+02
1.203040434048099883e+02
1.201824337210863405e+02
1.201889396148369968e+02
1.202140286485891068e+02
1.202217435370467626e+02
1.202390558190262340e+02
1.203882503925806873e+02
1.207594791870143354e+02
1.208253752504942327e+02
1.208275984158804448e+02
1.208047036139234081e+02
1.207686170903348284e+02
1.207506196365114874e+02
1.207921124805090045e+02
1.222666458208741886e+02
1.222620870605524743e+02
1.223422548054658137e+02
1.222913209025318366e+02
1.222809655635088575e+02
1.222595955885106065e+02
1.222404616620319331e+02
1.224256121862638906e+02
1.224351203226778182e+02
1.224415116731812532e+02
1.225813711422656525e+02
1.224260432035021893e+02
1.224029814662457341e+02
1.223842370355696403e+02
1.224181239087939019e+02
1.223830655048009106e+02
1.223638000408195694e+02
1.223838219652600969e+02
1.225171696766216485e+02
1.226849307413934014e+02
1.224244752094447506e+02
1.224367435559302493e+02
1.223839414383473070e+02
1.223797193957496034e+02
1.225359573923583980e+02
1.226360377544390587e+02
1.227551427781115905e+02
1.228656927632460309e+02
1.228401983015542527e+02
1.227178441040136789e+02
1.225824072273046141e+02
1.225682439075402215e+02
1.225928986758606811e+02
1.225764178769805284e+02
1.225602718358340439e+02
1.225555566005551213e+02
1.226962726762855596e+02
1.226683580463154186e+02
1.224687935680640436e+02
1.224547108095557491e+02
1.224973807058615023e+02
1.224179223960672118e+02
1.224148697566829611e+02
1.224237415929010098e+02
1.224606345430301531e+02
1.225266279482236200e+02
1.225302124018707417e+02
1.224893963405258432e+02
1.223974971057904071e+02
1.222897660314919221e+02
1.222744162267736527e+02
1.223614443868232229e+02
1.223983238439716956e+02
1.206402871017501752e+02
1.207133756953801935e+02
1.208023144077987610e+02
1.207098100388459585e+02
1.208514801630116011e+02
1.207855383355951631e+02
1.208216411065929066e+02
1.208930750840932120e+02
1.208988904172111631e+02
1.209412669289405358e+02
1.209672841544453377e+02
1.210195965275665202e+02
