-6.779766579007441578e+02
-6.185099078591896387e+02
-6.011590962431849903e+02
-5.991683300475561964e+02
-5.936047713462221509e+02
-5.838671949108530725e+02
-5.701218100503400592e+02
-5.587379888737954161e+02
-5.534028261986832149e+02
-5.497239959274926377e+02
-5.380154754887649915e+02
-5.286867055789829237e+02
-5.179522495966797351e+02
-5.106029118018962549e+02
-5.057703869078094954e+02
-4.986913639494739527e+02
-4.905054321586500237e+02
-4.811986349732972030e+02
-4.724297934229348357e+02
-4.652601129816943057e+02
-4.525783340824067409e+02
-4.464516328234705043e+02
-4.402643811897486898e+02
-4.324416903093718929e+02
-4.242982870506070299e+02
-4.163741549600393910e+02
-4.082681917188572243e+02
-4.022167533298501212e+02
-3.961884826545147007e+02
-3.880610992803754016e+02
-3.822315878316200610e+02
-3.749825814491528604e+02
-3.680089134018758159e+02
-3.605614362294789430e+02
-3.533279885862972378e+02
-3.457516739320273018e+02
-3.391438643180225654e+02
-3.318726313856633965e+02
-3.235988186362340571e+02
-3.146458080272541906e+02
-3.066344117055087963e+02
-2.937642907100599245e+02
-2.853090535807576202e+02
-2.759975057557837772e+02
-2.672483993601015300e+02
-2.587054171748900444e+02
-2.502082853387618400e+02
-2.405295852903086598e+02
-2.316414550573579163e+02
-2.141564536020024434e+02
-1.969113857157018685e+02
-1.816473971139058676e+02
-1.638541725607728949e+02
-1.468533393962757714e+02
-1.294601736657247386e+02
-1.127454152397260145e+02
-9.502083043770220172e+01
-7.837482250824231755e+01
-6.013996927207716681e+01
-4.517239202338517146e+01
-2.825127426387059160e+01
-1.149602457504068553e+01
1.465707166632363645e+01
3.236557745736436686e+01
5.032716299744480182e+01
6.656451737560254855e+01
8.294496761650370331e+01
1.002165245016498574e+02
1.173077137070528835e+02
1.346988965695100262e+02
1.513922760545015933e+02
1.697071836626648746e+02
1.865142118285968138e+02
2.030238104716739258e+02
2.185031029070357249e+02
2.353870329313133425e+02
2.523546613839075121e+02
2.704865139198196857e+02
2.871646739139552551e+02
3.038686764213848619e+02
3.206139785993961482e+02
3.364525470897504533e+02
3.528600990398096542e+02
3.778789302889111354e+02
3.931614157514164845e+02
4.107759231808702225e+02
4.250620159787808348e+02
4.398599065393861451e+02
4.516178398989817424e+02
4.673089082058715462e+02
4.808198555262622449e+02
4.942966980258899525e+02
5.081485733276130645e+02
5.223874709792834210e+02
5.357079895064903212e+02
5.485822732132680812e+02
5.600986652743659988e+02
5.724806296962726719e+02
5.854400934696711829e+02
5.961535902874369413e+02
6.086123229343545518e+02
6.197986209166475646e+02
6.312367272738316615e+02
6.421206642020940762e+02
6.577446325027947296e+02
6.678956480875319812e+02
6.779043573877603421e+02
6.892110977883667147e+02
6.985904974509991234e+02
7.078253021891774779e+02
7.165031000697558738e+02
7.232228613692074077e+02
7.317365655676304641e+02
7.397718558226619052e+02
7.467671255738850959e+02
7.541477247519839011e+02
7.612974434934815235e+02
7.679785174260275653e+02
7.735202965877027736e+02
7.812425423443580712e+02
7.867846165361754629e+02
7.934566865682152184e+02
8.004303669991172683e+02
8.081124142566573028e+02
8.172634351118961149e+02
8.231621121559635412e+02
8.297649708852640060e+02
8.353741494965910306e+02
8.419857459506811210e+02
8.469810672678515857e+02
8.524618935073307284e+02
8.575612908651164616e+02
8.630004159339923717e+02
8.692255449766831816e+02
8.737321766507041048e+02
8.799598108946383945e+02
8.838091194267093442e+02
8.909406343759322908e+02
8.950406733813517803e+02
8.998291404214219256e+02
9.050260571655288686e+02
9.068935425787375380e+02
9.108374709127429014e+02
9.142313292296365717e+02
9.184701566219860069e+02
9.248706563908275484e+02
9.279556360869553373e+02
9.301974181189543742e+02
9.352726442191520846e+02
9.391363601844225286e+02
9.425292271195379499e+02
9.460137456237268907e+02
9.508613905554562962e+02
9.542884244229478554e+02
9.583702786124594013e+02
9.624025304495532964e+02
9.671053478839598938e+02
9.694739019808716876e+02
9.724716865171985773e+02
9.765717813626193902e+02
9.801534046192421101e+02
9.841736156753523801e+02
9.872041244538341971e+02
9.922666348339673732e+02
9.968243558109700189e+02
1.001682854263697550e+03
1.007981557367787900e+03
1.011459780524163648e+03
1.014909341008187766e+03
1.017862364372327534e+03
1.019987754025790537e+03
1.023255041578371447e+03
1.025277392034635341e+03
1.027773417339544721e+03
1.032334980641464654e+03
1.033648307241561270e+03
1.036148164652636524e+03
1.038232876379416894e+03
1.041887454919559559e+03
1.044789464363854904e+03
1.047313432198169039e+03
1.049569826032247875e+03
1.051635194411790508e+03
1.053054404275395882e+03
1.055179847839202466e+03
1.057858898902214605e+03
1.059708100822868573e+03
1.061588466930867753e+03
1.063259810099071956e+03
1.066260881493439911e+03
1.069055959791038958e+03
1.072008895300907398e+03
1.073467340647852552e+03
1.076336106593342947e+03
1.078371828330800099e+03
1.080488674967342604e+03
1.084143789008317981e+03
1.085481368471311953e+03
1.087563705963955044e+03
1.089873240389149487e+03
1.091535915625314374e+03
1.091297100296142389e+03
1.091907549026705510e+03
1.092820920458403634e+03
1.094749533643000632e+03
1.095365015123776857e+03
1.099732979970597626e+03
1.101214188721769688e+03
1.105008872839440983e+03
1.109253218405247026e+03
1.111738012068729631e+03
1.113541321321958094e+03
1.116309734740912290e+03
1.117533846108400212e+03
1.118873825411948019e+03
1.118866715111742678e+03
1.120624009649765412e+03
1.121851094755979602e+03
1.124619306225167747e+03
1.126028647151264522e+03
1.127337855558314914e+03
1.129193641973876765e+03
1.131454299382879299e+03
1.131931219071560690e+03
1.134763562794902555e+03
1.137278121417340344e+03
1.138807320530425159e+03
1.139255301371556470e+03
1.141069924521745634e+03
1.143366149635823149e+03
1.145444811558530091e+03
1.148436906214431474e+03
1.150898566354346485e+03
1.152474170199748869e+03
1.154931929886581429e+03
1.156900880536077011e+03
1.159918700769972929e+03
1.162174932486507714e+03
1.164572732140889457e+03
1.166678993954245925e+03
1.167828122377271484e+03
1.170519923204394217e+03
1.172008718990262423e+03
1.173097895553425815e+03
1.176681426285328143e+03
1.178165462191035431e+03
1.180948029502108739e+03
1.182691318965456730e+03
1.183881309500750604e+03
1.186138431519974347e+03
1.191432033650156427e+03
1.193323179567029456e+03
1.195083489540528035e+03
1.195963646309267233e+03
1.197179931215431679e+03
1.195801405446305353e+03
1.197377914874339240e+03
1.199271082988744865e+03
1.200990224688785474e+03
1.202201611669504246e+03
1.204256969084012781e+03
1.205660801668607519e+03
1.206162046819764782e+03
1.208570976988431312e+03
1.211536633596677802e+03
1.213329388553256194e+03
1.216223534018159853e+03
1.216854789044518384e+03
1.220029627842844775e+03
1.221500249648648378e+03
1.224189406183728806e+03
1.225032524113098134e+03
1.227307590860629034e+03
1.228041288405308705e+03
1.229219123062565131e+03
1.230729113458093252e+03
1.232554783589653198e+03
1.233866053278946310e+03
1.236233060950082972e+03
1.238102103388028809e+03
1.238871853453249059e+03
1.240545718510696361e+03
1.242810167092456595e+03
1.244169813769704433e+03
1.246081603943020127e+03
1.245874681447413423e+03
1.245479565286635761e+03
1.246420541930517857e+03
1.247600160859840571e+03
1.246604321025729178e+03
1.245083096031536115e+03
1.246466558553159075e+03
1.247612451141645806e+03
1.247901460912861467e+03
1.247373572855754674e+03
1.246850439876229757e+03
1.247206286049270830e+03
1.247409559934553045e+03
1.249116777998517136e+03
1.248828444969757356e+03
1.247759847211401620e+03
1.249476974337939282e+03
1.251430926413820771e+03
1.251408584195921776e+03
1.252805223180153234e+03
1.252884426814415974e+03
1.253259767469991402e+03
1.253076202125724194e+03
1.253810911651301240e+03
1.252607590372268533e+03
1.253509682750675438e+03
1.251853071954354618e+03
1.251974321801057840e+03
1.253294100574042204e+03
1.255118232651220978e+03
1.255899263672812594e+03
1.256831404082026211e+03
1.257234918266451814e+03
1.258240450729285840e+03
1.259482235730554521e+03
1.259959509529335037e+03
1.260271123400996657e+03
1.261533749635297681e+03
1.262527204038983427e+03
1.264339716373747251e+03
1.265183715527601635e+03
1.266158651765646027e+03
1.266966556659703883e+03
1.267866658655647825e+03
1.268458260054604580e+03
1.269635189972594617e+03
1.269490476785491410e+03
1.270428038652083387e+03
1.273766936443201075e+03
1.275802129444373350e+03
1.276127800645057505e+03
1.276318770151991885e+03
1.278518675197556377e+03
1.283889376377607050e+03
1.286679610063930795e+03
1.287578121912997858e+03
1.288940351349065395e+03
1.291869485995140849e+03
1.292887842729357999e+03
1.294199409648521396e+03
1.296004719519155287e+03
1.297141672873207654e+03
1.298816268206365066e+03
1.301500218269023435e+03
1.304693017932093881e+03
1.306223247119875850e+03
1.308138245024193793e+03
1.309142251802163855e+03
1.311921640898897067e+03
1.313876054631451325e+03
1.315320736298223892e+03
1.313105043964928882e+03
1.315046394469228744e+03
1.315196707440135697e+03
1.316821569498149529e+03
1.320197704457424379e+03
1.320542143313572524e+03
1.321027206633274318e+03
1.320811557560183019e+03
1.321316835750527616e+03
1.321411298662310855e+03
1.322640054954154493e+03
1.323803725032239072e+03
1.324269129565800540e+03
1.325153511080644193e+03
1.326048286959404550e+03
1.324439156944673414e+03
1.325491094183226778e+03
1.325303960948112262e+03
1.327472657726886609e+03
1.328501389819811493e+03
1.327222824572816307e+03
1.327095213931896069e+03
1.327354353019479277e+03
1.328477153022662151e+03
1.329599753882280993e+03
1.330211751622664224e+03
1.331337874497251278e+03
1.331857054397116599e+03
1.333649607662130393e+03
1.331274670521576127e+03
1.331616972161127705e+03
1.333159853891036846e+03
1.332880108425695880e+03
1.333867757081557102e+03
1.334188562359903244e+03
1.333797140622364623e+03
1.334735831101631675e+03
1.335866507867270002e+03
1.336983523463851270e+03
1.336718915929436662e+03
1.336759490436131955e+03
1.335864678081395141e+03
1.335723300742143238e+03
1.336014320260494060e+03
1.336868438568590136e+03
1.339230202853870878e+03
1.338903926126257602e+03
1.339478011593819474e+03
1.340526842908097024e+03
1.344656787724168908e+03
1.346848951993464652e+03
1.347288482836009734e+03
1.346626648065114296e+03
1.349006788973830908e+03
1.349319722405022731e+03
1.349791590708561671e+03
1.351034463378174223e+03
1.352334072914271928e+03
1.353945160275473881e+03
1.354456521756806751e+03
1.354885276196653649e+03
1.353905266555407252e+03
1.352967530558863473e+03
1.355546539544869347e+03
1.355637418724799318e+03
1.352886516809294335e+03
1.353474904770354442e+03
1.350981271446438086e+03
1.350558065413918030e+03
1.352977985434965603e+03
1.354446167353378314e+03
1.354510374292838151e+03
1.354670168976115519e+03
1.354472751516473181e+03
1.354879740188771393e+03
1.355208570584807603e+03
1.355239010448584395e+03
1.354520999463750968e+03
1.359322207671056731e+03
1.358950042874568226e+03
1.357225634744419949e+03
1.359018727297757096e+03
1.358888565298938829e+03
1.355837927247433299e+03
1.356573201782009619e+03
1.357720705487355872e+03
1.358170654637938469e+03
1.358132989207114633e+03
1.361002111120878453e+03
1.361286252914150054e+03
1.362116974068263289e+03
1.362463459118662513e+03
1.360731905943689526e+03
1.359614154431253155e+03
1.359811016573285087e+03
1.360138141789778501e+03
1.361078049061660977e+03
1.359696242888479901e+03
1.359981684810468550e+03
1.360051537653686637e+03
1.359810567232271751e+03
1.361275694985548625e+03
1.361291049659500459e+03
1.362112129357649792e+03
1.363658194015290292e+03
1.363725826677429723e+03
1.363885036072536423e+03
1.363729048163867901e+03
1.362883580596217598e+03
1.364236645678122386e+03
1.365730415353732496e+03
1.369114481865261268e+03
1.369985095310245470e+03
1.369822889284677558e+03
1.373419441551571026e+03
1.373175522486715636e+03
1.376455492181090221e+03
1.377751128334802161e+03
1.378790258314082394e+03
1.378007859230428949e+03
1.378361954607546750e+03
1.379434847007822782e+03
1.379904959753575440e+03
1.378927504090790080e+03
1.375014029252752607e+03
1.373498263491552507e+03
1.375993655098672207e+03
1.374870209628206794e+03
1.376357073883876183e+03
1.375528381031194840e+03
1.375853806063426873e+03
1.375978351471947917e+03
1.380177385150204145e+03
1.379961241486204472e+03
1.379165862357156357e+03
1.376937730830821010e+03
1.376106365272702305e+03
1.375712173444574091e+03
1.373391086712585775e+03
1.373294021458232237e+03
1.372825602101579989e+03
1.374240835741242336e+03
1.374392148759966176e+03
1.374047057382675803e+03
1.373510951147119613e+03
1.374445194258167703e+03
1.374552197727963176e+03
1.373185651640055312e+03
1.374054925993524876e+03
1.373876528769958895e+03
1.373368415221424357e+03
1.373343421794384994e+03
1.372970496683693682e+03
1.371769377374264650e+03
1.370605562123625759e+03
1.371322335079801860e+03
1.371723604337184042e+03
1.372504325612383582e+03
1.371453526969341056e+03
1.371510722414481506e+03
1.371188315799742213e+03
1.370617356806724047e+03
1.371069834303121979e+03
1.370780780783937644e+03
1.371333349583048857e+03
1.370513766594477374e+03
1.369248323520755548e+03
1.368965178392330017e+03
1.368644570919559555e+03
1.367095027755789260e+03
1.367585913638267357e+03
1.366985958177822795e+03
1.367109962932560620e+03
1.372308491578147823e+03
1.370064195538722743e+03
1.369300258664912917e+03
1.370016154567611011e+03
1.369850883549713217e+03
1.370015350323041275e+03
1.369128440278876269e+03
1.369918972087681141e+03
1.368808302500036916e+03
1.369883394983965445e+03
1.369687437964590799e+03
1.373096489795493198e+03
1.374384123383744509e+03
1.375101660068041838e+03
1.374838586959443319e+03
1.375598498880661737e+03
1.376589603740115990e+03
1.377419267071946251e+03
1.377830116976887439e+03
1.378583345612347784e+03
1.379334539062069325e+03
1.378461533141644850e+03
1.378815933769113826e+03
1.377746390148853607e+03
1.376895880326463157e+03
1.378510562545284301e+03
1.375674237437366173e+03
1.375858112439387469e+03
1.375969009760144672e+03
1.376830089547705029e+03
1.378136576697337205e+03
1.377226764469603268e+03
1.375763972662229889e+03
1.377047060199341786e+03
1.377507474643589148e+03
1.376887798511957726e+03
1.377694123168092119e+03
1.376494855868861123e+03
1.377850607067557348e+03
1.378808894207193589e+03
1.378086155469624600e+03
1.377817679271532370e+03
1.378879503809398102e+03
1.379909954910839360e+03
1.380757388205704729e+03
1.383240977262755678e+03
1.383417102284684461e+03
1.384712325225527138e+03
1.385212220959215756e+03
1.385735839168496568e+03
1.388931030601175735e+03
1.389452381327716012e+03
1.390204217061922009e+03
1.390884951902330613e+03
1.392443244771578975e+03
1.392089876483169746e+03
1.393596355409839362e+03
1.394310162371936030e+03
1.394722581240356476e+03
1.394587818822731833e+03
1.394377330422006480e+03
1.394174529873373331e+03
1.395527941828065877e+03
1.396485650623626725e+03
1.396289149583241169e+03
1.397277198661834063e+03
1.398206138193677361e+03
1.399088740073966392e+03
1.398935765784950718e+03
1.398953409246810679e+03
1.398919019411696127e+03
1.398479407978763447e+03
1.400426011923456372e+03
1.400038439059463599e+03
1.400109157356751439e+03
1.403707334507936366e+03
1.404745637851692209e+03
1.405173968282631904e+03
1.405188163909275545e+03
1.405505354946977377e+03
1.408103650367253067e+03
1.408726905217437661e+03
1.408199725825070118e+03
1.407889469874669203e+03
1.408805625720273156e+03
1.408205592067203497e+03
1.410472662565776318e+03
1.411039773532228992e+03
1.410848449235829094e+03
1.412511322436928140e+03
1.414993513017608393e+03
1.414497735228129613e+03
1.414623305184376022e+03
1.414200472246653590e+03
1.413976295201938683e+03
1.413152097148566781e+03
1.413439701908462439e+03
1.414395284851072574e+03
1.414705091123339344e+03
1.414017410324111097e+03
1.411579205371772332e+03
1.412052647903935622e+03
1.410754100654711465e+03
1.410504282707149059e+03
1.411103432623979415e+03
1.411002104423624360e+03
1.410631591393320377e+03
1.410933480863210889e+03
1.411243835113835530e+03
1.411724538344746634e+03
1.411953157684716643e+03
1.412812339030395606e+03
1.412012774658960780e+03
1.412407179586681650e+03
1.411928538851124358e+03
1.411700783207906852e+03
1.410948149939741370e+03
1.411658256448315797e+03
1.410107126676139842e+03
1.412753091734495229e+03
1.413866980358948013e+03
1.415308126324868681e+03
1.415829278971390977e+03
1.415677836083964166e+03
1.416230918294421599e+03
1.416694584840371590e+03
1.417031864937547653e+03
1.418233789483626424e+03
1.418698587223362665e+03
1.418178157926599624e+03
1.418322411300703152e+03
1.419076252715673718e+03
1.420124932389982632e+03
1.420717777231031732e+03
1.421208757231664549e+03
1.421863642426586921e+03
1.421671644804918060e+03
1.421991481573533065e+03
1.421321133255861696e+03
1.421431583272619719e+03
1.421442279630939538e+03
1.420800614129511587e+03
1.422022480934882424e+03
1.422424767497628864e+03
1.423732623166464691e+03
1.424162204794148920e+03
1.424962985429684295e+03
1.424900230799044266e+03
1.426326102924492943e+03
1.429371415954059330e+03
1.430068829307206215e+03
1.430877569031786607e+03
1.431196254811227163e+03
1.431511158676370087e+03
1.432051520120120813e+03
1.431709616375635051e+03
1.431851306249093113e+03
1.432509694272353954e+03
1.433572359343056632e+03
1.433221010418497826e+03
1.433134139091997440e+03
1.433504599338124990e+03
1.433769225595879789e+03
1.433815731217398024e+03
1.435607353320403718e+03
1.436414172194630055e+03
1.436092719750773085e+03
1.437300582610449965e+03
1.436828476003108335e+03
1.436817143660019156e+03
1.437498550986894770e+03
1.438106848985769830e+03
1.434786806879552614e+03
1.434940367704828986e+03
1.436095474693654296e+03
1.437200159389723012e+03
1.436720500001210212e+03
1.436489408208239183e+03
1.436999724687547314e+03
1.436387249725604988e+03
1.436033478611214377e+03
1.435457859726291872e+03
1.435003642944220701e+03
1.433820455249042197e+03
1.435878868109408131e+03
1.435428627258076176e+03
1.435829456039089791e+03
1.435420776987415820e+03
1.436247004251567205e+03
1.435552979875247047e+03
1.436915102368123371e+03
1.435509964853712518e+03
1.435364495105736523e+03
1.435050355890719857e+03
1.434820543514357951e+03
1.433545957216173747e+03
1.433613718775615553e+03
1.433390128538879480e+03
1.432643742895625110e+03
1.432155918118507770e+03
1.430393282171884266e+03
1.430013464547151443e+03
1.430582947317129765e+03
1.430348301585709578e+03
1.430497432830100934e+03
1.429752395718686103e+03
1.429423042767405605e+03
1.429532240059106471e+03
1.429127800910754559e+03
1.430384808223584059e+03
1.430913363595644796e+03
1.430718447394021268e+03
1.430410335117277555e+03
1.428495850674390567e+03
1.428382787872897552e+03
1.429113856511332642e+03
1.430000831593490375e+03
1.429833312605293486e+03
1.429399752970881764e+03
1.429357879361120922e+03
1.429222221933912579e+03
1.432129448423307394e+03
1.431156574858231579e+03
1.429157226982259999e+03
1.428705779453216792e+03
1.427829857522838665e+03
1.428755439493073027e+03
1.427434570748618853e+03
1.426176137179922080e+03
1.427211449961957214e+03
1.427981748272657342e+03
1.428066460058020539e+03
1.429824996992513434e+03
1.425438419879898674e+03
1.425187680726863391e+03
1.424645264515837425e+03
1.423269392424430407e+03
1.423150610121522732e+03
1.424280351958999518e+03
1.424506253991173253e+03
1.425723942581262463e+03
1.425100222172522535e+03
1.424527544287452201e+03
1.424560758550007677e+03
1.426300890585002890e+03
1.424288443032603254e+03
1.424210094352111582e+03
1.425562262178480978e+03
1.426696948852451442e+03
1.428559769684204639e+03
1.429447023914340207e+03
1.429268004931754831e+03
1.428977123361890335e+03
1.429535588657866811e+03
1.430642213897719330e+03
1.430299174119830923e+03
1.428936484617921451e+03
1.429869582916348008e+03
1.429054850157853252e+03
1.428394299500360148e+03
1.427862879599515054e+03
1.426787826766795433e+03
1.428421058790289635e+03
1.429151594231104809e+03
1.429013052701666993e+03
1.428998052656427035e+03
1.429653388895973649e+03
1.429908990608656040e+03
1.429501126801711280e+03
1.429993467958923702e+03
1.431542291732524973e+03
1.430612315751957112e+03
1.433414125245833702e+03
1.434176182794542001e+03
1.435102572151580716e+03
1.435495012300027838e+03
1.436720278630253688e+03
1.437930889922171218e+03
1.437774886406738688e+03
1.437511535654864474e+03
1.438877591543185190e+03
1.439147471676564919e+03
1.442546157959557831e+03
1.442984057836626334e+03
1.443274737643268509e+03
1.444061254533555712e+03
1.444386094259004722e+03
1.444300638037422914e+03
1.443576412526827198e+03
1.443685076582524744e+03
1.444282302726649505e+03
1.445708069951000880e+03
1.445594453998534846e+03
1.445150083634526482e+03
1.447164137266509897e+03
1.446733076320192140e+03
1.445872879158546084e+03
1.445146723887194639e+03
1.444811864199029515e+03
1.444354702155419773e+03
1.444816941756741699e+03
1.445924505813700989e+03
1.445830665512446103e+03
1.446449858671687480e+03
1.447643184147229704e+03
1.448676013466942322e+03
1.448993196742607779e+03
1.450094688444838994e+03
1.451822258653269728e+03
1.452809118979731466e+03
1.452617692640785435e+03
1.451913056525001366e+03
1.451709755885501409e+03
1.452309279002100311e+03
1.453046875831201532e+03
1.452984965947862293e+03
1.453413670967710459e+03
1.453535447375442118e+03
1.454559283186910534e+03
1.453674609367393487e+03
1.454283395078603462e+03
1.451500965872940696e+03
1.451053377836969958e+03
1.450882777767955531e+03
1.450001173942601099e+03
1.451141576656853431e+03
1.451640714159425670e+03
1.450558651266811466e+03
1.450831307275997005e+03
1.450938574400439165e+03
1.451253038283667365e+03
1.451586667894070843e+03
1.450975512737511963e+03
1.451401365066007429e+03
1.451501667993963110e+03
1.450955220372928125e+03
1.450984194542239493e+03
1.451322674988899735e+03
1.451541849332695392e+03
1.452033509928781314e+03
1.451188539109124576e+03
1.450228190348485441e+03
1.448979458170654652e+03
1.450415522501975374e+03
1.451304453154066096e+03
1.450956856569222509e+03
1.451577011192880718e+03
1.450916304711463681e+03
1.450922905840351859e+03
1.450786007050810440e+03
1.451674006721484375e+03
1.451570006475287755e+03
1.451072286513882773e+03
1.451470219038963933e+03
1.450928520379003203e+03
1.450494686970907196e+03
1.451093232239610870e+03
1.450686945710149303e+03
1.451251508365811787e+03
1.451918648026327219e+03
1.452004459893485546e+03
1.451541816813235528e+03
1.450045106582662584e+03
1.449994322406620768e+03
1.449564308965767623e+03
1.446299186292230843e+03
1.442474163112000042e+03
1.441212238855634951e+03
1.441199373174140646e+03
1.441503845340309454e+03
1.441963898194840567e+03
1.442789808625054320e+03
1.442032524313421163e+03
1.442270950693996838e+03
1.442304536735794954e+03
1.441992025705929791e+03
1.443128404674940384e+03
1.441011002880099113e+03
1.440259384190263518e+03
1.438270563436887187e+03
1.438296260576099257e+03
1.439272496038490544e+03
1.439497854362065937e+03
1.439473278152206603e+03
1.439112490755923545e+03
1.437852948196192756e+03
1.437212133381010517e+03
1.436753493552086184e+03
1.438067538746580794e+03
1.438549078807462593e+03
1.439135868914950379e+03
1.440123451008681513e+03
1.439369592922375887e+03
1.439284321885705594e+03
1.439604602790265744e+03
1.440388058010798886e+03
1.438540943492305132e+03
1.438916132850665690e+03
1.439640771404431462e+03
1.439298809700185075e+03
1.439074669691085319e+03
1.438766811120505054e+03
1.438309875834131617e+03
1.438620128690732599e+03
1.437567612448065120e+03
1.436745932291907366e+03
1.436300732525030298e+03
1.433025254330367034e+03
1.432703964257077814e+03
1.433280019477002725e+03
1.434019472943192568e+03
1.429289197481824431e+03
1.428898196640613833e+03
1.431197206493918884e+03
1.431122298266906682e+03
1.434038581274011904e+03
1.435361943250786908e+03
1.434984491948542200e+03
1.435931670633946851e+03
1.435094987592239931e+03
1.434598480699479978e+03
1.431202390273685069e+03
1.430757933546989761e+03
1.431250528831955080e+03
1.431621630125855745e+03
1.431421070031876752e+03
1.432920816655768931e+03
1.433531043394524886e+03
1.435363313362280223e+03
1.434318332174999796e+03
1.432005020826136160e+03
1.432320906237635882e+03
1.432913704771264975e+03
1.433008562203061047e+03
1.435418183652688413e+03
1.434456887704644487e+03
1.433902975539889894e+03
1.432867694185954406e+03
1.433682529868998927e+03
1.432760226225889028e+03
1.433049309865162968e+03
1.432987623746733561e+03
1.434013743971607710e+03
1.434540532990247357e+03
1.429420275230827201e+03
1.431341789608771705e+03
1.430723346627195042e+03
1.429942619853496808e+03
