-5.610779998735807794e+01
-6.422083455336137092e+01
-6.380217645942838089e+01
-6.354585849734902325e+01
-6.398799928170590334e+01
-6.324535553728184567e+01
-6.166434590117866321e+01
-6.058982851117882262e+01
-5.981867364312572022e+01
-5.894059547617753481e+01
-5.872388986691465362e+01
-5.802845766871607225e+01
-5.688163029522657865e+01
-5.620279781329639945e+01
-5.534012268512420007e+01
-5.451983249576183255e+01
-5.416304176127191994e+01
-5.319695257069415817e+01
-5.246113526527963700e+01
-5.156211431787058075e+01
-5.038312110082240736e+01
-4.955304484584379310e+01
-4.887651011982423910e+01
-4.797816439956451262e+01
-4.753176971330381662e+01
-4.689039857788242927e+01
-4.618015075328617769e+01
-4.555126364780813475e+01
-4.483597734099542720e+01
-4.417538483052095444e+01
-4.356513869598555289e+01
-4.294242058422435093e+01
-4.233087694276378699e+01
-4.160891997070691417e+01
-4.096005584489527962e+01
-4.042226160121315104e+01
-3.972898160517365795e+01
-3.902155850917591096e+01
-3.836844177068311268e+01
-3.772550119079473063e+01
-3.699739181712158853e+01
-3.608599402141118162e+01
-3.536636026183836634e+01
-3.466697893764479232e+01
-3.402261978628605732e+01
-3.345716399545570141e+01
-3.271999468084795382e+01
-3.202730637218645882e+01
-3.128440511956558012e+01
-3.006854599699458674e+01
-2.847400989611891475e+01
-2.698777338491736089e+01
-2.554756538809295208e+01
-2.396687345115292800e+01
-2.235671411357558469e+01
-2.085863980472250745e+01
-1.930295117845277275e+01
-1.778511242161704686e+01
-1.633846610604862448e+01
-1.467215032335282565e+01
-1.302934742568226056e+01
-1.156283747566044440e+01
-8.886190913712480821e+00
-7.271990633065299470e+00
-5.463246033809343594e+00
-3.841045129838680516e+00
-2.165618978853573129e+00
-4.713883967946623788e-01
1.260667536872673411e+00
3.090716204906014841e+00
4.761375040656349533e+00
6.529830440137544656e+00
8.307026634184412117e+00
1.025659468964958876e+01
1.198645018258681638e+01
1.381903548436642915e+01
1.562786800703409362e+01
1.736498441186025943e+01
1.917472465351625388e+01
2.103060876970676318e+01
2.281710700802662828e+01
2.461400709168444223e+01
2.637721326638869712e+01
2.907853891524857914e+01
3.089138112523903956e+01
3.248830910673921579e+01
3.408634300099603109e+01
3.574937432855884367e+01
3.739323469570458514e+01
3.905351760971581854e+01
4.074944759246114501e+01
4.234523863180989878e+01
4.403121591353571773e+01
4.552747991493052382e+01
4.709780818771547217e+01
4.860571534906863178e+01
5.014545133122475562e+01
5.169782688025034645e+01
5.322170796033508111e+01
5.472871823609393971e+01
5.613803812167874696e+01
5.736065734109435965e+01
5.874607556639381301e+01
6.001204783912142204e+01
6.195429666124199031e+01
6.308676138629495966e+01
6.432955667486061202e+01
6.557848916108146398e+01
6.665511188299416290e+01
6.789316072900292909e+01
6.887688673918333393e+01
6.982388463891001606e+01
7.076596395784959270e+01
7.176635177457460202e+01
7.253961906846406293e+01
7.349933842591231326e+01
7.431275341846190940e+01
7.507386442770734902e+01
7.572019639819039583e+01
7.628990850985908878e+01
7.704201648763859112e+01
7.760770299737244216e+01
7.817851666920378761e+01
7.903422925960590817e+01
7.989198648421179882e+01
8.048530331810718508e+01
8.121078833232522243e+01
8.177319033863281561e+01
8.236931061991801073e+01
8.281269368350066884e+01
8.333718888181635975e+01
8.385543388792541464e+01
8.448035720777903634e+01
8.498822322436969046e+01
8.553605163864081362e+01
8.613292939820291849e+01
8.680100048152345948e+01
8.737670604847740208e+01
8.787209380722502772e+01
8.846681879356972900e+01
8.898722558316572417e+01
8.949031618734778704e+01
9.003923205924640172e+01
9.057249831925452099e+01
9.111368885747268109e+01
9.176870615466197023e+01
9.222790330821979410e+01
9.271433090532698884e+01
9.320516875626169906e+01
9.403132163724744430e+01
9.435128369758901101e+01
9.477898020567030812e+01
9.499517893933685286e+01
9.541812241733290989e+01
9.596089974534235978e+01
9.646385500537533630e+01
9.694027062349564972e+01
9.731781512915176791e+01
9.761680792403599582e+01
9.802324420444037401e+01
9.844483267406727123e+01
9.897475381107614112e+01
9.941669178205083313e+01
9.988087510159039084e+01
1.001991824194692668e+02
1.006856872795745943e+02
1.014185661815231896e+02
1.018336220776486840e+02
1.023345801387361433e+02
1.027168803140766613e+02
1.031925832536252869e+02
1.036281551744058760e+02
1.040854099460345452e+02
1.045171725593455392e+02
1.049398427347605320e+02
1.053043372380316356e+02
1.056235092168021623e+02
1.059336200220890305e+02
1.064001322332864703e+02
1.066736569424536896e+02
1.069481459453200642e+02
1.072034046458225589e+02
1.074172089633303528e+02
1.079021295124037039e+02
1.082790785330217886e+02
1.085814789276173400e+02
1.089763963667023319e+02
1.093598372597070778e+02
1.096402359666363395e+02
1.099028268397466803e+02
1.101908432218993710e+02
1.105507064574494365e+02
1.108817520897158317e+02
1.111055014822121052e+02
1.114343194492407179e+02
1.117777378855818995e+02
1.120413282685145759e+02
1.122282277150925438e+02
1.123986789717103818e+02
1.127507368495305258e+02
1.129475096725012975e+02
1.133843066277788978e+02
1.135703330383830121e+02
1.137112216173720185e+02
1.139042351330843701e+02
1.141078499290535007e+02
1.143537416498034105e+02
1.145440242100823554e+02
1.148975544297127840e+02
1.150910585898527501e+02
1.153528505812097507e+02
1.154570737570246308e+02
1.157594674135843178e+02
1.158758243635420655e+02
1.160665181320211872e+02
1.161567488697385500e+02
1.162993773947318061e+02
1.165239370053540853e+02
1.166962864856581490e+02
1.168112881355671249e+02
1.168805801921083543e+02
1.169664563291866983e+02
1.170559692299218710e+02
1.172613339880080048e+02
1.173000435324325679e+02
1.174970147750721310e+02
1.176624034717287941e+02
1.178728874015625507e+02
1.180890688745831056e+02
1.183551769971273586e+02
1.185914044194936849e+02
1.188339195629015563e+02
1.188083463989118371e+02
1.188970632988218483e+02
1.190165876376085379e+02
1.189604542956180779e+02
1.191567957116052980e+02
1.193769859908543225e+02
1.195491240141670772e+02
1.196178150332398218e+02
1.197821655378139099e+02
1.199651305908498387e+02
1.201375523564936003e+02
1.202893527781869096e+02
1.203897355516209444e+02
1.205710779472101990e+02
1.207026807396137826e+02
1.208831713716164984e+02
1.210398656586868924e+02
1.212614074072842953e+02
1.213708256312088309e+02
1.215460877479973192e+02
1.217708416403780234e+02
1.219242119538872373e+02
1.219806138658325523e+02
1.220669939099575316e+02
1.221862310083704273e+02
1.223126516295510982e+02
1.223570175551887615e+02
1.223261524018539745e+02
1.225239853777508898e+02
1.225704630593192945e+02
1.227668147347192615e+02
1.227643710253625642e+02
1.228078956970193332e+02
1.229647999205230207e+02
1.231059112323856084e+02
1.231400902559098682e+02
1.233071479955183491e+02
1.234522267399215281e+02
1.235350204702789370e+02
1.236067094620509010e+02
1.236860734661441370e+02
1.237190841030200517e+02
1.238379551397864589e+02
1.238962193333442769e+02
1.239194613023068854e+02
1.239955011608627871e+02
1.240357930158148463e+02
1.240290081089769387e+02
1.240894827189329419e+02
1.242706801993534071e+02
1.244607613857620834e+02
1.245570793436814228e+02
1.246317726446913525e+02
1.247205756430700916e+02
1.247853060133199818e+02
1.247570556375667223e+02
1.247859558849486206e+02
1.248953642467783141e+02
1.248953667384819397e+02
1.248631807670098368e+02
1.248502723695673922e+02
1.248705913372548650e+02
1.248724832592436371e+02
1.249398555157781772e+02
1.250655381905805683e+02
1.250057179089124162e+02
1.250975559637961965e+02
1.251879067761366855e+02
1.252833326151671258e+02
1.253162316281026563e+02
1.254321879683077015e+02
1.255133477504124926e+02
1.257488688977142601e+02
1.258452362541482614e+02
1.258687277753679155e+02
1.260929538203942286e+02
1.263027647645097744e+02
1.263901016555425088e+02
1.265890736885630190e+02
1.266562136430166703e+02
1.268992595942833930e+02
1.270392070403545404e+02
1.271074138462276437e+02
1.272115612651643630e+02
1.274208512939254092e+02
1.274933097971169644e+02
1.275300708471518334e+02
1.277121500754456775e+02
1.278324305521727524e+02
1.279416118852378759e+02
1.281510653743741841e+02
1.283066349663550625e+02
1.283988597184113871e+02
1.284192838258868790e+02
1.285205760657857468e+02
1.286417801092159152e+02
1.287850224660505489e+02
1.289689854847362653e+02
1.290384018173571974e+02
1.291376440978783933e+02
1.292122937060821073e+02
1.293854066011726047e+02
1.295662119628732114e+02
1.296684967264494048e+02
1.299114358593021450e+02
1.300949772993939177e+02
1.302082587731220542e+02
1.303533666946859455e+02
1.305434890857702044e+02
1.306968285959387117e+02
1.308590470724903980e+02
1.309812223620066618e+02
1.309890348474668542e+02
1.309495957287844874e+02
1.311629490364546200e+02
1.312849572012450494e+02
1.314358214661584441e+02
1.315070207939462250e+02
1.316543877181013045e+02
1.316625888590771183e+02
1.318402683876289530e+02
1.319353388459029759e+02
1.320827070626572777e+02
1.321385597713758671e+02
1.322166910798312927e+02
1.320766631437581680e+02
1.321779928985790207e+02
1.322052335693134069e+02
1.323281140859765230e+02
1.324259269232703105e+02
1.324287864018687912e+02
1.325462681340937934e+02
1.326301486176514857e+02
1.326962734634694527e+02
1.327233189272525067e+02
1.327602522730162775e+02
1.328023659151325830e+02
1.328214398448434110e+02
1.328403057711736324e+02
1.328102000322698473e+02
1.328795857028112835e+02
1.329477535061223250e+02
1.331217402684801243e+02
1.332517140432939868e+02
1.334000684521008111e+02
1.334915939334051984e+02
1.334071891047690315e+02
1.335115047404511870e+02
1.335070348083939962e+02
1.336101510578577916e+02
1.335651670291050834e+02
1.336324102223301509e+02
1.335904778599715144e+02
1.335952770835329488e+02
1.336728675975887768e+02
1.338158187112307758e+02
1.339239337681893574e+02
1.340052377239190093e+02
1.340619243274000212e+02
1.341191100295753813e+02
1.342241651050279074e+02
1.344458023905276605e+02
1.346382996562021219e+02
1.346446264497700440e+02
1.347703313643085892e+02
1.347931635528620973e+02
1.348028244081345122e+02
1.349477044191210382e+02
1.350889243539577649e+02
1.350992702890642363e+02
1.352231610498394900e+02
1.352786793227445798e+02
1.352272819227739262e+02
1.353307721705122901e+02
1.355913838465651793e+02
1.356964639209662664e+02
1.358045339142959449e+02
1.357458176404771848e+02
1.358666851403959299e+02
1.360388762678984449e+02
1.360440490361257844e+02
1.361419242249060346e+02
1.362319803310822692e+02
1.363180771357796459e+02
1.363627634575984473e+02
1.365274811674498494e+02
1.366427785694117745e+02
1.368794039481338700e+02
1.370090604696994774e+02
1.370199013799361580e+02
1.372809808050233755e+02
1.372226117018882690e+02
1.373224135258251692e+02
1.374156506726814087e+02
1.373923651240781965e+02
1.375752177352897263e+02
1.375606179475359454e+02
1.376504537676051143e+02
1.376074127051598168e+02
1.378731292136423008e+02
1.379149579007070656e+02
1.380648521934000144e+02
1.380028051406216036e+02
1.379818899535109722e+02
1.379754433863632812e+02
1.381223286776937300e+02
1.382495326571274745e+02
1.382097763390142688e+02
1.382247351098134516e+02
1.382088722090514921e+02
1.381266699361891881e+02
1.382099872403584300e+02
1.382423937115796662e+02
1.382501125679556822e+02
1.382850599119109347e+02
1.383867439080050588e+02
1.383795231048115966e+02
1.382002342451591232e+02
1.381845030670225469e+02
1.380852196882690919e+02
1.381239087063046611e+02
1.382043450978027863e+02
1.380998517540865294e+02
1.379237288014757610e+02
1.379343567016887846e+02
1.379349754387728808e+02
1.378491844376869153e+02
1.377994091024650345e+02
1.379187119459030839e+02
1.379460680009101736e+02
1.379140016559270521e+02
1.378827790104488429e+02
1.379567908809827088e+02
1.379749659532310773e+02
1.379400282576687573e+02
1.380068757792599570e+02
1.379835509714646946e+02
1.378799981275123798e+02
1.378490734340767574e+02
1.376453043307063808e+02
1.378017649328829179e+02
1.377598589898993566e+02
1.376875416658211861e+02
1.377389771168663231e+02
1.377152009087923830e+02
1.378031579966099969e+02
1.377430361472561344e+02
1.376469517214655411e+02
1.375049997640738866e+02
1.374465942883600746e+02
1.374783529893959155e+02
1.376747095463691721e+02
1.378196921586884969e+02
1.378238813134737484e+02
1.377329911720242990e+02
1.376557404216077884e+02
1.377600226761531417e+02
1.377205762677582186e+02
1.377128591654554839e+02
1.377015774619872275e+02
1.376988915427172913e+02
1.377448861653940639e+02
1.377937375748872455e+02
1.377654160316778587e+02
1.376858798812308464e+02
1.376915298879249292e+02
1.377722441340954163e+02
1.378014245567555349e+02
1.377667432462677084e+02
1.377526163096314349e+02
1.376815100036373281e+02
1.376626615266901581e+02
1.376825640482015842e+02
1.377317165441415057e+02
1.377216370736563533e+02
1.378577034872059812e+02
1.378609450001038681e+02
1.377319631129141726e+02
1.378078901093383593e+02
1.378126798040636345e+02
1.377923618807288051e+02
1.377711785815684777e+02
1.379162261348681113e+02
1.380115125155805629e+02
1.378844400843719029e+02
1.378619763775755303e+02
1.378982840923179083e+02
1.380386462722318868e+02
1.382597944970291053e+02
1.383127376142858225e+02
1.383584213697164103e+02
1.382670446404632685e+02
1.383658354873870451e+02
1.384248219422551074e+02
1.384098711110971180e+02
1.386411284922226912e+02
1.387503673349774260e+02
1.388611924746571447e+02
1.389048749113684096e+02
1.389014112946145190e+02
1.387867854771039902e+02
1.387176200171856806e+02
1.386353323539503322e+02
1.386987092677347277e+02
1.387876169286818993e+02
1.387603326759710285e+02
1.387279689956990012e+02
1.387770577413418209e+02
1.388601810809940673e+02
1.388779019244034600e+02
1.388109297895608165e+02
1.388519051397043427e+02
1.388569265353115156e+02
1.389841840486501781e+02
1.390720996839240797e+02
1.391753751217300703e+02
1.392955445450760408e+02
1.394107643720992655e+02
1.394992213429833612e+02
1.396416320378033333e+02
1.397756135643462869e+02
1.399111467318867028e+02
1.398335454366671513e+02
1.398804784544545612e+02
1.398668774009662741e+02
1.398964369296162147e+02
1.399041718526446800e+02
1.398754242891574791e+02
1.398595253354305612e+02
1.399827535079442100e+02
1.399904241092281154e+02
1.398919944238131450e+02
1.398464468269443159e+02
1.399162646339939329e+02
1.398598516928711035e+02
1.399309820606447943e+02
1.399406851335716340e+02
1.398510342314055208e+02
1.397681206783140908e+02
1.397243724037184620e+02
1.398145807541106649e+02
1.397212322402414202e+02
1.396924624291777093e+02
1.396623328629711693e+02
1.396067844799803481e+02
1.396030517883820607e+02
1.395563635657611030e+02
1.396457660533363310e+02
1.395894819877964323e+02
1.396415516822511904e+02
1.397418992008253724e+02
1.398130122327148683e+02
1.398497532974214437e+02
1.399012174381508373e+02
1.398849361587480189e+02
1.398821743149538577e+02
1.398665986155593828e+02
1.398270819814256640e+02
1.397597094431341702e+02
1.398146033707305946e+02
1.398225683144912352e+02
1.398710436889654147e+02
1.398001137595309729e+02
1.396755705012541569e+02
1.396670390832211126e+02
1.394793037802739377e+02
1.394418862535007690e+02
1.393697481887321317e+02
1.393523121011215267e+02
1.393194164805206583e+02
1.392061581254330918e+02
1.392628609709862531e+02
1.392052204558604842e+02
1.391337813917018877e+02
1.391922245414106101e+02
1.393023343351466394e+02
1.392249737997646548e+02
1.392683384270863769e+02
1.392577204034391229e+02
1.392190454182174619e+02
1.392957266599876220e+02
1.393909854985372192e+02
1.393734383608207850e+02
1.393377563944175108e+02
1.393989527001128579e+02
1.393683744683223722e+02
1.393504577064632883e+02
1.393833105483913357e+02
1.395199203212801535e+02
1.395802384820848090e+02
1.396326709973515108e+02
1.396538688722708912e+02
1.397328071801910028e+02
1.397977345631239814e+02
1.398175291645671336e+02
1.398299397604158969e+02
1.398551998164568886e+02
1.399404200026602041e+02
1.398098426909493242e+02
1.396572292007909084e+02
1.396501817688748019e+02
1.395357438494679627e+02
1.395818633433744935e+02
1.397111815158539798e+02
1.397531122435121347e+02
1.397392318700883038e+02
1.398002939901782611e+02
1.398398724104192468e+02
1.398696098572179949e+02
1.398108204982840732e+02
1.397918966343118825e+02
1.398226503644180525e+02
1.399079877804045395e+02
1.400308058164135048e+02
1.400031660073395585e+02
1.400462444098153298e+02
1.399551389493876457e+02
1.400399818367130251e+02
1.401481674231081627e+02
1.402455610233001266e+02
1.402266012721804032e+02
1.401450522173055049e+02
1.401887708408733033e+02
1.402518937262264842e+02
1.402445788388754409e+02
1.404193458639538505e+02
1.404366979820339907e+02
1.404408419788924789e+02
1.404859748649006406e+02
1.403246946953139513e+02
1.402510831576247767e+02
1.403329355866254389e+02
1.403599979059377745e+02
1.402434560409322444e+02
1.403038322914858043e+02
1.403215313176395966e+02
1.402442257815642392e+02
1.402544863892177034e+02
1.402526672634496663e+02
1.401942121197962194e+02
1.401213889446119936e+02
1.400364040037251527e+02
1.398681563256071740e+02
1.398120440595848493e+02
1.399002738590363037e+02
1.398844520966787854e+02
1.398910133420581872e+02
1.400331103137809521e+02
1.401564203874595762e+02
1.401376874330569251e+02
1.402566654134186592e+02
1.401893850398654422e+02
1.400813971130186246e+02
1.400061535958808747e+02
1.400641384094595026e+02
1.400920133650790262e+02
1.401534080039911032e+02
1.401660321908328513e+02
1.400690219564749839e+02
1.401174032050338667e+02
1.400977890278246321e+02
1.400350876193643330e+02
1.400877522074739829e+02
1.400387339388063310e+02
1.400264650466023397e+02
1.401034435910521836e+02
1.401152634310284952e+02
1.400072492715509327e+02
1.399062288815335933e+02
1.399457060872216800e+02
1.399231276690247796e+02
1.399883996411346345e+02
1.400006594658917152e+02
1.398748999118111271e+02
1.398822576895738052e+02
1.398504587830475145e+02
1.398200086509049527e+02
1.398557734427360515e+02
1.399114403011703587e+02
1.398520480573135387e+02
1.399063106179812621e+02
1.398431691176847380e+02
1.399226678608799261e+02
1.398537269284210822e+02
1.399113455380112896e+02
1.399109348983744212e+02
1.399397133830218536e+02
1.399546792824774570e+02
1.398552683857579666e+02
1.398788748682529217e+02
1.399599802836175968e+02
1.400946324108026317e+02
1.400024150964618741e+02
1.400075052125099546e+02
1.399509698926029841e+02
1.399319546702383263e+02
1.399029414268881055e+02
1.399693380787717558e+02
1.397903890779093956e+02
1.397927569861718951e+02
1.398433284343638263e+02
1.398516743604048429e+02
1.398489753193029230e+02
1.397983291665299248e+02
1.396179593153529481e+02
1.396020724230639587e+02
1.396857020109920597e+02
1.397578285279159900e+02
1.396526292528091062e+02
1.396081380058945172e+02
1.397290911079398654e+02
1.395704990836114803e+02
1.396230659239018621e+02
1.395596869123021975e+02
1.396643864800968515e+02
1.396254779709809668e+02
1.397286050652934364e+02
1.398039267674289476e+02
1.398260903532578823e+02
1.398390282298528575e+02
1.397743725796846377e+02
1.398182890297285326e+02
1.399157906536834446e+02
1.398638083103209340e+02
1.398562755203842016e+02
1.399439062366571989e+02
1.399224199063984031e+02
1.397828461865679230e+02
1.398463928914582652e+02
1.399419309939497111e+02
1.398633081576817005e+02
1.397939307816897099e+02
1.398227276191722126e+02
1.396663124055336880e+02
1.396528494623402423e+02
1.395039267496535729e+02
1.395209091557389343e+02
1.395756492904813797e+02
1.397129115826284647e+02
1.396749913810000692e+02
1.397247496588769593e+02
1.397732760171660686e+02
1.397281455558631080e+02
1.398367675471145333e+02
1.398532483540308817e+02
1.398983664057693659e+02
1.398884315318674965e+02
1.399479151429020760e+02
1.400235570652875197e+02
1.400198988420099795e+02
1.399965013387030126e+02
1.399569580255457595e+02
1.400275805938373423e+02
1.401793589594322782e+02
1.401539104845816155e+02
1.400165872066544921e+02
1.400947469678969242e+02
1.402228522425767778e+02
1.402129312126736238e+02
1.402568578144484377e+02
1.401419745027374404e+02
1.401970993128085752e+02
1.401927287982798305e+02
1.401838440143029061e+02
1.401783438499912791e+02
1.401601020550402552e+02
1.401861508405602024e+02
1.402190474192341298e+02
1.402297024960843146e+02
1.402529724416731653e+02
1.403134516507381022e+02
1.401615902714150650e+02
1.402193156678520154e+02
1.402550987593889431e+02
1.402179787344167039e+02
1.402725693071284070e+02
1.403242661625174890e+02
1.403521115555448091e+02
1.403911314689902383e+02
1.405211452191139756e+02
1.404906192732001955e+02
1.406643799806887216e+02
1.407298570613066033e+02
1.408281046895089617e+02
1.408706672431696916e+02
1.407983382182300147e+02
1.407253614464350449e+02
1.406194183128483814e+02
1.406542732516324179e+02
1.405847229342967921e+02
1.406033494716201915e+02
1.405765230142953612e+02
1.405054588329052478e+02
1.403975845356098660e+02
1.403896069115430407e+02
1.404088104528014753e+02
1.403970133636368018e+02
1.402392576998469451e+02
1.402986389270428162e+02
1.402617441921325678e+02
1.404209478323494977e+02
1.405330343466143006e+02
1.405853803603614551e+02
1.406505117954836805e+02
1.407452894486447690e+02
1.406754548345298304e+02
1.407672152744363530e+02
1.408244025075535433e+02
1.408070991070879359e+02
1.409602677772161883e+02
1.409461873284587057e+02
1.409301174767045666e+02
1.408708681602260526e+02
1.408117020843653791e+02
1.407929903359510888e+02
1.406862661067939086e+02
1.406982192858650080e+02
1.407511277292714738e+02
1.406201313796030945e+02
1.404889965415272570e+02
1.404894378943904201e+02
1.404926584525247506e+02
1.406417176163015199e+02
1.406205258137205476e+02
1.405957529846633918e+02
1.406349530995002510e+02
1.405563647643702154e+02
1.405074880414198049e+02
1.406402906179460217e+02
1.406898952597950085e+02
1.404808112597163472e+02
1.405179011057087166e+02
1.404854474933618746e+02
1.405687558894800588e+02
1.406940482815951157e+02
1.407091201020257927e+02
1.408162215722243786e+02
1.408723282486948847e+02
1.407637531998170175e+02
1.408641202696913979e+02
1.410091810136696608e+02
1.410353906618960877e+02
1.410443667281466560e+02
1.409146276259101001e+02
1.409015112910282141e+02
1.408933995024277692e+02
1.409874165603003462e+02
1.409699495055779153e+02
1.410552989827224621e+02
1.408416372737995346e+02
1.407484532326306805e+02
1.405898438182288430e+02
1.405956291302273939e+02
1.405507090641701495e+02
1.403764080209314784e+02
1.403034260356612890e+02
1.401663576008484711e+02
1.401414109332739599e+02
1.402425957714497144e+02
1.402528175114526334e+02
1.403285190358276679e+02
1.404147560383771918e+02
1.404042706419682247e+02
1.403459100794991059e+02
1.402944345785377891e+02
1.403372349423900971e+02
1.403425520177361534e+02
1.403476087516303323e+02
1.404307556950015226e+02
1.404965865140972880e+02
1.404332732479050776e+02
1.402769017672159180e+02
1.402417982252950708e+02
1.402496668558964927e+02
1.401340342671688575e+02
1.401391328030254328e+02
1.401646289208405278e+02
1.399240752652407593e+02
1.398050671260663194e+02
1.398763283477157984e+02
1.399274587792807267e+02
1.398723088086167365e+02
1.398226701962973095e+02
1.397860489295225932e+02
1.397215760976296224e+02
1.396068318087664863e+02
1.396296194009006797e+02
1.396807687019329194e+02
1.395971920696401583e+02
1.396140769215101614e+02
1.394602159364403065e+02
1.394349184520825418e+02
1.396064451111441542e+02
1.396334659485851546e+02
1.395753244230836003e+02
1.395353310094298820e+02
1.395088270577628577e+02
1.395012706236308304e+02
1.396749561093610055e+02
1.398155278156567931e+02
1.398574947574200564e+02
1.398697267194530411e+02
1.399518751086582711e+02
1.400793809959857299e+02
1.401757929613278293e+02
1.401595833929902994e+02
1.402001134874324464e+02
1.401766047123616943e+02
1.401107664907566743e+02
1.401362041924927553e+02
1.400831113692895258e+02
1.401263242797002704e+02
1.401657884643640273e+02
1.402862408214865582e+02
1.402853445693830565e+02
1.404248701975089944e+02
1.404711946277369918e+02
1.404153999332803266e+02
1.404174017350305519e+02
1.404194923540398747e+02
1.404695576173928373e+02
1.404746609881132144e+02
1.405355000010898721e+02
1.406327907633918528e+02
1.406680159646882657e+02
1.407919505290577149e+02
1.409470305629168649e+02
1.409951016740849070e+02
1.410686654549689933e+02
1.409498781385784696e+02
1.409739202141556973e+02
1.409414930160469339e+02
1.410035100366013410e+02
1.411196099736280587e+02
1.411073859068515901e+02
1.410377045834231069e+02
1.410704931213580835e+02
1.410205233409891150e+02
1.410383349786141594e+02
1.411026156982041471e+02
1.410903997344086065e+02
1.410136905704702031e+02
1.409455687709074709e+02
1.409025847967442928e+02
1.408482545398584875e+02
