9.565597500560194533e+00
8.949542798079868078e+00
1.526546617624412328e+01
2.744297395441364174e+01
8.191407880541071052e+00
1.988749325494376663e+01
8.398665271786388331e+00
6.226621433855393128e+00
1.501866994429711610e+01
8.551542619928914846e+00
8.105627641302278974e+00
2.321291314858047627e+01
4.507056752329806670e+01
5.502317649253798848e+00
6.037720618670089578e+00
9.560405835551222253e+00
1.031063427175006630e+01
8.214599635404134403e+00
4.252620538729818378e+01
5.717824775664515968e+00
9.345788521327500931e+00
7.746381976222173726e+00
9.290230423856161934e+00
8.369007360339047352e+00
7.168460293757677348e+00
7.338384430670308767e+00
6.592611020354518736e+00
5.189545768698114792e+00
1.114162672822453537e+01
6.276488095022591196e+00
4.562918899411037899e+01
1.199402221272243274e+01
5.089300672454628582e+00
1.355276141399301792e+01
1.518249420825888230e+01
5.089126321574025980e+01
8.209544058091456264e+00
9.858986158206139550e+00
7.736689732297934086e+01
5.770202281704309044e+00
1.187588294801197186e+01
9.178427725381174795e+00
1.201090506695204141e+01
9.840436629359613718e+00
1.053235374476946618e+01
1.445062335950782817e+01
7.909707035385380003e+00
5.338523078291508739e+01
1.043075220454557517e+01
9.622147432216049623e+00
1.298092398077288401e+01
1.063922815908663466e+01
4.628559998001173170e+01
1.176847197243031218e+01
4.760035056183494362e+01
8.220552430291792945e+00
1.431354727660156456e+01
7.632191326287806277e+00
9.348612807537888258e+00
7.490845021202080289e+00
1.617649617226842196e+01
9.060829955165702998e+00
1.308466964627266194e+01
1.250372435442086427e+01
1.645528192547700641e+01
1.464783222399910656e+01
3.261982023620937809e+01
5.156212172336110733e+00
1.214976023883510692e+01
1.960104784905828978e+01
1.094927354295868049e+01
2.257345320082836437e+01
1.421630833799095939e+01
5.935629723928073531e+01
6.291163756397002871e+00
1.307844926983044331e+01
6.131879998803651866e+00
1.136529136529606454e+01
1.382001496012666308e+01
6.015336619458084755e+01
3.649776813377349782e+01
6.050317411576953575e+00
8.623255145430389845e+00
7.089695960265167685e+01
9.199898477821609077e+00
7.522740708202705129e+00
8.352054100173544882e+00
1.134926745405885740e+01
1.520231840694047776e+01
4.364923006375355463e+00
6.972015607209951504e+00
1.259237942450730969e+02
1.264904028929698754e+01
9.766141803848670477e+00
8.408305114364331700e+00
1.262504907546785660e+01
8.426711132854816100e+00
5.196837620691665194e+01
9.451661038050646724e+00
4.398666379709795393e+01
8.387750959275910745e+00
6.721376762200804933e+00
1.557974038333300548e+01
1.018779743276001071e+01
5.632557644527134144e+00
7.970602855093576800e+00
1.020899803122934735e+01
7.997198346365518518e+00
7.791562852667519579e+00
9.805290494702394000e+00
7.882015603602749110e+00
1.335925850863545783e+01
7.593171983448535833e+00
9.972443564908827440e+00
4.843415638944288304e+01
9.648416463614466920e+00
1.147887455571857274e+01
1.258526423136065731e+01
5.139891829858767025e+00
8.432522424613726031e+00
8.576932564611780663e+00
1.306435275284040465e+01
1.183374023795907881e+01
8.408847741799631237e+00
6.557276259048490097e+00
4.546626940883857770e+00
1.516133775618561330e+01
3.696413274347177147e+00
1.235269549006656042e+01
8.627296996133400953e+00
3.456692724324007315e+01
8.674336094120526752e+00
1.359034758109853769e+01
6.363577197622847237e+00
1.234381875914148630e+01
4.369027966683116659e+01
6.285773744768229676e+01
4.137840258205224053e+00
1.574986967998635912e+01
1.042556547236713804e+01
9.860377870352147411e+00
6.586763300399621990e+00
1.464399008607142783e+01
4.329132403261803574e+01
5.621208263605843136e+00
1.121838986049254849e+01
7.002777742111917725e+00
1.112035008143671000e+01
1.220959869189902136e+01
8.750159538098071010e+00
4.138922911670170635e+01
1.258685375877068324e+01
4.663774399483872202e+01
1.378095140787330877e+02
4.249873380607868967e+01
8.408104444082773909e+00
1.675297514277494670e+01
1.232125796489727065e+01
1.202004227261148372e+01
1.407173957732426750e+01
1.625617072272772745e+01
6.866617237082034642e+00
4.902750450044037223e+01
2.297399133399702720e+01
7.522787436756311230e+00
7.403045244063947372e+00
9.972255834547222975e+00
4.835234123348802626e+01
1.075496544127798337e+01
1.049046888163963054e+01
7.867677605110424111e+01
1.310513508234176783e+01
4.135033219080145983e+00
6.534610657832410574e+00
8.575357993497027209e+00
6.559761034640092525e+00
1.454650914945215767e+01
1.143240322509862494e+01
1.662352362357984958e+01
6.785259140404273914e+00
1.129151905227056574e+01
6.976003525368185798e+00
5.854440700548703802e+00
9.591716145140980032e+00
9.730304811051091463e+00
1.336681780725566071e+01
9.255206018212255970e+00
5.221703372581695923e+00
7.768736334983701752e+00
9.868787132261379824e+00
6.576996754021246616e+00
1.492670638257420102e+01
9.678209860343853776e+00
7.981028179258889743e+00
7.240590611601272819e+00
7.820923926496916145e+00
8.122428516672201226e+00
4.150810494716591847e+01
1.367721540294319205e+01
3.038351127251591777e+01
