2.024000000000000000e+03
4.091000000000000000e+03
6.144000000000000000e+03
8.135000000000000000e+03
1.012200000000000000e+04
1.225900000000000000e+04
1.426000000000000000e+04
1.632700000000000000e+04
1.837200000000000000e+04
2.042400000000000000e+04
2.246400000000000000e+04
2.455800000000000000e+04
2.660600000000000000e+04
2.861000000000000000e+04
3.066900000000000000e+04
3.275500000000000000e+04
3.467800000000000000e+04
3.680100000000000000e+04
3.890700000000000000e+04
4.095500000000000000e+04
4.287500000000000000e+04
4.501300000000000000e+04
4.693700000000000000e+04
4.898300000000000000e+04
5.098400000000000000e+04
5.310300000000000000e+04
5.520800000000000000e+04
5.734400000000000000e+04
5.928300000000000000e+04
6.125200000000000000e+04
6.337400000000000000e+04
6.549900000000000000e+04
6.751800000000000000e+04
6.955500000000000000e+04
7.151300000000000000e+04
7.366800000000000000e+04
7.571200000000000000e+04
7.776600000000000000e+04
7.971000000000000000e+04
8.172900000000000000e+04
8.382300000000000000e+04
8.592600000000000000e+04
8.800100000000000000e+04
9.004700000000000000e+04
9.212900000000000000e+04
9.402100000000000000e+04
9.613400000000000000e+04
9.816500000000000000e+04
1.001470000000000000e+05
1.023070000000000000e+05
1.042590000000000000e+05
1.063790000000000000e+05
1.083640000000000000e+05
1.104150000000000000e+05
1.125400000000000000e+05
1.144920000000000000e+05
1.165950000000000000e+05
1.186480000000000000e+05
1.207780000000000000e+05
1.228270000000000000e+05
1.248520000000000000e+05
1.266350000000000000e+05
1.289010000000000000e+05
1.308020000000000000e+05
1.330640000000000000e+05
1.349630000000000000e+05
1.371700000000000000e+05
1.391420000000000000e+05
1.411500000000000000e+05
1.432620000000000000e+05
1.452540000000000000e+05
1.473300000000000000e+05
1.493460000000000000e+05
1.513080000000000000e+05
1.535180000000000000e+05
1.555690000000000000e+05
1.576400000000000000e+05
1.594340000000000000e+05
1.617150000000000000e+05
1.637400000000000000e+05
1.656040000000000000e+05
1.677500000000000000e+05
1.699580000000000000e+05
1.717500000000000000e+05
1.738140000000000000e+05
1.760010000000000000e+05
1.780240000000000000e+05
1.800470000000000000e+05
1.822150000000000000e+05
1.842570000000000000e+05
1.862110000000000000e+05
1.881310000000000000e+05
1.902250000000000000e+05
1.923760000000000000e+05
1.945330000000000000e+05
1.963750000000000000e+05
1.984840000000000000e+05
2.004550000000000000e+05
2.025180000000000000e+05
2.045890000000000000e+05
2.067840000000000000e+05
2.087040000000000000e+05
2.107390000000000000e+05
2.126810000000000000e+05
2.149500000000000000e+05
2.169300000000000000e+05
2.187820000000000000e+05
2.211400000000000000e+05
2.230910000000000000e+05
2.250470000000000000e+05
2.270360000000000000e+05
2.291690000000000000e+05
2.312930000000000000e+05
2.333880000000000000e+05
2.350490000000000000e+05
2.374920000000000000e+05
2.392790000000000000e+05
2.414070000000000000e+05
2.434160000000000000e+05
2.454800000000000000e+05
2.476700000000000000e+05
2.496940000000000000e+05
2.515440000000000000e+05
2.537570000000000000e+05
2.559130000000000000e+05
2.580330000000000000e+05
2.597650000000000000e+05
2.618490000000000000e+05
2.640580000000000000e+05
2.659270000000000000e+05
2.678750000000000000e+05
2.696140000000000000e+05
2.723750000000000000e+05
2.741710000000000000e+05
2.762970000000000000e+05
2.784550000000000000e+05
2.804610000000000000e+05
2.825240000000000000e+05
2.838880000000000000e+05
2.866430000000000000e+05
2.887610000000000000e+05
2.903400000000000000e+05
2.927610000000000000e+05
2.946320000000000000e+05
2.969220000000000000e+05
2.989810000000000000e+05
3.002900000000000000e+05
3.028260000000000000e+05
3.049040000000000000e+05
3.070190000000000000e+05
3.092430000000000000e+05
3.112080000000000000e+05
3.132730000000000000e+05
3.151700000000000000e+05
3.165320000000000000e+05
3.191840000000000000e+05
3.212500000000000000e+05
3.234560000000000000e+05
3.255200000000000000e+05
3.274940000000000000e+05
3.295250000000000000e+05
3.313920000000000000e+05
3.331990000000000000e+05
3.356590000000000000e+05
3.376380000000000000e+05
3.397460000000000000e+05
3.416400000000000000e+05
3.436400000000000000e+05
3.456360000000000000e+05
3.479050000000000000e+05
3.492980000000000000e+05
3.522230000000000000e+05
3.542230000000000000e+05
3.556690000000000000e+05
3.576690000000000000e+05
3.596690000000000000e+05
3.621530000000000000e+05
3.641530000000000000e+05
3.661530000000000000e+05
3.679210000000000000e+05
3.706380000000000000e+05
3.719120000000000000e+05
3.739120000000000000e+05
3.766110000000000000e+05
3.783470000000000000e+05
3.805850000000000000e+05
3.823430000000000000e+05
3.848480000000000000e+05
3.868480000000000000e+05
3.888480000000000000e+05
3.908900000000000000e+05
3.931590000000000000e+05
3.945450000000000000e+05
3.972820000000000000e+05
3.986370000000000000e+05
4.013200000000000000e+05
4.033580000000000000e+05
4.053580000000000000e+05
4.070000000000000000e+05
4.090000000000000000e+05
4.111430000000000000e+05
4.128310000000000000e+05
4.155110000000000000e+05
4.176840000000000000e+05
4.193860000000000000e+05
4.211730000000000000e+05
4.231540000000000000e+05
4.251540000000000000e+05
4.271540000000000000e+05
4.296960000000000000e+05
4.320230000000000000e+05
4.336340000000000000e+05
4.361780000000000000e+05
4.375150000000000000e+05
4.403000000000000000e+05
4.422500000000000000e+05
4.443280000000000000e+05
4.461250000000000000e+05
4.484150000000000000e+05
4.503580000000000000e+05
4.522690000000000000e+05
4.545040000000000000e+05
4.566140000000000000e+05
4.585260000000000000e+05
4.604500000000000000e+05
4.627380000000000000e+05
4.644280000000000000e+05
4.665860000000000000e+05
4.687330000000000000e+05
4.705590000000000000e+05
4.728060000000000000e+05
4.750440000000000000e+05
4.770870000000000000e+05
4.790830000000000000e+05
4.810380000000000000e+05
4.828740000000000000e+05
4.851810000000000000e+05
4.869220000000000000e+05
4.894470000000000000e+05
4.914470000000000000e+05
4.932790000000000000e+05
4.954830000000000000e+05
4.973670000000000000e+05
4.989310000000000000e+05
5.012700000000000000e+05
5.035340000000000000e+05
5.050770000000000000e+05
5.076680000000000000e+05
5.099100000000000000e+05
5.117150000000000000e+05
5.139860000000000000e+05
5.157760000000000000e+05
5.179860000000000000e+05
5.195990000000000000e+05
5.217550000000000000e+05
5.241290000000000000e+05
5.259780000000000000e+05
5.279780000000000000e+05
5.295760000000000000e+05
5.316950000000000000e+05
5.335640000000000000e+05
5.358290000000000000e+05
5.383550000000000000e+05
5.405630000000000000e+05
5.424450000000000000e+05
5.444650000000000000e+05
5.465910000000000000e+05
5.484660000000000000e+05
5.506090000000000000e+05
5.528250000000000000e+05
5.546570000000000000e+05
5.566900000000000000e+05
5.589820000000000000e+05
5.608940000000000000e+05
5.631790000000000000e+05
5.649650000000000000e+05
5.671540000000000000e+05
5.692710000000000000e+05
5.713790000000000000e+05
5.734350000000000000e+05
5.749680000000000000e+05
5.768970000000000000e+05
5.785910000000000000e+05
5.815660000000000000e+05
5.833070000000000000e+05
5.849650000000000000e+05
5.871990000000000000e+05
5.894600000000000000e+05
5.917480000000000000e+05
5.936260000000000000e+05
5.958240000000000000e+05
5.971880000000000000e+05
6.000520000000000000e+05
6.020520000000000000e+05
6.036300000000000000e+05
6.058800000000000000e+05
6.076500000000000000e+05
6.095730000000000000e+05
6.122210000000000000e+05
6.139110000000000000e+05
6.158180000000000000e+05
6.175990000000000000e+05
6.201740000000000000e+05
6.224240000000000000e+05
6.239990000000000000e+05
6.262430000000000000e+05
6.285550000000000000e+05
6.303640000000000000e+05
6.326580000000000000e+05
6.347400000000000000e+05
6.369090000000000000e+05
6.389290000000000000e+05
6.409840000000000000e+05
6.427000000000000000e+05
6.442820000000000000e+05
6.466140000000000000e+05
6.490530000000000000e+05
6.508230000000000000e+05
6.524300000000000000e+05
6.544930000000000000e+05
6.570510000000000000e+05
6.590960000000000000e+05
6.614350000000000000e+05
6.628240000000000000e+05
6.650330000000000000e+05
6.675460000000000000e+05
6.693590000000000000e+05
6.707500000000000000e+05
6.734640000000000000e+05
6.753460000000000000e+05
6.777770000000000000e+05
6.797130000000000000e+05
6.817080000000000000e+05
6.835580000000000000e+05
6.855580000000000000e+05
6.879670000000000000e+05
6.898720000000000000e+05
6.920290000000000000e+05
6.940910000000000000e+05
6.959940000000000000e+05
6.982940000000000000e+05
7.001780000000000000e+05
7.018940000000000000e+05
7.043550000000000000e+05
7.062650000000000000e+05
7.081520000000000000e+05
7.100960000000000000e+05
7.124370000000000000e+05
7.142130000000000000e+05
7.161290000000000000e+05
7.181290000000000000e+05
7.204900000000000000e+05
7.228920000000000000e+05
7.243800000000000000e+05
7.263800000000000000e+05
7.288590000000000000e+05
7.306030000000000000e+05
7.324540000000000000e+05
7.352200000000000000e+05
7.371200000000000000e+05
7.391730000000000000e+05
7.409350000000000000e+05
7.428980000000000000e+05
7.453460000000000000e+05
7.466690000000000000e+05
7.488860000000000000e+05
7.513680000000000000e+05
7.536290000000000000e+05
7.552160000000000000e+05
7.574970000000000000e+05
7.593140000000000000e+05
7.612300000000000000e+05
7.638980000000000000e+05
7.659180000000000000e+05
7.675110000000000000e+05
7.698620000000000000e+05
7.717990000000000000e+05
7.740730000000000000e+05
7.754790000000000000e+05
7.781900000000000000e+05
7.800830000000000000e+05
7.822010000000000000e+05
7.839230000000000000e+05
7.855840000000000000e+05
7.882730000000000000e+05
7.902860000000000000e+05
7.922670000000000000e+05
7.937930000000000000e+05
7.965180000000000000e+05
7.985180000000000000e+05
8.005720000000000000e+05
8.027940000000000000e+05
8.045820000000000000e+05
8.067240000000000000e+05
8.085260000000000000e+05
8.108270000000000000e+05
8.129790000000000000e+05
8.147400000000000000e+05
8.167400000000000000e+05
8.189120000000000000e+05
8.206020000000000000e+05
8.229910000000000000e+05
8.251810000000000000e+05
8.272200000000000000e+05
8.290130000000000000e+05
8.307790000000000000e+05
8.333810000000000000e+05
8.349850000000000000e+05
8.369100000000000000e+05
8.389150000000000000e+05
8.416010000000000000e+05
8.431030000000000000e+05
8.454000000000000000e+05
8.470530000000000000e+05
8.493130000000000000e+05
8.518520000000000000e+05
8.537760000000000000e+05
8.557160000000000000e+05
8.578370000000000000e+05
8.594520000000000000e+05
8.621300000000000000e+05
8.639090000000000000e+05
8.658580000000000000e+05
8.681580000000000000e+05
8.699920000000000000e+05
8.720180000000000000e+05
8.742300000000000000e+05
8.759590000000000000e+05
8.782330000000000000e+05
8.805940000000000000e+05
8.822200000000000000e+05
8.844900000000000000e+05
8.862950000000000000e+05
8.880710000000000000e+05
8.905560000000000000e+05
8.926150000000000000e+05
8.949600000000000000e+05
8.964510000000000000e+05
8.989210000000000000e+05
9.007600000000000000e+05
9.029390000000000000e+05
9.050340000000000000e+05
9.070930000000000000e+05
9.092080000000000000e+05
9.112000000000000000e+05
9.133180000000000000e+05
9.153300000000000000e+05
9.171430000000000000e+05
9.189030000000000000e+05
9.214180000000000000e+05
9.229160000000000000e+05
9.251850000000000000e+05
9.273710000000000000e+05
9.293590000000000000e+05
9.314240000000000000e+05
9.330370000000000000e+05
9.353700000000000000e+05
9.377540000000000000e+05
9.397370000000000000e+05
9.417900000000000000e+05
9.440330000000000000e+05
9.461350000000000000e+05
9.481530000000000000e+05
9.499270000000000000e+05
9.521340000000000000e+05
9.538090000000000000e+05
9.560030000000000000e+05
9.581720000000000000e+05
9.604550000000000000e+05
9.619920000000000000e+05
9.637880000000000000e+05
9.662700000000000000e+05
9.686540000000000000e+05
9.707500000000000000e+05
9.725090000000000000e+05
9.748370000000000000e+05
9.768480000000000000e+05
9.787630000000000000e+05
9.807630000000000000e+05
9.830030000000000000e+05
9.850030000000000000e+05
9.864800000000000000e+05
9.888300000000000000e+05
9.904380000000000000e+05
9.928370000000000000e+05
9.949850000000000000e+05
9.972800000000000000e+05
9.988600000000000000e+05
1.000832000000000000e+06
1.003085000000000000e+06
1.005455000000000000e+06
1.007352000000000000e+06
1.009280000000000000e+06
1.011420000000000000e+06
1.013506000000000000e+06
1.015543000000000000e+06
1.016974000000000000e+06
1.019656000000000000e+06
1.021950000000000000e+06
1.023558000000000000e+06
1.025638000000000000e+06
1.027670000000000000e+06
1.029166000000000000e+06
1.032146000000000000e+06
1.034029000000000000e+06
1.035616000000000000e+06
1.038007000000000000e+06
1.040111000000000000e+06
1.041982000000000000e+06
1.043672000000000000e+06
1.046305000000000000e+06
1.048575000000000000e+06
1.050301000000000000e+06
1.052672000000000000e+06
1.054578000000000000e+06
1.056574000000000000e+06
1.058601000000000000e+06
1.060514000000000000e+06
1.062479000000000000e+06
1.064786000000000000e+06
1.066728000000000000e+06
1.068340000000000000e+06
1.070833000000000000e+06
1.072763000000000000e+06
1.074624000000000000e+06
1.077225000000000000e+06
1.079242000000000000e+06
1.081221000000000000e+06
1.082908000000000000e+06
1.084908000000000000e+06
1.087182000000000000e+06
1.089376000000000000e+06
1.091487000000000000e+06
1.093544000000000000e+06
1.095371000000000000e+06
1.096807000000000000e+06
1.099713000000000000e+06
1.101553000000000000e+06
1.103676000000000000e+06
1.105417000000000000e+06
1.107195000000000000e+06
1.109910000000000000e+06
1.111948000000000000e+06
1.113619000000000000e+06
1.115840000000000000e+06
1.117863000000000000e+06
1.120045000000000000e+06
1.122021000000000000e+06
1.124319000000000000e+06
1.126212000000000000e+06
1.127811000000000000e+06
1.130090000000000000e+06
1.131681000000000000e+06
1.133929000000000000e+06
1.136423000000000000e+06
1.138546000000000000e+06
1.140682000000000000e+06
1.142179000000000000e+06
1.144627000000000000e+06
1.146460000000000000e+06
1.148314000000000000e+06
1.150483000000000000e+06
1.152656000000000000e+06
1.154840000000000000e+06
1.156940000000000000e+06
1.158637000000000000e+06
1.161066000000000000e+06
1.163041000000000000e+06
1.165166000000000000e+06
1.166650000000000000e+06
1.168921000000000000e+06
1.170923000000000000e+06
1.172654000000000000e+06
1.175411000000000000e+06
1.176933000000000000e+06
1.179217000000000000e+06
1.181521000000000000e+06
1.183036000000000000e+06
1.185703000000000000e+06
1.187787000000000000e+06
1.189843000000000000e+06
1.191786000000000000e+06
1.193718000000000000e+06
1.195656000000000000e+06
1.197864000000000000e+06
1.199761000000000000e+06
1.202125000000000000e+06
1.203855000000000000e+06
1.206216000000000000e+06
1.207808000000000000e+06
1.210110000000000000e+06
1.211942000000000000e+06
1.214258000000000000e+06
1.216267000000000000e+06
1.218376000000000000e+06
1.220056000000000000e+06
1.222567000000000000e+06
1.224686000000000000e+06
1.226606000000000000e+06
1.228718000000000000e+06
1.230812000000000000e+06
1.232672000000000000e+06
1.234893000000000000e+06
1.236770000000000000e+06
1.238982000000000000e+06
1.240970000000000000e+06
1.242836000000000000e+06
1.244316000000000000e+06
1.247144000000000000e+06
1.249144000000000000e+06
1.251234000000000000e+06
1.252689000000000000e+06
1.254763000000000000e+06
1.257290000000000000e+06
1.259387000000000000e+06
1.261361000000000000e+06
1.262682000000000000e+06
1.265631000000000000e+06
1.267039000000000000e+06
1.269300000000000000e+06
1.271606000000000000e+06
1.273597000000000000e+06
1.275698000000000000e+06
1.277659000000000000e+06
1.279926000000000000e+06
1.282024000000000000e+06
1.283775000000000000e+06
1.286129000000000000e+06
1.287885000000000000e+06
1.290049000000000000e+06
1.291934000000000000e+06
1.294151000000000000e+06
1.296146000000000000e+06
1.298296000000000000e+06
1.300138000000000000e+06
1.302228000000000000e+06
1.303797000000000000e+06
1.306561000000000000e+06
1.308525000000000000e+06
1.310633000000000000e+06
1.312748000000000000e+06
1.314432000000000000e+06
1.316565000000000000e+06
1.318341000000000000e+06
1.320926000000000000e+06
1.322814000000000000e+06
1.324857000000000000e+06
1.327096000000000000e+06
1.329059000000000000e+06
1.330902000000000000e+06
1.333171000000000000e+06
1.335277000000000000e+06
1.337240000000000000e+06
1.339293000000000000e+06
1.341401000000000000e+06
1.343392000000000000e+06
1.345239000000000000e+06
1.347576000000000000e+06
1.349541000000000000e+06
1.351506000000000000e+06
1.353652000000000000e+06
1.355560000000000000e+06
1.357444000000000000e+06
1.359631000000000000e+06
1.361653000000000000e+06
1.363782000000000000e+06
1.365505000000000000e+06
1.367583000000000000e+06
1.369630000000000000e+06
1.371860000000000000e+06
1.374118000000000000e+06
1.375828000000000000e+06
1.378022000000000000e+06
1.379840000000000000e+06
1.382389000000000000e+06
1.384152000000000000e+06
1.386390000000000000e+06
1.388485000000000000e+06
1.390199000000000000e+06
1.392547000000000000e+06
1.394525000000000000e+06
1.396607000000000000e+06
1.398743000000000000e+06
1.400612000000000000e+06
1.402637000000000000e+06
1.404738000000000000e+06
1.406635000000000000e+06
1.408947000000000000e+06
1.411054000000000000e+06
1.412785000000000000e+06
1.415136000000000000e+06
1.417088000000000000e+06
1.418880000000000000e+06
1.421256000000000000e+06
1.423050000000000000e+06
1.425179000000000000e+06
1.427371000000000000e+06
1.429342000000000000e+06
1.431067000000000000e+06
1.433342000000000000e+06
1.435549000000000000e+06
1.437543000000000000e+06
1.439666000000000000e+06
1.441788000000000000e+06
1.443628000000000000e+06
1.445704000000000000e+06
1.447664000000000000e+06
1.449920000000000000e+06
1.451786000000000000e+06
1.454009000000000000e+06
1.455507000000000000e+06
1.457558000000000000e+06
1.459856000000000000e+06
1.461419000000000000e+06
1.464077000000000000e+06
1.465866000000000000e+06
1.468189000000000000e+06
1.470206000000000000e+06
1.471884000000000000e+06
1.474021000000000000e+06
1.476394000000000000e+06
1.478545000000000000e+06
1.480617000000000000e+06
1.482676000000000000e+06
1.484413000000000000e+06
1.486352000000000000e+06
1.488889000000000000e+06
1.490630000000000000e+06
1.492840000000000000e+06
1.494720000000000000e+06
1.496936000000000000e+06
1.498888000000000000e+06
1.501095000000000000e+06
1.503221000000000000e+06
1.504926000000000000e+06
1.506735000000000000e+06
1.509096000000000000e+06
1.510848000000000000e+06
1.513175000000000000e+06
1.515487000000000000e+06
1.517165000000000000e+06
1.519486000000000000e+06
1.521077000000000000e+06
1.523712000000000000e+06
1.525481000000000000e+06
1.527733000000000000e+06
1.529564000000000000e+06
1.531870000000000000e+06
1.533706000000000000e+06
1.535823000000000000e+06
1.537972000000000000e+06
1.539993000000000000e+06
1.542067000000000000e+06
1.543606000000000000e+06
1.546165000000000000e+06
1.547852000000000000e+06
1.550067000000000000e+06
1.552306000000000000e+06
1.554184000000000000e+06
1.556127000000000000e+06
1.558324000000000000e+06
1.560397000000000000e+06
1.562573000000000000e+06
1.563897000000000000e+06
1.566084000000000000e+06
1.567864000000000000e+06
1.570405000000000000e+06
1.572339000000000000e+06
1.574843000000000000e+06
1.576579000000000000e+06
1.578708000000000000e+06
1.580657000000000000e+06
1.583078000000000000e+06
1.584806000000000000e+06
1.587100000000000000e+06
1.589145000000000000e+06
1.591173000000000000e+06
1.593068000000000000e+06
1.595156000000000000e+06
1.597364000000000000e+06
1.598820000000000000e+06
1.601407000000000000e+06
1.603277000000000000e+06
1.604725000000000000e+06
1.606943000000000000e+06
1.609690000000000000e+06
1.610837000000000000e+06
1.613633000000000000e+06
1.615269000000000000e+06
1.617557000000000000e+06
1.619950000000000000e+06
1.622010000000000000e+06
1.623695000000000000e+06
1.625748000000000000e+06
1.628149000000000000e+06
1.629609000000000000e+06
1.631714000000000000e+06
1.633693000000000000e+06
1.636324000000000000e+06
1.638036000000000000e+06
1.640301000000000000e+06
1.642244000000000000e+06
1.644530000000000000e+06
1.646163000000000000e+06
1.648260000000000000e+06
1.650344000000000000e+06
1.652679000000000000e+06
1.654550000000000000e+06
1.656357000000000000e+06
1.658878000000000000e+06
1.660648000000000000e+06
1.662799000000000000e+06
1.664695000000000000e+06
1.666894000000000000e+06
1.668950000000000000e+06
1.670911000000000000e+06
1.673121000000000000e+06
1.675052000000000000e+06
1.676523000000000000e+06
1.679145000000000000e+06
1.681090000000000000e+06
1.683268000000000000e+06
1.685491000000000000e+06
1.687319000000000000e+06
1.689366000000000000e+06
1.691551000000000000e+06
1.693265000000000000e+06
1.695419000000000000e+06
1.697515000000000000e+06
1.699537000000000000e+06
1.701616000000000000e+06
1.703709000000000000e+06
1.705811000000000000e+06
1.707653000000000000e+06
1.709961000000000000e+06
1.711766000000000000e+06
1.713601000000000000e+06
1.715882000000000000e+06
1.718081000000000000e+06
1.719708000000000000e+06
1.722104000000000000e+06
1.724350000000000000e+06
1.726351000000000000e+06
1.728459000000000000e+06
1.730399000000000000e+06
1.732389000000000000e+06
1.734200000000000000e+06
1.736487000000000000e+06
1.738547000000000000e+06
1.740369000000000000e+06
1.742504000000000000e+06
1.744510000000000000e+06
1.746841000000000000e+06
1.748853000000000000e+06
1.750264000000000000e+06
1.752575000000000000e+06
1.754888000000000000e+06
1.756952000000000000e+06
1.759050000000000000e+06
1.760996000000000000e+06
1.762822000000000000e+06
1.765308000000000000e+06
1.766989000000000000e+06
1.768507000000000000e+06
1.771076000000000000e+06
1.773506000000000000e+06
1.775201000000000000e+06
1.777127000000000000e+06
1.779618000000000000e+06
1.781207000000000000e+06
1.783454000000000000e+06
1.785601000000000000e+06
1.787459000000000000e+06
1.789479000000000000e+06
1.791830000000000000e+06
1.793260000000000000e+06
1.796090000000000000e+06
1.797795000000000000e+06
1.800114000000000000e+06
1.802090000000000000e+06
1.803882000000000000e+06
1.806090000000000000e+06
1.808081000000000000e+06
1.809957000000000000e+06
1.812055000000000000e+06
1.814434000000000000e+06
1.816317000000000000e+06
1.818203000000000000e+06
1.820093000000000000e+06
1.822470000000000000e+06
1.824183000000000000e+06
1.826684000000000000e+06
1.828709000000000000e+06
1.830772000000000000e+06
1.832720000000000000e+06
1.834848000000000000e+06
1.836192000000000000e+06
1.838824000000000000e+06
1.840785000000000000e+06
1.843155000000000000e+06
1.844802000000000000e+06
1.847247000000000000e+06
1.848601000000000000e+06
1.851322000000000000e+06
1.852888000000000000e+06
1.855334000000000000e+06
1.857371000000000000e+06
1.859148000000000000e+06
1.861509000000000000e+06
1.863334000000000000e+06
1.865345000000000000e+06
1.867566000000000000e+06
1.869692000000000000e+06
1.871647000000000000e+06
1.873606000000000000e+06
1.875371000000000000e+06
1.877741000000000000e+06
1.879351000000000000e+06
1.881671000000000000e+06
1.884156000000000000e+06
1.885946000000000000e+06
1.887331000000000000e+06
1.890182000000000000e+06
1.892212000000000000e+06
1.893405000000000000e+06
1.896412000000000000e+06
1.898271000000000000e+06
1.900135000000000000e+06
1.902312000000000000e+06
1.904159000000000000e+06
1.906598000000000000e+06
1.908011000000000000e+06
1.910255000000000000e+06
1.912783000000000000e+06
1.914868000000000000e+06
1.916601000000000000e+06
1.918717000000000000e+06
1.920772000000000000e+06
1.922917000000000000e+06
1.924662000000000000e+06
1.926894000000000000e+06
1.929032000000000000e+06
1.931016000000000000e+06
1.932946000000000000e+06
1.935115000000000000e+06
1.937130000000000000e+06
1.939199000000000000e+06
1.941374000000000000e+06
1.943124000000000000e+06
1.945591000000000000e+06
1.947269000000000000e+06
1.949633000000000000e+06
1.951320000000000000e+06
1.953674000000000000e+06
1.955696000000000000e+06
1.957824000000000000e+06
1.959911000000000000e+06
1.961971000000000000e+06
1.963760000000000000e+06
1.966014000000000000e+06
1.968041000000000000e+06
1.969977000000000000e+06
1.971849000000000000e+06
1.974016000000000000e+06
1.975722000000000000e+06
1.978350000000000000e+06
1.980250000000000000e+06
1.981984000000000000e+06
1.984230000000000000e+06
1.986293000000000000e+06
1.988501000000000000e+06
1.990412000000000000e+06
1.992693000000000000e+06
1.994185000000000000e+06
1.996496000000000000e+06
1.997878000000000000e+06
2.000509000000000000e+06
