2.033000000000000000e+03
4.057000000000000000e+03
6.129000000000000000e+03
8.180000000000000000e+03
1.019500000000000000e+04
1.225200000000000000e+04
1.428600000000000000e+04
1.637200000000000000e+04
1.836300000000000000e+04
2.047500000000000000e+04
2.251300000000000000e+04
2.456700000000000000e+04
2.657400000000000000e+04
2.859100000000000000e+04
3.067100000000000000e+04
3.267500000000000000e+04
3.476800000000000000e+04
3.678600000000000000e+04
3.880400000000000000e+04
4.092400000000000000e+04
4.292200000000000000e+04
4.494700000000000000e+04
4.710000000000000000e+04
4.901400000000000000e+04
5.107300000000000000e+04
5.321100000000000000e+04
5.525000000000000000e+04
5.732800000000000000e+04
5.925400000000000000e+04
6.139700000000000000e+04
6.341100000000000000e+04
6.539000000000000000e+04
6.741300000000000000e+04
6.959400000000000000e+04
7.148400000000000000e+04
7.367100000000000000e+04
7.562600000000000000e+04
7.769000000000000000e+04
7.969700000000000000e+04
8.177800000000000000e+04
8.387600000000000000e+04
8.588000000000000000e+04
8.805000000000000000e+04
8.995200000000000000e+04
9.208900000000000000e+04
9.406700000000000000e+04
9.618600000000000000e+04
9.809700000000000000e+04
1.001680000000000000e+05
1.022960000000000000e+05
1.044320000000000000e+05
1.062240000000000000e+05
1.084250000000000000e+05
1.103380000000000000e+05
1.124780000000000000e+05
1.144940000000000000e+05
1.166540000000000000e+05
1.187520000000000000e+05
1.206650000000000000e+05
1.226850000000000000e+05
1.248260000000000000e+05
1.268960000000000000e+05
1.289390000000000000e+05
1.308930000000000000e+05
1.329090000000000000e+05
1.351460000000000000e+05
1.370470000000000000e+05
1.390740000000000000e+05
1.412400000000000000e+05
1.431010000000000000e+05
1.452030000000000000e+05
1.473310000000000000e+05
1.493260000000000000e+05
1.515040000000000000e+05
1.534060000000000000e+05
1.555300000000000000e+05
1.576310000000000000e+05
1.594730000000000000e+05
1.615670000000000000e+05
1.635730000000000000e+05
1.658580000000000000e+05
1.677200000000000000e+05
1.698950000000000000e+05
1.717560000000000000e+05
1.740320000000000000e+05
1.757270000000000000e+05
1.781000000000000000e+05
1.800440000000000000e+05
1.822710000000000000e+05
1.842370000000000000e+05
1.862690000000000000e+05
1.883850000000000000e+05
1.904050000000000000e+05
1.923290000000000000e+05
1.942520000000000000e+05
1.965200000000000000e+05
1.986370000000000000e+05
2.006820000000000000e+05
2.024440000000000000e+05
2.044480000000000000e+05
2.068440000000000000e+05
2.087390000000000000e+05
2.107550000000000000e+05
2.127330000000000000e+05
2.150130000000000000e+05
2.169630000000000000e+05
2.189490000000000000e+05
2.210920000000000000e+05
2.227380000000000000e+05
2.247520000000000000e+05
2.269160000000000000e+05
2.293440000000000000e+05
2.311720000000000000e+05
2.334290000000000000e+05
2.347480000000000000e+05
2.371350000000000000e+05
2.389550000000000000e+05
2.414410000000000000e+05
2.435680000000000000e+05
2.452940000000000000e+05
2.475260000000000000e+05
2.496710000000000000e+05
2.516900000000000000e+05
2.539200000000000000e+05
2.559190000000000000e+05
2.575690000000000000e+05
2.598440000000000000e+05
2.619210000000000000e+05
2.637050000000000000e+05
2.655400000000000000e+05
2.678390000000000000e+05
2.698950000000000000e+05
2.723790000000000000e+05
2.743670000000000000e+05
2.763700000000000000e+05
2.782590000000000000e+05
2.801230000000000000e+05
2.824560000000000000e+05
2.844980000000000000e+05
2.860670000000000000e+05
2.887080000000000000e+05
2.905690000000000000e+05
2.926530000000000000e+05
2.946090000000000000e+05
2.968440000000000000e+05
2.989990000000000000e+05
3.009530000000000000e+05
3.030330000000000000e+05
3.044670000000000000e+05
3.070090000000000000e+05
3.089610000000000000e+05
3.112020000000000000e+05
3.126680000000000000e+05
3.152080000000000000e+05
3.171280000000000000e+05
3.192700000000000000e+05
3.214930000000000000e+05
3.232060000000000000e+05
3.250720000000000000e+05
3.271500000000000000e+05
3.293520000000000000e+05
3.314350000000000000e+05
3.334920000000000000e+05
3.355190000000000000e+05
3.376510000000000000e+05
3.394110000000000000e+05
3.418610000000000000e+05
3.439760000000000000e+05
3.458360000000000000e+05
3.480850000000000000e+05
3.496080000000000000e+05
3.521590000000000000e+05
3.533690000000000000e+05
3.562370000000000000e+05
3.578220000000000000e+05
3.602780000000000000e+05
3.620590000000000000e+05
3.640590000000000000e+05
3.659980000000000000e+05
3.685350000000000000e+05
3.706570000000000000e+05
3.726570000000000000e+05
3.740810000000000000e+05
3.768060000000000000e+05
3.787930000000000000e+05
3.806610000000000000e+05
3.823110000000000000e+05
3.846760000000000000e+05
3.868040000000000000e+05
3.890370000000000000e+05
3.909430000000000000e+05
3.931660000000000000e+05
3.952350000000000000e+05
3.966600000000000000e+05
3.989710000000000000e+05
4.011780000000000000e+05
4.030660000000000000e+05
4.050660000000000000e+05
4.073140000000000000e+05
4.093700000000000000e+05
4.113300000000000000e+05
4.136530000000000000e+05
4.149130000000000000e+05
4.176150000000000000e+05
4.195810000000000000e+05
4.212520000000000000e+05
4.237960000000000000e+05
4.255160000000000000e+05
4.279620000000000000e+05
4.299620000000000000e+05
4.318440000000000000e+05
4.333930000000000000e+05
4.360500000000000000e+05
4.375920000000000000e+05
4.395830000000000000e+05
4.422870000000000000e+05
4.441460000000000000e+05
4.461650000000000000e+05
4.479280000000000000e+05
4.502750000000000000e+05
4.517040000000000000e+05
4.542240000000000000e+05
4.563500000000000000e+05
4.585250000000000000e+05
4.607990000000000000e+05
4.622950000000000000e+05
4.648960000000000000e+05
4.666030000000000000e+05
4.686330000000000000e+05
4.707380000000000000e+05
4.722490000000000000e+05
4.747840000000000000e+05
4.770510000000000000e+05
4.790550000000000000e+05
4.809840000000000000e+05
4.830440000000000000e+05
4.848820000000000000e+05
4.867770000000000000e+05
4.894470000000000000e+05
4.912700000000000000e+05
4.934450000000000000e+05
4.952960000000000000e+05
4.968050000000000000e+05
4.993030000000000000e+05
5.015240000000000000e+05
5.030130000000000000e+05
5.055220000000000000e+05
5.076550000000000000e+05
5.096800000000000000e+05
5.117750000000000000e+05
5.131130000000000000e+05
5.157470000000000000e+05
5.177250000000000000e+05
5.199740000000000000e+05
5.219210000000000000e+05
5.242690000000000000e+05
5.256950000000000000e+05
5.281890000000000000e+05
5.295800000000000000e+05
5.321600000000000000e+05
5.341200000000000000e+05
5.359610000000000000e+05
5.385600000000000000e+05
5.400540000000000000e+05
5.426840000000000000e+05
5.442840000000000000e+05
5.463830000000000000e+05
5.484000000000000000e+05
5.507810000000000000e+05
5.528390000000000000e+05
5.548390000000000000e+05
5.564910000000000000e+05
5.583970000000000000e+05
5.609840000000000000e+05
5.629780000000000000e+05
5.648440000000000000e+05
5.670370000000000000e+05
5.683730000000000000e+05
5.713040000000000000e+05
5.732320000000000000e+05
5.753770000000000000e+05
5.773570000000000000e+05
5.793310000000000000e+05
5.813090000000000000e+05
5.836010000000000000e+05
5.851860000000000000e+05
5.874700000000000000e+05
5.893640000000000000e+05
5.916380000000000000e+05
5.931080000000000000e+05
5.951080000000000000e+05
5.979560000000000000e+05
5.999750000000000000e+05
6.019950000000000000e+05
6.037970000000000000e+05
6.061170000000000000e+05
6.078600000000000000e+05
6.102170000000000000e+05
6.120940000000000000e+05
6.143020000000000000e+05
6.163230000000000000e+05
6.184440000000000000e+05
6.205320000000000000e+05
6.223810000000000000e+05
6.244660000000000000e+05
6.266290000000000000e+05
6.286430000000000000e+05
6.301640000000000000e+05
6.324670000000000000e+05
6.348520000000000000e+05
6.368870000000000000e+05
6.388170000000000000e+05
6.405520000000000000e+05
6.430200000000000000e+05
6.446730000000000000e+05
6.470360000000000000e+05
6.487890000000000000e+05
6.510950000000000000e+05
6.531460000000000000e+05
6.545750000000000000e+05
6.573390000000000000e+05
6.590580000000000000e+05
6.609590000000000000e+05
6.631850000000000000e+05
6.655880000000000000e+05
6.670470000000000000e+05
6.695510000000000000e+05
6.714260000000000000e+05
6.734260000000000000e+05
6.752650000000000000e+05
6.772650000000000000e+05
6.798610000000000000e+05
6.818610000000000000e+05
6.838610000000000000e+05
6.854140000000000000e+05
6.879760000000000000e+05
6.896210000000000000e+05
6.919950000000000000e+05
6.933490000000000000e+05
6.957410000000000000e+05
6.980060000000000000e+05
6.999140000000000000e+05
7.019140000000000000e+05
7.042280000000000000e+05
7.065590000000000000e+05
7.080110000000000000e+05
7.105390000000000000e+05
7.125390000000000000e+05
7.139630000000000000e+05
7.159630000000000000e+05
7.185120000000000000e+05
7.204970000000000000e+05
7.225490000000000000e+05
7.246320000000000000e+05
7.265450000000000000e+05
7.285430000000000000e+05
7.304530000000000000e+05
7.330800000000000000e+05
7.347500000000000000e+05
7.369290000000000000e+05
7.390460000000000000e+05
7.406950000000000000e+05
7.433520000000000000e+05
7.454540000000000000e+05
7.471480000000000000e+05
7.494880000000000000e+05
7.513010000000000000e+05
7.531450000000000000e+05
7.556140000000000000e+05
7.573590000000000000e+05
7.590490000000000000e+05
7.618510000000000000e+05
7.638250000000000000e+05
7.657100000000000000e+05
7.678130000000000000e+05
7.693150000000000000e+05
7.719170000000000000e+05
7.740530000000000000e+05
7.761720000000000000e+05
7.776970000000000000e+05
7.801200000000000000e+05
7.820680000000000000e+05
7.843200000000000000e+05
7.863070000000000000e+05
7.879330000000000000e+05
7.903870000000000000e+05
7.916670000000000000e+05
7.944330000000000000e+05
7.966080000000000000e+05
7.984830000000000000e+05
8.006880000000000000e+05
8.026990000000000000e+05
8.047230000000000000e+05
8.065220000000000000e+05
8.081030000000000000e+05
8.105470000000000000e+05
8.128080000000000000e+05
8.147900000000000000e+05
8.171490000000000000e+05
8.191100000000000000e+05
8.209620000000000000e+05
8.231760000000000000e+05
8.251450000000000000e+05
8.271450000000000000e+05
8.290600000000000000e+05
8.312260000000000000e+05
8.327210000000000000e+05
8.347210000000000000e+05
8.374640000000000000e+05
8.396090000000000000e+05
8.415240000000000000e+05
8.434530000000000000e+05
8.455140000000000000e+05
8.474110000000000000e+05
8.495740000000000000e+05
8.519600000000000000e+05
8.532780000000000000e+05
8.552780000000000000e+05
8.579140000000000000e+05
8.593330000000000000e+05
8.621770000000000000e+05
8.641930000000000000e+05
8.659360000000000000e+05
8.676760000000000000e+05
8.696970000000000000e+05
8.720820000000000000e+05
8.735870000000000000e+05
8.758730000000000000e+05
8.784180000000000000e+05
8.802250000000000000e+05
8.822840000000000000e+05
8.845750000000000000e+05
8.862900000000000000e+05
8.881480000000000000e+05
8.899250000000000000e+05
8.925200000000000000e+05
8.945200000000000000e+05
8.965800000000000000e+05
8.990380000000000000e+05
9.006720000000000000e+05
9.026720000000000000e+05
9.048570000000000000e+05
9.065550000000000000e+05
9.085550000000000000e+05
9.104290000000000000e+05
9.133800000000000000e+05
9.152770000000000000e+05
9.171770000000000000e+05
9.192500000000000000e+05
9.212500000000000000e+05
9.233580000000000000e+05
9.253580000000000000e+05
9.273500000000000000e+05
9.297830000000000000e+05
9.317830000000000000e+05
9.337830000000000000e+05
9.357830000000000000e+05
9.374900000000000000e+05
9.394900000000000000e+05
9.420440000000000000e+05
9.435340000000000000e+05
9.457140000000000000e+05
9.474220000000000000e+05
9.500170000000000000e+05
9.520430000000000000e+05
9.539590000000000000e+05
9.559590000000000000e+05
9.581070000000000000e+05
9.601070000000000000e+05
9.622980000000000000e+05
9.639100000000000000e+05
9.657260000000000000e+05
9.680860000000000000e+05
9.700860000000000000e+05
9.723660000000000000e+05
9.743660000000000000e+05
9.762300000000000000e+05
9.784910000000000000e+05
9.807010000000000000e+05
9.829670000000000000e+05
9.844260000000000000e+05
9.866980000000000000e+05
9.888500000000000000e+05
9.911250000000000000e+05
9.925920000000000000e+05
9.952670000000000000e+05
9.968620000000000000e+05
9.992970000000000000e+05
1.001297000000000000e+06
1.003078000000000000e+06
1.004940000000000000e+06
1.007321000000000000e+06
1.008818000000000000e+06
1.011261000000000000e+06
1.012837000000000000e+06
1.015144000000000000e+06
1.017815000000000000e+06
1.019368000000000000e+06
1.021349000000000000e+06
1.023765000000000000e+06
1.025765000000000000e+06
1.027742000000000000e+06
1.030134000000000000e+06
1.031574000000000000e+06
1.033354000000000000e+06
1.035664000000000000e+06
1.037875000000000000e+06
1.039986000000000000e+06
1.041830000000000000e+06
1.044143000000000000e+06
1.046495000000000000e+06
1.047750000000000000e+06
1.050556000000000000e+06
1.052359000000000000e+06
1.054706000000000000e+06
1.056615000000000000e+06
1.058615000000000000e+06
1.060419000000000000e+06
1.062688000000000000e+06
1.064512000000000000e+06
1.066742000000000000e+06
1.068889000000000000e+06
1.070660000000000000e+06
1.072973000000000000e+06
1.074989000000000000e+06
1.077200000000000000e+06
1.079200000000000000e+06
1.081115000000000000e+06
1.082935000000000000e+06
1.085136000000000000e+06
1.087136000000000000e+06
1.088844000000000000e+06
1.091275000000000000e+06
1.093534000000000000e+06
1.095427000000000000e+06
1.097374000000000000e+06
1.098983000000000000e+06
1.101717000000000000e+06
1.103598000000000000e+06
1.105626000000000000e+06
1.107566000000000000e+06
1.109566000000000000e+06
1.112000000000000000e+06
1.114036000000000000e+06
1.115702000000000000e+06
1.118150000000000000e+06
1.119879000000000000e+06
1.122235000000000000e+06
1.123988000000000000e+06
1.125422000000000000e+06
1.128234000000000000e+06
1.129715000000000000e+06
1.132029000000000000e+06
1.134033000000000000e+06
1.136500000000000000e+06
1.138673000000000000e+06
1.140304000000000000e+06
1.141980000000000000e+06
1.144542000000000000e+06
1.146520000000000000e+06
1.148749000000000000e+06
1.150681000000000000e+06
1.152599000000000000e+06
1.154427000000000000e+06
1.156484000000000000e+06
1.158659000000000000e+06
1.161139000000000000e+06
1.162467000000000000e+06
1.164467000000000000e+06
1.166859000000000000e+06
1.169246000000000000e+06
1.171440000000000000e+06
1.173323000000000000e+06
1.175280000000000000e+06
1.177130000000000000e+06
1.179146000000000000e+06
1.181442000000000000e+06
1.182842000000000000e+06
1.185768000000000000e+06
1.187839000000000000e+06
1.189283000000000000e+06
1.191283000000000000e+06
1.193757000000000000e+06
1.195436000000000000e+06
1.197436000000000000e+06
1.199436000000000000e+06
1.202084000000000000e+06
1.203915000000000000e+06
1.205509000000000000e+06
1.208042000000000000e+06
1.209507000000000000e+06
1.211813000000000000e+06
1.213813000000000000e+06
1.216357000000000000e+06
1.218209000000000000e+06
1.219925000000000000e+06
1.222527000000000000e+06
1.224546000000000000e+06
1.226546000000000000e+06
1.228080000000000000e+06
1.230672000000000000e+06
1.232461000000000000e+06
1.234189000000000000e+06
1.236189000000000000e+06
1.238083000000000000e+06
1.240700000000000000e+06
1.242317000000000000e+06
1.245139000000000000e+06
1.246610000000000000e+06
1.248899000000000000e+06
1.251271000000000000e+06
1.253241000000000000e+06
1.254726000000000000e+06
1.257162000000000000e+06
1.259259000000000000e+06
1.260699000000000000e+06
1.263185000000000000e+06
1.265193000000000000e+06
1.267490000000000000e+06
1.269490000000000000e+06
1.271490000000000000e+06
1.273810000000000000e+06
1.275458000000000000e+06
1.277094000000000000e+06
1.279543000000000000e+06
1.281190000000000000e+06
1.283190000000000000e+06
1.285704000000000000e+06
1.288132000000000000e+06
1.290132000000000000e+06
1.291925000000000000e+06
1.293840000000000000e+06
1.295840000000000000e+06
1.297550000000000000e+06
1.299550000000000000e+06
1.302130000000000000e+06
1.304130000000000000e+06
1.306130000000000000e+06
1.308130000000000000e+06
1.309949000000000000e+06
1.312227000000000000e+06
1.314769000000000000e+06
1.316838000000000000e+06
1.318488000000000000e+06
1.320488000000000000e+06
1.322766000000000000e+06
1.324766000000000000e+06
1.326956000000000000e+06
1.328845000000000000e+06
1.330938000000000000e+06
1.332698000000000000e+06
1.334779000000000000e+06
1.337168000000000000e+06
1.338546000000000000e+06
1.340987000000000000e+06
1.342737000000000000e+06
1.345354000000000000e+06
1.347235000000000000e+06
1.349433000000000000e+06
1.351285000000000000e+06
1.353344000000000000e+06
1.355721000000000000e+06
1.357514000000000000e+06
1.359463000000000000e+06
1.361879000000000000e+06
1.363872000000000000e+06
1.365792000000000000e+06
1.367522000000000000e+06
1.370063000000000000e+06
1.371979000000000000e+06
1.373770000000000000e+06
1.376197000000000000e+06
1.378304000000000000e+06
1.379887000000000000e+06
1.382138000000000000e+06
1.383586000000000000e+06
1.386106000000000000e+06
1.387860000000000000e+06
1.390400000000000000e+06
1.392203000000000000e+06
1.394148000000000000e+06
1.396447000000000000e+06
1.397815000000000000e+06
1.400709000000000000e+06
1.402776000000000000e+06
1.404221000000000000e+06
1.406956000000000000e+06
1.408906000000000000e+06
1.411032000000000000e+06
1.413090000000000000e+06
1.414725000000000000e+06
1.416906000000000000e+06
1.419011000000000000e+06
1.421059000000000000e+06
1.422987000000000000e+06
1.425274000000000000e+06
1.427048000000000000e+06
1.429222000000000000e+06
1.431337000000000000e+06
1.433404000000000000e+06
1.435289000000000000e+06
1.437426000000000000e+06
1.439281000000000000e+06
1.441498000000000000e+06
1.443407000000000000e+06
1.445792000000000000e+06
1.447664000000000000e+06
1.449715000000000000e+06
1.451890000000000000e+06
1.453984000000000000e+06
1.455537000000000000e+06
1.458046000000000000e+06
1.459841000000000000e+06
1.461894000000000000e+06
1.464015000000000000e+06
1.466279000000000000e+06
1.468286000000000000e+06
1.470407000000000000e+06
1.472141000000000000e+06
1.473925000000000000e+06
1.476372000000000000e+06
1.478096000000000000e+06
1.479923000000000000e+06
1.482297000000000000e+06
1.484603000000000000e+06
1.486817000000000000e+06
1.488781000000000000e+06
1.490749000000000000e+06
1.492342000000000000e+06
1.494956000000000000e+06
1.496944000000000000e+06
1.498669000000000000e+06
1.501030000000000000e+06
1.503139000000000000e+06
1.504703000000000000e+06
1.506890000000000000e+06
1.509164000000000000e+06
1.511423000000000000e+06
1.512907000000000000e+06
1.514699000000000000e+06
1.517222000000000000e+06
1.519395000000000000e+06
1.521035000000000000e+06
1.523712000000000000e+06
1.525300000000000000e+06
1.527126000000000000e+06
1.529331000000000000e+06
1.531603000000000000e+06
1.533775000000000000e+06
1.535831000000000000e+06
1.537706000000000000e+06
1.539510000000000000e+06
1.541939000000000000e+06
1.544030000000000000e+06
1.545525000000000000e+06
1.547541000000000000e+06
1.549964000000000000e+06
1.551444000000000000e+06
1.554131000000000000e+06
1.556341000000000000e+06
1.557969000000000000e+06
1.560036000000000000e+06
1.562396000000000000e+06
1.564398000000000000e+06
1.566103000000000000e+06
1.568683000000000000e+06
1.570788000000000000e+06
1.572350000000000000e+06
1.574401000000000000e+06
1.576315000000000000e+06
1.578946000000000000e+06
1.580514000000000000e+06
1.582834000000000000e+06
1.584455000000000000e+06
1.587075000000000000e+06
1.589163000000000000e+06
1.590545000000000000e+06
1.593056000000000000e+06
1.594924000000000000e+06
1.596849000000000000e+06
1.599471000000000000e+06
1.601269000000000000e+06
1.603379000000000000e+06
1.605326000000000000e+06
1.607409000000000000e+06
1.609483000000000000e+06
1.611569000000000000e+06
1.613525000000000000e+06
1.615642000000000000e+06
1.617913000000000000e+06
1.619472000000000000e+06
1.621385000000000000e+06
1.623709000000000000e+06
1.625198000000000000e+06
1.628068000000000000e+06
1.629991000000000000e+06
1.631991000000000000e+06
1.633459000000000000e+06
1.635899000000000000e+06
1.638334000000000000e+06
1.640328000000000000e+06
1.641741000000000000e+06
1.643741000000000000e+06
1.646160000000000000e+06
1.648119000000000000e+06
1.649976000000000000e+06
1.652718000000000000e+06
1.654249000000000000e+06
1.656616000000000000e+06
1.658345000000000000e+06
1.660761000000000000e+06
1.662714000000000000e+06
1.664190000000000000e+06
1.666653000000000000e+06
1.668295000000000000e+06
1.670955000000000000e+06
1.672385000000000000e+06
1.675109000000000000e+06
1.676579000000000000e+06
1.679009000000000000e+06
1.681009000000000000e+06
1.682723000000000000e+06
1.685106000000000000e+06
1.687217000000000000e+06
1.688675000000000000e+06
1.691155000000000000e+06
1.693155000000000000e+06
1.695639000000000000e+06
1.697411000000000000e+06
1.699555000000000000e+06
1.701140000000000000e+06
1.703140000000000000e+06
1.705334000000000000e+06
1.707240000000000000e+06
1.709616000000000000e+06
1.711859000000000000e+06
1.714139000000000000e+06
1.715641000000000000e+06
1.718203000000000000e+06
1.719762000000000000e+06
1.721918000000000000e+06
1.723626000000000000e+06
1.726419000000000000e+06
1.728449000000000000e+06
1.730467000000000000e+06
1.732033000000000000e+06
1.734410000000000000e+06
1.736452000000000000e+06
1.738721000000000000e+06
1.740372000000000000e+06
1.742698000000000000e+06
1.744786000000000000e+06
1.746664000000000000e+06
1.748654000000000000e+06
1.750072000000000000e+06
1.752326000000000000e+06
1.754858000000000000e+06
1.756307000000000000e+06
1.758975000000000000e+06
1.760441000000000000e+06
1.763281000000000000e+06
1.765223000000000000e+06
1.767076000000000000e+06
1.768725000000000000e+06
1.771382000000000000e+06
1.773560000000000000e+06
1.775476000000000000e+06
1.777588000000000000e+06
1.779569000000000000e+06
1.781615000000000000e+06
1.783440000000000000e+06
1.785161000000000000e+06
1.787244000000000000e+06
1.789949000000000000e+06
1.791783000000000000e+06
1.793577000000000000e+06
1.795274000000000000e+06
1.797274000000000000e+06
1.800143000000000000e+06
1.801990000000000000e+06
1.803524000000000000e+06
1.805524000000000000e+06
1.808042000000000000e+06
1.809473000000000000e+06
1.812065000000000000e+06
1.814039000000000000e+06
1.815972000000000000e+06
1.818329000000000000e+06
1.820329000000000000e+06
1.821956000000000000e+06
1.824539000000000000e+06
1.826779000000000000e+06
1.828499000000000000e+06
1.830364000000000000e+06
1.832548000000000000e+06
1.834886000000000000e+06
1.836259000000000000e+06
1.838200000000000000e+06
1.841082000000000000e+06
1.842624000000000000e+06
1.844384000000000000e+06
1.847282000000000000e+06
1.849106000000000000e+06
1.850650000000000000e+06
1.853032000000000000e+06
1.855233000000000000e+06
1.857231000000000000e+06
1.858951000000000000e+06
1.861482000000000000e+06
1.863469000000000000e+06
1.865671000000000000e+06
1.867508000000000000e+06
1.869569000000000000e+06
1.871465000000000000e+06
1.873788000000000000e+06
1.875386000000000000e+06
1.877627000000000000e+06
1.879513000000000000e+06
1.881706000000000000e+06
1.883999000000000000e+06
1.885618000000000000e+06
1.887574000000000000e+06
1.890248000000000000e+06
1.892248000000000000e+06
1.894366000000000000e+06
1.895998000000000000e+06
1.897942000000000000e+06
1.900170000000000000e+06
1.902263000000000000e+06
1.904263000000000000e+06
1.906455000000000000e+06
1.907840000000000000e+06
1.909840000000000000e+06
1.912512000000000000e+06
1.914237000000000000e+06
1.916705000000000000e+06
1.918886000000000000e+06
1.920480000000000000e+06
1.922739000000000000e+06
1.924739000000000000e+06
1.926975000000000000e+06
1.928907000000000000e+06
1.930703000000000000e+06
1.933296000000000000e+06
1.935122000000000000e+06
1.937283000000000000e+06
1.939175000000000000e+06
1.940771000000000000e+06
1.942771000000000000e+06
1.945586000000000000e+06
1.947521000000000000e+06
1.949543000000000000e+06
1.951302000000000000e+06
1.953476000000000000e+06
1.955125000000000000e+06
1.957679000000000000e+06
1.959420000000000000e+06
1.961909000000000000e+06
1.963636000000000000e+06
1.965974000000000000e+06
1.967766000000000000e+06
1.969364000000000000e+06
1.971439000000000000e+06
1.974226000000000000e+06
1.976226000000000000e+06
1.978281000000000000e+06
1.980281000000000000e+06
1.982243000000000000e+06
1.984321000000000000e+06
1.986015000000000000e+06
1.988572000000000000e+06
1.990191000000000000e+06
1.992529000000000000e+06
1.994177000000000000e+06
1.996322000000000000e+06
1.998707000000000000e+06
2.000752000000000000e+06
