1.815619371686179262e+00
2.545827212950948049e+00
3.648232679522320332e+00
5.802059126256966515e+00
8.734977659230173330e+00
1.125598091477991680e+01
1.367267958449132870e+01
1.682999073628299058e+01
1.876434923847440217e+01
2.009483202756745257e+01
2.197359966787059093e+01
2.318741435229479819e+01
2.359606244923242713e+01
2.442570264692935922e+01
2.552194952803003503e+01
2.660815511631205865e+01
2.759387060975504014e+01
2.863197459962522018e+01
2.963459945391637973e+01
3.011605106757599515e+01
3.061036083459865864e+01
3.084859426627255630e+01
3.127959935166533967e+01
3.195458261014609036e+01
3.224142659424246204e+01
3.278533276995605661e+01
3.342983778917546545e+01
3.391516756934474586e+01
3.436377900737421243e+01
3.439195752078813939e+01
3.462454886951582012e+01
3.541883316309323249e+01
3.613216177821227149e+01
3.674577506002006544e+01
3.789795344895040330e+01
3.950376477964626787e+01
4.067075794054868965e+01
4.240431480248674490e+01
4.415429192133835556e+01
4.607869844820668703e+01
4.796633733454791582e+01
4.966107049832703524e+01
5.074642294687933486e+01
5.155625500445340492e+01
5.300731735321534188e+01
5.385651143727757528e+01
5.434781508592591592e+01
5.463916486951318063e+01
5.481823355380609541e+01
5.502046092396923171e+01
5.532265308104997814e+01
5.592567434950280614e+01
5.652939115733508402e+01
5.722380026130966257e+01
5.767688865256251773e+01
5.820668189926040981e+01
5.885581540784824739e+01
5.970425505059753135e+01
6.074902101307164060e+01
6.141116153851316284e+01
6.224926917567978535e+01
6.282808888028537808e+01
6.336013918878178686e+01
6.371864738591833088e+01
6.417881145614242655e+01
6.480237517873977993e+01
6.516846105981215942e+01
6.531165582788287338e+01
6.517076104445131080e+01
6.558325814136358645e+01
6.571141128090819450e+01
6.583333659817451178e+01
6.607323299005713579e+01
6.625951745549524219e+01
6.633256332203279726e+01
6.655191324276245268e+01
6.687620092466725907e+01
6.712776617311180871e+01
6.635388367765213502e+01
6.624816985751981235e+01
6.599964841792298387e+01
6.632076331845381389e+01
6.666723776138033486e+01
6.677547131084091347e+01
6.723683040559897961e+01
6.722752793146479178e+01
6.737510592735289094e+01
6.769521458985441598e+01
6.810484769949907502e+01
6.888009770234941698e+01
6.997694282689350587e+01
7.025383955549185089e+01
7.022445466450020035e+01
7.067717577472808443e+01
7.121134986069168349e+01
7.144697120790142719e+01
7.185261111430843073e+01
7.158174384130343526e+01
7.221614432204702894e+01
7.342220360986527794e+01
7.454036313273927306e+01
7.626778962982808707e+01
7.702588353683012201e+01
7.816281197525628954e+01
7.887381134101707403e+01
7.988115102936903611e+01
8.101270535548854923e+01
8.174915987225794822e+01
8.287521522694272846e+01
8.433989040180715335e+01
8.520432408192002072e+01
8.563946793839146210e+01
8.625648463768492036e+01
8.657038036845726481e+01
8.646912273009064620e+01
8.692089223180802549e+01
8.716111931248508427e+01
8.745321208424341819e+01
8.760574451371600446e+01
8.801391114361807411e+01
8.867415478976597853e+01
8.907013796934953120e+01
8.927156725499571621e+01
8.942459062818169002e+01
8.971065182142081085e+01
8.985519611644207316e+01
9.013751335578150758e+01
9.006582683359967234e+01
9.009091704681605961e+01
9.035196400275216888e+01
9.091159216958607203e+01
9.116673795757455423e+01
9.134693918425608672e+01
9.147307031172803704e+01
9.161961179982938575e+01
9.202749841066159320e+01
9.259564709383934655e+01
9.297265595535728266e+01
9.316190581161232842e+01
9.355698144794706650e+01
9.389735405966068527e+01
9.441523182598625397e+01
9.488483270983468287e+01
9.510291175818325371e+01
9.551763246717484890e+01
9.594911932932436116e+01
9.647580761127501603e+01
9.701087749839066987e+01
9.732242801959151279e+01
9.799363660852232272e+01
9.830883173613557346e+01
9.877581492723491863e+01
9.980130307175031135e+01
1.010966623420815296e+02
1.022864533285648179e+02
1.032602404504727076e+02
1.047220046216574332e+02
1.056602059451922599e+02
1.068598251580875882e+02
1.073267766981326758e+02
1.085434634974123611e+02
1.095660532133728111e+02
1.102571574006787642e+02
1.107538450353780348e+02
1.123994173862769799e+02
1.136770025978535301e+02
1.150310999019803404e+02
1.162575787535347587e+02
1.170996086307465873e+02
1.177653366913392006e+02
1.187832553619702765e+02
1.194312285482119620e+02
1.201432453384344399e+02
1.205251918127794966e+02
1.211188955600450328e+02
1.213380553585951418e+02
1.227094257546961558e+02
1.236028729587799404e+02
1.249452281231073414e+02
1.258805218690410754e+02
1.260896527930772919e+02
1.264733340717778276e+02
1.263053041488099382e+02
1.261410070453117385e+02
1.258415085106230578e+02
1.260460481667217749e+02
1.262845102571576206e+02
1.252509850510549967e+02
1.259238137372290680e+02
1.262754917838893505e+02
1.267369196981052255e+02
1.266109641425301220e+02
1.275678212523081640e+02
1.285828619284415311e+02
1.285939673089136477e+02
1.296886358736454099e+02
1.301719650999354485e+02
1.295367033029499453e+02
1.305867023565193108e+02
1.326608727912722543e+02
1.336004366257724598e+02
1.343848865055007025e+02
1.356196493994812897e+02
1.377587177175488193e+02
1.401571618815077045e+02
1.409621244358147862e+02
1.423612408977841142e+02
1.443085318604813381e+02
1.462324489615576510e+02
1.478309362610481799e+02
1.513566510388868949e+02
1.532467424789865902e+02
1.560253060755669026e+02
1.585534255823103251e+02
1.600443163353228613e+02
1.609908361531030891e+02
1.637426062732930632e+02
1.646404974806633561e+02
1.660568699582863417e+02
1.670960730152956160e+02
1.673340799805721701e+02
1.708132469794889801e+02
1.729785699615816270e+02
1.753333855789889526e+02
1.764518114022838233e+02
1.779184167195076895e+02
1.812034741792384978e+02
1.832931413287307407e+02
1.836913468509192455e+02
1.870561477851940708e+02
1.875504932971079768e+02
1.898214821943325319e+02
1.930170999185052949e+02
1.948530959008895991e+02
1.965427428825043989e+02
1.974084714873046096e+02
1.966705145583401588e+02
1.970228886459210855e+02
1.987349106806619261e+02
1.969657541099935543e+02
1.985753927668989434e+02
1.988485858255746734e+02
2.011795713291585344e+02
2.022633917361451381e+02
2.046720296506877048e+02
2.075230522976283112e+02
2.093970691611224879e+02
2.129372340946516715e+02
2.152438058515341197e+02
2.188873208815218732e+02
2.218974006133425689e+02
2.233702105277469059e+02
2.262651639746237890e+02
2.268661008005689155e+02
2.266903423319025137e+02
2.300086473290609206e+02
2.328408697274922758e+02
2.348901201551824158e+02
2.370239711415846955e+02
2.409573464507258507e+02
2.417206734124249010e+02
2.424799689211066038e+02
2.435851316940831452e+02
2.450650414403209254e+02
2.467381774739525611e+02
2.475178059936602608e+02
2.482950911883130516e+02
2.507348313329718508e+02
2.528635501572414341e+02
2.556221468462838686e+02
2.573139363809910947e+02
2.598953665495000678e+02
2.635675109652380570e+02
2.658533288415754896e+02
2.664182459782774117e+02
2.696591471966863764e+02
2.723614390332408561e+02
2.750580167527014055e+02
2.762019948683794155e+02
2.782124609719978707e+02
2.793276535339486486e+02
2.839446183233287115e+02
2.854921387910121666e+02
2.855193753394627834e+02
2.856123590567541441e+02
2.888944271687560104e+02
2.884036854694110730e+02
2.876863513341602356e+02
2.850832516533529883e+02
2.875530375104064547e+02
2.892580159620289351e+02
2.857244051823366249e+02
2.881770785864893583e+02
2.902409090826234888e+02
2.932034327412124526e+02
2.903872641192898527e+02
2.900815619978937434e+02
2.900236057095671640e+02
2.890542031171130475e+02
2.902134604119314076e+02
2.906288883453793801e+02
2.917557765119101418e+02
2.914581267896786585e+02
2.910332341113355028e+02
2.908727657422791140e+02
2.913613120101178993e+02
2.898122795302188592e+02
2.893107703666934754e+02
2.883824508652091936e+02
2.860882992304918844e+02
2.815753298912636637e+02
2.782556452753591429e+02
2.745142567433495628e+02
2.725139409092566325e+02
2.696708556204622482e+02
2.697535925418740135e+02
2.671581949161824241e+02
2.629359240355719294e+02
2.583981183952683978e+02
2.523116772453338399e+02
2.484202899630669776e+02
2.461977364275974480e+02
2.442972769444119763e+02
2.373162450469581017e+02
2.388027187628259469e+02
2.300126150945547465e+02
2.261467247998281209e+02
2.223789040421665675e+02
2.175323255617350640e+02
2.144566489534878997e+02
2.123592185629223366e+02
2.119907598361805015e+02
2.026390406328065410e+02
1.921462681513982034e+02
1.916352455354970630e+02
1.869740304120290944e+02
1.881234616190436668e+02
1.764588225334453000e+02
1.758012627440444930e+02
1.752585078191198136e+02
1.737808686871290433e+02
1.715739790615595837e+02
1.714069639557245637e+02
1.677423513595799136e+02
1.668547825628180590e+02
1.664166436791412025e+02
1.623638539254355919e+02
1.628056566486692986e+02
1.658096620795423632e+02
1.652597718921872740e+02
1.672443613345880919e+02
1.649671650866048651e+02
1.660104897389117866e+02
1.670755573971262038e+02
1.692177452489163727e+02
1.697980914445028304e+02
1.724086948720626538e+02
1.751810300009534558e+02
1.754098893888767918e+02
1.745742312123821591e+02
1.779799191532270299e+02
1.821103953957663180e+02
1.854643761041197934e+02
1.873569269570301969e+02
1.860107050720990003e+02
1.881198464238960071e+02
1.927884325364440485e+02
1.926254259774909201e+02
1.922894708050627059e+02
1.969213312520101056e+02
1.982432488032574440e+02
1.944167752626902086e+02
1.966024867688601319e+02
1.953589780343482971e+02
1.956276458103348261e+02
1.958043086001270296e+02
1.958894967673194287e+02
1.954166989919050650e+02
1.984250951737699040e+02
1.996586609398740961e+02
1.995748265283275771e+02
2.032537555887939504e+02
2.015031269499347673e+02
1.985861478445294495e+02
1.993594759104397838e+02
2.017422623320875346e+02
2.040371894213035660e+02
2.025054555940073158e+02
2.013251585913631061e+02
1.987706488520829851e+02
1.981243819142041787e+02
1.975328088732100014e+02
1.916897729963934864e+02
1.900420147830990061e+02
1.900952036439161361e+02
1.858532344323901668e+02
1.884605026039679103e+02
1.884676934971600701e+02
1.893685338522647612e+02
1.912008258419910760e+02
1.904217068703326845e+02
1.909255883348515965e+02
1.916135416756990537e+02
1.889930449274287412e+02
1.836380116326076291e+02
1.804828799088128335e+02
1.818850061908787268e+02
1.838254515472052901e+02
1.851993895151351808e+02
1.883868081192456430e+02
1.884691889708633141e+02
1.836040332384411045e+02
1.825393384929652427e+02
1.840358243683697879e+02
1.815903763861859943e+02
1.828267663825699572e+02
1.845879370681807359e+02
1.878035090694954476e+02
1.895530947282916259e+02
1.953456793033568886e+02
1.951570181124587862e+02
1.971530264343895738e+02
1.991077737558389344e+02
1.989988023106956518e+02
1.981888045973275041e+02
1.967788474986702170e+02
1.947686990483022100e+02
1.928653285548129190e+02
1.901631064543010439e+02
1.894091088111125885e+02
1.908502936018074934e+02
1.894759548155660411e+02
1.895466059246735426e+02
1.834498808028035626e+02
1.845886734836889218e+02
1.852556352490438769e+02
1.881456858845244540e+02
1.861945768869883011e+02
1.871453606431779235e+02
1.890548995627897853e+02
1.870989036952350091e+02
1.864575307274121485e+02
1.848125181573124394e+02
1.826185912428021538e+02
1.783705413905911996e+02
1.787950113602437625e+02
1.792738503642917465e+02
1.787454562213667373e+02
1.787210476492932969e+02
1.763347967637138254e+02
1.767915759313086994e+02
1.775341231040993932e+02
1.776981548281736423e+02
1.831515448666968098e+02
1.817735211876588437e+02
1.825817430353244220e+02
1.791620908567902291e+02
1.818185329252305280e+02
1.830152737015803837e+02
1.841132828567426145e+02
1.834609402084695375e+02
1.832773874380372092e+02
1.853479466526969190e+02
1.852813850358992340e+02
1.847758847079722102e+02
1.864346487965127608e+02
1.854118869635830151e+02
1.870724485692062160e+02
1.857956878885092635e+02
1.900207766824099735e+02
1.908553041160726309e+02
1.918077952375185475e+02
1.937541904014894385e+02
1.926792042141915147e+02
1.919082520943193231e+02
1.937380574008883798e+02
1.934184157728634830e+02
1.966472208569564373e+02
1.950529775998462583e+02
1.909551342727822032e+02
1.946501424811698939e+02
2.000932416791958133e+02
2.000863287024726276e+02
2.029243029060004915e+02
2.018188910077579976e+02
1.983836813685762195e+02
1.956250887009486803e+02
1.961298291617404175e+02
1.965570282956709320e+02
1.956021401800643673e+02
1.984378129287023285e+02
1.985644055350042549e+02
1.998058064342602904e+02
1.963511387126757199e+02
1.986849983629714984e+02
1.984858210120690671e+02
1.964308224535798502e+02
1.969096021393467595e+02
1.962994653991127336e+02
2.008496053125707874e+02
2.003045078058282513e+02
1.995087768140570290e+02
2.019635033230045451e+02
2.039427528291420231e+02
2.021464700854213561e+02
2.015222555109472466e+02
1.998238105681288914e+02
1.973349068665743573e+02
1.989039625098086503e+02
1.998275416297442177e+02
2.012101614031185193e+02
2.029059082587134242e+02
2.025218587686175624e+02
2.056019862683239978e+02
2.040378232505978247e+02
2.024318634994875765e+02
2.050392243342334098e+02
2.014298453470002244e+02
2.048119445947528448e+02
2.042249213896107563e+02
2.051857481036732622e+02
2.038864018560245199e+02
2.022645411167171687e+02
2.032795324968210480e+02
2.057988679079110739e+02
2.051110487675011882e+02
1.993953338924856382e+02
1.965673045293819428e+02
1.939295882008966032e+02
1.918385130604227697e+02
1.937188879451835248e+02
1.964663712905430657e+02
1.933523210017360157e+02
1.915453512860048022e+02
1.914437864786423233e+02
1.888023904456559592e+02
1.884736463051406474e+02
1.883016594845470593e+02
1.861701144329435920e+02
1.857845815031913617e+02
1.845663211006747702e+02
1.848144696954336155e+02
1.844688176305820662e+02
1.848147863550067029e+02
1.885445483684092380e+02
1.862971548180263994e+02
1.875153241549024017e+02
1.858346856439246721e+02
1.854249974860919110e+02
1.860540609351943147e+02
1.859801904804952812e+02
1.898131256928837445e+02
1.924607218121471419e+02
1.943691361621657734e+02
1.957378254843849845e+02
1.957320782051562560e+02
1.962958668618965703e+02
1.963805894281641997e+02
1.978310154105955405e+02
1.976048948783239041e+02
1.967439245548716258e+02
1.994840261691852845e+02
2.013283011355893848e+02
2.053361851469232988e+02
2.046690226291464683e+02
2.056125449778130871e+02
2.072876859077429970e+02
2.076589550997002505e+02
2.095224526706313668e+02
2.079930933801940114e+02
2.066242753865401767e+02
2.034691963782913433e+02
2.053963189306191737e+02
2.046220272723692801e+02
2.054667011399420460e+02
2.037653192321678546e+02
2.035969698787251048e+02
2.039730838298015101e+02
2.057338101115258837e+02
2.057076623737654870e+02
2.051923267335913579e+02
2.054155453740014252e+02
2.078493542272724142e+02
2.079342438070435719e+02
2.099919340383757742e+02
2.129597591007783421e+02
2.122872731576150613e+02
2.146441735390952203e+02
2.131470653412502259e+02
2.079813337451780626e+02
2.081244151491775938e+02
2.095613578008761522e+02
2.106697071514280140e+02
2.102449207694008066e+02
2.113381778000296549e+02
2.081534456984360872e+02
2.061935398133725528e+02
2.072188351499592329e+02
2.099337056342384358e+02
2.072823069801249574e+02
2.093305073415762365e+02
2.088421240858000942e+02
2.085405632825809050e+02
2.092535799866073205e+02
2.051972419445736193e+02
2.016307988969453788e+02
2.035086391077385599e+02
1.995855882509463868e+02
1.978344206560975636e+02
1.950657022894644683e+02
1.905577713590869848e+02
1.904915771025185620e+02
1.892001781643586469e+02
1.912352623693560929e+02
1.935659154999951284e+02
1.906085267672727070e+02
1.895508803971605118e+02
1.894285747195824001e+02
1.867573215617674975e+02
1.874579741220824474e+02
1.891290114203706310e+02
1.902621522790081485e+02
1.904147867144879740e+02
1.902556793194547140e+02
1.936028373362161119e+02
1.929291270507072795e+02
1.939912510388639930e+02
1.922183794512553447e+02
1.911246587436195057e+02
1.936879981791416867e+02
1.957344437402518338e+02
1.983272605462976514e+02
1.973058092253975246e+02
2.000406166772323502e+02
1.994713571545693469e+02
2.018752079461920630e+02
2.015891420528196534e+02
2.009939876255516822e+02
1.977316864000839871e+02
1.974276500584657015e+02
1.974402302492271986e+02
2.003441067197848042e+02
2.013975707190701598e+02
2.009785294255878512e+02
2.030391098139284338e+02
2.039734080951381827e+02
2.073132914848085306e+02
2.027575505207204571e+02
2.021367339551131579e+02
1.997463450613548730e+02
1.959934668565439608e+02
1.921657570041314216e+02
1.906225226585382870e+02
1.914708347511581508e+02
1.888731924384399861e+02
1.873075779018065532e+02
1.889694931029813176e+02
1.854189541545608222e+02
1.860040582502410587e+02
1.802281360832215853e+02
1.782882253625112128e+02
1.787781012253132928e+02
1.772139293981933861e+02
1.742270957487399698e+02
1.747476327874048252e+02
1.736791358307579003e+02
1.708896249979819686e+02
1.684352915665467378e+02
1.685007137216464628e+02
1.679235306672328534e+02
1.693724380258452697e+02
1.688467489702571527e+02
1.684934206918386224e+02
1.717295628127588429e+02
1.753324739659575755e+02
1.741652058645075556e+02
1.728579354667789119e+02
1.723196888066936197e+02
1.715164288539317852e+02
1.683995685166533178e+02
1.694126333243459896e+02
1.722646266000321589e+02
1.741054719840077212e+02
1.748045666249693681e+02
1.773175705091715599e+02
1.820987965905143824e+02
1.832652724188943694e+02
1.851304181894010128e+02
1.854254811178569184e+02
1.858015133082679426e+02
1.864813145194629840e+02
1.848363025547760401e+02
1.823640555271752248e+02
1.832331000979957025e+02
1.801397764943369850e+02
1.817132506232967444e+02
1.817309543411047628e+02
1.803683151631022099e+02
1.809657762006105202e+02
1.799236951656683630e+02
1.787833624646714838e+02
1.805498696932051814e+02
1.828448543317139752e+02
1.836752824649601337e+02
1.848958573009912243e+02
1.840616264781437792e+02
1.838699829219468427e+02
1.848958990955892716e+02
1.840065272837404677e+02
1.791463401247837908e+02
1.773117509159075098e+02
1.779907904345080851e+02
1.773454029636570226e+02
1.772105154450507314e+02
1.796633071255882044e+02
1.785753739282878314e+02
1.814784278310909826e+02
1.805761102811794672e+02
1.799777467499824581e+02
1.817320664541564952e+02
1.833219870963355334e+02
1.839187996396736082e+02
1.835427028437498791e+02
1.830961454467711178e+02
1.831402409368470501e+02
1.836511404456676360e+02
1.846898660857142715e+02
1.876894107491317243e+02
1.871907677323381449e+02
1.851251766555667189e+02
1.837809422948059819e+02
1.864584534164279148e+02
1.864816587043611378e+02
1.859444248802793993e+02
1.869250252188601280e+02
1.872949972331245476e+02
1.869345928214266905e+02
1.868527807821908198e+02
1.836871438343991656e+02
1.830719072350042609e+02
1.830986504380877022e+02
1.856363677277068120e+02
1.888553427636296362e+02
1.858799403359769258e+02
1.834379767151864939e+02
1.823103873000236774e+02
1.810867641504546270e+02
1.815994773253518986e+02
1.827693922821339640e+02
1.840225258623960372e+02
1.821125407820421742e+02
1.796928692937790117e+02
1.813812089440909290e+02
1.835952651412775651e+02
1.823879634432159662e+02
1.814725428847230830e+02
1.818343030947048931e+02
1.817999402708277614e+02
1.813886412078537660e+02
1.808957170673895973e+02
1.804778802807547322e+02
1.838624745706593728e+02
1.827668881664048968e+02
1.843741125082891870e+02
1.854409937277375207e+02
1.834289198413783026e+02
1.819059844266324149e+02
1.843926414075899913e+02
1.809941986471254154e+02
1.836306661553183517e+02
1.838115183567018676e+02
1.823295678913317204e+02
1.806154645542887636e+02
1.807379480097529552e+02
1.771407408445305975e+02
1.738939299916731329e+02
1.767032252546133577e+02
1.758747582032822550e+02
1.769708971196782556e+02
1.776801310432287266e+02
1.762160403568961158e+02
1.755964937505534635e+02
1.761713858367972989e+02
1.773225261579900973e+02
1.767275773128408503e+02
1.784204934191860161e+02
1.752662257748704349e+02
1.743353568494585204e+02
1.737542647386906651e+02
1.724472063054260502e+02
1.719380074541920180e+02
1.739052379004793067e+02
1.706085409516342395e+02
1.687619350948186820e+02
1.688858240909626431e+02
1.661623803599723885e+02
1.675015977203160844e+02
1.717817926769965595e+02
1.716075389098368476e+02
1.704425473608015409e+02
1.683422819395176475e+02
1.681297985387680853e+02
1.682237709774553593e+02
1.706734237708764965e+02
1.698049269770957039e+02
1.701938804964084966e+02
1.677428906828242532e+02
1.690388882750483788e+02
1.687490665140075805e+02
1.703401941285430325e+02
1.707445426374056865e+02
1.733569926475788918e+02
1.717361518510396934e+02
1.740086475595512070e+02
1.744627898106382702e+02
1.771492620564750951e+02
1.791241293579274441e+02
1.771084101311892312e+02
1.811760970043381178e+02
1.809012525856697096e+02
1.773903988999489627e+02
1.723789732804573305e+02
1.739324748714670932e+02
1.769122970767317611e+02
1.762346503579155979e+02
1.765245707851401278e+02
1.748929961093431018e+02
1.761502080689845400e+02
1.730904652590247395e+02
1.723171562827897958e+02
1.743664002534192434e+02
1.725075266399452119e+02
1.735610596221329160e+02
1.756315081865564593e+02
1.767934741030496753e+02
1.778237364096915201e+02
1.757260698159594767e+02
1.790468947932362482e+02
1.794272362641471830e+02
1.785998534709763135e+02
1.793497831886654126e+02
1.805798427199806895e+02
1.825547810221794123e+02
1.821534743139897046e+02
1.857045313179897619e+02
1.891780233905392663e+02
1.881837334805615001e+02
1.846825763545015491e+02
1.854468770310494676e+02
1.847257365253945238e+02
1.843445141950641926e+02
1.856375384464760998e+02
1.874991891952814740e+02
1.853545302351362523e+02
1.866511096765607078e+02
1.884749575880205441e+02
1.867640732455402883e+02
1.862417071677013212e+02
1.851902104603700820e+02
1.850644582173286210e+02
1.827541274698660629e+02
1.826117458276480079e+02
1.850090110656483660e+02
1.820917807304787459e+02
1.816682219692494016e+02
1.792944290474020761e+02
1.781742973978388989e+02
1.754564393544119980e+02
1.760077975869974694e+02
1.743182294597956172e+02
1.768740377167038105e+02
1.803957433589208676e+02
1.795437345079105853e+02
1.792638650020887212e+02
1.800147305645695894e+02
1.823393491055082336e+02
1.840550800753323699e+02
1.876720477133241047e+02
1.904811706510873535e+02
1.920238530794179042e+02
1.951385851795198221e+02
1.917194686820696461e+02
1.951297067459467769e+02
1.958237760838624695e+02
1.972810695185760039e+02
1.982318030486718499e+02
1.996698953959745495e+02
1.969899822865597230e+02
1.994401837423652921e+02
1.972832704298920135e+02
1.957341334771858499e+02
1.983095454343276174e+02
1.989503595185763629e+02
1.977854927985964935e+02
1.988994324724288845e+02
1.988867016232399578e+02
1.951744642128122393e+02
1.954121987352786221e+02
1.967031556847431375e+02
1.980322376986571271e+02
1.997631980907859770e+02
1.992600321913663493e+02
1.917682024112739612e+02
1.864717021650355946e+02
1.853753431296794361e+02
1.809504654295388093e+02
1.815765555108659157e+02
1.826786078579322066e+02
1.834052048014500826e+02
1.842244259703833507e+02
1.841371249992827757e+02
1.821941388460780900e+02
1.842720366199657747e+02
1.848545225651044461e+02
1.878717624883509814e+02
1.841519149403832500e+02
1.859206339793331040e+02
1.885775748354467964e+02
1.881342827354827705e+02
1.912878362409895203e+02
1.901217094189233023e+02
1.899318427287058455e+02
1.883512269632490757e+02
1.884673713791135867e+02
1.844242453863350590e+02
1.856194836779624779e+02
1.894344201444531848e+02
1.910363481133526875e+02
1.902752028525437424e+02
1.901520968817668518e+02
1.888768631003091514e+02
1.861625271375661157e+02
1.861843607863391981e+02
1.847565997464316467e+02
1.869501518109963172e+02
1.857127596407425472e+02
1.844141923973730570e+02
1.830293421591171636e+02
1.829601145115724705e+02
1.802942656750699086e+02
1.782848652875765367e+02
1.793636997551993773e+02
1.785165309814766488e+02
1.791077131263066349e+02
1.809528689942169422e+02
1.810546475215431599e+02
1.856225281059425924e+02
1.839000520964990528e+02
1.844850221432025990e+02
1.820694599733693053e+02
1.799678799177972621e+02
1.825700048995679481e+02
1.830299289858226928e+02
1.829960597379225931e+02
1.828863939692390659e+02
1.860101780966961371e+02
1.840763711446535353e+02
1.821184142532748922e+02
1.810493930850308857e+02
1.858279997438498299e+02
1.859336056564851560e+02
1.868674442417807882e+02
1.890751501808365447e+02
1.882912211939830058e+02
1.880326603382274584e+02
1.865414072902690634e+02
1.857844770727150490e+02
1.841963263678385658e+02
1.812768347883494755e+02
1.830454034018054585e+02
1.807354712684154947e+02
1.801233793375152175e+02
1.817183654084017235e+02
1.827428805133324659e+02
1.792571715278924671e+02
1.792663661678992639e+02
1.798578135047028184e+02
