2.037000000000000000e+03
4.094000000000000000e+03
6.125000000000000000e+03
8.136000000000000000e+03
1.020600000000000000e+04
1.227200000000000000e+04
1.431800000000000000e+04
1.635500000000000000e+04
1.836400000000000000e+04
2.042600000000000000e+04
2.247700000000000000e+04
2.457300000000000000e+04
2.653600000000000000e+04
2.866900000000000000e+04
3.071100000000000000e+04
3.276000000000000000e+04
3.475000000000000000e+04
3.685200000000000000e+04
3.882300000000000000e+04
4.084900000000000000e+04
4.300600000000000000e+04
4.493100000000000000e+04
4.701100000000000000e+04
4.902100000000000000e+04
5.115100000000000000e+04
5.321200000000000000e+04
5.511400000000000000e+04
5.726200000000000000e+04
5.932200000000000000e+04
6.123700000000000000e+04
6.345300000000000000e+04
6.544600000000000000e+04
6.747000000000000000e+04
6.948300000000000000e+04
7.162500000000000000e+04
7.355100000000000000e+04
7.575600000000000000e+04
7.778200000000000000e+04
7.976800000000000000e+04
8.180000000000000000e+04
8.369600000000000000e+04
8.596000000000000000e+04
8.794500000000000000e+04
8.982800000000000000e+04
9.196600000000000000e+04
9.411600000000000000e+04
9.622000000000000000e+04
9.825300000000000000e+04
1.000930000000000000e+05
1.023490000000000000e+05
1.041790000000000000e+05
1.064500000000000000e+05
1.083050000000000000e+05
1.105070000000000000e+05
1.124390000000000000e+05
1.145020000000000000e+05
1.164820000000000000e+05
1.187010000000000000e+05
1.205090000000000000e+05
1.228520000000000000e+05
1.248150000000000000e+05
1.267840000000000000e+05
1.289040000000000000e+05
1.310530000000000000e+05
1.331150000000000000e+05
1.349190000000000000e+05
1.371360000000000000e+05
1.390700000000000000e+05
1.412660000000000000e+05
1.432960000000000000e+05
1.453820000000000000e+05
1.471230000000000000e+05
1.492600000000000000e+05
1.513710000000000000e+05
1.534800000000000000e+05
1.554830000000000000e+05
1.574020000000000000e+05
1.595000000000000000e+05
1.616370000000000000e+05
1.636480000000000000e+05
1.656420000000000000e+05
1.678190000000000000e+05
1.699230000000000000e+05
1.720120000000000000e+05
1.737060000000000000e+05
1.758830000000000000e+05
1.778320000000000000e+05
1.798850000000000000e+05
1.820150000000000000e+05
1.839660000000000000e+05
1.863030000000000000e+05
1.881260000000000000e+05
1.903010000000000000e+05
1.920750000000000000e+05
1.943980000000000000e+05
1.965920000000000000e+05
1.985100000000000000e+05
2.006450000000000000e+05
2.026000000000000000e+05
2.047890000000000000e+05
2.066030000000000000e+05
2.088270000000000000e+05
2.108010000000000000e+05
2.128350000000000000e+05
2.147100000000000000e+05
2.168810000000000000e+05
2.190390000000000000e+05
2.211740000000000000e+05
2.230630000000000000e+05
2.249490000000000000e+05
2.269540000000000000e+05
2.293110000000000000e+05
2.311460000000000000e+05
2.334310000000000000e+05
2.354660000000000000e+05
2.375260000000000000e+05
2.394810000000000000e+05
2.416610000000000000e+05
2.433110000000000000e+05
2.457530000000000000e+05
2.473290000000000000e+05
2.497300000000000000e+05
2.514640000000000000e+05
2.537210000000000000e+05
2.559990000000000000e+05
2.577740000000000000e+05
2.598490000000000000e+05
2.617870000000000000e+05
2.641110000000000000e+05
2.661520000000000000e+05
2.678910000000000000e+05
2.702890000000000000e+05
2.723600000000000000e+05
2.744250000000000000e+05
2.762340000000000000e+05
2.784540000000000000e+05
2.802390000000000000e+05
2.821570000000000000e+05
2.844700000000000000e+05
2.865010000000000000e+05
2.887620000000000000e+05
2.905750000000000000e+05
2.925190000000000000e+05
2.947020000000000000e+05
2.964730000000000000e+05
2.989640000000000000e+05
3.008700000000000000e+05
3.026890000000000000e+05
3.051110000000000000e+05
3.070590000000000000e+05
3.089120000000000000e+05
3.112500000000000000e+05
3.127750000000000000e+05
3.150970000000000000e+05
3.170390000000000000e+05
3.194830000000000000e+05
3.211670000000000000e+05
3.234020000000000000e+05
3.253220000000000000e+05
3.274350000000000000e+05
3.293350000000000000e+05
3.317280000000000000e+05
3.337890000000000000e+05
3.358230000000000000e+05
3.378620000000000000e+05
3.395600000000000000e+05
3.418030000000000000e+05
3.433150000000000000e+05
3.453150000000000000e+05
3.479210000000000000e+05
3.501580000000000000e+05
3.518760000000000000e+05
3.534220000000000000e+05
3.561680000000000000e+05
3.583600000000000000e+05
3.603600000000000000e+05
3.616320000000000000e+05
3.636320000000000000e+05
3.663130000000000000e+05
3.685760000000000000e+05
3.699150000000000000e+05
3.722700000000000000e+05
3.742700000000000000e+05
3.767120000000000000e+05
3.788090000000000000e+05
3.801890000000000000e+05
3.827060000000000000e+05
3.848730000000000000e+05
3.866860000000000000e+05
3.888590000000000000e+05
3.911320000000000000e+05
3.926610000000000000e+05
3.952250000000000000e+05
3.967500000000000000e+05
3.985270000000000000e+05
4.005220000000000000e+05
4.032830000000000000e+05
4.045070000000000000e+05
4.069230000000000000e+05
4.090570000000000000e+05
4.106960000000000000e+05
4.130340000000000000e+05
4.148900000000000000e+05
4.168840000000000000e+05
4.196280000000000000e+05
4.216720000000000000e+05
4.239030000000000000e+05
4.256830000000000000e+05
4.276530000000000000e+05
4.297780000000000000e+05
4.316010000000000000e+05
4.341580000000000000e+05
4.354730000000000000e+05
4.380330000000000000e+05
4.402830000000000000e+05
4.416370000000000000e+05
4.435930000000000000e+05
4.464610000000000000e+05
4.480760000000000000e+05
4.503880000000000000e+05
4.525780000000000000e+05
4.543340000000000000e+05
4.558110000000000000e+05
4.579920000000000000e+05
4.607100000000000000e+05
4.619000000000000000e+05
4.639000000000000000e+05
4.669000000000000000e+05
4.689000000000000000e+05
4.704990000000000000e+05
4.730580000000000000e+05
4.750580000000000000e+05
4.769100000000000000e+05
4.785330000000000000e+05
4.812480000000000000e+05
4.832480000000000000e+05
4.846040000000000000e+05
4.868400000000000000e+05
4.884830000000000000e+05
4.913660000000000000e+05
4.933660000000000000e+05
4.949710000000000000e+05
4.970690000000000000e+05
4.995250000000000000e+05
5.015360000000000000e+05
5.032540000000000000e+05
5.056520000000000000e+05
5.077240000000000000e+05
5.090280000000000000e+05
5.110280000000000000e+05
5.138490000000000000e+05
5.154750000000000000e+05
5.179600000000000000e+05
5.199600000000000000e+05
5.218050000000000000e+05
5.237110000000000000e+05
5.262840000000000000e+05
5.282100000000000000e+05
5.296340000000000000e+05
5.316340000000000000e+05
5.338170000000000000e+05
5.363820000000000000e+05
5.383820000000000000e+05
5.401960000000000000e+05
5.421960000000000000e+05
5.441430000000000000e+05
5.461430000000000000e+05
5.481430000000000000e+05
5.503900000000000000e+05
5.529600000000000000e+05
5.549600000000000000e+05
5.569090000000000000e+05
5.589090000000000000e+05
5.605130000000000000e+05
5.625130000000000000e+05
5.650520000000000000e+05
5.665980000000000000e+05
5.684520000000000000e+05
5.713920000000000000e+05
5.725920000000000000e+05
5.745920000000000000e+05
5.765920000000000000e+05
5.785920000000000000e+05
5.815050000000000000e+05
5.834760000000000000e+05
5.855150000000000000e+05
5.874240000000000000e+05
5.898130000000000000e+05
5.913630000000000000e+05
5.933820000000000000e+05
5.950510000000000000e+05
5.979980000000000000e+05
5.999680000000000000e+05
6.020410000000000000e+05
6.036550000000000000e+05
6.060430000000000000e+05
6.080180000000000000e+05
6.102660000000000000e+05
6.121460000000000000e+05
6.139160000000000000e+05
6.162980000000000000e+05
6.176000000000000000e+05
6.202710000000000000e+05
6.224730000000000000e+05
6.243630000000000000e+05
6.265870000000000000e+05
6.286520000000000000e+05
6.305300000000000000e+05
6.324120000000000000e+05
6.340360000000000000e+05
6.369250000000000000e+05
6.388820000000000000e+05
6.407900000000000000e+05
6.423350000000000000e+05
6.449240000000000000e+05
6.469140000000000000e+05
6.491470000000000000e+05
6.509140000000000000e+05
6.531340000000000000e+05
6.547460000000000000e+05
6.570010000000000000e+05
6.590700000000000000e+05
6.611340000000000000e+05
6.633420000000000000e+05
6.652880000000000000e+05
6.672690000000000000e+05
6.696470000000000000e+05
6.713240000000000000e+05
6.737130000000000000e+05
6.756590000000000000e+05
6.777610000000000000e+05
6.796520000000000000e+05
6.818850000000000000e+05
6.839690000000000000e+05
6.852490000000000000e+05
6.878160000000000000e+05
6.891860000000000000e+05
6.922030000000000000e+05
6.936440000000000000e+05
6.958510000000000000e+05
6.981680000000000000e+05
7.000910000000000000e+05
7.023870000000000000e+05
7.039600000000000000e+05
7.062890000000000000e+05
7.083710000000000000e+05
7.106240000000000000e+05
7.122780000000000000e+05
7.139280000000000000e+05
7.162350000000000000e+05
7.182070000000000000e+05
7.207400000000000000e+05
7.219530000000000000e+05
7.249610000000000000e+05
7.269660000000000000e+05
7.289290000000000000e+05
7.307660000000000000e+05
7.331370000000000000e+05
7.347740000000000000e+05
7.372660000000000000e+05
7.392100000000000000e+05
7.409340000000000000e+05
7.433710000000000000e+05
7.454410000000000000e+05
7.467390000000000000e+05
7.493460000000000000e+05
7.511580000000000000e+05
7.531210000000000000e+05
7.552540000000000000e+05
7.574190000000000000e+05
7.588630000000000000e+05
7.608630000000000000e+05
7.634640000000000000e+05
7.658470000000000000e+05
7.674340000000000000e+05
7.693380000000000000e+05
7.720710000000000000e+05
7.732490000000000000e+05
7.753940000000000000e+05
7.782050000000000000e+05
7.796940000000000000e+05
7.822390000000000000e+05
7.840230000000000000e+05
7.856240000000000000e+05
7.884540000000000000e+05
7.904540000000000000e+05
7.924540000000000000e+05
7.944690000000000000e+05
7.966130000000000000e+05
7.982920000000000000e+05
8.006760000000000000e+05
8.024190000000000000e+05
8.044190000000000000e+05
8.062110000000000000e+05
8.089000000000000000e+05
8.109000000000000000e+05
8.124750000000000000e+05
8.144750000000000000e+05
8.171230000000000000e+05
8.188590000000000000e+05
8.208590000000000000e+05
8.228320000000000000e+05
8.243870000000000000e+05
8.273700000000000000e+05
8.291590000000000000e+05
8.311590000000000000e+05
8.331590000000000000e+05
8.351590000000000000e+05
8.374230000000000000e+05
8.394990000000000000e+05
8.413970000000000000e+05
8.435870000000000000e+05
8.456110000000000000e+05
8.473330000000000000e+05
8.493330000000000000e+05
8.510050000000000000e+05
8.536730000000000000e+05
8.556190000000000000e+05
8.578070000000000000e+05
8.597190000000000000e+05
8.617190000000000000e+05
8.637340000000000000e+05
8.656450000000000000e+05
8.682120000000000000e+05
8.703410000000000000e+05
8.723410000000000000e+05
8.736540000000000000e+05
8.758140000000000000e+05
8.785050000000000000e+05
8.798700000000000000e+05
8.825530000000000000e+05
8.845530000000000000e+05
8.867330000000000000e+05
8.883990000000000000e+05
8.903630000000000000e+05
8.925770000000000000e+05
8.946520000000000000e+05
8.966320000000000000e+05
8.985980000000000000e+05
9.010670000000000000e+05
9.026500000000000000e+05
9.051330000000000000e+05
9.068990000000000000e+05
9.085660000000000000e+05
9.112070000000000000e+05
9.129530000000000000e+05
9.153940000000000000e+05
9.170290000000000000e+05
9.192480000000000000e+05
9.210790000000000000e+05
9.233290000000000000e+05
9.250530000000000000e+05
9.277040000000000000e+05
9.293700000000000000e+05
9.317640000000000000e+05
9.337800000000000000e+05
9.354820000000000000e+05
9.379490000000000000e+05
9.395860000000000000e+05
9.417490000000000000e+05
9.441280000000000000e+05
9.460590000000000000e+05
9.477880000000000000e+05
9.502260000000000000e+05
9.517880000000000000e+05
9.543310000000000000e+05
9.561650000000000000e+05
9.577440000000000000e+05
9.599320000000000000e+05
9.619320000000000000e+05
9.640500000000000000e+05
9.659920000000000000e+05
9.683850000000000000e+05
9.703850000000000000e+05
9.722220000000000000e+05
9.741870000000000000e+05
9.764310000000000000e+05
9.785410000000000000e+05
9.805410000000000000e+05
9.823530000000000000e+05
9.848560000000000000e+05
9.869080000000000000e+05
9.886750000000000000e+05
9.909230000000000000e+05
9.923650000000000000e+05
9.951970000000000000e+05
9.968490000000000000e+05
9.993750000000000000e+05
1.000973000000000000e+06
1.002587000000000000e+06
1.005446000000000000e+06
1.007607000000000000e+06
1.009468000000000000e+06
1.011486000000000000e+06
1.013670000000000000e+06
1.015176000000000000e+06
1.017261000000000000e+06
1.019677000000000000e+06
1.021643000000000000e+06
1.023430000000000000e+06
1.025780000000000000e+06
1.027643000000000000e+06
1.029906000000000000e+06
1.032077000000000000e+06
1.033973000000000000e+06
1.036096000000000000e+06
1.038224000000000000e+06
1.040147000000000000e+06
1.042370000000000000e+06
1.043615000000000000e+06
1.045537000000000000e+06
1.048028000000000000e+06
1.050081000000000000e+06
1.052239000000000000e+06
1.053855000000000000e+06
1.055855000000000000e+06
1.057855000000000000e+06
1.060851000000000000e+06
1.062387000000000000e+06
1.064639000000000000e+06
1.066639000000000000e+06
1.068841000000000000e+06
1.070920000000000000e+06
1.072921000000000000e+06
1.074605000000000000e+06
1.077061000000000000e+06
1.079219000000000000e+06
1.080933000000000000e+06
1.083272000000000000e+06
1.085283000000000000e+06
1.087160000000000000e+06
1.089075000000000000e+06
1.091504000000000000e+06
1.093011000000000000e+06
1.095532000000000000e+06
1.097493000000000000e+06
1.099493000000000000e+06
1.101493000000000000e+06
1.102908000000000000e+06
1.105489000000000000e+06
1.107489000000000000e+06
1.109489000000000000e+06
1.111713000000000000e+06
1.113502000000000000e+06
1.115502000000000000e+06
1.118114000000000000e+06
1.119959000000000000e+06
1.121767000000000000e+06
1.124314000000000000e+06
1.125543000000000000e+06
1.127993000000000000e+06
1.130088000000000000e+06
1.132088000000000000e+06
1.134021000000000000e+06
1.135809000000000000e+06
1.137809000000000000e+06
1.140488000000000000e+06
1.142747000000000000e+06
1.144488000000000000e+06
1.146291000000000000e+06
1.148179000000000000e+06
1.150173000000000000e+06
1.152173000000000000e+06
1.154344000000000000e+06
1.156744000000000000e+06
1.158955000000000000e+06
1.160782000000000000e+06
1.163052000000000000e+06
1.164917000000000000e+06
1.166981000000000000e+06
1.168838000000000000e+06
1.171039000000000000e+06
1.172928000000000000e+06
1.175453000000000000e+06
1.176847000000000000e+06
1.178750000000000000e+06
1.181193000000000000e+06
1.183213000000000000e+06
1.185308000000000000e+06
1.187598000000000000e+06
1.189529000000000000e+06
1.191833000000000000e+06
1.193955000000000000e+06
1.195764000000000000e+06
1.197306000000000000e+06
1.199615000000000000e+06
1.201261000000000000e+06
1.204031000000000000e+06
1.205850000000000000e+06
1.207981000000000000e+06
1.210054000000000000e+06
1.211811000000000000e+06
1.214353000000000000e+06
1.216488000000000000e+06
1.218484000000000000e+06
1.220542000000000000e+06
1.222372000000000000e+06
1.223756000000000000e+06
1.226673000000000000e+06
1.228445000000000000e+06
1.230152000000000000e+06
1.232712000000000000e+06
1.234420000000000000e+06
1.236420000000000000e+06
1.238543000000000000e+06
1.240340000000000000e+06
1.243079000000000000e+06
1.244750000000000000e+06
1.246941000000000000e+06
1.249144000000000000e+06
1.251144000000000000e+06
1.252492000000000000e+06
1.255238000000000000e+06
1.256859000000000000e+06
1.259361000000000000e+06
1.261382000000000000e+06
1.263099000000000000e+06
1.265040000000000000e+06
1.266943000000000000e+06
1.268926000000000000e+06
1.271643000000000000e+06
1.273625000000000000e+06
1.275411000000000000e+06
1.277265000000000000e+06
1.279770000000000000e+06
1.281984000000000000e+06
1.283990000000000000e+06
1.285800000000000000e+06
1.287304000000000000e+06
1.289894000000000000e+06
1.292191000000000000e+06
1.293732000000000000e+06
1.295732000000000000e+06
1.298420000000000000e+06
1.299948000000000000e+06
1.302520000000000000e+06
1.304246000000000000e+06
1.305913000000000000e+06
1.307758000000000000e+06
1.310501000000000000e+06
1.311830000000000000e+06
1.314119000000000000e+06
1.315949000000000000e+06
1.318347000000000000e+06
1.319991000000000000e+06
1.322991000000000000e+06
1.325052000000000000e+06
1.326821000000000000e+06
1.329116000000000000e+06
1.331057000000000000e+06
1.333048000000000000e+06
1.335012000000000000e+06
1.336999000000000000e+06
1.339308000000000000e+06
1.341308000000000000e+06
1.342976000000000000e+06
1.344757000000000000e+06
1.346697000000000000e+06
1.349538000000000000e+06
1.351262000000000000e+06
1.353675000000000000e+06
1.355593000000000000e+06
1.356882000000000000e+06
1.359257000000000000e+06
1.361833000000000000e+06
1.363869000000000000e+06
1.365869000000000000e+06
1.367321000000000000e+06
1.369858000000000000e+06
1.371192000000000000e+06
1.373468000000000000e+06
1.375381000000000000e+06
1.377396000000000000e+06
1.380250000000000000e+06
1.381868000000000000e+06
1.383691000000000000e+06
1.385691000000000000e+06
1.387655000000000000e+06
1.390092000000000000e+06
1.392581000000000000e+06
1.394359000000000000e+06
1.396722000000000000e+06
1.398722000000000000e+06
1.400806000000000000e+06
1.402576000000000000e+06
1.404523000000000000e+06
1.406962000000000000e+06
1.408573000000000000e+06
1.410983000000000000e+06
1.412518000000000000e+06
1.414970000000000000e+06
1.416854000000000000e+06
1.419084000000000000e+06
1.420332000000000000e+06
1.423332000000000000e+06
1.425200000000000000e+06
1.427148000000000000e+06
1.428969000000000000e+06
1.430997000000000000e+06
1.432699000000000000e+06
1.434699000000000000e+06
1.437669000000000000e+06
1.438912000000000000e+06
1.441263000000000000e+06
1.443772000000000000e+06
1.445583000000000000e+06
1.447742000000000000e+06
1.449864000000000000e+06
1.451643000000000000e+06
1.453643000000000000e+06
1.455643000000000000e+06
1.458034000000000000e+06
1.459293000000000000e+06
1.462100000000000000e+06
1.463794000000000000e+06
1.465794000000000000e+06
1.467794000000000000e+06
1.469881000000000000e+06
1.472304000000000000e+06
1.473637000000000000e+06
1.476445000000000000e+06
1.478348000000000000e+06
1.480326000000000000e+06
1.481830000000000000e+06
1.484101000000000000e+06
1.486734000000000000e+06
1.488090000000000000e+06
1.490465000000000000e+06
1.492465000000000000e+06
1.494332000000000000e+06
1.496824000000000000e+06
1.499041000000000000e+06
1.501041000000000000e+06
1.502804000000000000e+06
1.505226000000000000e+06
1.506469000000000000e+06
1.509106000000000000e+06
1.511057000000000000e+06
1.512618000000000000e+06
1.515107000000000000e+06
1.517107000000000000e+06
1.519071000000000000e+06
1.521435000000000000e+06
1.523020000000000000e+06
1.525616000000000000e+06
1.527077000000000000e+06
1.529324000000000000e+06
1.531324000000000000e+06
1.533324000000000000e+06
1.535064000000000000e+06
1.538028000000000000e+06
1.540003000000000000e+06
1.541247000000000000e+06
1.544123000000000000e+06
1.545998000000000000e+06
1.547374000000000000e+06
1.550267000000000000e+06
1.551825000000000000e+06
1.554386000000000000e+06
1.555571000000000000e+06
1.558325000000000000e+06
1.560025000000000000e+06
1.562025000000000000e+06
1.564348000000000000e+06
1.566472000000000000e+06
1.568472000000000000e+06
1.570567000000000000e+06
1.572288000000000000e+06
1.574676000000000000e+06
1.576052000000000000e+06
1.578794000000000000e+06
1.580824000000000000e+06
1.582824000000000000e+06
1.584493000000000000e+06
1.586921000000000000e+06
1.588327000000000000e+06
1.591043000000000000e+06
1.592652000000000000e+06
1.595298000000000000e+06
1.597298000000000000e+06
1.598835000000000000e+06
1.600825000000000000e+06
1.603517000000000000e+06
1.604690000000000000e+06
1.606918000000000000e+06
1.608918000000000000e+06
1.611319000000000000e+06
1.613319000000000000e+06
1.615602000000000000e+06
1.617470000000000000e+06
1.619447000000000000e+06
1.621164000000000000e+06
1.623905000000000000e+06
1.625684000000000000e+06
1.627684000000000000e+06
1.629869000000000000e+06
1.632064000000000000e+06
1.634104000000000000e+06
1.635696000000000000e+06
1.637818000000000000e+06
1.640084000000000000e+06
1.641606000000000000e+06
1.643552000000000000e+06
1.646335000000000000e+06
1.648200000000000000e+06
1.650015000000000000e+06
1.652651000000000000e+06
1.654594000000000000e+06
1.656604000000000000e+06
1.658658000000000000e+06
1.660620000000000000e+06
1.662620000000000000e+06
1.664995000000000000e+06
1.666777000000000000e+06
1.668777000000000000e+06
1.670696000000000000e+06
1.672987000000000000e+06
1.674858000000000000e+06
1.676786000000000000e+06
1.679297000000000000e+06
1.681267000000000000e+06
1.682932000000000000e+06
1.684612000000000000e+06
1.686612000000000000e+06
1.688903000000000000e+06
1.691611000000000000e+06
1.692771000000000000e+06
1.695457000000000000e+06
1.697108000000000000e+06
1.699320000000000000e+06
1.701820000000000000e+06
1.703727000000000000e+06
1.705839000000000000e+06
1.707344000000000000e+06
1.709744000000000000e+06
1.712104000000000000e+06
1.713820000000000000e+06
1.716127000000000000e+06
1.718030000000000000e+06
1.719886000000000000e+06
1.721950000000000000e+06
1.724261000000000000e+06
1.725789000000000000e+06
1.728329000000000000e+06
1.730113000000000000e+06
1.731939000000000000e+06
1.734308000000000000e+06
1.736398000000000000e+06
1.738469000000000000e+06
1.739886000000000000e+06
1.742337000000000000e+06
1.744135000000000000e+06
1.746940000000000000e+06
1.748327000000000000e+06
1.750727000000000000e+06
1.752338000000000000e+06
1.754704000000000000e+06
1.756777000000000000e+06
1.758269000000000000e+06
1.761237000000000000e+06
1.763106000000000000e+06
1.765230000000000000e+06
1.767230000000000000e+06
1.768703000000000000e+06
1.770703000000000000e+06
1.773490000000000000e+06
1.775192000000000000e+06
1.777257000000000000e+06
1.778944000000000000e+06
1.781738000000000000e+06
1.783355000000000000e+06
1.785082000000000000e+06
1.787783000000000000e+06
1.789799000000000000e+06
1.791976000000000000e+06
1.793848000000000000e+06
1.795443000000000000e+06
1.797960000000000000e+06
1.799776000000000000e+06
1.801709000000000000e+06
1.803709000000000000e+06
1.805825000000000000e+06
1.807825000000000000e+06
1.810207000000000000e+06
1.812463000000000000e+06
1.814219000000000000e+06
1.816287000000000000e+06
1.818241000000000000e+06
1.820396000000000000e+06
1.822386000000000000e+06
1.824614000000000000e+06
1.826352000000000000e+06
1.828411000000000000e+06
1.830205000000000000e+06
1.832762000000000000e+06
1.834234000000000000e+06
1.836533000000000000e+06
1.838202000000000000e+06
1.841035000000000000e+06
1.843083000000000000e+06
1.844848000000000000e+06
1.847138000000000000e+06
1.849315000000000000e+06
1.851363000000000000e+06
1.852870000000000000e+06
1.854847000000000000e+06
1.856916000000000000e+06
1.859075000000000000e+06
1.861333000000000000e+06
1.862682000000000000e+06
1.865366000000000000e+06
1.867400000000000000e+06
1.869715000000000000e+06
1.871595000000000000e+06
1.873595000000000000e+06
1.875768000000000000e+06
1.877746000000000000e+06
1.879842000000000000e+06
1.881732000000000000e+06
1.883280000000000000e+06
1.885814000000000000e+06
1.888077000000000000e+06
1.890144000000000000e+06
1.892192000000000000e+06
1.894125000000000000e+06
1.895928000000000000e+06
1.897764000000000000e+06
1.900340000000000000e+06
1.901990000000000000e+06
1.903987000000000000e+06
1.906687000000000000e+06
1.908251000000000000e+06
1.910528000000000000e+06
1.912286000000000000e+06
1.914146000000000000e+06
1.916621000000000000e+06
1.918321000000000000e+06
1.920484000000000000e+06
1.922484000000000000e+06
1.924686000000000000e+06
1.926818000000000000e+06
1.928745000000000000e+06
1.931194000000000000e+06
1.932809000000000000e+06
1.935353000000000000e+06
1.936735000000000000e+06
1.939197000000000000e+06
1.940605000000000000e+06
1.943540000000000000e+06
1.945201000000000000e+06
1.947331000000000000e+06
1.949521000000000000e+06
1.951633000000000000e+06
1.953513000000000000e+06
1.955357000000000000e+06
1.957643000000000000e+06
1.959820000000000000e+06
1.961820000000000000e+06
1.963816000000000000e+06
1.965872000000000000e+06
1.967736000000000000e+06
1.969310000000000000e+06
1.972110000000000000e+06
1.974110000000000000e+06
1.976189000000000000e+06
1.977997000000000000e+06
1.979649000000000000e+06
1.982056000000000000e+06
1.983839000000000000e+06
1.986248000000000000e+06
1.988527000000000000e+06
1.990416000000000000e+06
1.992416000000000000e+06
1.994323000000000000e+06
1.996397000000000000e+06
1.998495000000000000e+06
2.000841000000000000e+06
