3.147264806379534093e+03
2.789297247215700281e+03
2.748784876532149156e+03
3.274481234435600072e+03
3.162834994326290143e+03
2.982189317442957872e+03
2.616781538247526896e+03
3.015573789433135516e+03
3.166270001259209494e+03
3.084872326723899278e+03
2.967187112896896906e+03
2.506536420849158731e+03
2.793315879717091775e+03
2.956345782866286754e+03
3.105066907172949414e+03
2.926048000578173287e+03
2.835220027697650949e+03
3.106256274290330566e+03
3.208008029048318349e+03
3.111622923837933740e+03
3.117300119982201977e+03
2.809321328236123009e+03
2.946984013165605120e+03
3.262188137644420749e+03
3.153311271880376353e+03
3.270766971191003449e+03
2.808932995247450435e+03
3.141151892252734797e+03
3.482255886020911021e+03
2.744309086332736570e+03
2.655020453747795727e+03
3.183413631932344288e+03
2.819194014995971429e+03
2.952756983810964812e+03
3.171660461144505916e+03
3.235204705655773978e+03
3.231192644375637428e+03
2.820377638671307523e+03
3.137305585645233805e+03
3.134268897832137100e+03
3.004792905866050660e+03
3.298256357169187595e+03
2.944017707393054479e+03
3.345606563855830700e+03
2.603643129497292648e+03
3.109014147107406188e+03
3.037445988413610849e+03
2.790854868710844130e+03
3.134228471605124469e+03
2.297251152353534508e+03
3.111188698498044687e+03
3.147087205169780646e+03
3.145286626445058118e+03
3.149321853115429803e+03
3.299873933031167780e+03
3.006973391662607810e+03
3.279681697968407207e+03
2.982344552221697541e+03
2.609441600622419173e+03
2.990951525978466179e+03
2.984280013951242836e+03
3.325054963493656487e+03
2.833008968341358923e+03
2.970432741953601180e+03
3.076934929850519893e+03
3.488389978738644913e+03
3.149830184077924969e+03
3.334071295901479061e+03
3.376468867666680126e+03
2.962813911615819052e+03
3.293639199509788796e+03
3.001223555350381503e+03
2.840233200873817623e+03
2.730178106484504497e+03
3.307109246158144288e+03
2.969109466777017133e+03
2.968759404406133399e+03
2.998124922479975339e+03
2.416436264450349427e+03
3.356776823699515262e+03
3.027163431268836575e+03
2.965434000784926866e+03
2.534319870426067610e+03
3.189857569050276652e+03
3.021333439430092312e+03
3.047009014657925036e+03
3.112236451986385418e+03
3.275419323552662718e+03
3.016916376608762221e+03
3.304470784234939401e+03
3.130271960815464809e+03
3.105478260369376130e+03
3.095878943187351069e+03
2.842215007490030530e+03
3.293180254512974443e+03
2.783528486561192040e+03
2.567549790795363606e+03
3.311625967518335528e+03
3.149447094445978564e+03
3.031576366978260012e+03
3.485663462061374503e+03
3.266740489486416664e+03
2.661999202170234184e+03
2.658599225888298861e+03
3.475057948504028900e+03
3.073866242678310300e+03
2.842629502769882492e+03
2.981716196152493467e+03
3.081850025517788254e+03
2.960125904199931938e+03
3.023163825984506730e+03
2.950825289285327926e+03
2.808816842705433373e+03
2.646575932095806365e+03
2.530109066552507102e+03
3.149124261084458340e+03
2.645676845511030933e+03
3.026245209379280823e+03
3.140471815503266498e+03
2.610105774343823214e+03
3.279152908338669022e+03
2.782854161167776965e+03
3.005677444627935529e+03
2.859519666472738209e+03
3.119741941536231025e+03
2.962686602522579960e+03
3.364801882460465094e+03
2.519823195736114940e+03
2.754646088201591738e+03
3.458112421548953535e+03
3.283732245246234470e+03
3.120990357745343772e+03
3.139784128306080220e+03
3.176583717454469479e+03
3.162726669148020846e+03
3.145945108339134094e+03
3.181189992862502095e+03
2.920242556666187738e+03
3.007074616774673814e+03
3.160990831463402174e+03
2.580153754778175880e+03
3.308735338247401614e+03
3.091397414709781515e+03
2.807439391702757348e+03
2.581535264297478534e+03
3.284317937651538614e+03
2.968194475253687415e+03
3.315452460783928927e+03
3.300866750899104318e+03
3.124298304191174793e+03
3.108377838271640940e+03
3.028242174794298080e+03
3.084022990523956651e+03
2.767224208818310672e+03
3.321200041844474072e+03
2.823988222045872590e+03
3.325395870242974979e+03
2.966021343514023556e+03
2.658570388833520155e+03
2.451134465476748119e+03
3.169730889810913141e+03
2.912815355783067844e+03
3.024171680075942277e+03
2.806881867251413041e+03
3.138031452752709356e+03
3.033311403442726260e+03
3.099554002960984690e+03
2.923339138512174941e+03
2.627285933378899244e+03
3.089357275205679798e+03
3.179923000552272242e+03
3.002778666006812273e+03
2.796016120592685638e+03
3.132588862362480540e+03
2.976981534367863333e+03
3.344340556680625014e+03
3.117978582421750616e+03
3.132574303347410932e+03
3.132751753872358677e+03
3.174779700562236485e+03
3.035174240922114222e+03
3.043204923623173727e+03
2.984105694082519676e+03
3.133859619315278451e+03
3.328762024929938434e+03
3.169637854329563197e+03
3.480329108039186394e+03
2.842250001301475550e+03
3.234923811281497365e+03
3.112966268710921213e+03
3.170099347154630323e+03
2.831138369274925026e+03
2.805001547545876292e+03
3.119489425365140960e+03
2.926710169221112210e+03
2.798669150743771297e+03
2.985654424366648982e+03
2.713065629529334274e+03
3.289844023713303613e+03
2.976942741144130196e+03
