1.312670175365538583e+01
1.990544367773222945e+01
3.480483008816489132e+01
5.693348226106972021e+01
8.146887092586538870e+01
1.073204556142220696e+02
1.286633814695152296e+02
1.491117915330981418e+02
1.662783913416295434e+02
1.793021052009619325e+02
1.892289567049434140e+02
1.923324725792823244e+02
1.941672680842190175e+02
1.925175240870345021e+02
1.924628475223382793e+02
1.985140245570462980e+02
1.992078942363612839e+02
2.004921118380251528e+02
2.030230001709869896e+02
2.078546009485864374e+02
2.090715616228257545e+02
2.142385269789779443e+02
2.193994791072848614e+02
2.255465756198993859e+02
2.345424698534527579e+02
2.422130686334327834e+02
2.475991290035749159e+02
2.552091055522919589e+02
2.555362758528239624e+02
2.571782534075277340e+02
2.626346834468415636e+02
2.673137943492314434e+02
2.714045609761905666e+02
2.758449466944244932e+02
2.835892651428555382e+02
2.900003203551373190e+02
2.927195204550608310e+02
2.983163881919196001e+02
3.006053276384284914e+02
3.042049889829983158e+02
3.063053656748824665e+02
3.112007790864380468e+02
3.139501050616131010e+02
3.181373799462382408e+02
3.208408445979467842e+02
3.195736725031746914e+02
3.212199415774586555e+02
3.211893969671510831e+02
3.246887135102629145e+02
3.250737534612123341e+02
3.274051275360081945e+02
3.343997211341978186e+02
3.390164252448437310e+02
3.443493513786381186e+02
3.477623981007924954e+02
3.495234354669100298e+02
3.535126237594791974e+02
3.547252198731844146e+02
3.561752640761689008e+02
3.534335887884393514e+02
3.535313199382241010e+02
3.546555230297334447e+02
3.569846338625661133e+02
3.592287319476150174e+02
3.593146976371496066e+02
3.644228186807353609e+02
3.707272200677925298e+02
3.711745493744533633e+02
3.749721387998233126e+02
3.768429200719211849e+02
3.787303004832160696e+02
3.822897538810263995e+02
3.846568652333883165e+02
3.934416573993876227e+02
3.983911731613534926e+02
4.000703665807468496e+02
4.060404336450624214e+02
4.088308805883693822e+02
4.127880579078046708e+02
4.168726600263232172e+02
4.152151721558209374e+02
4.155934973243456625e+02
4.188028455619513011e+02
4.183822036066041505e+02
4.211555491606304713e+02
4.235152343531096335e+02
4.215859135136668669e+02
4.250316821022630052e+02
4.305634044619505403e+02
4.277376079038269268e+02
4.334976090039347127e+02
4.362707505250397162e+02
4.398251275736186585e+02
4.405840411931447989e+02
4.411714524160514088e+02
4.392213717912690640e+02
4.402315296604205628e+02
4.428219705433938316e+02
4.382950677212512574e+02
4.396637557031946812e+02
4.408828747425370693e+02
4.436634029545591602e+02
4.455692930929409954e+02
4.437566312038172214e+02
4.427771526437343823e+02
4.446290386914648138e+02
4.473024242379547672e+02
4.447537480793346845e+02
4.492218516653118172e+02
4.503425631273345289e+02
4.538564701047825451e+02
4.582198672614069892e+02
4.654443551531206822e+02
4.648042262320702207e+02
4.717465778544997761e+02
4.701022084908101419e+02
4.715943599539834281e+02
4.715399846964157859e+02
4.705832246766585740e+02
4.689251526699893020e+02
4.690575801502935747e+02
4.645948982495636983e+02
4.635801164022751664e+02
4.634091029219808320e+02
4.681247109295029531e+02
4.651440433387973599e+02
4.673804286400988985e+02
4.679390468692258764e+02
4.708511789879197522e+02
4.756553659885643128e+02
4.733145623357052045e+02
4.739818665443885948e+02
4.733469085928736604e+02
4.749279169132103107e+02
4.788269066284431119e+02
4.865580799334975950e+02
4.855750357620325417e+02
4.928447800723109822e+02
4.994809970168558380e+02
5.037255482840317313e+02
5.097154407771751607e+02
5.165688695459157316e+02
5.231860653436134498e+02
5.262157096915228749e+02
5.354712143873771311e+02
5.375839849310518730e+02
5.428581097713903318e+02
5.438007238616789891e+02
5.446175070468980266e+02
5.469837721193873676e+02
5.478265005489633950e+02
5.471106605841104056e+02
5.518173907995028458e+02
5.474323066375262670e+02
5.433075695126123037e+02
5.468751298607483022e+02
5.467995374628688978e+02
5.515068698725420973e+02
5.524967020004210099e+02
5.525579525217864330e+02
5.580048766106307312e+02
5.539017666485526661e+02
5.575209637063514947e+02
5.597252453427147429e+02
5.563269722501266870e+02
5.567713777023154762e+02
5.569543628024405280e+02
5.509081098299870973e+02
5.524336558600692797e+02
5.495898445936563803e+02
5.505431812528655655e+02
5.518990028993275700e+02
5.571350775597661595e+02
5.597851159135010448e+02
5.619843363903959244e+02
5.670841765377341517e+02
5.728344056367429857e+02
5.705767511339671501e+02
5.743643536343085998e+02
5.752173501225812515e+02
5.752639681376425642e+02
5.742452455963814373e+02
5.727075451489021134e+02
5.700903907598295746e+02
5.751454363858872512e+02
5.724551117472676651e+02
5.764450268812079230e+02
5.799919986551224156e+02
5.847522738198350680e+02
5.890350942923870434e+02
5.902654781908823907e+02
5.933349228364235159e+02
5.942502684426548285e+02
5.923322229798151284e+02
5.909138143260751121e+02
5.885473034215915504e+02
5.874613715402641674e+02
5.844897044836263831e+02
5.801598903256737003e+02
5.796971622406218785e+02
5.813396935488850659e+02
5.862904122908879572e+02
5.869445278690299119e+02
5.924264294629409733e+02
5.973607780744780484e+02
6.007628818260700427e+02
6.033947773280782485e+02
6.023763662085599435e+02
6.057586888506564264e+02
6.043178035146684124e+02
6.039304366725946238e+02
6.068448821077029152e+02
6.096370186370687634e+02
6.105997852868472364e+02
6.155029739625506409e+02
6.169482131383591650e+02
6.221996976362465830e+02
6.314125668869208994e+02
6.357844657893552949e+02
6.432906705482341749e+02
6.550853171573639884e+02
6.586261729139920362e+02
6.644399092892995213e+02
6.683773757867041923e+02
6.708222190790904733e+02
6.738039028369544212e+02
6.765958732760846033e+02
6.823766115816985121e+02
6.835716339463866689e+02
6.869361760608952636e+02
6.889866423758520568e+02
6.926894432995792386e+02
6.924680374964361818e+02
6.974095429563062680e+02
6.991022187379464867e+02
7.083795923748501764e+02
7.087416023666545470e+02
7.092284726356215288e+02
7.060266312675988729e+02
7.071140053225045676e+02
7.068342507215238584e+02
7.075398113581015878e+02
7.101782538124097073e+02
7.159891684471086819e+02
7.195388468964206368e+02
7.258724957681671413e+02
7.326986858917265408e+02
7.385138635963571687e+02
7.439259560507729248e+02
7.545010683558556366e+02
7.650711681199094301e+02
7.745571278136379760e+02
7.835377987030439044e+02
7.914572540222444559e+02
7.985098254256762402e+02
8.056811006253169580e+02
8.088551832048925689e+02
8.143175803982703655e+02
8.185939965051890113e+02
8.270424378021371012e+02
8.339641779222221203e+02
8.407108745525225686e+02
8.477892734450107355e+02
8.520926111101191509e+02
8.548646886943924983e+02
8.609748524760324244e+02
8.600526515476047962e+02
8.585001349130606059e+02
8.657743726195127465e+02
8.652227556587524759e+02
8.683520164721904848e+02
8.686259739457808564e+02
8.685931043153909741e+02
8.722571897233902973e+02
8.753554507594136567e+02
8.787068080592845263e+02
8.825649168101805344e+02
8.859671453384647748e+02
8.888405754797015561e+02
8.935139479984368336e+02
8.976240449251281461e+02
8.992204679445799229e+02
9.045371550941848682e+02
9.072689760188478658e+02
9.077000672075704415e+02
9.115258123043829528e+02
9.104568917660839134e+02
9.056062465847061276e+02
9.076576289508574291e+02
9.076625470484635798e+02
9.099608744519096035e+02
9.064779050340383719e+02
9.117345073654519183e+02
9.122051635581088931e+02
9.062119585568469802e+02
9.081748618301759279e+02
9.127476705858380228e+02
9.122147417029217422e+02
9.197069401130393089e+02
9.302037745510202740e+02
9.350879336860009516e+02
9.428286753834861429e+02
9.455446638696339505e+02
9.517185186075214460e+02
9.593430342783016158e+02
9.640831945471400104e+02
9.712021290211149562e+02
9.748501674910304473e+02
9.836109245289334240e+02
9.907127045631139026e+02
9.912692173604981463e+02
9.997951672146002693e+02
1.005672961671070993e+03
1.003995836700143741e+03
1.008739331538347074e+03
1.016745802819738742e+03
1.023199616011129933e+03
1.026837231495876267e+03
1.034047171600460160e+03
1.044468507943661280e+03
1.054588745344915878e+03
1.067084651773651331e+03
1.083837055898584367e+03
1.100058002359696047e+03
1.109642758943071158e+03
1.116091943357071841e+03
1.124600740198069388e+03
1.136284840703168811e+03
1.137324856184341115e+03
1.150227866454556306e+03
1.165083695728012572e+03
1.177529035633203648e+03
1.181999469599669737e+03
1.186255197552068921e+03
1.200896207086965433e+03
1.210681450096621802e+03
1.231592270190788440e+03
1.235233850702558129e+03
1.256632567235215447e+03
1.269311178381931768e+03
1.271408124423036725e+03
1.289795159597325437e+03
1.288184578358208455e+03
1.306176416840132561e+03
1.329111520680209424e+03
1.342714631773192423e+03
1.360943803012851049e+03
1.392277698495918003e+03
1.416000798809481012e+03
1.421819196688035163e+03
1.432146421030856118e+03
1.432775587406149043e+03
1.451357998573014811e+03
1.468767592749544747e+03
1.487808140252897601e+03
1.504071778887814389e+03
1.501348613092079177e+03
1.527754518460087411e+03
1.531495649256071829e+03
1.510966090725463346e+03
1.506060019328379894e+03
1.492698848098167900e+03
1.494741033933582685e+03
1.507294041314517472e+03
1.533764942190896591e+03
1.519971165870584855e+03
1.511294152245272699e+03
1.507297024033939579e+03
1.497391545153861216e+03
1.497278085238298218e+03
1.508679547684766248e+03
1.513077658467528863e+03
1.529147863645256621e+03
1.524045584779670435e+03
1.552088232810779346e+03
1.556501423719834747e+03
1.557664518667238099e+03
1.574982453630052078e+03
1.588339972076047616e+03
1.575933331870511438e+03
1.582343056896676217e+03
1.595163586482533674e+03
1.601630652542730786e+03
1.635021202283867524e+03
1.638247980057191853e+03
1.660033528418974356e+03
1.640389732101228219e+03
1.652051594823233245e+03
1.658690535702448415e+03
1.667634513043278048e+03
1.679281976175182535e+03
1.686008317822327172e+03
1.697907977658705249e+03
1.703974082084110478e+03
1.739372461189822616e+03
1.766229994145227238e+03
1.782364575920417792e+03
1.786508773175049328e+03
1.807304358882555107e+03
1.797929339364221050e+03
1.815017482866599721e+03
1.826481051942125305e+03
1.831708215938279409e+03
1.846098074538817173e+03
1.885697116372231676e+03
1.907365288190553201e+03
1.923492495014520046e+03
1.954765705981869814e+03
1.984528595404754924e+03
2.006581027565909380e+03
2.028995638261702197e+03
2.044762835999586287e+03
2.079403739359311658e+03
2.083215862622643272e+03
2.066861696398537333e+03
2.105238895595674876e+03
2.095847422981409181e+03
2.106233484351970219e+03
2.134462138455181503e+03
2.156331300864696459e+03
2.160814669951154428e+03
2.162422302083376053e+03
2.175652145842011578e+03
2.161851534690709286e+03
2.148733240337539883e+03
2.145895656525687173e+03
2.162859956260832405e+03
2.164649592116857093e+03
2.159059920714802047e+03
2.139912259384657318e+03
2.122140878138749486e+03
2.096172213144893249e+03
2.065980792070437019e+03
2.027536660748656232e+03
2.029474869299565626e+03
1.982358656708226135e+03
1.921706148752969511e+03
1.909990512287744195e+03
1.879400188606456823e+03
1.878758839237272241e+03
1.891210924272112379e+03
1.854785610397685105e+03
1.836437099097434839e+03
1.812348872059461655e+03
1.821997953444029918e+03
1.803463852529363749e+03
1.793382421759941735e+03
1.795251566469566342e+03
1.796156247095800609e+03
1.759762708722130810e+03
1.742505295427203464e+03
1.735090204811272542e+03
1.710218863277463925e+03
1.702041344504171320e+03
1.725393287901671783e+03
1.730959653491742984e+03
1.727426660688747688e+03
1.713111736347196484e+03
1.710083575862134239e+03
1.732375964732528928e+03
1.747433000662858831e+03
1.740418525742727752e+03
1.751688201239992623e+03
1.749373959902608703e+03
1.743803120374044283e+03
1.756583212530733135e+03
1.756031725099861433e+03
1.745516970600174773e+03
1.728390441909861920e+03
1.739194143253993843e+03
1.732861956214115480e+03
1.721849782266796865e+03
1.709375572930592398e+03
1.722907802721183089e+03
1.723587948560499171e+03
1.751812916223199636e+03
1.780800472451020823e+03
1.809697593262474584e+03
1.813469812780481107e+03
1.816708341353173637e+03
1.795615255041445835e+03
1.825157122157852200e+03
1.800848701675854045e+03
1.801923440217926100e+03
1.820157326316510762e+03
1.843242605040543822e+03
1.833526085326535622e+03
1.820079775499274319e+03
1.848517385220909773e+03
1.839321123647000150e+03
1.873252480234438053e+03
1.887250906135405330e+03
1.933549044545726019e+03
1.926971659392096853e+03
1.947676476226581826e+03
1.966420041533926906e+03
1.957691476918508215e+03
1.971109439752311118e+03
1.959070291804292538e+03
1.967951972914888074e+03
1.996307861311012857e+03
1.996315304701661262e+03
1.985943012892066690e+03
1.986448225733616255e+03
2.000656819747831378e+03
2.013592158156097867e+03
2.026706595673827678e+03
2.031588035883955627e+03
2.055454561315476440e+03
2.038215594769326799e+03
2.043816337847785690e+03
2.059640234907094964e+03
2.042916016172272748e+03
2.038444614853095345e+03
2.055594600060152970e+03
2.087663521757229319e+03
2.093027318231844220e+03
2.077815033549658438e+03
2.091367430617950049e+03
2.107004730190972168e+03
2.108176223661761469e+03
2.107945270590010750e+03
2.128966702309977791e+03
2.146923189504301718e+03
2.144786660331708390e+03
2.153538425583166372e+03
2.135296170250768682e+03
2.163672260238578019e+03
2.187856098655454844e+03
2.201585170056267543e+03
2.166760057384452921e+03
2.186723347111813382e+03
2.171146200493872584e+03
2.145059653441539467e+03
2.135269993788816919e+03
2.125893772900618842e+03
2.125521826444805356e+03
2.113006082798272473e+03
2.110645771927226633e+03
2.090697765216082189e+03
2.101806203443691174e+03
2.070636691656806306e+03
2.057584189522294764e+03
2.051901734576267245e+03
2.056945034308528193e+03
2.027340141009412719e+03
2.001405005346303142e+03
1.987709390277379725e+03
1.965676345033404914e+03
1.948463794852805449e+03
1.925036319422626775e+03
1.958750221086728743e+03
1.965857841917374571e+03
1.970767244284547814e+03
1.945822858655712935e+03
1.942730511522720917e+03
1.948386420830543557e+03
1.939778096312661319e+03
1.917997152230711663e+03
1.938060140902018702e+03
1.944321562412505045e+03
1.957017924653574028e+03
1.943426546936901559e+03
1.946985635810561462e+03
1.979249688711287490e+03
1.995135502885053256e+03
2.012567367200882472e+03
2.026743901571159086e+03
2.030263681507553201e+03
2.048910708073760816e+03
2.051012261471196780e+03
2.077060013177665041e+03
2.067909988952229469e+03
2.085696142155708458e+03
2.105398432164633505e+03
2.117963890722093765e+03
2.122684663563169124e+03
2.142742698286603172e+03
2.156975187485158585e+03
2.164063711949582739e+03
2.156785916355162044e+03
2.183456999741156324e+03
2.193931963812558024e+03
2.205586128612978428e+03
2.237177486990033685e+03
2.256533585092236535e+03
2.248797100880394282e+03
2.235420728894527656e+03
2.269967497921905306e+03
2.296649017083661874e+03
2.296286468945523666e+03
2.271750970220811269e+03
2.259352622663945112e+03
2.293938455690109549e+03
2.304442005399685058e+03
2.277931648550073533e+03
2.289903806800385610e+03
2.306006023624333011e+03
2.339256604493672057e+03
2.334090324522279843e+03
2.339910221986213855e+03
2.367815295280727241e+03
2.361412695690121836e+03
2.380643215554903236e+03
2.367949170928813146e+03
2.404055139476720797e+03
2.420222598832615404e+03
2.414150477338761448e+03
2.439779423149356262e+03
2.456615187104668166e+03
2.440566870077042950e+03
2.427177223394492103e+03
2.414040537121398756e+03
2.398530214621306641e+03
2.371916478713128527e+03
2.381841154941725108e+03
2.400883817003328659e+03
2.364449903635152623e+03
2.387305814249429204e+03
2.391993896502663119e+03
2.390312382250514474e+03
2.386221060899512850e+03
2.395011961675635121e+03
2.417095067236641626e+03
2.447685570552170248e+03
2.464622293108271606e+03
2.473491262022805586e+03
2.475098957729860103e+03
2.456120580708865418e+03
2.458232270678386612e+03
2.444372221253160205e+03
2.447474089198865386e+03
2.430083670107510898e+03
2.449104998457859892e+03
2.452413224786932915e+03
2.448354131465860974e+03
2.430998881408146644e+03
2.428663140253296660e+03
2.436044112890535416e+03
2.446678621820465196e+03
2.437289274788868170e+03
2.420887779482327915e+03
2.406451175438325663e+03
2.424789834464333126e+03
2.448850913827750901e+03
2.463174746639245768e+03
2.481955316209723605e+03
2.487257492066290979e+03
2.460345619830261057e+03
2.455410438964691821e+03
2.410625464262672267e+03
2.451779329129195048e+03
2.441601656417841241e+03
2.455965000547708314e+03
2.432635808195975187e+03
2.415551266342804865e+03
2.390919688323348055e+03
2.377728811892834074e+03
2.344023495916067532e+03
2.317363199027310657e+03
2.345169638415457030e+03
2.355051408092654128e+03
2.360434071379370835e+03
2.306377363680120197e+03
2.283804610992237031e+03
2.251436845586129948e+03
2.257408938918942113e+03
2.230987409439411294e+03
2.230334456520461572e+03
2.170284510446001605e+03
2.169852497401220262e+03
2.150628389069566765e+03
2.139899470831476265e+03
2.115603447148721443e+03
2.071989213335768909e+03
2.077697013901208720e+03
2.081291668856920751e+03
2.061278335329366200e+03
2.026575971694798454e+03
2.004118346283667734e+03
1.972533253371675755e+03
1.995073630720971551e+03
2.010137217629888710e+03
2.012381473432104485e+03
2.040552763953035765e+03
2.055451523526204255e+03
2.072601031168009740e+03
2.102215939383063414e+03
2.104254020768042665e+03
2.114925213507277022e+03
2.102614956398705090e+03
2.110582532183577314e+03
2.118412749051132778e+03
2.121351100602718816e+03
2.131158320110159821e+03
2.116150575047903203e+03
2.110876499173561569e+03
2.101757055020810640e+03
2.133989721332407953e+03
2.146105726362346104e+03
2.153609743837622773e+03
2.134452492950736996e+03
2.169917818342664305e+03
2.158779647474180820e+03
2.159162171298039993e+03
2.207628182671811828e+03
2.216120029855818302e+03
2.217643414494001263e+03
2.227033372417012743e+03
2.255617452919859716e+03
2.234049785465610967e+03
2.233132512270965435e+03
2.227855735442541118e+03
2.200188845780302472e+03
2.144792018034464490e+03
2.153018077278813962e+03
2.153380037938993610e+03
2.147667214538987992e+03
2.124137012755806609e+03
2.138368273448105356e+03
2.139592345810227926e+03
2.140656957270673502e+03
2.145706204825208260e+03
2.139283451270811838e+03
2.170723089954583429e+03
2.160366736116279753e+03
2.163286837337912402e+03
2.142733705921129513e+03
2.151139860968088669e+03
2.159351960638098262e+03
2.162145777366286438e+03
2.133302612954787492e+03
2.169257529548663115e+03
2.155581182253737097e+03
2.151457870953892325e+03
2.140059042063084689e+03
2.160954226724570162e+03
2.181266223043576701e+03
2.160775042732610473e+03
2.180268675970946788e+03
2.171024024162506066e+03
2.200789110754945341e+03
2.211625203788063573e+03
2.209785195673063299e+03
2.237611128459739120e+03
2.239737589156133254e+03
2.228114036916403165e+03
2.218687413109279078e+03
2.236144344193035067e+03
2.208014910029182829e+03
2.221651811582410119e+03
2.223440616447334378e+03
2.229206472625043261e+03
2.220558476632146267e+03
2.180250736676013730e+03
2.171666458831589352e+03
2.212141745094794260e+03
2.215852474255766538e+03
2.209804130573831117e+03
2.187974449074893073e+03
2.204405905786682524e+03
2.222574172844182613e+03
2.214212394869045966e+03
2.188923526657025832e+03
2.181065082642931884e+03
2.141474988855125957e+03
2.122399577704214153e+03
2.119808769567105628e+03
2.111543267541238947e+03
2.146544904896918979e+03
2.143261171767039741e+03
2.164438220045596609e+03
2.195474648959997467e+03
2.215378953247705795e+03
2.197444905519065287e+03
2.192552814924612903e+03
2.213794838828062893e+03
2.226619847058183950e+03
2.250204071668727011e+03
2.271650860715011277e+03
2.293777969681685136e+03
2.274838685283393716e+03
2.276537969662576870e+03
2.310256964329260882e+03
2.329708338185609591e+03
2.364748666476821654e+03
2.381909166904325957e+03
2.375184950552517421e+03
2.361027649912874040e+03
2.342712580537983740e+03
2.363971530169797916e+03
2.376943215611745018e+03
2.397226775094914956e+03
2.397575896018590811e+03
2.386559781005233617e+03
2.395244861545826552e+03
2.403065007901095214e+03
2.423809999695417446e+03
2.443340427149683364e+03
2.463012043358554820e+03
2.468550536937676497e+03
2.486985573942982228e+03
2.510837398675396798e+03
2.454518076054113408e+03
2.472085495321610779e+03
2.436026604006003254e+03
2.434712947635104683e+03
2.458918779045278370e+03
2.453145757260957453e+03
2.432824293551659139e+03
2.455075297616735043e+03
2.447390270198194230e+03
2.415149642315801884e+03
2.411394791961943611e+03
2.393633128056126225e+03
2.411297844209386312e+03
2.393812112249711845e+03
2.377105438447275446e+03
2.379259941455115495e+03
2.394722809728624270e+03
2.398575231714001347e+03
2.396118782548563559e+03
2.409837129649119561e+03
2.417041605830666867e+03
2.391470779523770943e+03
2.407184750515765700e+03
2.411266210124013924e+03
2.401369861700719866e+03
2.417009193910819249e+03
2.406629018994838589e+03
2.434741854120235985e+03
2.427437048042166225e+03
2.441391243129481154e+03
2.446549785321642958e+03
2.445829182209288319e+03
2.448280962337220899e+03
2.448548701275618441e+03
2.447260194266771578e+03
2.462014338060925184e+03
2.444888480771358900e+03
2.466714993268636590e+03
2.474350580279838596e+03
2.506538654545393001e+03
2.522988458601815182e+03
2.521002123665226463e+03
2.521749513306442168e+03
2.530772855307436657e+03
2.561330810579997888e+03
2.545155826512891963e+03
2.561082852506983272e+03
2.547253919519272586e+03
2.561304931530054091e+03
2.566182126206323574e+03
2.581038358081180377e+03
2.566071573919804905e+03
2.595247476879441365e+03
2.578673539966376666e+03
2.580029591659626021e+03
2.564597851455493583e+03
2.539498627637135087e+03
2.525043515683720670e+03
2.519142701770791518e+03
2.487692544426596214e+03
2.468638717063695822e+03
2.488882334987058584e+03
2.488902981078808807e+03
2.478015881988776528e+03
2.461874022618644176e+03
2.429597706223341447e+03
2.427486328104740096e+03
2.395780216480975923e+03
2.368512435007064141e+03
2.336786828316164247e+03
2.315481779555355388e+03
2.307964127977791577e+03
2.275003561420218830e+03
2.222697841899024752e+03
2.212715852869816899e+03
2.240948510716449164e+03
2.233403718654883960e+03
2.232149195380094625e+03
2.232146367290611124e+03
2.188399998569216223e+03
2.162962325835213960e+03
2.204419551085269632e+03
2.184151117030749901e+03
2.206240214278883286e+03
2.185961724622291513e+03
2.195204576775656733e+03
2.209820684417877601e+03
2.248058850360615907e+03
2.225460899231830808e+03
2.266873858578628642e+03
2.292033287265751369e+03
2.303100039174512403e+03
2.280067661536948890e+03
2.275890010691771295e+03
2.289325041793269520e+03
2.296640388858959341e+03
2.318599935402000938e+03
2.323626433544993233e+03
2.336480728918376371e+03
2.376772118096994745e+03
2.401208955086850438e+03
2.399766706973295641e+03
2.418507278442932147e+03
2.402776571144472200e+03
2.390217737902824865e+03
2.386102233996933137e+03
2.377238871582320826e+03
2.367013009151884489e+03
2.348719503599436848e+03
2.357797253033937068e+03
2.350027905699116673e+03
2.376402957809192230e+03
2.396867097385735178e+03
2.404694886044697796e+03
2.408396370807447511e+03
2.420099126987612181e+03
2.403479419353376215e+03
2.384035730421800054e+03
2.398507793093912369e+03
2.404345937983066051e+03
2.362486400855817919e+03
2.339944161489955604e+03
2.332745724709300248e+03
2.341897988685445853e+03
2.351720052200493683e+03
2.369370613733158280e+03
2.368609471224013760e+03
2.362196477673363006e+03
2.380478447734756173e+03
2.337829557155835118e+03
2.323911178852602461e+03
2.278704223558011563e+03
2.275566615708078189e+03
2.255150516693663576e+03
2.288456944438348728e+03
2.314700584555399928e+03
2.318328759260906281e+03
2.278097907301641953e+03
2.251214079088024846e+03
2.274366512367117593e+03
2.278043209376976847e+03
2.303499236837611079e+03
2.326147802908389622e+03
2.277199550287738930e+03
2.290049055286483963e+03
2.266416205677363450e+03
2.246171931335396494e+03
2.275563351500137742e+03
2.268261974017925695e+03
2.302939709088054769e+03
2.307321683930671497e+03
2.286688557336341091e+03
2.298191963015496640e+03
2.332981442927903572e+03
2.373223623766954006e+03
2.370389618618401983e+03
2.326029593473930618e+03
2.280522423428929869e+03
2.260202989999181227e+03
2.260589452260391681e+03
2.277671443836245999e+03
2.299268805826913649e+03
2.284133916733099795e+03
2.270380070420400443e+03
2.277164612697039047e+03
2.270167282698294912e+03
2.282978601548749339e+03
2.281267013546355429e+03
2.278062960500101326e+03
2.327953472109315044e+03
2.353429733759967348e+03
2.357253434326128627e+03
2.343501292284148803e+03
2.312478227295734541e+03
