1.612170713672597344e+01
2.562215281490413332e+01
3.849170806570798220e+01
5.173984720183314323e+01
7.030659314962274209e+01
8.940745387187742210e+01
1.111648711712591506e+02
1.255705080031043366e+02
1.453051609481465505e+02
1.539777419812942298e+02
1.725860250244770668e+02
1.842858880449446985e+02
1.895921184898943466e+02
1.968604058897264224e+02
2.025937411262451917e+02
2.012881338109837372e+02
2.022184628881190349e+02
2.024522883543370426e+02
2.015920030545181021e+02
2.037281601533376545e+02
2.017780629929008001e+02
2.038813337856068415e+02
2.013491857444158768e+02
2.051487847657781742e+02
2.088623759478290935e+02
2.130345104787004686e+02
2.160054606374646085e+02
2.236772551562774254e+02
2.224451626403186424e+02
2.238413708711071308e+02
2.310288250131240773e+02
2.362539659120047020e+02
2.463678868102029753e+02
2.596280591265410749e+02
2.686888199470611198e+02
2.840654529013581282e+02
2.943567221081014509e+02
3.118331079029332500e+02
3.238279564738233489e+02
3.357402786401679577e+02
3.542654259935703180e+02
3.691351425376619773e+02
3.743417289210021295e+02
3.765135553546747360e+02
3.754110527088100753e+02
3.692655209504874279e+02
3.658282803522039330e+02
3.626800751495150053e+02
3.587675315465468202e+02
3.598098724299425726e+02
3.629791027181797745e+02
3.666767630976790429e+02
3.629016357775739721e+02
3.607892649469632147e+02
3.652326340647698544e+02
3.649807820322865268e+02
3.616514081882331197e+02
3.603955362332731625e+02
3.606112655185482936e+02
3.615135040858861544e+02
3.613060049842382568e+02
3.627953256365577772e+02
3.687308730281387170e+02
3.676473223651566968e+02
3.702471432604205006e+02
3.777307981948914630e+02
3.766221129648258170e+02
3.751953863290457889e+02
3.753181757679729458e+02
3.777781443571566342e+02
3.773206938114111608e+02
3.767730404657457939e+02
3.773190817867863416e+02
3.821015192363891515e+02
3.869155615521821687e+02
3.905467343353340652e+02
3.936065301059288117e+02
3.969678019378724230e+02
4.006056673121913718e+02
4.027520122524197177e+02
4.023310468983360124e+02
4.030942619245076912e+02
4.086973936707179860e+02
4.100400707519448815e+02
4.103412436879269194e+02
4.080980179575715283e+02
4.088689453301445837e+02
4.137405616538026720e+02
4.157396544627785602e+02
4.188685830958960423e+02
4.176120563841978424e+02
4.254670662378567272e+02
4.316955634266088850e+02
4.307099127687971531e+02
4.309577569279330191e+02
4.334029376619180312e+02
4.324446295488544934e+02
4.345373073103319825e+02
4.298531023091611587e+02
4.271503098785840962e+02
4.329242477974050871e+02
4.337808964763116819e+02
4.364400092456513107e+02
4.372352249449747887e+02
4.406566961957707917e+02
4.443540766270324980e+02
4.484083457507779258e+02
4.486051647662610549e+02
4.487282635341938430e+02
4.480079760824711457e+02
4.534731631013533502e+02
4.557494772172418038e+02
4.577101275854330993e+02
4.581066234114582585e+02
4.601441484476178516e+02
4.615088580827542160e+02
4.601308224106217040e+02
4.583862980420397548e+02
4.575616418482129006e+02
4.558174629600153480e+02
4.562407523780747738e+02
4.566931690574599543e+02
4.571813941487271791e+02
4.572137765343395586e+02
4.572882032382311195e+02
4.563729049070799988e+02
4.572316192541561009e+02
4.534590225810732704e+02
4.542768613148991221e+02
4.559862575919617029e+02
4.546879880545579340e+02
4.539665053339435872e+02
4.546879897908982571e+02
4.550893897828999570e+02
4.583305284044196242e+02
4.579004700442250169e+02
4.576076990243479941e+02
4.581918720329898633e+02
4.593478258122276543e+02
4.590003205102938750e+02
4.592076604296483993e+02
4.579537862601312099e+02
4.569170494306367800e+02
4.577883590497651767e+02
4.590908556111712073e+02
4.609275761243410443e+02
4.614253077310511344e+02
4.622227011712659532e+02
4.625442743975326607e+02
4.657632493867877201e+02
4.658754237772416218e+02
4.656784478714856732e+02
4.657858925081208099e+02
4.654731934147948209e+02
4.662304011494878750e+02
4.656108598516159418e+02
4.663726562756614840e+02
4.619001410513984638e+02
4.600257479985676810e+02
4.606131325818597020e+02
4.618031483591358324e+02
4.625056335302041362e+02
4.611366040708479659e+02
4.599921886679214822e+02
4.639937917391320639e+02
4.678922308481471077e+02
4.675448158681426776e+02
4.694661350768506054e+02
4.691538772368912191e+02
4.722144614167398231e+02
4.731219404417893202e+02
4.730313853863962095e+02
4.662604815007304069e+02
4.663959212454951171e+02
4.687001295242604328e+02
4.683097384433453385e+02
4.675409564166364476e+02
4.697561693062228869e+02
4.699583187717263968e+02
4.749037295628212405e+02
4.761922137129388375e+02
4.703197576424875024e+02
4.725357744406521761e+02
4.718760234994627467e+02
4.713551063910871903e+02
4.709907867468147629e+02
4.718304151088281060e+02
4.694849548806543567e+02
4.734161275960541388e+02
4.766791890389211517e+02
4.750903073384141067e+02
4.763594665268444714e+02
4.778108805559562597e+02
4.788220592477352398e+02
4.798429851184160384e+02
4.806187789267356152e+02
4.811710297994621897e+02
4.792948251825600323e+02
4.811859627383190059e+02
4.800958072710535589e+02
4.820228605329503466e+02
4.825912599343160423e+02
4.822015869815542715e+02
4.833308425304052776e+02
4.808296252185030539e+02
4.816360359972301239e+02
4.806376141587121538e+02
4.802944152107006062e+02
4.816941078457912795e+02
4.818793681244872005e+02
4.822921807064778363e+02
4.834544677309429517e+02
4.867386600747439047e+02
4.889119036411311185e+02
4.913735671100087075e+02
4.905677203717493740e+02
4.928271095084338072e+02
4.940122192666549950e+02
4.954718923102075223e+02
4.967054967232639910e+02
4.972344693090544183e+02
4.947739213204858402e+02
4.957358632252739881e+02
4.969010832484862021e+02
4.961174022089049913e+02
4.943423877471179821e+02
4.900113203211628843e+02
4.897873780882694064e+02
4.889890776278032263e+02
4.878029676936436658e+02
4.877003291830671401e+02
4.889224307925417179e+02
4.896155942723112844e+02
4.950659830151477081e+02
4.951422347012830301e+02
4.943541820247511964e+02
4.967265214211418538e+02
4.982362223450178362e+02
4.984629385167332885e+02
4.970464736685402158e+02
4.956783409705489589e+02
4.950400011978918542e+02
4.970454446267452795e+02
4.963314892414360884e+02
4.979821544065424064e+02
4.966107334301905780e+02
4.963136444700488141e+02
4.995364210718125832e+02
4.997053835362381733e+02
4.975308405215315020e+02
4.967353039595098494e+02
4.952990285472662322e+02
4.901116952676377423e+02
4.914700082234355705e+02
4.922812490493293467e+02
4.917027824503646798e+02
4.939814988348303473e+02
4.942495307755191334e+02
4.944112260868456588e+02
4.968921377604640384e+02
5.004882890333908563e+02
5.003301589659428146e+02
4.961791518988970324e+02
4.989318598889942109e+02
4.952635907951209333e+02
4.960141845798334543e+02
4.949034562225383524e+02
4.946480094483854941e+02
4.965880963325516291e+02
4.990285204195347433e+02
5.007695724565624005e+02
5.017366845587780517e+02
5.067419798010313912e+02
5.065691217611113757e+02
5.080844085060606403e+02
5.076180414333972521e+02
5.075362114141377106e+02
5.079231877594113485e+02
5.060068811415291634e+02
5.042002550934253691e+02
5.061380458991911269e+02
5.046401334126194911e+02
5.047886431796758302e+02
5.054118574569183124e+02
5.056402215827425266e+02
5.053210257668746408e+02
5.076021041349119969e+02
5.074126404836154052e+02
5.069330359524963683e+02
5.066779296511532493e+02
5.064715246721227686e+02
5.061794186318339257e+02
5.076897066811897048e+02
5.100489302310309654e+02
5.086870872141306563e+02
5.087764124421964311e+02
5.100287110861696647e+02
5.091175976303090351e+02
5.091301883834357227e+02
5.093801214305521512e+02
5.077818290472657168e+02
5.080925216264881783e+02
5.081923464707114704e+02
5.085887327558592119e+02
5.087244222185986473e+02
5.100741817467990131e+02
5.120218296265774143e+02
5.126068155812023406e+02
5.135945938856151542e+02
5.135950591656337565e+02
5.134401211930900217e+02
5.146203889417030268e+02
5.134199176700333282e+02
5.132432215095456058e+02
5.117512675241821398e+02
5.118906427212543235e+02
5.133524633076463033e+02
5.126146097160669797e+02
5.120025223846220115e+02
5.125188224401040316e+02
5.128864797495319863e+02
5.129525186296000356e+02
5.142008006535427285e+02
5.142317383738022727e+02
5.117659733686594450e+02
5.109367609637657210e+02
5.100811373901987622e+02
5.102576433315971940e+02
5.139684609435645370e+02
5.144944438408780343e+02
5.123187505554907375e+02
5.120626056033661371e+02
5.151083240270946817e+02
5.163061368392552595e+02
5.174629888283445780e+02
5.169804466731919774e+02
5.160041705509610210e+02
5.170497246431672238e+02
5.174947002324717005e+02
5.186024180880092445e+02
5.187103526098640032e+02
5.183809118366089024e+02
5.175855814377284787e+02
5.162241898935518520e+02
5.157474074104800366e+02
5.145092090667562843e+02
5.142610138847015833e+02
5.138673956830737097e+02
5.137108299418854358e+02
5.143757011431484898e+02
5.161206143620748890e+02
5.172426949042321667e+02
5.081444842269988840e+02
5.112603811793604223e+02
5.135634733796160845e+02
5.118066226061627049e+02
5.129136797269229646e+02
5.122250810509110579e+02
5.130474921743123105e+02
5.132629611894141135e+02
5.233439143475545734e+02
5.246297750003498095e+02
5.226149868055837260e+02
5.248236613129885200e+02
5.258507269665693684e+02
5.259952269401325111e+02
5.275518259587406646e+02
5.245617610650368761e+02
5.250346839925355198e+02
5.252872538179649382e+02
5.281256882975665121e+02
5.306560497521908246e+02
5.306842557532568208e+02
5.316496641842405779e+02
5.228536277438172419e+02
5.273853021239464169e+02
5.286198664445211080e+02
5.246393171548082819e+02
5.247435161040776848e+02
5.226151009935616685e+02
5.235289067034746040e+02
5.234109102954453192e+02
5.310361230222677023e+02
5.288675634241240004e+02
5.282129789798690354e+02
5.340920520587897045e+02
5.370669013613097604e+02
5.376096417898530717e+02
5.387774835501394364e+02
5.406582706863256362e+02
5.430150015690793452e+02
5.425417225391246347e+02
5.433860376809712989e+02
5.436725230551962795e+02
5.436485260429374193e+02
5.442263701888283549e+02
5.445778345117142862e+02
5.451483919563278278e+02
5.467903511526392322e+02
5.511239225467911638e+02
5.518053150844773427e+02
5.522486994379374892e+02
5.529967276551020632e+02
5.550502906549264708e+02
5.566065851402173621e+02
5.561033756172563471e+02
5.563362716900660416e+02
5.580846900576899543e+02
5.586489767407712179e+02
5.568176350807108292e+02
5.564478983511935439e+02
5.557257176877328675e+02
5.557534287872043706e+02
5.558737203262902540e+02
5.560532245680266215e+02
5.547370428051337967e+02
5.549683664881234790e+02
5.574693972842964058e+02
5.581228000806730734e+02
5.604553421870970169e+02
5.602958236244385262e+02
5.598272803561603723e+02
5.615231915859486662e+02
5.619396181380262760e+02
5.621227998150665144e+02
5.625581034153709652e+02
5.644391744488725635e+02
5.634212172368825122e+02
5.641077350666498660e+02
5.652560654396748987e+02
5.643530842989977145e+02
5.649319707587509356e+02
5.641930595028164817e+02
5.652040237461337711e+02
5.645244107556979998e+02
5.647346392887560569e+02
5.651799927198711657e+02
5.660463090938231971e+02
5.661519009266027069e+02
5.656688134706326991e+02
5.672105124578050663e+02
5.663354320421435659e+02
5.668512008524774046e+02
5.667137604108702362e+02
5.672848225576918821e+02
5.685369890581608843e+02
5.684126979039468779e+02
5.694242726798725016e+02
5.677849323616783295e+02
5.693977542345846814e+02
5.697598777572459312e+02
5.700005885642764270e+02
5.708067912709408347e+02
5.706013522437542633e+02
5.705085030455770720e+02
5.687606989047854995e+02
5.710418825571006209e+02
5.704289786951559336e+02
5.706329094639938830e+02
5.717247737078323553e+02
5.716890923112620158e+02
5.722428757986408527e+02
5.730056919464238945e+02
5.739979701951812103e+02
5.749398762790714272e+02
5.743195629087500720e+02
5.742473068766142887e+02
5.739126512850197059e+02
5.747714214646074424e+02
5.692600923475729360e+02
5.689656116981026344e+02
5.679971209922219941e+02
5.682429483549559563e+02
5.684459613107666200e+02
5.681558003295526760e+02
5.677434426910590446e+02
5.683696397662723712e+02
5.690184771764522793e+02
5.732368743499584980e+02
5.727863810895617007e+02
5.719527394581854196e+02
5.714887155734845692e+02
5.721336120584121545e+02
5.722533152801327105e+02
5.693916322097089733e+02
5.697039045705819262e+02
5.698131896143552240e+02
5.704056700159790125e+02
5.711055429727250612e+02
5.621435403639751485e+02
5.575290186529565517e+02
5.577620981800748723e+02
5.589591429373739402e+02
5.585656363140564054e+02
5.562415962828891907e+02
5.566979797179143361e+02
5.570733513070557592e+02
5.622105378497714128e+02
5.713928751808371089e+02
5.699626140952710784e+02
5.712219800683013773e+02
5.720436064660367492e+02
5.742861112254018963e+02
5.758550233749712106e+02
5.761089198011178496e+02
5.767655223547180867e+02
5.781015454149163588e+02
5.798288260042373850e+02
5.784529381864581410e+02
5.777084073368756663e+02
5.794639112256771796e+02
5.803518701378728792e+02
5.800389390816045534e+02
5.799716536217234761e+02
5.797546512584601714e+02
5.778350256235207780e+02
5.758516253872685411e+02
5.764611130831452783e+02
5.759919405101101120e+02
5.761674983995922048e+02
5.717400878019209358e+02
5.733023568442878286e+02
5.731894176198412652e+02
5.746017481613920381e+02
5.763133731645261832e+02
5.781085572066803024e+02
5.784650267346576129e+02
5.787934223784963024e+02
5.834576605447387010e+02
5.828176427079188215e+02
5.821023420562951287e+02
5.817570181540992280e+02
5.806216990210607491e+02
5.812894201410776986e+02
5.793316713536946736e+02
5.766118127912812952e+02
5.772202711852264656e+02
5.773808825326480019e+02
5.762728302766454362e+02
5.777672479405813419e+02
5.781892549986798713e+02
5.783556205055170949e+02
5.781120421223716903e+02
5.811999874829858754e+02
5.813596850332078247e+02
5.812033019277627091e+02
5.799419534399112308e+02
5.798000226999942015e+02
5.793042553425661936e+02
5.794009468206203337e+02
5.776579142480842393e+02
5.723225587509627985e+02
5.694647104287898856e+02
5.650763506576519148e+02
5.671511405656277702e+02
5.662934266889964192e+02
5.661056575248295530e+02
5.652813163868956963e+02
5.677279695841327793e+02
5.722746797616711092e+02
5.742849989657981951e+02
5.796073778242791832e+02
5.787776680838306902e+02
5.795389789920735666e+02
5.810481628654963515e+02
5.817268593242989709e+02
5.816828488333629821e+02
5.833875068506566777e+02
5.834427651882957662e+02
5.842138182985960384e+02
5.845902041539501397e+02
5.855104457518191339e+02
5.844332796633627822e+02
5.839156389858444527e+02
5.844895456042612523e+02
5.836655556274718037e+02
5.827394449943342352e+02
5.820883568003262099e+02
5.806482709323508971e+02
5.800941421965696918e+02
5.807814276742842594e+02
5.802026417994973144e+02
5.780100560619888483e+02
5.770478018540617313e+02
5.796280480984822816e+02
5.777492254131288973e+02
5.784475026369638044e+02
5.766858176315588480e+02
5.761126275878469869e+02
5.772141564018545523e+02
5.767499077090250239e+02
5.776616545586805387e+02
5.784420431622280603e+02
5.805086818188764255e+02
5.820531428461556516e+02
5.818622395782708736e+02
5.804683773196234142e+02
5.824172983543498958e+02
5.822328196985811246e+02
5.822355376808204710e+02
5.821150773114377444e+02
5.760315720651915399e+02
5.754338395731189166e+02
5.771587538141324103e+02
5.780918590895545321e+02
5.765260049999101284e+02
5.772568507943002487e+02
5.780696414514238768e+02
5.782724506118742056e+02
5.788685087155924975e+02
5.833998751542875425e+02
5.832501702838491155e+02
5.785267859404383444e+02
5.782468586316934989e+02
5.793331733766518710e+02
5.782556776591262633e+02
5.766626505725243987e+02
5.763716572809410081e+02
5.767486861955685526e+02
5.766177859360255979e+02
5.758284293920066830e+02
5.821439330431938970e+02
5.832397010453493067e+02
5.835878316589944461e+02
5.827003360619163459e+02
5.837413056546234884e+02
5.830906017075365071e+02
5.802044438126860086e+02
5.799071706804414816e+02
5.792173715061517214e+02
5.782585840857188941e+02
5.787874840413245465e+02
5.804660014285102534e+02
5.808641227344282925e+02
5.809336936053751970e+02
5.820692697922985417e+02
5.828684486645207699e+02
5.850338957937188979e+02
5.858296064259407103e+02
5.787939906673658470e+02
5.700863440907522772e+02
5.662055190384871821e+02
5.668449014655967630e+02
5.664667924456070978e+02
5.663349753372888244e+02
5.633236272168967389e+02
5.627199720042757463e+02
5.658119151571735301e+02
5.666233941028873460e+02
5.756770930837126343e+02
5.750783564102172249e+02
5.754159085869039245e+02
5.765033377505649241e+02
5.770355686216538516e+02
5.768544616209062497e+02
5.736979325279830846e+02
5.766468881847249577e+02
5.774070568785600699e+02
5.769402490064095446e+02
5.774807578007406619e+02
5.775767676447746908e+02
5.773908998990316377e+02
5.792753831715380102e+02
5.840676998949156769e+02
5.841153949223731843e+02
5.841849299991447424e+02
5.838943059285577419e+02
5.849444094288285214e+02
5.833637320754546636e+02
5.820956441764959663e+02
5.820572795641862740e+02
5.830111013125188038e+02
5.833142607623284448e+02
5.831053570255861587e+02
5.825725213616701694e+02
5.821421373082239370e+02
5.830487761966641074e+02
5.834229812705498261e+02
5.829814474850959414e+02
5.813093667977940413e+02
5.816476328228277453e+02
5.817872407213543511e+02
5.761750703143262626e+02
5.769497205084717280e+02
5.743046096097043574e+02
5.740729488322557472e+02
5.748889890391351400e+02
5.755619107716464669e+02
5.757536775323522988e+02
5.763893733286291763e+02
5.759797719781317937e+02
5.817071138525100196e+02
5.838303058244749764e+02
5.834904010969224828e+02
5.844648299795001094e+02
5.815828875012989556e+02
5.785506004657336234e+02
5.798892331512354303e+02
5.802352232158389143e+02
5.801874414589990465e+02
5.799907658928242427e+02
5.759534529014321151e+02
5.735816072321042611e+02
5.736723882931875096e+02
5.806062810319016307e+02
5.788184085902919378e+02
5.788998332901669528e+02
5.750138280679847185e+02
5.743894698215545986e+02
5.765082778157716348e+02
5.803784376724986487e+02
5.789287909045287961e+02
5.775722642326372807e+02
5.754246274101938070e+02
5.749315568460348231e+02
5.770008382894820897e+02
5.776671723886055361e+02
5.784597426335927821e+02
5.771192406970843649e+02
5.759611446538277733e+02
5.762632814280874527e+02
5.790226708296873994e+02
5.773439227354552941e+02
5.752994296069143729e+02
5.774487274098761418e+02
5.767300222276884369e+02
5.758423840028201539e+02
5.783419092703226170e+02
5.789011255639577485e+02
5.769706315016156850e+02
5.767300655920007557e+02
5.807182467421233696e+02
5.802654028834083419e+02
5.776931681438023816e+02
5.781008538741328948e+02
5.766998763643958910e+02
5.790020538507473020e+02
5.807024267606244621e+02
5.828528077607757041e+02
5.840307315738161833e+02
5.809405460068462617e+02
5.797087559342462555e+02
5.802141159955592684e+02
5.808829137716015794e+02
5.820528740200749098e+02
5.812023992223407731e+02
5.799838009460742114e+02
5.791739028108773937e+02
5.793093239944463448e+02
5.726696783582992794e+02
5.727667392232957582e+02
5.694190454770144925e+02
5.703482531055710751e+02
5.672850433009845119e+02
5.621396943782821154e+02
5.623928603129691055e+02
5.631363809277589780e+02
5.728668225408591752e+02
5.601203847278280819e+02
5.544968857844805825e+02
5.585514504264833704e+02
5.583408337372906090e+02
5.592923109303721958e+02
5.580683851800075672e+02
5.549467731130664561e+02
5.511319355917750045e+02
5.443860270985122725e+02
5.482351073356405777e+02
5.496287452740219805e+02
5.534357424077512633e+02
5.599598762656959252e+02
5.601096648553262867e+02
5.610150813104027065e+02
5.595230450717679105e+02
5.831750009729261137e+02
5.766111067919033530e+02
5.754663935167195632e+02
5.757104144136566219e+02
5.754877789842081484e+02
5.737805193532278736e+02
5.767622761073565698e+02
5.759722000426404520e+02
5.705401219574073366e+02
5.716379940748132640e+02
5.766754943122004988e+02
5.770638737951629764e+02
5.748290386187097738e+02
5.692902839087480515e+02
5.713857037698703607e+02
5.701220309378472848e+02
5.752618849288676302e+02
5.767935251359923541e+02
5.766758486688923995e+02
5.725086422652266265e+02
5.730767043733658284e+02
5.788502991185345081e+02
5.806192289759230789e+02
5.818113426190953987e+02
5.823069785961332627e+02
5.831227647356021180e+02
5.820177652492726565e+02
5.874953731718583185e+02
5.858657646327300199e+02
5.853545595701464208e+02
5.844015016049489759e+02
5.758257701175331249e+02
5.734410093030877533e+02
5.745871853319290494e+02
5.721053336061261234e+02
5.727403677683696515e+02
5.722298326271140922e+02
5.682402995844001907e+02
5.691378707676411750e+02
5.681679718619769801e+02
5.762958443609842334e+02
5.759697676515536386e+02
5.787093191244630361e+02
5.799381859046806085e+02
5.791868105798610031e+02
5.780627051529652363e+02
5.839685449678723899e+02
5.864767195191843712e+02
5.845621627397371185e+02
5.818754024476462519e+02
5.807636747021610972e+02
5.786653803869005515e+02
5.780943147931149042e+02
5.805030092716602894e+02
5.797303318163058066e+02
5.792147087144527404e+02
5.789979232125858744e+02
5.789864332369500062e+02
5.776308536181300042e+02
5.763103567164348533e+02
5.765098717463534967e+02
5.771497642684851144e+02
5.751232561330803037e+02
5.741911196090154590e+02
5.761490065215357390e+02
5.774969196225207497e+02
5.814348352142524163e+02
5.841292800856552958e+02
5.832566022329283442e+02
5.835311036538620328e+02
5.781159665016127747e+02
5.786522994787441121e+02
5.793853641828519585e+02
5.799215238877748106e+02
5.749244636181671240e+02
5.714023787597474211e+02
5.728266913610102620e+02
5.726881018881131240e+02
5.731980000350763476e+02
5.786740936092749052e+02
5.755113515178661601e+02
5.743925770795598282e+02
5.747263271672775318e+02
5.769303243139530650e+02
5.741320929366681867e+02
5.736453933050593150e+02
5.732180787523802792e+02
5.752048474214772114e+02
5.776499525226957985e+02
5.784476890553304429e+02
5.838786913303528081e+02
5.827197256208589806e+02
5.851677987421149965e+02
5.823629772235123028e+02
5.796407075837012144e+02
5.804334725411903264e+02
5.715064434502145332e+02
5.711313724884503245e+02
5.633520847359257004e+02
5.629761557636633142e+02
5.624231069917689183e+02
5.659111156891721066e+02
5.670731012012490737e+02
5.672638193845002661e+02
5.757859286429280701e+02
5.688008845520311070e+02
5.739269867108051812e+02
5.740788216007581468e+02
5.751837178712663672e+02
5.729989965379699015e+02
5.739900452518703560e+02
5.693375976104057372e+02
5.683694323369886661e+02
5.745498155921713987e+02
5.800533534847207875e+02
5.793892395048999333e+02
5.774764972602633861e+02
5.800231122853914485e+02
5.798060846411791545e+02
5.799532548537304137e+02
5.813619170994603564e+02
5.759516366958246181e+02
5.751125565025624837e+02
5.754071634621357134e+02
5.739264612048792742e+02
5.780423195336261415e+02
5.786541287194253300e+02
5.789322535765629709e+02
5.799169405028093252e+02
5.864803595947641952e+02
5.826205921769707174e+02
5.803828369455310394e+02
5.798730151453885355e+02
5.800205897334096790e+02
5.729161061106592570e+02
5.732695539709957302e+02
5.715161363162887938e+02
5.713924593216443100e+02
5.689829380088812059e+02
5.714201650354489175e+02
5.719889621889757336e+02
5.738744326614955753e+02
5.800053575394820200e+02
5.773331712389021959e+02
5.761178984714737226e+02
5.770715149829430857e+02
5.810463557017484391e+02
5.752739699418286818e+02
5.745340415712890945e+02
5.747972100837041580e+02
5.735710774258948277e+02
5.782519509414421464e+02
5.746004325910997750e+02
5.746358550431690446e+02
5.759036894274381666e+02
5.762250548354571720e+02
5.803790204137044384e+02
5.811043685996987733e+02
5.772480729813778453e+02
5.748402329685417271e+02
5.780291465315483492e+02
5.759564301326971645e+02
5.728535228762182214e+02
5.715918774004022680e+02
5.653283112067566663e+02
5.620249312545034854e+02
5.630221978873228181e+02
5.608606155546018499e+02
5.621354409301436590e+02
5.649709861958355077e+02
5.646022956939274309e+02
5.655960636454451560e+02
5.716803812412765637e+02
5.751039971397093495e+02
5.754113922366682345e+02
5.732507064330950470e+02
5.751466675372570307e+02
5.766559371741020641e+02
5.753085204354237021e+02
5.803241379423404851e+02
5.778999777530013944e+02
5.751150160444391304e+02
5.755483542914292912e+02
5.793517704865959104e+02
5.790836977509530925e+02
5.793805873765345495e+02
5.751633070969547816e+02
5.728069721050425187e+02
5.755669506344703450e+02
5.768296821515135662e+02
5.755078688527535178e+02
5.765462284367478105e+02
5.681255271755894682e+02
5.702780886826619735e+02
5.720553214916408251e+02
5.727056555888766525e+02
5.695218593743391011e+02
5.641224559944755583e+02
5.649176957131154495e+02
5.648506523983252237e+02
5.715391408009580800e+02
5.702459989206580531e+02
5.669249728949748715e+02
