2.047000000000000000e+03
4.093000000000000000e+03
6.110000000000000000e+03
8.188000000000000000e+03
1.023300000000000000e+04
1.228700000000000000e+04
1.430800000000000000e+04
1.633000000000000000e+04
1.841300000000000000e+04
2.041100000000000000e+04
2.246300000000000000e+04
2.450500000000000000e+04
2.659300000000000000e+04
2.865900000000000000e+04
3.065000000000000000e+04
3.269100000000000000e+04
3.473400000000000000e+04
3.680700000000000000e+04
3.885900000000000000e+04
4.087700000000000000e+04
4.294600000000000000e+04
4.497600000000000000e+04
4.699700000000000000e+04
4.895200000000000000e+04
5.107200000000000000e+04
5.319700000000000000e+04
5.515600000000000000e+04
5.733800000000000000e+04
5.916200000000000000e+04
6.132900000000000000e+04
6.338300000000000000e+04
6.549400000000000000e+04
6.742700000000000000e+04
6.950000000000000000e+04
7.165800000000000000e+04
7.354800000000000000e+04
7.559200000000000000e+04
7.781000000000000000e+04
7.971500000000000000e+04
8.176900000000000000e+04
8.392000000000000000e+04
8.595400000000000000e+04
8.806000000000000000e+04
9.010700000000000000e+04
9.205600000000000000e+04
9.414900000000000000e+04
9.612100000000000000e+04
9.830000000000000000e+04
1.002010000000000000e+05
1.022810000000000000e+05
1.041920000000000000e+05
1.063350000000000000e+05
1.084300000000000000e+05
1.104820000000000000e+05
1.123950000000000000e+05
1.143740000000000000e+05
1.165280000000000000e+05
1.186270000000000000e+05
1.208190000000000000e+05
1.226890000000000000e+05
1.248910000000000000e+05
1.266930000000000000e+05
1.288620000000000000e+05
1.310530000000000000e+05
1.329190000000000000e+05
1.346780000000000000e+05
1.370950000000000000e+05
1.390110000000000000e+05
1.409890000000000000e+05
1.432060000000000000e+05
1.451940000000000000e+05
1.472530000000000000e+05
1.491900000000000000e+05
1.512830000000000000e+05
1.535140000000000000e+05
1.551850000000000000e+05
1.576580000000000000e+05
1.596300000000000000e+05
1.617750000000000000e+05
1.635690000000000000e+05
1.657390000000000000e+05
1.677550000000000000e+05
1.698130000000000000e+05
1.713880000000000000e+05
1.738530000000000000e+05
1.760330000000000000e+05
1.780630000000000000e+05
1.802060000000000000e+05
1.821330000000000000e+05
1.841130000000000000e+05
1.859550000000000000e+05
1.883300000000000000e+05
1.902840000000000000e+05
1.924110000000000000e+05
1.945090000000000000e+05
1.963670000000000000e+05
1.980680000000000000e+05
2.002990000000000000e+05
2.027370000000000000e+05
2.046010000000000000e+05
2.066740000000000000e+05
2.084140000000000000e+05
2.106220000000000000e+05
2.121090000000000000e+05
2.150070000000000000e+05
2.166360000000000000e+05
2.185280000000000000e+05
2.205280000000000000e+05
2.228890000000000000e+05
2.250520000000000000e+05
2.268750000000000000e+05
2.288440000000000000e+05
2.311120000000000000e+05
2.332670000000000000e+05
2.352460000000000000e+05
2.370310000000000000e+05
2.393970000000000000e+05
2.413400000000000000e+05
2.436360000000000000e+05
2.456160000000000000e+05
2.475820000000000000e+05
2.494660000000000000e+05
2.517410000000000000e+05
2.536780000000000000e+05
2.558900000000000000e+05
2.577620000000000000e+05
2.599330000000000000e+05
2.620040000000000000e+05
2.635410000000000000e+05
2.660060000000000000e+05
2.682000000000000000e+05
2.699090000000000000e+05
2.722440000000000000e+05
2.743350000000000000e+05
2.761000000000000000e+05
2.780620000000000000e+05
2.805430000000000000e+05
2.824660000000000000e+05
2.842160000000000000e+05
2.865650000000000000e+05
2.885650000000000000e+05
2.903840000000000000e+05
2.927160000000000000e+05
2.947520000000000000e+05
2.961620000000000000e+05
2.987850000000000000e+05
3.010270000000000000e+05
3.026070000000000000e+05
3.048970000000000000e+05
3.067890000000000000e+05
3.087800000000000000e+05
3.108340000000000000e+05
3.130230000000000000e+05
3.150230000000000000e+05
3.171000000000000000e+05
3.191410000000000000e+05
3.211410000000000000e+05
3.231400000000000000e+05
3.255980000000000000e+05
3.272270000000000000e+05
3.292270000000000000e+05
3.312270000000000000e+05
3.332270000000000000e+05
3.356240000000000000e+05
3.370020000000000000e+05
3.399010000000000000e+05
3.419010000000000000e+05
3.438180000000000000e+05
3.457620000000000000e+05
3.478290000000000000e+05
3.494210000000000000e+05
3.521470000000000000e+05
3.536230000000000000e+05
3.561300000000000000e+05
3.583670000000000000e+05
3.603670000000000000e+05
3.622990000000000000e+05
3.641430000000000000e+05
3.664270000000000000e+05
3.684730000000000000e+05
3.705470000000000000e+05
3.725540000000000000e+05
3.744370000000000000e+05
3.766750000000000000e+05
3.782920000000000000e+05
3.801170000000000000e+05
3.823300000000000000e+05
3.846530000000000000e+05
3.867180000000000000e+05
3.891000000000000000e+05
3.907790000000000000e+05
3.927530000000000000e+05
3.949880000000000000e+05
3.970550000000000000e+05
3.991960000000000000e+05
4.007530000000000000e+05
4.034050000000000000e+05
4.051900000000000000e+05
4.072640000000000000e+05
4.093660000000000000e+05
4.115640000000000000e+05
4.130610000000000000e+05
4.157010000000000000e+05
4.177260000000000000e+05
4.195410000000000000e+05
4.218650000000000000e+05
4.239070000000000000e+05
4.259700000000000000e+05
4.277430000000000000e+05
4.299930000000000000e+05
4.320740000000000000e+05
4.341580000000000000e+05
4.360140000000000000e+05
4.378870000000000000e+05
4.395990000000000000e+05
4.419300000000000000e+05
4.443240000000000000e+05
4.460230000000000000e+05
4.479690000000000000e+05
4.501160000000000000e+05
4.523280000000000000e+05
4.545100000000000000e+05
4.566920000000000000e+05
4.579710000000000000e+05
4.607580000000000000e+05
4.624860000000000000e+05
4.648960000000000000e+05
4.665390000000000000e+05
4.679980000000000000e+05
4.703500000000000000e+05
4.729450000000000000e+05
4.751170000000000000e+05
4.769860000000000000e+05
4.790840000000000000e+05
4.810420000000000000e+05
4.829670000000000000e+05
4.853440000000000000e+05
4.865040000000000000e+05
4.889200000000000000e+05
4.913150000000000000e+05
4.935090000000000000e+05
4.951970000000000000e+05
4.974410000000000000e+05
4.990590000000000000e+05
5.010590000000000000e+05
5.035060000000000000e+05
5.055480000000000000e+05
5.075480000000000000e+05
5.097330000000000000e+05
5.117330000000000000e+05
5.132490000000000000e+05
5.151430000000000000e+05
5.181430000000000000e+05
5.192350000000000000e+05
5.217990000000000000e+05
5.242080000000000000e+05
5.258440000000000000e+05
5.278440000000000000e+05
5.298440000000000000e+05
5.318440000000000000e+05
5.338440000000000000e+05
5.362230000000000000e+05
5.382230000000000000e+05
5.401070000000000000e+05
5.421070000000000000e+05
5.441070000000000000e+05
5.461070000000000000e+05
5.486100000000000000e+05
5.506100000000000000e+05
5.526100000000000000e+05
5.546100000000000000e+05
5.566100000000000000e+05
5.583390000000000000e+05
5.603390000000000000e+05
5.623390000000000000e+05
5.643390000000000000e+05
5.663390000000000000e+05
5.693390000000000000e+05
5.713390000000000000e+05
5.733390000000000000e+05
5.753390000000000000e+05
5.773390000000000000e+05
5.795340000000000000e+05
5.814360000000000000e+05
5.834360000000000000e+05
5.854360000000000000e+05
5.868740000000000000e+05
5.891270000000000000e+05
5.913590000000000000e+05
5.938930000000000000e+05
5.955270000000000000e+05
5.973990000000000000e+05
5.993620000000000000e+05
6.013620000000000000e+05
6.033620000000000000e+05
6.059030000000000000e+05
6.079750000000000000e+05
6.102660000000000000e+05
6.120010000000000000e+05
6.140010000000000000e+05
6.157870000000000000e+05
6.176990000000000000e+05
6.205440000000000000e+05
6.217330000000000000e+05
6.245470000000000000e+05
6.264770000000000000e+05
6.286850000000000000e+05
6.306610000000000000e+05
6.327680000000000000e+05
6.344840000000000000e+05
6.363140000000000000e+05
6.389040000000000000e+05
6.409870000000000000e+05
6.430120000000000000e+05
6.446890000000000000e+05
6.466890000000000000e+05
6.489400000000000000e+05
6.510750000000000000e+05
6.525220000000000000e+05
6.547850000000000000e+05
6.572160000000000000e+05
6.592160000000000000e+05
6.613850000000000000e+05
6.631980000000000000e+05
6.651480000000000000e+05
6.674320000000000000e+05
6.689570000000000000e+05
6.717300000000000000e+05
6.733050000000000000e+05
6.752960000000000000e+05
6.777170000000000000e+05
6.797170000000000000e+05
6.817170000000000000e+05
6.833310000000000000e+05
6.858970000000000000e+05
6.875540000000000000e+05
6.892220000000000000e+05
6.921480000000000000e+05
6.940050000000000000e+05
6.960050000000000000e+05
6.979310000000000000e+05
6.997200000000000000e+05
7.023400000000000000e+05
7.038860000000000000e+05
7.058860000000000000e+05
7.082330000000000000e+05
7.104440000000000000e+05
7.117570000000000000e+05
7.145280000000000000e+05
7.163040000000000000e+05
7.184480000000000000e+05
7.206450000000000000e+05
7.223940000000000000e+05
7.241140000000000000e+05
7.266850000000000000e+05
7.281140000000000000e+05
7.307220000000000000e+05
7.330250000000000000e+05
7.348980000000000000e+05
7.372290000000000000e+05
7.383990000000000000e+05
7.404160000000000000e+05
7.430250000000000000e+05
7.450790000000000000e+05
7.474410000000000000e+05
7.488950000000000000e+05
7.512990000000000000e+05
7.530690000000000000e+05
7.554030000000000000e+05
7.576070000000000000e+05
7.594880000000000000e+05
7.613320000000000000e+05
7.638450000000000000e+05
7.656760000000000000e+05
7.678140000000000000e+05
7.694640000000000000e+05
7.720340000000000000e+05
7.737110000000000000e+05
7.760720000000000000e+05
7.778840000000000000e+05
7.801740000000000000e+05
7.821160000000000000e+05
7.836550000000000000e+05
7.857700000000000000e+05
7.884690000000000000e+05
7.904690000000000000e+05
7.922550000000000000e+05
7.945200000000000000e+05
7.965230000000000000e+05
7.982050000000000000e+05
8.005800000000000000e+05
8.027270000000000000e+05
8.042450000000000000e+05
8.068720000000000000e+05
8.087600000000000000e+05
8.103800000000000000e+05
8.129160000000000000e+05
8.148910000000000000e+05
8.168170000000000000e+05
8.187570000000000000e+05
8.209150000000000000e+05
8.231180000000000000e+05
8.249250000000000000e+05
8.271230000000000000e+05
8.292700000000000000e+05
8.309530000000000000e+05
8.331990000000000000e+05
8.351350000000000000e+05
8.373570000000000000e+05
8.394550000000000000e+05
8.414620000000000000e+05
8.431960000000000000e+05
8.456970000000000000e+05
8.475170000000000000e+05
8.499140000000000000e+05
8.518450000000000000e+05
8.537450000000000000e+05
8.558790000000000000e+05
8.581040000000000000e+05
8.597670000000000000e+05
8.616890000000000000e+05
8.635500000000000000e+05
8.661980000000000000e+05
8.676770000000000000e+05
8.695520000000000000e+05
8.721150000000000000e+05
8.737620000000000000e+05
8.762580000000000000e+05
8.785800000000000000e+05
8.805850000000000000e+05
8.823330000000000000e+05
8.839680000000000000e+05
8.865470000000000000e+05
8.888230000000000000e+05
8.901930000000000000e+05
8.928590000000000000e+05
8.943870000000000000e+05
8.964090000000000000e+05
8.984300000000000000e+05
9.010180000000000000e+05
9.027940000000000000e+05
9.050770000000000000e+05
9.063110000000000000e+05
9.089420000000000000e+05
9.113140000000000000e+05
9.131840000000000000e+05
9.153630000000000000e+05
9.172250000000000000e+05
9.187940000000000000e+05
9.215080000000000000e+05
9.233980000000000000e+05
9.247610000000000000e+05
9.276410000000000000e+05
9.294620000000000000e+05
9.316480000000000000e+05
9.338100000000000000e+05
9.359200000000000000e+05
9.375090000000000000e+05
9.392760000000000000e+05
9.417310000000000000e+05
9.440410000000000000e+05
9.454450000000000000e+05
9.480590000000000000e+05
9.496630000000000000e+05
9.516630000000000000e+05
9.541740000000000000e+05
9.557110000000000000e+05
9.582570000000000000e+05
9.602400000000000000e+05
9.622900000000000000e+05
9.644180000000000000e+05
9.665140000000000000e+05
9.680330000000000000e+05
9.704820000000000000e+05
9.719740000000000000e+05
9.744710000000000000e+05
9.763660000000000000e+05
9.782990000000000000e+05
9.805600000000000000e+05
9.821840000000000000e+05
9.849630000000000000e+05
9.867160000000000000e+05
9.887160000000000000e+05
9.908580000000000000e+05
9.931650000000000000e+05
9.946470000000000000e+05
9.972170000000000000e+05
9.985710000000000000e+05
1.000972000000000000e+06
1.003290000000000000e+06
1.004746000000000000e+06
1.007600000000000000e+06
1.009077000000000000e+06
1.011194000000000000e+06
1.013486000000000000e+06
1.015305000000000000e+06
1.017672000000000000e+06
1.019812000000000000e+06
1.021717000000000000e+06
1.023260000000000000e+06
1.025702000000000000e+06
1.027258000000000000e+06
1.029906000000000000e+06
1.031475000000000000e+06
1.033475000000000000e+06
1.036185000000000000e+06
1.038185000000000000e+06
1.039429000000000000e+06
1.041558000000000000e+06
1.044474000000000000e+06
1.046049000000000000e+06
1.048363000000000000e+06
1.050081000000000000e+06
1.052535000000000000e+06
1.054719000000000000e+06
1.056558000000000000e+06
1.058628000000000000e+06
1.060690000000000000e+06
1.062674000000000000e+06
1.064361000000000000e+06
1.066365000000000000e+06
1.068567000000000000e+06
1.070168000000000000e+06
1.072886000000000000e+06
1.074836000000000000e+06
1.076893000000000000e+06
1.078975000000000000e+06
1.081257000000000000e+06
1.083382000000000000e+06
1.085111000000000000e+06
1.087340000000000000e+06
1.088811000000000000e+06
1.091431000000000000e+06
1.093404000000000000e+06
1.095563000000000000e+06
1.097038000000000000e+06
1.099050000000000000e+06
1.101657000000000000e+06
1.103216000000000000e+06
1.105806000000000000e+06
1.107276000000000000e+06
1.109947000000000000e+06
1.111065000000000000e+06
1.113948000000000000e+06
1.115383000000000000e+06
1.117595000000000000e+06
1.120254000000000000e+06
1.122254000000000000e+06
1.124117000000000000e+06
1.126385000000000000e+06
1.128229000000000000e+06
1.130205000000000000e+06
1.131927000000000000e+06
1.134319000000000000e+06
1.136319000000000000e+06
1.138518000000000000e+06
1.139990000000000000e+06
1.142559000000000000e+06
1.144644000000000000e+06
1.146452000000000000e+06
1.148452000000000000e+06
1.150452000000000000e+06
1.152575000000000000e+06
1.154639000000000000e+06
1.156639000000000000e+06
1.158430000000000000e+06
1.161091000000000000e+06
1.163047000000000000e+06
1.164628000000000000e+06
1.167170000000000000e+06
1.168780000000000000e+06
1.170780000000000000e+06
1.172780000000000000e+06
1.174643000000000000e+06
1.176725000000000000e+06
1.178725000000000000e+06
1.181371000000000000e+06
1.183571000000000000e+06
1.185571000000000000e+06
1.187275000000000000e+06
1.189224000000000000e+06
1.191810000000000000e+06
1.193810000000000000e+06
1.195854000000000000e+06
1.197809000000000000e+06
1.199184000000000000e+06
1.201653000000000000e+06
1.203808000000000000e+06
1.205938000000000000e+06
1.207938000000000000e+06
1.209943000000000000e+06
1.211801000000000000e+06
1.214060000000000000e+06
1.215615000000000000e+06
1.217982000000000000e+06
1.220492000000000000e+06
1.222456000000000000e+06
1.224699000000000000e+06
1.226612000000000000e+06
1.228367000000000000e+06
1.230512000000000000e+06
1.232798000000000000e+06
1.234727000000000000e+06
1.236730000000000000e+06
1.238730000000000000e+06
1.240657000000000000e+06
1.243052000000000000e+06
1.244911000000000000e+06
1.246890000000000000e+06
1.248593000000000000e+06
1.251221000000000000e+06
1.253345000000000000e+06
1.255253000000000000e+06
1.257014000000000000e+06
1.259171000000000000e+06
1.261097000000000000e+06
1.263609000000000000e+06
1.265167000000000000e+06
1.267353000000000000e+06
1.269690000000000000e+06
1.271508000000000000e+06
1.273478000000000000e+06
1.275559000000000000e+06
1.277746000000000000e+06
1.279336000000000000e+06
1.281052000000000000e+06
1.284062000000000000e+06
1.285892000000000000e+06
1.287401000000000000e+06
1.290025000000000000e+06
1.292037000000000000e+06
1.293919000000000000e+06
1.295919000000000000e+06
1.298216000000000000e+06
1.300115000000000000e+06
1.302031000000000000e+06
1.304102000000000000e+06
1.306622000000000000e+06
1.308259000000000000e+06
1.310441000000000000e+06
1.312451000000000000e+06
1.314288000000000000e+06
1.316448000000000000e+06
1.318317000000000000e+06
1.320137000000000000e+06
1.322807000000000000e+06
1.324621000000000000e+06
1.326842000000000000e+06
1.328739000000000000e+06
1.330368000000000000e+06
1.333196000000000000e+06
1.335196000000000000e+06
1.336998000000000000e+06
1.339260000000000000e+06
1.341400000000000000e+06
1.343365000000000000e+06
1.344685000000000000e+06
1.347500000000000000e+06
1.348642000000000000e+06
1.350843000000000000e+06
1.353347000000000000e+06
1.355472000000000000e+06
1.356884000000000000e+06
1.359679000000000000e+06
1.361914000000000000e+06
1.363914000000000000e+06
1.365698000000000000e+06
1.367917000000000000e+06
1.369945000000000000e+06
1.371604000000000000e+06
1.374128000000000000e+06
1.376166000000000000e+06
1.377818000000000000e+06
1.379818000000000000e+06
1.382050000000000000e+06
1.384325000000000000e+06
1.385783000000000000e+06
1.388210000000000000e+06
1.390313000000000000e+06
1.392594000000000000e+06
1.394608000000000000e+06
1.396382000000000000e+06
1.398026000000000000e+06
1.400151000000000000e+06
1.402815000000000000e+06
1.404877000000000000e+06
1.406724000000000000e+06
1.408986000000000000e+06
1.410681000000000000e+06
1.412943000000000000e+06
1.414962000000000000e+06
1.417043000000000000e+06
1.418678000000000000e+06
1.420785000000000000e+06
1.423135000000000000e+06
1.425114000000000000e+06
1.427032000000000000e+06
1.429398000000000000e+06
1.430767000000000000e+06
1.433482000000000000e+06
1.434959000000000000e+06
1.437550000000000000e+06
1.439699000000000000e+06
1.441416000000000000e+06
1.443384000000000000e+06
1.445375000000000000e+06
1.447668000000000000e+06
1.449627000000000000e+06
1.451518000000000000e+06
1.454056000000000000e+06
1.455963000000000000e+06
1.457963000000000000e+06
1.459805000000000000e+06
1.461717000000000000e+06
1.464233000000000000e+06
1.465991000000000000e+06
1.467991000000000000e+06
1.470413000000000000e+06
1.472279000000000000e+06
1.473828000000000000e+06
1.475777000000000000e+06
1.478312000000000000e+06
1.480533000000000000e+06
1.482533000000000000e+06
1.484229000000000000e+06
1.486507000000000000e+06
1.488672000000000000e+06
1.490672000000000000e+06
1.492672000000000000e+06
1.494960000000000000e+06
1.496555000000000000e+06
1.498431000000000000e+06
1.501150000000000000e+06
1.502914000000000000e+06
1.505188000000000000e+06
1.506932000000000000e+06
1.508903000000000000e+06
1.511018000000000000e+06
1.512918000000000000e+06
1.515343000000000000e+06
1.516891000000000000e+06
1.518891000000000000e+06
1.521472000000000000e+06
1.523337000000000000e+06
1.525323000000000000e+06
1.527323000000000000e+06
1.529231000000000000e+06
1.531376000000000000e+06
1.533446000000000000e+06
1.535789000000000000e+06
1.537801000000000000e+06
1.539606000000000000e+06
1.541870000000000000e+06
1.544151000000000000e+06
1.545271000000000000e+06
1.548236000000000000e+06
1.550072000000000000e+06
1.551535000000000000e+06
1.554268000000000000e+06
1.556299000000000000e+06
1.558439000000000000e+06
1.560389000000000000e+06
1.561886000000000000e+06
1.564209000000000000e+06
1.566267000000000000e+06
1.568565000000000000e+06
1.570664000000000000e+06
1.572659000000000000e+06
1.574703000000000000e+06
1.576797000000000000e+06
1.578424000000000000e+06
1.580803000000000000e+06
1.582967000000000000e+06
1.584370000000000000e+06
1.586993000000000000e+06
1.589070000000000000e+06
1.591070000000000000e+06
1.592456000000000000e+06
1.594652000000000000e+06
1.597338000000000000e+06
1.599450000000000000e+06
1.600792000000000000e+06
1.602733000000000000e+06
1.605473000000000000e+06
1.607605000000000000e+06
1.609679000000000000e+06
1.611495000000000000e+06
1.613476000000000000e+06
1.615010000000000000e+06
1.617600000000000000e+06
1.619805000000000000e+06
1.621953000000000000e+06
1.623962000000000000e+06
1.625915000000000000e+06
1.627638000000000000e+06
1.630108000000000000e+06
1.631878000000000000e+06
1.634205000000000000e+06
1.635805000000000000e+06
1.637608000000000000e+06
1.640143000000000000e+06
1.642093000000000000e+06
1.643558000000000000e+06
1.646457000000000000e+06
1.648314000000000000e+06
1.650096000000000000e+06
1.652692000000000000e+06
1.654259000000000000e+06
1.656246000000000000e+06
1.658773000000000000e+06
1.660699000000000000e+06
1.662335000000000000e+06
1.664608000000000000e+06
1.666874000000000000e+06
1.669056000000000000e+06
1.671152000000000000e+06
1.673172000000000000e+06
1.675138000000000000e+06
1.676982000000000000e+06
1.679243000000000000e+06
1.681021000000000000e+06
1.683076000000000000e+06
1.684932000000000000e+06
1.686821000000000000e+06
1.689597000000000000e+06
1.691316000000000000e+06
1.692898000000000000e+06
1.695367000000000000e+06
1.697532000000000000e+06
1.699590000000000000e+06
1.701774000000000000e+06
1.703760000000000000e+06
1.705113000000000000e+06
1.707491000000000000e+06
1.709891000000000000e+06
1.711162000000000000e+06
1.714145000000000000e+06
1.716125000000000000e+06
1.717836000000000000e+06
1.720125000000000000e+06
1.721558000000000000e+06
1.724035000000000000e+06
1.726443000000000000e+06
1.728243000000000000e+06
1.729585000000000000e+06
1.732497000000000000e+06
1.734545000000000000e+06
1.736544000000000000e+06
1.738257000000000000e+06
1.740452000000000000e+06
1.742602000000000000e+06
1.744186000000000000e+06
1.746509000000000000e+06
1.748436000000000000e+06
1.750735000000000000e+06
1.752807000000000000e+06
1.755000000000000000e+06
1.757000000000000000e+06
1.759154000000000000e+06
1.760768000000000000e+06
1.762563000000000000e+06
1.765184000000000000e+06
1.766732000000000000e+06
1.769351000000000000e+06
1.771202000000000000e+06
1.773463000000000000e+06
1.775449000000000000e+06
1.777598000000000000e+06
1.779542000000000000e+06
1.781058000000000000e+06
1.783649000000000000e+06
1.784861000000000000e+06
1.787613000000000000e+06
1.789731000000000000e+06
1.791750000000000000e+06
1.793951000000000000e+06
1.795893000000000000e+06
1.797533000000000000e+06
1.799754000000000000e+06
1.801818000000000000e+06
1.803910000000000000e+06
1.805893000000000000e+06
1.808237000000000000e+06
1.810119000000000000e+06
1.811979000000000000e+06
1.813887000000000000e+06
1.816121000000000000e+06
1.818466000000000000e+06
1.820552000000000000e+06
1.822119000000000000e+06
1.824345000000000000e+06
1.826345000000000000e+06
1.828376000000000000e+06
1.830871000000000000e+06
1.832584000000000000e+06
1.834210000000000000e+06
1.836931000000000000e+06
1.838882000000000000e+06
1.840255000000000000e+06
1.843016000000000000e+06
1.844975000000000000e+06
1.846733000000000000e+06
1.849272000000000000e+06
1.850737000000000000e+06
1.853330000000000000e+06
1.854779000000000000e+06
1.856975000000000000e+06
1.859174000000000000e+06
1.861050000000000000e+06
1.863294000000000000e+06
1.865250000000000000e+06
1.866857000000000000e+06
1.869532000000000000e+06
1.870881000000000000e+06
1.873767000000000000e+06
1.875824000000000000e+06
1.877990000000000000e+06
1.879292000000000000e+06
1.881996000000000000e+06
1.884075000000000000e+06
1.886203000000000000e+06
1.888058000000000000e+06
1.890279000000000000e+06
1.891746000000000000e+06
1.894373000000000000e+06
1.896067000000000000e+06
1.898371000000000000e+06
1.900250000000000000e+06
1.902171000000000000e+06
1.904448000000000000e+06
1.906633000000000000e+06
1.907977000000000000e+06
1.910506000000000000e+06
1.912743000000000000e+06
1.914520000000000000e+06
1.916595000000000000e+06
1.918595000000000000e+06
1.920307000000000000e+06
1.922999000000000000e+06
1.924714000000000000e+06
1.926890000000000000e+06
1.928565000000000000e+06
1.930901000000000000e+06
1.932487000000000000e+06
1.935301000000000000e+06
1.937392000000000000e+06
1.939122000000000000e+06
1.941116000000000000e+06
1.943130000000000000e+06
1.945505000000000000e+06
1.947241000000000000e+06
1.949537000000000000e+06
1.951374000000000000e+06
1.953530000000000000e+06
1.955530000000000000e+06
1.957209000000000000e+06
1.959233000000000000e+06
1.961857000000000000e+06
1.963502000000000000e+06
1.965563000000000000e+06
1.967881000000000000e+06
1.969703000000000000e+06
1.971897000000000000e+06
1.974147000000000000e+06
1.976203000000000000e+06
1.978284000000000000e+06
1.979924000000000000e+06
1.982218000000000000e+06
1.984110000000000000e+06
1.986241000000000000e+06
1.988057000000000000e+06
1.989962000000000000e+06
1.992494000000000000e+06
1.994669000000000000e+06
1.996768000000000000e+06
1.998357000000000000e+06
2.000691000000000000e+06
