3.651549018158680155e+03
3.651956894238098357e+03
3.645847493842143649e+03
3.658204689294224863e+03
3.650307237425928179e+03
3.656039408409045336e+03
3.646278005390583530e+03
3.648225867888741959e+03
3.657090132954262572e+03
3.651422553720684846e+03
3.656030698366392699e+03
3.638412288695356438e+03
3.635481732816534986e+03
3.648799016526549622e+03
3.650452387255011217e+03
3.654473072873465753e+03
3.654831978193180930e+03
3.644917800419233572e+03
3.668817273926661983e+03
3.649629258364953330e+03
3.653269917262704439e+03
3.649749060754455968e+03
3.654720119676052036e+03
3.648322905270125830e+03
3.649418955538631508e+03
3.651002686598309992e+03
3.645403188387439059e+03
3.646404438263227348e+03
3.655023853623963987e+03
3.650986349056243398e+03
3.645474990313968192e+03
3.648948116933177516e+03
3.656811322975554504e+03
3.655067446122523506e+03
3.648849349256220648e+03
3.640672979519748424e+03
3.647540162529413465e+03
3.646546050588753133e+03
3.622802071820376113e+03
3.643897973791619734e+03
3.652469707903776907e+03
3.655213105821723730e+03
3.652206278220958666e+03
3.647896451222220094e+03
3.649017221484321453e+03
3.650044604124873331e+03
3.654929870688203664e+03
3.628161178023349748e+03
3.657431169885282088e+03
3.657958069994655489e+03
3.653664442483246148e+03
3.649377351253766392e+03
3.635903804024790588e+03
3.653039356984432288e+03
3.635743586205474458e+03
3.649525670962040749e+03
3.649318584497382290e+03
3.654126564352963669e+03
3.651010992339158292e+03
3.648664702902577119e+03
3.658852329175620980e+03
3.648614367059464712e+03
3.652174022821543076e+03
3.653502057625976249e+03
3.658452017456712838e+03
3.653833935099797145e+03
3.643864630660061266e+03
3.649312479307875947e+03
3.649344161684140090e+03
3.646698159420312095e+03
3.649351060194313504e+03
3.659577030000017658e+03
3.650023196280236789e+03
3.635468269072508519e+03
3.649046313425391418e+03
3.654002146350921976e+03
3.650179207984895129e+03
3.651954341863136506e+03
3.660284599880386850e+03
3.631222881076633257e+03
3.664672886041754282e+03
3.654601590008881431e+03
3.649929266857010134e+03
3.626210850859604307e+03
3.649356780927073942e+03
3.648260822620728050e+03
3.647993361312163870e+03
3.651737178139125263e+03
3.653281834919728681e+03
3.649766463194995595e+03
3.646947380420303489e+03
3.610805626713503443e+03
3.652322815715587240e+03
3.649454403525555790e+03
3.652574933354754648e+03
3.656558159011693533e+03
3.652143180616552854e+03
3.633922351185273328e+03
3.654039944988925527e+03
3.661906068102639438e+03
3.649958248546793584e+03
3.652516305140322856e+03
3.652853355302048385e+03
3.648340133535276436e+03
3.647071854756542507e+03
3.649349351294031749e+03
3.645700102767671979e+03
3.650818233104447245e+03
3.646154540159831868e+03
3.649776934392723433e+03
3.653616610599382057e+03
3.653217229153598510e+03
3.652160888922158392e+03
3.654613576368773010e+03
3.633928680053073094e+03
3.656601595309121876e+03
3.652382617420257247e+03
3.650614817879315524e+03
3.649483141023597454e+03
3.650594316983346744e+03
3.652405220310463392e+03
3.653365440575903449e+03
3.650017089628488066e+03
3.650155431172603130e+03
3.654621552386774511e+03
3.649126242258030288e+03
3.647836468257096385e+03
3.651671121006410431e+03
3.650964319218737273e+03
3.644004029178272958e+03
3.637878827801628177e+03
3.647959860046861195e+03
3.650066349223570342e+03
3.647641792044574686e+03
3.654860120626560274e+03
3.633887115104237637e+03
3.624503564280281807e+03
3.649742537884772901e+03
3.652725030797484123e+03
3.652653714454012515e+03
3.655122323529488312e+03
3.650781337403629550e+03
3.644568238634722547e+03
3.642322011866052890e+03
3.651712456000720067e+03
3.654818773564117237e+03
3.647968452662433265e+03
3.650687616179232464e+03
3.653930068247017971e+03
3.647045148007027365e+03
3.662812709926149637e+03
3.650392092050004976e+03
3.645405229284655888e+03
3.601790598152006623e+03
3.664622777803027475e+03
3.643909232446415444e+03
3.662863198784952147e+03
3.650994994636779211e+03
3.653331098963657041e+03
3.655888057279316854e+03
3.655919358205291701e+03
3.651748415572811609e+03
3.632182927017577640e+03
3.649441670061192326e+03
3.655040992502267272e+03
3.643158306147272469e+03
3.655419242167681659e+03
3.630575145185562178e+03
3.652642587817952062e+03
3.653115363529934257e+03
3.629558639015872814e+03
3.656685604012740896e+03
3.646308359621202726e+03
3.647647219926707294e+03
3.650839283146114212e+03
3.650529412589680760e+03
3.650946793762726884e+03
3.653171540591391931e+03
3.652536807737525578e+03
3.651473697324596287e+03
3.652449898003692851e+03
3.649568771260347603e+03
3.646415339126052459e+03
3.650320324604841062e+03
3.653462757052800043e+03
3.653905563215209440e+03
3.653860909616123536e+03
3.648898444529171684e+03
3.653160402562879426e+03
3.655520602518134638e+03
3.648512458448366033e+03
3.652436364339451302e+03
3.651025293518947819e+03
3.641746699848904882e+03
3.649325142858208892e+03
3.650553932243821237e+03
3.651366082117559472e+03
3.637858264321526804e+03
3.658013920655744187e+03
3.640906479115885304e+03
