1.439824880247611016e+00
2.030946385876382099e+00
3.599392412484342163e+00
6.220416685518546096e+00
9.146135469110893368e+00
1.171057896201499560e+01
1.391230917913595100e+01
1.616461251070109384e+01
1.718508980247813511e+01
1.875596322387487547e+01
1.978043836438304481e+01
2.057962390715792367e+01
2.096140905628766049e+01
2.149273728380391901e+01
2.204222873473068489e+01
2.275236362754932529e+01
2.320715388611240115e+01
2.368385192412595330e+01
2.448006036460144585e+01
2.527258167602493799e+01
2.648998590752459137e+01
2.764759860152383553e+01
2.881028471815836056e+01
3.027815895675384539e+01
3.197941251116289862e+01
3.359534298021139165e+01
3.528148743077458960e+01
3.714263781751355253e+01
3.866873619957267039e+01
4.097784094563124313e+01
4.229707628723146939e+01
4.392244785801403850e+01
4.590844830039877422e+01
4.647774249935780233e+01
4.766832700389426236e+01
4.884056575182520987e+01
4.997713225048789099e+01
5.064164730405497750e+01
5.130551980477239482e+01
5.199211543870475793e+01
5.240038238371990786e+01
5.247395061427326368e+01
5.500352142386304166e+01
5.598244975408826463e+01
5.697583113068439786e+01
5.844685233907011224e+01
5.917630558299894972e+01
6.023574023020260881e+01
6.090889586184763971e+01
6.036726788458145165e+01
6.144872896192885747e+01
6.227802108464236852e+01
6.212809317198535553e+01
6.256792736462229243e+01
6.239319180799530784e+01
6.177976264480731317e+01
6.255366045677600795e+01
6.351873134297275669e+01
6.486536744700114809e+01
6.736499056182312017e+01
6.804915386540815803e+01
6.851126436274402920e+01
6.989892672779409111e+01
7.011917450707707644e+01
6.960502439499617822e+01
7.001100188746433162e+01
7.008863209566003150e+01
6.842711374353811493e+01
6.841245751623131355e+01
6.743361214529744530e+01
6.597521143695323076e+01
6.495977188291143989e+01
6.438994498170413294e+01
6.281083280535677460e+01
6.353516050776462265e+01
6.444686994765731924e+01
6.447125952667720128e+01
6.566118510220579196e+01
6.521211053909046029e+01
6.509347954758455046e+01
6.592160729640644945e+01
6.524662701596830061e+01
6.436356414785937829e+01
6.665695604743325475e+01
6.792604181295706667e+01
6.836871883159994923e+01
6.845352774447628974e+01
6.927024539910216561e+01
7.069823593186498556e+01
7.114009058365638793e+01
7.273610298287300679e+01
7.300550152130796278e+01
7.489862566485065543e+01
7.618518801300101018e+01
7.774894134865191120e+01
7.781947794328699786e+01
7.775680436991355293e+01
7.871944723559346357e+01
7.952924397048946048e+01
8.016691143518502827e+01
8.090596476879071020e+01
8.155622785257227747e+01
8.210896476365179808e+01
8.352391188522952348e+01
8.543464456545994778e+01
8.527473293425737211e+01
8.644717577481429771e+01
8.576375913119260019e+01
8.597069138929050780e+01
8.678299977683528255e+01
8.793649495616018896e+01
8.756080081206903287e+01
8.895183056185837245e+01
8.961824173551335093e+01
8.975982584636740569e+01
9.106271267508451217e+01
9.250198684242973002e+01
9.352207541638752275e+01
9.394452064584378093e+01
9.589965371464873556e+01
9.589451886108346912e+01
9.705846988104414663e+01
9.926216156670652424e+01
1.009085634057128686e+02
1.030973171032800053e+02
1.023282844469364505e+02
1.023182676352946316e+02
1.025294443191298228e+02
1.015834050051314250e+02
1.011109723629364794e+02
9.943007446999763488e+01
9.854778156525786414e+01
9.797925186794401498e+01
9.607250450796249197e+01
9.592544952333405206e+01
9.461545244589204628e+01
9.275660532455326290e+01
8.984713426624902866e+01
8.878107800826438734e+01
8.947917528106721363e+01
8.955405479482674025e+01
9.018924171212589158e+01
9.126233204040843816e+01
9.405083309996557261e+01
9.605399500530785417e+01
9.721679861423066882e+01
9.768645636382457553e+01
9.892256976668106461e+01
9.976954451533389090e+01
1.001687337466872521e+02
1.001308056692065804e+02
1.018680589903946156e+02
1.033803831534072799e+02
1.039695917638651395e+02
1.033870904050983199e+02
1.029185042367138863e+02
1.029405417305040089e+02
1.040215891515034059e+02
1.020366133381921117e+02
9.982926773120840380e+01
9.895850743775476133e+01
9.579821900969645299e+01
9.662751158722727496e+01
9.749417808406971631e+01
9.757359296526146863e+01
9.884867331526851331e+01
9.773850568146532680e+01
9.990889589253680469e+01
9.980416105294969498e+01
1.024246692500283871e+02
1.050252127651723129e+02
1.049720855745958943e+02
1.050891762028989547e+02
1.062324624305070557e+02
1.064773772143662001e+02
1.069183870935979570e+02
1.085523142138509201e+02
1.115784039481526122e+02
1.124063173748891131e+02
1.140082813944964641e+02
1.146455414619990023e+02
1.157861743228799725e+02
1.150211063761662587e+02
1.154756881506295088e+02
1.164382811418245893e+02
1.179510835941631512e+02
1.154640817150094847e+02
1.138823271591209902e+02
1.167387577379242032e+02
1.170406833457001881e+02
1.193851244165745698e+02
1.202413807200831286e+02
1.200443058932119129e+02
1.210908685362148418e+02
1.213974776587406126e+02
1.200732973474702590e+02
1.200440306965994637e+02
1.195294932925111482e+02
1.199089148180759139e+02
1.228444621761374407e+02
1.243834718558798045e+02
1.258323133160167657e+02
1.252933579536365443e+02
1.275859147476048321e+02
1.292386566955396177e+02
1.294265222727762534e+02
1.300520635533227392e+02
1.287370131192579379e+02
1.276954907844012297e+02
1.251050575439904406e+02
1.247881641293619595e+02
1.250340856603206277e+02
1.255104375874648355e+02
1.277788981067012486e+02
1.291081309781462778e+02
1.304344704172366676e+02
1.317737044873393586e+02
1.329123922964161011e+02
1.317185209783105790e+02
1.303271361949699951e+02
1.305730362563187441e+02
1.319883369317090853e+02
1.328879499460969384e+02
1.329828080005090953e+02
1.336237795711488729e+02
1.344735002761229339e+02
1.358701105480749902e+02
1.376948799609998844e+02
1.408081350455780694e+02
1.425258272556802126e+02
1.437583494158685369e+02
1.446849049845527304e+02
1.422171787464525323e+02
1.411532266338869874e+02
1.386876489868703004e+02
1.359863536560277169e+02
1.382832865686858668e+02
1.362256166167583160e+02
1.360359521641479716e+02
1.375506196834992352e+02
1.385446462472512792e+02
1.385033292598003811e+02
1.375123439549563500e+02
1.402926827751226995e+02
1.420248284809935058e+02
1.419116875704436040e+02
1.432611228073907910e+02
1.393228371913488388e+02
1.385550255930629362e+02
1.383446874616661262e+02
1.388699262007503137e+02
1.391614260670313854e+02
1.407571227482270615e+02
1.408846804991761985e+02
1.418065984272451203e+02
1.434725833094292682e+02
1.405684947765959691e+02
1.410411902673478721e+02
1.392216844421644169e+02
1.409729062833981743e+02
1.398906444013052237e+02
1.385657191767656968e+02
1.400126676403442332e+02
1.379828881407752306e+02
1.412003183765389167e+02
1.409509861921433469e+02
1.394134581706051392e+02
1.406530282256789519e+02
1.408240222824281318e+02
1.411423244626299720e+02
1.425610422935322390e+02
1.408716851514301425e+02
1.420446728494211186e+02
1.428678386453516964e+02
1.447242250147934328e+02
1.443408395562747160e+02
1.455133512986889457e+02
1.487542093259812361e+02
1.499725489701835386e+02
1.511712179865084238e+02
1.468980452774770811e+02
1.461101998826515000e+02
1.440285069629606767e+02
1.433468013396108063e+02
1.376132971518821364e+02
1.394246122609033876e+02
1.382093235012850698e+02
1.352608587161810476e+02
1.365675279331755974e+02
1.353471950574686389e+02
1.369999908997419027e+02
1.365217864153100606e+02
1.378457350632618272e+02
1.333518112019023931e+02
1.321915884234195744e+02
1.306405193867514640e+02
1.310755928211962953e+02
1.313332366985940780e+02
1.320109724743006723e+02
1.331263639691924823e+02
1.335823060097707184e+02
1.363177292307340167e+02
1.370866807384837500e+02
1.408852006867394380e+02
1.450685109556286534e+02
1.465242177590628785e+02
1.455451121219041397e+02
1.489848792471593981e+02
1.523905683782450353e+02
1.522533269909598630e+02
1.559246313859516988e+02
1.586736679644802450e+02
1.618817258115632853e+02
1.591819562182041352e+02
1.592289218009719036e+02
1.589960771310724112e+02
1.595196959197018032e+02
1.566622143419829740e+02
1.559352981007064045e+02
1.554585283086852598e+02
1.537541824757373945e+02
1.536986917017863732e+02
1.591798246718344956e+02
1.584354557538709116e+02
1.577428722983748344e+02
1.477529364477163654e+02
1.469178367772530009e+02
1.450445090293855230e+02
1.454218322549449454e+02
1.467621166705797009e+02
1.423021302763545464e+02
1.417191889588774814e+02
1.444530893513505418e+02
1.445512244145284910e+02
1.477279322328908790e+02
1.499158696219016633e+02
1.541813190148064052e+02
1.557599383861933120e+02
1.567151564114505220e+02
1.604896809893342038e+02
1.660948567999007253e+02
1.688665021117609228e+02
1.706411802466795393e+02
1.728338920472872928e+02
1.721791904953397250e+02
1.778022601405761520e+02
1.816376732935360678e+02
1.762175452296689855e+02
1.767497055542223734e+02
1.759570726644806484e+02
1.796024018449204220e+02
1.829009972508414421e+02
1.848903991786718279e+02
1.871320947482704753e+02
1.857682994763412694e+02
1.843500642675469976e+02
1.839461992178044909e+02
1.860315619902276865e+02
1.827144748208220619e+02
1.827692257242861444e+02
1.812548842555605120e+02
1.836526271763802356e+02
1.829507359680361276e+02
1.804390118046323153e+02
1.783970709257888245e+02
1.755281158909654664e+02
1.764760328473749667e+02
1.766828032285484653e+02
1.786930048040102292e+02
1.815353683974089165e+02
1.832771986165089402e+02
1.814216915111723551e+02
1.821037542803011036e+02
1.847753708904459700e+02
1.879368459487546090e+02
1.867118666854259175e+02
1.863322408751385240e+02
1.902489740955956563e+02
1.878318249490606036e+02
1.852762888151304423e+02
1.889235240733173384e+02
1.888772795169035135e+02
1.914288980617054108e+02
1.877169266967088959e+02
1.882682189140956552e+02
1.809825183278528584e+02
1.797174985368917248e+02
1.775246951457530429e+02
1.781725512100773301e+02
1.813650065705004408e+02
1.824991078718973085e+02
1.806320104114352318e+02
1.804168150855644797e+02
1.759353877417648562e+02
1.738019021102440433e+02
1.717253089795653693e+02
1.682144277651497077e+02
1.639669757459527943e+02
1.651543891464181115e+02
1.648480160788577962e+02
1.631573834208382152e+02
1.623592140951339786e+02
1.661406762667162411e+02
1.644931827966031790e+02
1.650641773842241662e+02
1.646620284749062932e+02
1.681717637582528084e+02
1.687486199082296707e+02
1.702759774781019644e+02
1.721327502378483700e+02
1.782984913690976327e+02
1.797785881158994812e+02
1.793713892259456486e+02
1.809413872138255499e+02
1.822677102254463080e+02
1.826873978662898708e+02
1.826473216227728926e+02
1.818876676015968883e+02
1.842250181086854752e+02
1.867784868777813188e+02
1.851282541543096443e+02
1.848238372613326419e+02
1.868630226956413480e+02
1.869107160229997362e+02
1.895760725317140611e+02
1.870579260724880442e+02
1.843981886224602533e+02
1.827517829283304707e+02
1.818524495396064253e+02
1.776032029706574065e+02
1.778345207426608283e+02
1.760394543171098007e+02
1.748562445774905143e+02
1.726712134567567318e+02
1.692099658143077647e+02
1.683142094463096043e+02
1.668476030108429029e+02
1.657786345447718475e+02
1.619470854911825199e+02
1.646349598746967615e+02
1.630546494390423788e+02
1.634955857751834571e+02
1.628400491844985254e+02
1.621330920015623178e+02
1.589398599487875572e+02
1.602383015935454580e+02
1.589330826219862729e+02
1.605754368750965284e+02
1.623120836098018742e+02
1.646516248143434211e+02
1.630153820932195856e+02
1.646077719209607437e+02
1.632594433222374164e+02
1.616051394028452819e+02
1.641291029952787710e+02
1.647296885364227990e+02
1.633746220016253687e+02
1.633929667268312471e+02
1.629235402733848161e+02
1.624160835986814391e+02
1.609521552701687597e+02
1.585102873609523044e+02
1.570168718125826217e+02
1.554397184096946773e+02
1.541746577508861833e+02
1.561504064946466031e+02
1.579960442250196593e+02
1.594004444189669698e+02
1.568919796862602993e+02
1.586700975753162766e+02
1.570889186485620712e+02
1.579175915513614825e+02
1.586069688521092473e+02
1.618272676832846741e+02
1.647596404986674372e+02
1.673945611467495382e+02
1.677619300556856956e+02
1.701121636188382809e+02
1.720801680946922261e+02
1.722521629553928904e+02
1.696218668372136733e+02
1.692927399981695658e+02
1.648432581739610043e+02
1.651921094515599293e+02
1.664377424272125552e+02
1.665985192610195327e+02
1.658512821376130830e+02
1.696109991566678445e+02
1.727629074706282779e+02
1.681515586833701548e+02
1.671125912974252401e+02
1.706152817718501353e+02
1.683236577501094757e+02
1.707564856602118368e+02
1.689422772387516432e+02
1.675960886802172922e+02
1.655502490440290160e+02
1.615138232369740479e+02
1.625526661540322095e+02
1.593895373855702360e+02
1.602892968481496325e+02
1.604325070157827611e+02
1.652731174137588539e+02
1.681871416063939932e+02
1.684010042043038595e+02
1.716547392332826121e+02
1.733729398027316790e+02
1.782115491465689274e+02
1.826464842969028268e+02
1.833673382847638891e+02
1.828582813392000332e+02
1.833804925590844448e+02
1.818216198692526575e+02
1.816510331994355454e+02
1.855823160353386356e+02
1.871834478611001487e+02
1.872235253358082616e+02
1.869804308601192417e+02
1.858135650498834082e+02
1.860132927567334491e+02
1.859445433832208039e+02
1.891686914816300771e+02
1.871488872790131097e+02
1.853980257273487666e+02
1.865586154036658968e+02
1.866148112141740114e+02
1.848427404377011101e+02
1.798667866370625745e+02
1.752061361525619532e+02
1.781394907349642835e+02
1.779297684882340036e+02
1.766797556223312142e+02
1.777623148323479541e+02
1.748340062418119487e+02
1.729404805474306386e+02
1.741024294149907519e+02
1.755124499177801738e+02
1.764996657951947725e+02
1.750325025840841704e+02
1.717716601629804813e+02
1.740284224887543019e+02
1.762222645106907635e+02
1.761340313524325154e+02
1.782965885801853574e+02
1.794040591287510722e+02
1.806598787210217552e+02
1.802879956388392770e+02
1.786886472245864184e+02
1.814031790442748502e+02
1.839643443243556931e+02
1.860959138544732809e+02
1.869500235053059782e+02
1.901213716711798725e+02
1.934087359372741162e+02
1.967207682531413582e+02
1.984699851941479096e+02
1.972544173687279283e+02
1.961891153058067800e+02
1.960592304262576135e+02
1.968747965308798769e+02
1.973046176042188335e+02
1.985137063666619497e+02
1.980560618779078368e+02
1.992259526193464296e+02
1.984795244373414960e+02
1.957656240291078120e+02
1.990224089208473686e+02
1.965128433926879836e+02
1.935942357645419065e+02
1.909615940210735516e+02
1.883379595873135202e+02
1.909982148941080595e+02
1.907419980329975431e+02
1.935964290107912973e+02
1.939044795205865341e+02
1.947793329980791270e+02
1.956553947811486864e+02
1.927685593340954711e+02
1.922080532897402065e+02
1.915543882400596090e+02
1.891037601035636158e+02
1.875630129138919813e+02
1.901534894554317816e+02
1.882400396610600239e+02
1.844487621590517676e+02
1.849511269784521801e+02
1.854833029321935953e+02
1.826917856493658405e+02
1.814360730168401687e+02
1.811713118897450840e+02
1.822668973836782129e+02
1.810212290650433999e+02
1.839885302258541060e+02
1.865657608923110331e+02
1.859802202926301220e+02
1.882533748009163048e+02
1.875830850094298796e+02
1.871667543516725232e+02
1.900589768427325907e+02
1.874644428016682980e+02
1.856485465306751905e+02
1.835487005468258133e+02
1.871382059197753449e+02
1.844460618375736658e+02
1.806708480076771650e+02
1.820777379489569512e+02
1.830967881060324771e+02
1.821085447971303779e+02
1.861640227988954166e+02
1.905151831874867980e+02
1.899981273397762322e+02
1.865176964865309230e+02
1.884294255417181319e+02
1.902731227367122244e+02
1.926232998728304722e+02
1.955181890676558680e+02
1.960199934414448251e+02
1.972876308831774566e+02
1.979992345306052925e+02
2.000364448350345015e+02
1.997221287141688606e+02
1.992330656442140366e+02
2.033152861125565209e+02
2.038461422507955945e+02
2.060611718516151143e+02
2.091446209562579384e+02
2.098533857042293960e+02
2.091803580328735563e+02
2.104252006309295382e+02
2.129881643752449634e+02
2.075562532256672910e+02
2.051845970563126684e+02
2.089401268874330242e+02
2.081070180713252284e+02
2.055738434394643264e+02
2.055289748544058739e+02
1.965681873835773956e+02
1.977714203498833285e+02
2.004291306173087719e+02
1.980941818661859770e+02
1.937886412692435272e+02
1.915025377278442704e+02
1.928781844000754404e+02
1.924707470448697393e+02
1.876965857132576900e+02
1.844825893130778809e+02
1.829008063808926465e+02
1.809532382437759281e+02
1.812496568679765971e+02
1.767584303767393692e+02
1.759304361224756974e+02
1.748008522405033602e+02
1.765786248605159585e+02
1.761057310937959812e+02
1.780067142478579285e+02
1.787732566565281047e+02
1.841973982076434311e+02
1.814800581845384784e+02
1.876592569572858338e+02
1.917551476679491600e+02
1.944246657916340837e+02
1.964429557846392242e+02
1.967662548513004026e+02
1.994296793761129720e+02
2.001628328309170968e+02
1.968912245756910409e+02
2.007079374481996865e+02
2.013243888673983690e+02
2.053556274782621642e+02
2.045667513735047294e+02
2.040139297382739869e+02
2.055048101665767035e+02
2.066047338725633438e+02
2.081508179024061178e+02
2.088939049329824797e+02
2.095908238217074313e+02
2.114307852614815317e+02
2.115014967263193455e+02
2.156584201346640839e+02
2.142049784054547388e+02
2.116608095402950767e+02
2.112725552842665877e+02
2.086373620624758871e+02
2.098441988480370242e+02
2.094157143938914203e+02
2.097248430838230604e+02
2.083899005945173712e+02
2.063471031803011044e+02
2.070991715681395817e+02
2.098854708701335028e+02
2.113100729678483845e+02
2.103116736123945145e+02
2.111351768528233208e+02
2.140601629222960867e+02
2.175279551548229335e+02
2.186276118788809697e+02
2.196858831713296922e+02
2.192047268797139168e+02
2.155926395222568033e+02
2.174878819360996829e+02
2.168569000650742282e+02
2.151687908014468746e+02
2.127154875813380670e+02
2.161819359426069411e+02
2.180741356449368027e+02
2.148061466824822787e+02
2.128649377021482678e+02
2.100217045438612331e+02
2.101121645911144071e+02
2.091926987168644416e+02
2.103643744999641854e+02
2.101961743029137892e+02
2.090198564074315470e+02
2.074436980796834575e+02
2.044819144303257303e+02
2.013923551699545271e+02
1.985246764159910526e+02
1.946074612424629890e+02
1.920353439031316611e+02
1.878745569206009520e+02
1.843808730596199439e+02
1.841295716112714445e+02
1.842729969785279422e+02
1.824250721871229928e+02
1.828953927544993689e+02
1.809396655724353025e+02
1.841049995211756993e+02
1.858615704666967474e+02
1.859272377844298205e+02
1.822920265804821156e+02
1.832146188417447377e+02
1.828630384341143440e+02
1.811894377718258227e+02
1.803165093145604487e+02
1.769295798622372331e+02
1.766828907119153200e+02
1.756329878062364571e+02
1.742878883612685286e+02
1.765027505708292210e+02
1.728191572333313957e+02
1.723326149862111549e+02
1.751553398934104848e+02
1.737233037794372876e+02
1.768737196829786171e+02
1.769627540769064922e+02
1.734770608682250668e+02
1.733458488548980085e+02
1.702723383237758412e+02
1.715776274429846922e+02
1.687426291044344566e+02
1.653721500095474539e+02
1.636141392636678233e+02
1.625191992022520253e+02
1.614636442938552534e+02
1.603711740060938951e+02
1.582422818687868471e+02
1.592146549947578649e+02
1.622680838550795954e+02
1.647260968634559219e+02
1.594991363834072899e+02
1.610266645968462171e+02
1.636822359992138729e+02
1.646081184250294882e+02
1.640674721329395140e+02
1.608516154949664383e+02
1.625257321874879892e+02
1.633878810107534605e+02
1.652210910058298623e+02
1.631442308702850141e+02
1.631071268232334432e+02
1.662914807260353030e+02
1.664214526101252716e+02
1.656030927683938216e+02
1.658436069296950279e+02
1.624384334075808738e+02
1.643667898773785794e+02
1.653768760190546914e+02
1.663015151489645973e+02
1.710731856909822568e+02
1.659969761626252875e+02
1.639444212193643295e+02
1.667088645746244993e+02
1.649014032907278988e+02
1.659213570625540228e+02
1.657018144208614387e+02
1.641190990859591636e+02
1.676619824533502197e+02
1.683233076039504112e+02
1.657424953409441173e+02
1.690462168973656674e+02
1.684621788469231660e+02
1.716530171948076031e+02
1.756337284967790708e+02
1.740113183027415005e+02
1.746029646638477857e+02
1.754061819979871473e+02
1.772134462285918630e+02
1.802648615084525261e+02
1.820475846250242853e+02
1.853829704493143424e+02
1.860880377400473549e+02
1.850298421808896023e+02
1.898699502810421222e+02
1.937985585390972858e+02
1.896564092309056946e+02
1.928384813984121422e+02
1.948901851460036312e+02
1.966958713624018458e+02
1.974292322013426144e+02
2.013358751523909120e+02
2.030688022396802239e+02
2.033276406743634936e+02
2.044311837812017529e+02
2.053852148769483392e+02
2.071744718799669158e+02
2.091095536405671282e+02
2.110616742107214918e+02
2.097404922586123632e+02
2.117931168737841290e+02
2.085270867759713553e+02
2.081949249252005814e+02
2.092756427025116466e+02
2.077308669761215185e+02
2.083828257784463744e+02
2.091378082211179503e+02
2.112430073646272319e+02
2.124572201274416443e+02
2.152315291569571514e+02
2.183582881453262132e+02
2.157986661890492428e+02
2.170475194710168694e+02
2.188812270966891163e+02
2.133664377484309114e+02
2.159518309041163491e+02
2.192549814283690637e+02
2.206880479376234803e+02
2.147322494526140133e+02
2.185937002792659314e+02
2.171524011642781886e+02
2.132024747699511522e+02
2.159408937427709816e+02
2.169982821624015799e+02
2.184588745550379372e+02
2.209649268955164416e+02
2.158258688067997753e+02
2.162597456365027710e+02
2.175111453853621128e+02
2.200693125184573091e+02
2.193700204196018149e+02
2.224186995876142134e+02
2.232083799667732364e+02
2.261775202271041110e+02
2.304475522103083733e+02
2.298065566683170005e+02
2.292093269042374004e+02
2.281638859252824432e+02
2.283973047211994754e+02
2.304271875213976557e+02
2.315130430570561657e+02
2.289260469106560834e+02
2.255885934791172645e+02
2.240327118688729513e+02
2.243985502197060100e+02
2.214157143304242936e+02
2.211649596026085192e+02
2.245731645806608867e+02
2.249764110284341996e+02
2.262727205928179330e+02
2.250449519533884768e+02
2.276759994442003858e+02
2.295188781357710752e+02
2.283113272299517007e+02
2.299616703224918695e+02
2.302246693119955410e+02
2.284910361072552405e+02
2.289989688055253509e+02
2.326155139038384618e+02
2.299220669782311006e+02
2.259170079420584898e+02
2.274273470151167658e+02
2.231805697472328802e+02
2.215833922346496649e+02
2.188623400034460929e+02
2.202737081464177038e+02
2.238994867278613015e+02
2.231730073507312113e+02
2.245660396135175745e+02
2.281452211349902086e+02
2.264899693275636992e+02
2.276979803039490093e+02
2.260675956263894477e+02
2.265663416056035828e+02
2.295239055617868758e+02
2.314717576688981353e+02
2.308602125500859188e+02
2.321668987977854215e+02
2.262130060420008988e+02
2.253932385564791900e+02
2.251228525759260037e+02
2.283843705158996897e+02
2.253270173588638556e+02
2.220979779288618374e+02
2.220001418481032260e+02
2.223109665853143895e+02
2.240384344142881901e+02
2.193705381706714945e+02
2.181316043022497126e+02
2.190929552739288511e+02
2.134771040648097937e+02
2.132334330041729231e+02
2.099889198225768894e+02
2.125688525117517145e+02
2.131164913483640646e+02
2.086476231784350546e+02
2.009803935944581781e+02
2.005963351627585496e+02
1.985597530281043817e+02
1.987442394178018787e+02
1.992885784634084416e+02
1.942597275279334781e+02
1.947999853388106430e+02
1.934590193574064756e+02
1.951338480651972986e+02
1.974637323464325789e+02
1.972825916073897758e+02
1.973532145100892308e+02
1.958098856786408817e+02
1.965266346209650976e+02
1.986664969395469882e+02
1.903059609838022936e+02
1.904297521076658484e+02
1.892283345196429707e+02
1.889737372997944931e+02
1.897543952077781455e+02
1.908607916586643967e+02
1.877388941537678306e+02
1.800274501315725786e+02
1.812962643569186412e+02
1.841310289164511005e+02
1.843814837288984165e+02
1.819292626473584562e+02
1.784877371774126971e+02
1.751736231153254266e+02
1.726317128662463745e+02
1.742975287962060520e+02
1.741908120478265403e+02
1.756560344620624790e+02
1.743989923801202906e+02
1.709109579741077027e+02
1.736255979076437086e+02
1.705560097390905128e+02
1.715616430933035019e+02
1.724993557169017606e+02
1.702783266682422720e+02
1.685423316939852896e+02
1.680692855178066054e+02
1.682491247514406609e+02
1.710673563249706888e+02
1.744574704690025726e+02
1.748611670868993428e+02
1.783646096496171367e+02
1.732480880365024234e+02
1.723558216541202626e+02
1.754066581061559589e+02
1.771895642574237684e+02
1.788380975658349143e+02
1.785985246526769288e+02
1.784392361225909838e+02
1.782370138817681493e+02
1.727572238272453546e+02
1.721628784353664514e+02
1.751828000223289905e+02
1.729086164526392224e+02
1.740009599746091737e+02
1.740408575928532571e+02
1.734370566469953019e+02
1.750115979862421511e+02
