1.066775809640041643e+02
1.089142492917612373e+02
1.112264367917136525e+02
1.191999580305733133e+02
1.239683734628043936e+02
1.262845911441703493e+02
1.346441122514733877e+02
1.365362151974096605e+02
1.524442879497705974e+02
1.596474751258895139e+02
1.729773653961923969e+02
1.854273112598694979e+02
1.870216978923469924e+02
1.960220478087317986e+02
1.979687276867541357e+02
2.056609165907489682e+02
2.226999708000025180e+02
2.212461507483951664e+02
2.348312612899160001e+02
2.375119009546470750e+02
2.573899451743424152e+02
2.574947242765842930e+02
2.577541223357074500e+02
2.619449794167327354e+02
2.699031283602951135e+02
2.611762743716775503e+02
2.695452211163094489e+02
2.637441530491998947e+02
2.707501467003483526e+02
2.639052443867112174e+02
2.660565265219437379e+02
2.696445763597217820e+02
2.938150213971606490e+02
3.003218766793268060e+02
3.020220929037271276e+02
2.840909055213570582e+02
2.794645693910447335e+02
2.947477430733088681e+02
2.936746623409506469e+02
3.055988884878881322e+02
3.004955708833852555e+02
3.055087588722008718e+02
3.036457101453782457e+02
2.978809524683478003e+02
3.123216943155583181e+02
3.131225900927226462e+02
3.146968761985684182e+02
3.064877216817910721e+02
3.012852040514227951e+02
3.033415079509122165e+02
3.030848672499315057e+02
3.062190158770624748e+02
3.063577011109160821e+02
3.109161225532629373e+02
3.090804261195832510e+02
3.153274600962793102e+02
3.163883616081926675e+02
3.265441197604462786e+02
3.298990046073052440e+02
3.376468618602455081e+02
3.387826296232742038e+02
3.433633479645278612e+02
3.435228312172488359e+02
3.631808691983860058e+02
3.570867544162234140e+02
3.578968307773624815e+02
3.490146578682481504e+02
3.464908396197588445e+02
3.445623278690952702e+02
3.611499453619500741e+02
3.681421609563835773e+02
3.639159257620057701e+02
3.699181948052276994e+02
3.405763129342161051e+02
3.415752979508750968e+02
3.459058412195254846e+02
3.590897251362144971e+02
3.674355430649556524e+02
3.621013292206289975e+02
3.528636987650507422e+02
3.642639237042307059e+02
3.644670144972045023e+02
3.614602069296103082e+02
3.592386928245934428e+02
3.564145053978729720e+02
3.610072845707550186e+02
3.771519318496526694e+02
3.779300779973780777e+02
3.828993694325795332e+02
3.912112020835948556e+02
3.834299142828874096e+02
3.913155376516282331e+02
3.912358131564474206e+02
3.803676719388930110e+02
3.888826681667444518e+02
3.808429756695331321e+02
3.780426384645400617e+02
3.836363355837768268e+02
3.794143136998234240e+02
3.798583759541938889e+02
3.860798423180024201e+02
3.906534954562446842e+02
3.947014194570319319e+02
3.951982184185793585e+02
3.941225692512606997e+02
3.924261015837525974e+02
3.971806700788706053e+02
3.882630473636823467e+02
3.922107423882129638e+02
3.965870533837477865e+02
3.994790085714080305e+02
4.125992037549460747e+02
4.145446762971506587e+02
4.237841784436261605e+02
4.097608018300462049e+02
4.179372444168683387e+02
4.233102338220679712e+02
4.282469325100421429e+02
4.323191220732825855e+02
4.321711926851644989e+02
4.234510977132810581e+02
4.202452937847831436e+02
4.178574202161677249e+02
4.169936471330743188e+02
4.109402111930833144e+02
4.122057558349907822e+02
4.120843573331377456e+02
4.187589292003420383e+02
4.196708486601602885e+02
4.434282786789678994e+02
4.380326246965461792e+02
4.270618107203655995e+02
4.366907896587903224e+02
4.230827343968960577e+02
4.198530900079236972e+02
4.237956505796208262e+02
4.218312312143809777e+02
4.238959896006803092e+02
4.298943697503901831e+02
4.301139328546208844e+02
4.373073379948810953e+02
4.382482791521529748e+02
4.338645664571546376e+02
4.354086766184909152e+02
4.307367578812445004e+02
4.346668420382234217e+02
4.365121986090418318e+02
4.392448547493178808e+02
4.365180363612975043e+02
4.352660669166198204e+02
4.382011315905641595e+02
4.366483712141117621e+02
4.350119070432909325e+02
4.182922258804691182e+02
4.130521875406309960e+02
4.116632429020900759e+02
4.235314274846737703e+02
4.298872978853607947e+02
4.313783214917435771e+02
4.359127747596560880e+02
4.374452191710215061e+02
4.510607192626255255e+02
4.466311452843746679e+02
4.488037252262945458e+02
4.486627345371071556e+02
4.450949340651811781e+02
4.538191217185701589e+02
4.626528806918094574e+02
4.520244643961092379e+02
4.648097700429925112e+02
4.598259002037801224e+02
4.536531790215055935e+02
4.593905394267902125e+02
4.601184259200928750e+02
4.551569952968574171e+02
4.507272960038854421e+02
4.446860706250936346e+02
4.369031899722219805e+02
4.347190008635581080e+02
4.335983349739880168e+02
4.445132077682803811e+02
4.510106124146675484e+02
4.702368084964112995e+02
4.877924119758283155e+02
4.896817389465468295e+02
4.880269961395762834e+02
4.833890471750797815e+02
4.730310980215919017e+02
4.782524259366010142e+02
4.858192915873013362e+02
4.913772419948449510e+02
4.938875549356325223e+02
4.931713923697668633e+02
4.945286210154264950e+02
4.801389718198734045e+02
4.761328922975147862e+02
4.842498777992102532e+02
4.763986836860590302e+02
4.621971927731257210e+02
4.623211040093466977e+02
4.611885797964235962e+02
4.586820301776666611e+02
4.641429565514470710e+02
4.682511632267685968e+02
4.768226451300076860e+02
4.736569481020830494e+02
4.781945322158455269e+02
4.872514850776009325e+02
4.779176460178584875e+02
4.835493856002909752e+02
4.793546158110150373e+02
4.735617820902018025e+02
4.841667276287898858e+02
4.874542606619513663e+02
4.985647508994617851e+02
5.018391604870546985e+02
4.973403346753996175e+02
5.017857042912190195e+02
4.986186132999291090e+02
4.872808676208988459e+02
4.962412139675010962e+02
4.914986062593729912e+02
4.958211895587794515e+02
4.882322942738240954e+02
4.828042573010624778e+02
4.830767503332799038e+02
4.896742130376546243e+02
4.902976005578854597e+02
5.025629204278452562e+02
5.101319447641278657e+02
4.973254296107716073e+02
5.198518841584304937e+02
5.204617338639659465e+02
5.148329201597772453e+02
5.133224689980595485e+02
5.277883426138500909e+02
5.095916538044789377e+02
5.077783409494713851e+02
5.144471929665949119e+02
5.159668811201331664e+02
5.078749594365152120e+02
5.108679611932314515e+02
5.089184683022452873e+02
4.966037505275912736e+02
4.878380622139280831e+02
4.852987196360007260e+02
4.847794890945363022e+02
4.868522936554147122e+02
4.908019543329165799e+02
4.968814993010186072e+02
4.909663195617090992e+02
4.969982923699403159e+02
5.088166823977310287e+02
5.113601388487587087e+02
5.060797519126040243e+02
5.166870751757717244e+02
5.178467789687057348e+02
5.081856336957262101e+02
5.045484533355489134e+02
5.062800447369248786e+02
5.084993781772035959e+02
5.090519534103360115e+02
5.172915803018350971e+02
5.337816359149649088e+02
5.356473994906301641e+02
5.477754276035411749e+02
5.354137058223980148e+02
5.251904781241370301e+02
5.109687161191364453e+02
5.033998977223063207e+02
5.076223919533301796e+02
5.077747662846023786e+02
5.106799001111979806e+02
5.217910314409142529e+02
5.137016552814374108e+02
5.126196826400542932e+02
5.085262664985550600e+02
5.134048520809138836e+02
5.004261283474015158e+02
5.049923836198998401e+02
5.045614969128705525e+02
5.081807726882648240e+02
4.997100448281703393e+02
5.068486909235687676e+02
5.097282749893784626e+02
5.105828371305127007e+02
4.983918436147575335e+02
5.133523705227221399e+02
5.173882521066726667e+02
5.149260233816339678e+02
5.192598801552179566e+02
5.256634568461213348e+02
5.143358191590925799e+02
5.087538367310760918e+02
5.151756573306618066e+02
4.991498655656959613e+02
4.956483882889687607e+02
5.032239840984225907e+02
4.966669767266038207e+02
5.066546027013321805e+02
5.162599969372673741e+02
5.187372857948556657e+02
5.167628590436144123e+02
5.293141443212754211e+02
5.163776169820588393e+02
5.167698550134232391e+02
5.225888862042918390e+02
5.228446425552693881e+02
5.202363458378928271e+02
5.211789903801326318e+02
5.162035976553160026e+02
5.122368990390878025e+02
5.140057424795770658e+02
5.109240222716175026e+02
5.313774107788437959e+02
5.326126194557168674e+02
5.370387559935808213e+02
5.485458938988757609e+02
5.392484716772678439e+02
5.290408294185026534e+02
5.261155349417625757e+02
5.203615193941359394e+02
5.168424274928664772e+02
5.169493591659992262e+02
5.204094493797497307e+02
5.273123540429023706e+02
5.248422664264893456e+02
5.149612647347144048e+02
5.260879686328057687e+02
5.176241936257498537e+02
5.172623629222672434e+02
5.222912847663815228e+02
5.298617821880300198e+02
5.383594394095730422e+02
5.322625584500706282e+02
5.328794662690731911e+02
5.334396167534621327e+02
5.380389395479465975e+02
5.309102682672821629e+02
5.428728978671729237e+02
5.474008698736057568e+02
5.537505384928430203e+02
5.561209200774006831e+02
5.665483786537118931e+02
5.546951133429253105e+02
5.508452202415538750e+02
5.520946079209511481e+02
5.453884955980414588e+02
5.210453782091396988e+02
5.345149617632603167e+02
5.333370891744638129e+02
5.366743465361330436e+02
5.418864326787390837e+02
5.455826450611184555e+02
5.489480342301912970e+02
5.435976966991124755e+02
5.344739760109873714e+02
5.128832082437412510e+02
5.209584364296354124e+02
5.158273109236523624e+02
5.157950675789107891e+02
5.301030813772533747e+02
5.379777687024621855e+02
5.478671351944354910e+02
5.537995995325450167e+02
5.565542169051656174e+02
5.490916760497742644e+02
5.470219350166224785e+02
5.470588467143375055e+02
5.395877598912745725e+02
5.382358540761393897e+02
5.321855279295674563e+02
5.538939086724225263e+02
5.682541458160987986e+02
5.623889253989486861e+02
5.545436924252614972e+02
5.551861447369941516e+02
5.341888739120636274e+02
5.184580275274253154e+02
5.082226142299462595e+02
5.093475936994032054e+02
5.157351221257234783e+02
5.257588512721204097e+02
5.343830998940833297e+02
5.351288319968140286e+02
5.498255015496686156e+02
5.689886377306190752e+02
5.687346804026686868e+02
5.765247235400452155e+02
5.804513364950660161e+02
5.809041008167929476e+02
5.806926050385005738e+02
5.816239666339652103e+02
5.627746418973343907e+02
5.752113238096287660e+02
5.675408231922141340e+02
5.653315657211494454e+02
5.520923994752469071e+02
5.553705530791114597e+02
5.500770438845735271e+02
5.579443423746863573e+02
5.554944636130393292e+02
5.679859373265999238e+02
5.719671122759816626e+02
5.713010760402370352e+02
5.686580394454879297e+02
5.635860453111910147e+02
5.491814534784410853e+02
5.355509513669061334e+02
5.401778378399607163e+02
5.296550991794485981e+02
5.396754844754830174e+02
5.397841006304259963e+02
5.494485419396855832e+02
5.529722941420640154e+02
5.572932001337658221e+02
5.584136314955362650e+02
5.576759375380244137e+02
5.653992807189022187e+02
5.574472617988109278e+02
5.540096157771048411e+02
5.522383817205253536e+02
5.586370413438932019e+02
5.490860802280275266e+02
5.510348395359283131e+02
5.681417074040241459e+02
5.735414950529756197e+02
5.651094203461952930e+02
5.635386076164461429e+02
5.630577003566251051e+02
5.513388804481226089e+02
5.459737858109816671e+02
5.479013484958175013e+02
5.461131002827013390e+02
5.578535106112332187e+02
5.663802570438147086e+02
5.552911186016258398e+02
5.567694331198298414e+02
5.642882522330830852e+02
5.551116416693078008e+02
5.435593680852360876e+02
5.462237181975687008e+02
5.422201101462161432e+02
5.448121300224103152e+02
5.493001042556095399e+02
5.605963266751274432e+02
5.698441723349128551e+02
5.691954222741311469e+02
5.638214082305059947e+02
5.734421924825941232e+02
5.738285988245118006e+02
5.656531084959310647e+02
5.616729557087838884e+02
5.627562802463860407e+02
5.625291075023339999e+02
5.491486983021571859e+02
5.638618963605341605e+02
5.592081393573074592e+02
5.738114306669822327e+02
5.773954702253979576e+02
5.942358545600752677e+02
5.895535965459309864e+02
5.955168275473323547e+02
6.024290652955784253e+02
5.881492050452261537e+02
5.912747591414193948e+02
5.996379594344605266e+02
5.972016201320075197e+02
5.808976410443748364e+02
5.824125882696929466e+02
5.856303370496931393e+02
5.935899377353642876e+02
5.938838927506259324e+02
6.015631982923198393e+02
6.028234595242749947e+02
6.093528155460360267e+02
6.030536166233811173e+02
5.977278576862815953e+02
5.983391596896078681e+02
5.927600966337547561e+02
5.984446559074777952e+02
5.910454458324201141e+02
6.027842487308298587e+02
5.956682750823431434e+02
6.083972308671559404e+02
6.028682782017483532e+02
6.161832393133532833e+02
6.201530338808049692e+02
6.092701712758574786e+02
6.169748195305770651e+02
6.195343150145166646e+02
6.062454447713822674e+02
6.187478436057696172e+02
6.039766095107694355e+02
6.037513638760583490e+02
6.104205668073731204e+02
6.056485053374389054e+02
6.258149718228268057e+02
6.017695998711728862e+02
6.120343953949289926e+02
5.999315233578328161e+02
5.950007506327410738e+02
5.977114766576606826e+02
6.039621763197583277e+02
6.109182475161413777e+02
6.099471067087742995e+02
6.056504161204305774e+02
6.174962044951907956e+02
6.172931342821960925e+02
6.080868426382905909e+02
6.186045383254316903e+02
6.148739739979291699e+02
6.259046502389708166e+02
6.234793320713728235e+02
6.313400918926813574e+02
6.231594113976808558e+02
6.202824655585168330e+02
6.323367674049065954e+02
6.399444341630451163e+02
6.353904301736909019e+02
6.202388033195495609e+02
6.082107696307523383e+02
6.079005187303097273e+02
6.027472958520501152e+02
5.870142470410257829e+02
5.870066567777867022e+02
5.938518876031275795e+02
6.111903409985901590e+02
6.271509624740631352e+02
6.082336100052241363e+02
6.099513261505676383e+02
6.003257645589111462e+02
6.010127513472798455e+02
5.812635926492243925e+02
5.856054345884582517e+02
5.946374632911953313e+02
6.017596829630435877e+02
5.988830564271537469e+02
5.902546344479296749e+02
5.938915336553214956e+02
5.930802165322539850e+02
5.902397470148594039e+02
5.641065642635966242e+02
5.716836896408734674e+02
5.789008767772089641e+02
5.638431635361666849e+02
5.842218396067925141e+02
5.870873619689964471e+02
6.078502085962802539e+02
5.991532247515522158e+02
6.023439678689720722e+02
6.154149884640121400e+02
6.144474732528941558e+02
6.083307808152254665e+02
6.058499666617033199e+02
6.263621266347801111e+02
6.198161422483335627e+02
6.148996031032725114e+02
6.176430815164180785e+02
6.252157333742069341e+02
6.280416118870600712e+02
6.120607532354920295e+02
6.125684273124163610e+02
6.229344457434649485e+02
6.069519285925453005e+02
5.944017768227481611e+02
5.925866284593058708e+02
5.808949468916309797e+02
5.636040456837843067e+02
5.721395266477451287e+02
5.748546982386783384e+02
5.757167544081709138e+02
5.772102444926198359e+02
5.783909425640335940e+02
5.957258334068322938e+02
5.747751393255397261e+02
5.793118381244763668e+02
5.710257335869569033e+02
5.886598802279078200e+02
5.964595804498862890e+02
6.045739500985389441e+02
6.028788833496709003e+02
6.145687505842220162e+02
6.060700306276775109e+02
6.059265205289212872e+02
6.147157661006939406e+02
6.147941084679439427e+02
6.267170623461888681e+02
6.103677208393786486e+02
6.086300456295225558e+02
6.000529102487183764e+02
5.921467288416808969e+02
6.035214204871825814e+02
5.997117195474966138e+02
6.106249188121180396e+02
6.239089681967578827e+02
6.270680224745889291e+02
6.194305722690637594e+02
6.082950784997228766e+02
6.092188141181628680e+02
6.057880060572401817e+02
5.985597916914261987e+02
5.926728953496210579e+02
5.887958442253295743e+02
5.926387551896749528e+02
6.044849846919455558e+02
6.014781823774719669e+02
6.089345304010499831e+02
6.178103261228083056e+02
6.240186616934932999e+02
6.216268353953217911e+02
6.113684747813181275e+02
6.172367164340547561e+02
5.993908560886958412e+02
5.959815875157513574e+02
5.942936172650855724e+02
5.906193660456149246e+02
5.814982611919915598e+02
5.776417519152628302e+02
5.792326864479466622e+02
5.874587152938169083e+02
5.962043270133567603e+02
5.931460890087342932e+02
6.033786550004796254e+02
6.094427065222504325e+02
6.226531749917106708e+02
6.149805161260746900e+02
6.099963310034182769e+02
6.168138478412118957e+02
6.258021175365515774e+02
6.195014141046173108e+02
6.341750028919784654e+02
6.442310131211146427e+02
6.468224553896664020e+02
6.363070769347874602e+02
6.389750313022968840e+02
6.433379958261218690e+02
6.308526551095050081e+02
6.223154484303859135e+02
6.210582953875422163e+02
6.347895279969586682e+02
6.199038840802152208e+02
6.237132297323339571e+02
6.244190057419866662e+02
6.285387971932376558e+02
6.462072214734463387e+02
6.367335691512378162e+02
6.475172471451048750e+02
6.513879933925738897e+02
6.402068494237239520e+02
6.284859525350614149e+02
6.113641811033429576e+02
6.037601010646992563e+02
6.058206755418672174e+02
6.030095344523757603e+02
6.086481866194237682e+02
6.125221828475707753e+02
6.250725485949822087e+02
6.304892762175663847e+02
6.353127696260930861e+02
6.473492468188637758e+02
6.480005386118637034e+02
6.552951369241941393e+02
6.574681209385249758e+02
6.453346963513474748e+02
6.478463399135841883e+02
6.301682716692328086e+02
6.406098898454553137e+02
6.413024942431076170e+02
6.253285707449222173e+02
6.416720851796152374e+02
6.530952057044013372e+02
6.616925647386509581e+02
6.522681150384144075e+02
6.635387745606586805e+02
6.604871901098981652e+02
6.585981859737300965e+02
6.374395782454740811e+02
6.336772079279396621e+02
6.383320015512917962e+02
6.263216357783791182e+02
6.356462339748566137e+02
6.615989930319453833e+02
6.516716965358413063e+02
6.681214638292657355e+02
6.627602009868564892e+02
6.588879055941984006e+02
6.551668863539875929e+02
6.431209123743698228e+02
6.539451240670284733e+02
6.509404053188226271e+02
6.366891473760688314e+02
6.377745907095963958e+02
6.443480803087843469e+02
6.274758811727114107e+02
6.396256929935580047e+02
6.387047360733954520e+02
6.432467106590477215e+02
6.423646736234518357e+02
6.331814495246230763e+02
6.420086779341086185e+02
6.407486373966606834e+02
6.309251504553757286e+02
6.435707265533360442e+02
6.397411472674600645e+02
6.467306203563668987e+02
6.349947971736843328e+02
6.287692620523586129e+02
6.461717688366559287e+02
6.286134436052236651e+02
6.341930091275870609e+02
6.408049513845098772e+02
6.365431624588255772e+02
6.408413150984509912e+02
6.309429463395604216e+02
6.425007632890050218e+02
6.377953574422546126e+02
6.299342174734509854e+02
6.495988518157463432e+02
6.521666750463912194e+02
6.564415081618467411e+02
6.446325102730080516e+02
6.445682046261528058e+02
6.550122365978858170e+02
6.547557161746148040e+02
6.433149084868589398e+02
6.586387708099656493e+02
6.613459107522156728e+02
6.600637555978851196e+02
6.501801575983085968e+02
6.378226278356639796e+02
6.603305290754747148e+02
6.642441998230217450e+02
6.554891876770109320e+02
6.612525871147122416e+02
6.695486568745087652e+02
6.811558057489864950e+02
6.664157166212759194e+02
6.556106200767734435e+02
6.440343139790023770e+02
6.472432062814961000e+02
6.443815303513379149e+02
6.295208247603126210e+02
6.275183387409141460e+02
6.295218533745006653e+02
6.381332215912875654e+02
6.298083779743399191e+02
6.317949966913761273e+02
6.305429730333630687e+02
6.238379265517859267e+02
6.358748648850954623e+02
6.376388493338300805e+02
6.451188935014487242e+02
6.596428011882745750e+02
6.693082599282308820e+02
6.884097575365102557e+02
6.825235602282954233e+02
6.748924450072034915e+02
6.666830997379156543e+02
6.565296268988035990e+02
6.491055522225368577e+02
6.539293245713815850e+02
6.523117165785231464e+02
6.657193040773501025e+02
6.859415052466507632e+02
6.901972140888195781e+02
6.935537333462815468e+02
6.971938569082111599e+02
7.138234375594038283e+02
7.132131953435438163e+02
6.982940594626888924e+02
6.876120542500050306e+02
6.950778320278160436e+02
6.954228448477031179e+02
6.811266744204642691e+02
6.558322316704536661e+02
6.633431452641906390e+02
6.493856262766073542e+02
6.293283703557385707e+02
6.259580315076050283e+02
6.423521393297495479e+02
6.463932882333152747e+02
6.478921286041385201e+02
6.709011526596195836e+02
6.842354149448557337e+02
6.962375541273488579e+02
7.031693454563468322e+02
6.978676295994259817e+02
6.839036580768033673e+02
6.843038956899902132e+02
6.785675771934915019e+02
6.523224106647943472e+02
6.364093173367160716e+02
6.413573973763076310e+02
6.416631138476052456e+02
6.413330816440482067e+02
6.442524637170944288e+02
6.588331382007983166e+02
6.744413994365476128e+02
6.829416884256596632e+02
6.947013650942883487e+02
7.090535044234333100e+02
7.061309378841050375e+02
7.087809535006838360e+02
6.880950701118658799e+02
6.707660733676325435e+02
6.591914376859714366e+02
6.427216076851705111e+02
6.367737107439578494e+02
6.316772410497324017e+02
6.512633258343157650e+02
6.692313099631767273e+02
6.731742494201050704e+02
6.760188687551171824e+02
6.819671605394967173e+02
7.054537481708746327e+02
7.056937026732848608e+02
7.146428065890560219e+02
7.207145521724856962e+02
7.113309371326338351e+02
7.107305749606136942e+02
7.077533024215409796e+02
6.963425522825086773e+02
6.727506563698688069e+02
6.705050553011628836e+02
6.790682946664381916e+02
6.737053551017258997e+02
6.669073092634548630e+02
6.727794114055516275e+02
6.703485281394733875e+02
6.611862217840800895e+02
6.506640688227103055e+02
6.622184891282976196e+02
6.580545634810946467e+02
6.598148899076325051e+02
6.566301374815960799e+02
6.551951730597680807e+02
6.626849390247853080e+02
6.626255180259842064e+02
6.582208629699696303e+02
6.523106038456070337e+02
6.472607958853013770e+02
6.447424413615684671e+02
6.429165424714510664e+02
6.389802234919166040e+02
6.561218759662683624e+02
6.640198216653755026e+02
6.722104715093437335e+02
6.918534623424308165e+02
6.945163114970220022e+02
6.981259366214832198e+02
7.016967826472500747e+02
6.911721605822391439e+02
6.855833372035871207e+02
6.827537463893710310e+02
6.785549467944017579e+02
6.759735436406122062e+02
6.908274822544025255e+02
6.878276561982645489e+02
6.779421642877537124e+02
6.681438029084234813e+02
6.651771943976604007e+02
6.705267598812332608e+02
6.647188138008935994e+02
6.628292300152052121e+02
6.711968769554000573e+02
6.882979776602186348e+02
6.821143487320451868e+02
6.699208530083139976e+02
6.639495494635077648e+02
6.682462877908536711e+02
6.656131397654878583e+02
6.781452878299023723e+02
6.767728764526308396e+02
6.778945800581661842e+02
6.848504244721284522e+02
7.033517443985925865e+02
6.893063465938097352e+02
6.963400283900668910e+02
6.879614892314868939e+02
6.979912676229671433e+02
7.014543174075225807e+02
6.898142192041054841e+02
6.737470991648591507e+02
6.634080343859286586e+02
6.740507706449930083e+02
6.515244296062752483e+02
6.689864255265837301e+02
6.664199195211382403e+02
6.678660889160116767e+02
6.839852444407943040e+02
6.860611400001924949e+02
7.002783928344001652e+02
7.082887935059000029e+02
6.938935805152245848e+02
6.815060601441482504e+02
6.637476170402691196e+02
6.660722225082188288e+02
6.606709676134814799e+02
6.507546329275705830e+02
6.587698318506922988e+02
6.700834971081283129e+02
6.753368264168243513e+02
6.856584014867493124e+02
6.824658892566460509e+02
6.848117337552116624e+02
6.884069412234707670e+02
6.911082709511476878e+02
7.042717527662525754e+02
7.056167593096755581e+02
7.043737873816783122e+02
7.078139527383499399e+02
7.053534656184358482e+02
6.976711788112422710e+02
7.052591770353787979e+02
6.983147845319383578e+02
6.930853664005850305e+02
6.914392276555964827e+02
6.956865069007984630e+02
6.881511298791024274e+02
6.864282384573535865e+02
6.856362486457078376e+02
6.881825086407463914e+02
6.936765797111702341e+02
6.805103675750963248e+02
6.766951190616989606e+02
7.047035075105304713e+02
6.852312143973417733e+02
6.731483654028673982e+02
6.791553854196804423e+02
6.795235505498615112e+02
6.835267422756755877e+02
6.710009920689435603e+02
6.833623669878611508e+02
6.868365296841626559e+02
6.888198690168583198e+02
7.053190387285877705e+02
7.157437222172532074e+02
7.154666955049308399e+02
7.171340222996573175e+02
7.201782810225388403e+02
7.213320574210911218e+02
7.165312397409570622e+02
7.057836706741446733e+02
7.018733535233602652e+02
6.852839047996557156e+02
6.857105310470635686e+02
6.799842161038700397e+02
6.705922140265997768e+02
6.789302722159769701e+02
6.924566748085491099e+02
6.898955347342199502e+02
6.840288134156439810e+02
6.802654379623916157e+02
6.971092149388721282e+02
6.891378740131527820e+02
6.761878893154254229e+02
6.932859432753087958e+02
6.921149502269275899e+02
7.070455898576947220e+02
6.940739378418007846e+02
7.017333276437177574e+02
6.897090199411501317e+02
6.888107850623886179e+02
6.837743080247511216e+02
6.854065558413956296e+02
6.845220720019625560e+02
6.842509996463788866e+02
6.961150859856663828e+02
7.003404959133426928e+02
6.904351304848838708e+02
6.809043819630060170e+02
6.789257708305747201e+02
6.900059466762422744e+02
6.984717103943212351e+02
6.648275265549922324e+02
6.779186419456242447e+02
