2.034000000000000000e+03
4.082000000000000000e+03
6.133000000000000000e+03
8.179000000000000000e+03
1.019700000000000000e+04
1.228800000000000000e+04
1.429400000000000000e+04
1.635100000000000000e+04
1.842700000000000000e+04
2.046500000000000000e+04
2.251700000000000000e+04
2.453600000000000000e+04
2.659400000000000000e+04
2.864100000000000000e+04
3.071400000000000000e+04
3.274900000000000000e+04
3.478400000000000000e+04
3.685000000000000000e+04
3.887700000000000000e+04
4.094800000000000000e+04
4.298100000000000000e+04
4.498900000000000000e+04
4.708200000000000000e+04
4.914600000000000000e+04
5.115400000000000000e+04
5.324000000000000000e+04
5.520700000000000000e+04
5.727400000000000000e+04
5.937100000000000000e+04
6.137200000000000000e+04
6.346600000000000000e+04
6.551400000000000000e+04
6.751500000000000000e+04
6.958000000000000000e+04
7.168000000000000000e+04
7.368200000000000000e+04
7.573700000000000000e+04
7.780800000000000000e+04
7.981100000000000000e+04
8.191900000000000000e+04
8.392400000000000000e+04
8.596000000000000000e+04
8.800700000000000000e+04
9.005000000000000000e+04
9.211400000000000000e+04
9.415700000000000000e+04
9.621200000000000000e+04
9.829600000000000000e+04
1.003380000000000000e+05
1.023630000000000000e+05
1.044100000000000000e+05
1.063840000000000000e+05
1.085240000000000000e+05
1.105870000000000000e+05
1.125810000000000000e+05
1.145850000000000000e+05
1.166740000000000000e+05
1.187320000000000000e+05
1.207650000000000000e+05
1.227990000000000000e+05
1.248730000000000000e+05
1.269270000000000000e+05
1.290000000000000000e+05
1.310560000000000000e+05
1.330280000000000000e+05
1.351040000000000000e+05
1.371450000000000000e+05
1.392070000000000000e+05
1.412150000000000000e+05
1.433070000000000000e+05
1.453370000000000000e+05
1.474400000000000000e+05
1.494730000000000000e+05
1.515110000000000000e+05
1.535790000000000000e+05
1.555990000000000000e+05
1.576720000000000000e+05
1.597390000000000000e+05
1.616710000000000000e+05
1.638030000000000000e+05
1.658710000000000000e+05
1.679260000000000000e+05
1.699050000000000000e+05
1.719750000000000000e+05
1.740700000000000000e+05
1.760700000000000000e+05
1.781370000000000000e+05
1.802190000000000000e+05
1.821920000000000000e+05
1.842800000000000000e+05
1.863320000000000000e+05
1.883500000000000000e+05
1.904080000000000000e+05
1.924370000000000000e+05
1.945140000000000000e+05
1.965900000000000000e+05
1.985640000000000000e+05
2.006480000000000000e+05
2.026730000000000000e+05
2.047510000000000000e+05
2.067850000000000000e+05
2.088380000000000000e+05
2.109320000000000000e+05
2.129810000000000000e+05
2.149910000000000000e+05
2.170220000000000000e+05
2.191110000000000000e+05
2.211410000000000000e+05
2.232300000000000000e+05
2.252780000000000000e+05
2.272920000000000000e+05
2.293080000000000000e+05
2.313230000000000000e+05
2.334390000000000000e+05
2.354630000000000000e+05
2.375320000000000000e+05
2.396050000000000000e+05
2.415920000000000000e+05
2.436780000000000000e+05
2.456720000000000000e+05
2.478030000000000000e+05
2.498560000000000000e+05
2.518740000000000000e+05
2.539450000000000000e+05
2.559080000000000000e+05
2.579870000000000000e+05
2.599920000000000000e+05
2.620430000000000000e+05
2.641900000000000000e+05
2.662170000000000000e+05
2.682300000000000000e+05
2.702750000000000000e+05
2.723400000000000000e+05
2.744190000000000000e+05
2.763870000000000000e+05
2.785230000000000000e+05
2.805070000000000000e+05
2.825990000000000000e+05
2.846210000000000000e+05
2.866870000000000000e+05
2.887170000000000000e+05
2.907650000000000000e+05
2.928440000000000000e+05
2.948480000000000000e+05
2.969140000000000000e+05
2.989880000000000000e+05
3.010200000000000000e+05
3.030980000000000000e+05
3.051140000000000000e+05
3.071740000000000000e+05
3.092150000000000000e+05
3.112190000000000000e+05
3.132750000000000000e+05
3.153380000000000000e+05
3.174330000000000000e+05
3.194660000000000000e+05
3.215010000000000000e+05
3.235200000000000000e+05
3.255710000000000000e+05
3.276380000000000000e+05
3.296460000000000000e+05
3.317750000000000000e+05
3.337880000000000000e+05
3.358440000000000000e+05
3.378780000000000000e+05
3.398700000000000000e+05
3.419490000000000000e+05
3.440270000000000000e+05
3.461090000000000000e+05
3.480830000000000000e+05
3.501690000000000000e+05
3.521860000000000000e+05
3.542080000000000000e+05
3.563500000000000000e+05
3.583540000000000000e+05
3.603540000000000000e+05
3.624640000000000000e+05
3.644910000000000000e+05
3.665470000000000000e+05
3.685630000000000000e+05
3.706180000000000000e+05
3.726340000000000000e+05
3.746350000000000000e+05
3.767760000000000000e+05
3.788330000000000000e+05
3.809020000000000000e+05
3.829230000000000000e+05
3.849500000000000000e+05
3.870670000000000000e+05
3.890120000000000000e+05
3.910480000000000000e+05
3.931130000000000000e+05
3.952100000000000000e+05
3.972660000000000000e+05
3.993410000000000000e+05
4.013770000000000000e+05
4.034470000000000000e+05
4.054000000000000000e+05
4.075300000000000000e+05
4.095040000000000000e+05
4.116280000000000000e+05
4.136930000000000000e+05
4.157180000000000000e+05
4.177480000000000000e+05
4.197890000000000000e+05
4.218330000000000000e+05
4.238520000000000000e+05
4.258840000000000000e+05
4.279910000000000000e+05
4.300570000000000000e+05
4.320940000000000000e+05
4.341420000000000000e+05
4.361770000000000000e+05
4.382480000000000000e+05
4.402680000000000000e+05
4.422880000000000000e+05
4.443420000000000000e+05
4.464430000000000000e+05
4.484280000000000000e+05
4.505350000000000000e+05
4.525630000000000000e+05
4.546140000000000000e+05
4.566300000000000000e+05
4.586870000000000000e+05
4.607640000000000000e+05
4.627940000000000000e+05
4.648950000000000000e+05
4.668560000000000000e+05
4.689430000000000000e+05
4.709400000000000000e+05
4.730450000000000000e+05
4.751010000000000000e+05
4.771590000000000000e+05
4.791850000000000000e+05
4.812170000000000000e+05
4.832490000000000000e+05
4.853140000000000000e+05
4.873880000000000000e+05
4.893870000000000000e+05
4.914470000000000000e+05
4.935460000000000000e+05
4.955160000000000000e+05
4.976390000000000000e+05
4.996850000000000000e+05
5.017100000000000000e+05
5.037110000000000000e+05
5.058270000000000000e+05
5.077630000000000000e+05
5.098850000000000000e+05
5.119540000000000000e+05
5.139980000000000000e+05
5.160340000000000000e+05
5.181270000000000000e+05
5.201040000000000000e+05
5.221240000000000000e+05
5.242750000000000000e+05
5.262590000000000000e+05
5.283520000000000000e+05
5.303280000000000000e+05
5.324010000000000000e+05
5.344810000000000000e+05
5.365460000000000000e+05
5.385890000000000000e+05
5.405800000000000000e+05
5.426900000000000000e+05
5.446880000000000000e+05
5.467790000000000000e+05
5.487920000000000000e+05
5.508450000000000000e+05
5.529030000000000000e+05
5.549280000000000000e+05
5.570220000000000000e+05
5.590250000000000000e+05
5.610850000000000000e+05
5.631230000000000000e+05
5.651540000000000000e+05
5.671840000000000000e+05
5.692690000000000000e+05
5.713310000000000000e+05
5.733520000000000000e+05
5.754850000000000000e+05
5.774490000000000000e+05
5.795440000000000000e+05
5.815750000000000000e+05
5.836130000000000000e+05
5.856480000000000000e+05
5.876830000000000000e+05
5.897500000000000000e+05
5.917860000000000000e+05
5.938430000000000000e+05
5.958910000000000000e+05
5.979660000000000000e+05
6.000480000000000000e+05
6.020590000000000000e+05
6.041120000000000000e+05
6.061780000000000000e+05
6.081670000000000000e+05
6.102160000000000000e+05
6.123280000000000000e+05
6.143560000000000000e+05
6.164040000000000000e+05
6.184480000000000000e+05
6.204390000000000000e+05
6.224990000000000000e+05
6.245660000000000000e+05
6.266510000000000000e+05
6.287150000000000000e+05
6.307490000000000000e+05
6.328140000000000000e+05
6.347920000000000000e+05
6.368300000000000000e+05
6.388970000000000000e+05
6.409930000000000000e+05
6.430000000000000000e+05
6.449660000000000000e+05
6.470570000000000000e+05
6.491520000000000000e+05
6.512630000000000000e+05
6.533060000000000000e+05
6.552940000000000000e+05
6.573690000000000000e+05
6.593490000000000000e+05
6.614410000000000000e+05
6.635480000000000000e+05
6.655210000000000000e+05
6.675330000000000000e+05
6.696920000000000000e+05
6.717100000000000000e+05
6.737210000000000000e+05
6.758370000000000000e+05
6.778760000000000000e+05
6.799090000000000000e+05
6.819610000000000000e+05
6.839440000000000000e+05
6.860560000000000000e+05
6.880870000000000000e+05
6.901080000000000000e+05
6.921890000000000000e+05
6.941430000000000000e+05
6.962630000000000000e+05
6.983440000000000000e+05
7.004050000000000000e+05
7.024140000000000000e+05
7.044210000000000000e+05
7.064890000000000000e+05
7.085140000000000000e+05
7.106010000000000000e+05
7.126250000000000000e+05
7.147270000000000000e+05
7.167590000000000000e+05
7.188430000000000000e+05
7.208710000000000000e+05
7.228620000000000000e+05
7.249770000000000000e+05
7.268440000000000000e+05
7.290140000000000000e+05
7.311090000000000000e+05
7.331290000000000000e+05
7.351580000000000000e+05
7.372200000000000000e+05
7.392220000000000000e+05
7.413410000000000000e+05
7.433400000000000000e+05
7.453940000000000000e+05
7.474410000000000000e+05
7.495520000000000000e+05
7.515360000000000000e+05
7.536350000000000000e+05
7.556930000000000000e+05
7.577500000000000000e+05
7.597410000000000000e+05
7.618530000000000000e+05
7.638980000000000000e+05
7.659260000000000000e+05
7.678630000000000000e+05
7.700200000000000000e+05
7.720470000000000000e+05
7.741400000000000000e+05
7.761470000000000000e+05
7.782100000000000000e+05
7.802870000000000000e+05
7.822780000000000000e+05
7.843510000000000000e+05
7.863290000000000000e+05
7.884490000000000000e+05
7.904470000000000000e+05
7.925440000000000000e+05
7.946150000000000000e+05
7.965960000000000000e+05
7.986970000000000000e+05
8.006950000000000000e+05
8.027630000000000000e+05
8.048570000000000000e+05
8.068440000000000000e+05
8.089420000000000000e+05
8.109060000000000000e+05
8.130210000000000000e+05
8.149890000000000000e+05
8.170690000000000000e+05
8.191090000000000000e+05
8.210620000000000000e+05
8.232410000000000000e+05
8.252680000000000000e+05
8.273810000000000000e+05
8.293940000000000000e+05
8.314620000000000000e+05
8.335060000000000000e+05
8.355020000000000000e+05
8.375860000000000000e+05
8.396050000000000000e+05
8.416770000000000000e+05
8.437460000000000000e+05
8.457590000000000000e+05
8.477710000000000000e+05
8.499040000000000000e+05
8.519660000000000000e+05
8.538630000000000000e+05
8.560080000000000000e+05
8.580190000000000000e+05
8.600860000000000000e+05
8.621290000000000000e+05
8.642400000000000000e+05
8.662190000000000000e+05
8.683020000000000000e+05
8.703420000000000000e+05
8.723870000000000000e+05
8.743610000000000000e+05
8.765390000000000000e+05
8.785620000000000000e+05
8.805610000000000000e+05
8.825130000000000000e+05
8.846350000000000000e+05
8.867840000000000000e+05
8.887860000000000000e+05
8.908570000000000000e+05
8.928120000000000000e+05
8.948940000000000000e+05
8.969710000000000000e+05
8.990640000000000000e+05
9.010590000000000000e+05
9.030680000000000000e+05
9.051920000000000000e+05
9.071260000000000000e+05
9.092840000000000000e+05
9.113130000000000000e+05
9.133760000000000000e+05
9.153900000000000000e+05
9.174270000000000000e+05
9.194970000000000000e+05
9.215290000000000000e+05
9.235530000000000000e+05
9.255670000000000000e+05
9.277300000000000000e+05
9.297080000000000000e+05
9.317180000000000000e+05
9.338310000000000000e+05
9.359000000000000000e+05
9.379740000000000000e+05
9.399720000000000000e+05
9.419580000000000000e+05
9.440910000000000000e+05
9.461650000000000000e+05
9.481310000000000000e+05
9.502690000000000000e+05
9.522570000000000000e+05
9.542850000000000000e+05
9.563710000000000000e+05
9.584350000000000000e+05
9.604880000000000000e+05
9.624910000000000000e+05
9.645160000000000000e+05
9.665280000000000000e+05
9.686090000000000000e+05
9.707330000000000000e+05
9.726840000000000000e+05
9.748010000000000000e+05
9.768900000000000000e+05
9.788820000000000000e+05
9.808700000000000000e+05
9.829280000000000000e+05
9.850860000000000000e+05
9.871130000000000000e+05
9.891580000000000000e+05
9.912140000000000000e+05
9.931970000000000000e+05
9.952350000000000000e+05
9.973170000000000000e+05
9.993860000000000000e+05
1.001289000000000000e+06
1.003480000000000000e+06
1.005540000000000000e+06
1.007576000000000000e+06
1.009580000000000000e+06
1.011633000000000000e+06
1.013658000000000000e+06
1.015699000000000000e+06
1.017618000000000000e+06
1.019851000000000000e+06
1.021928000000000000e+06
1.023991000000000000e+06
1.026043000000000000e+06
1.028088000000000000e+06
1.030129000000000000e+06
1.032152000000000000e+06
1.034238000000000000e+06
1.036259000000000000e+06
1.038333000000000000e+06
1.040264000000000000e+06
1.042347000000000000e+06
1.044438000000000000e+06
1.046469000000000000e+06
1.048555000000000000e+06
1.050592000000000000e+06
1.052611000000000000e+06
1.054647000000000000e+06
1.056649000000000000e+06
1.058815000000000000e+06
1.060740000000000000e+06
1.062803000000000000e+06
1.064864000000000000e+06
1.066956000000000000e+06
1.069043000000000000e+06
1.071038000000000000e+06
1.073100000000000000e+06
1.075195000000000000e+06
1.077198000000000000e+06
1.079190000000000000e+06
1.081335000000000000e+06
1.083347000000000000e+06
1.085363000000000000e+06
1.087419000000000000e+06
1.089392000000000000e+06
1.091469000000000000e+06
1.093604000000000000e+06
1.095620000000000000e+06
1.097682000000000000e+06
1.099672000000000000e+06
1.101765000000000000e+06
1.103825000000000000e+06
1.105888000000000000e+06
1.107932000000000000e+06
1.109937000000000000e+06
1.112046000000000000e+06
1.114098000000000000e+06
1.116016000000000000e+06
1.118174000000000000e+06
1.120254000000000000e+06
1.122178000000000000e+06
1.124344000000000000e+06
1.126366000000000000e+06
1.128333000000000000e+06
1.130453000000000000e+06
1.132499000000000000e+06
1.134541000000000000e+06
1.136551000000000000e+06
1.138589000000000000e+06
1.140649000000000000e+06
1.142738000000000000e+06
1.144738000000000000e+06
1.146834000000000000e+06
1.148867000000000000e+06
1.150944000000000000e+06
1.152942000000000000e+06
1.155070000000000000e+06
1.157057000000000000e+06
1.159135000000000000e+06
1.161131000000000000e+06
1.163212000000000000e+06
1.165292000000000000e+06
1.167313000000000000e+06
1.169260000000000000e+06
1.171438000000000000e+06
1.173407000000000000e+06
1.175516000000000000e+06
1.177561000000000000e+06
1.179477000000000000e+06
1.181603000000000000e+06
1.183693000000000000e+06
1.185792000000000000e+06
1.187779000000000000e+06
1.189863000000000000e+06
1.191834000000000000e+06
1.193972000000000000e+06
1.195992000000000000e+06
1.197996000000000000e+06
1.200100000000000000e+06
1.202079000000000000e+06
1.204111000000000000e+06
1.206171000000000000e+06
1.208258000000000000e+06
1.210304000000000000e+06
1.212412000000000000e+06
1.214445000000000000e+06
1.216469000000000000e+06
1.218547000000000000e+06
1.220502000000000000e+06
1.222586000000000000e+06
1.224618000000000000e+06
1.226662000000000000e+06
1.228731000000000000e+06
1.230761000000000000e+06
1.232833000000000000e+06
1.234882000000000000e+06
1.236902000000000000e+06
1.238990000000000000e+06
1.241047000000000000e+06
1.243098000000000000e+06
1.245154000000000000e+06
1.247161000000000000e+06
1.249238000000000000e+06
1.251323000000000000e+06
1.253295000000000000e+06
1.255379000000000000e+06
1.257462000000000000e+06
1.259354000000000000e+06
1.261541000000000000e+06
1.263569000000000000e+06
1.265523000000000000e+06
1.267689000000000000e+06
1.269725000000000000e+06
1.271770000000000000e+06
1.273736000000000000e+06
1.275880000000000000e+06
1.277906000000000000e+06
1.279951000000000000e+06
1.282039000000000000e+06
1.283969000000000000e+06
1.286013000000000000e+06
1.288180000000000000e+06
1.290149000000000000e+06
1.292170000000000000e+06
1.294193000000000000e+06
1.296329000000000000e+06
1.298395000000000000e+06
1.300333000000000000e+06
1.302384000000000000e+06
1.304570000000000000e+06
1.306536000000000000e+06
1.308594000000000000e+06
1.310599000000000000e+06
1.312752000000000000e+06
1.314757000000000000e+06
1.316810000000000000e+06
1.318770000000000000e+06
1.320890000000000000e+06
1.322900000000000000e+06
1.325028000000000000e+06
1.327018000000000000e+06
1.329124000000000000e+06
1.331099000000000000e+06
1.333135000000000000e+06
1.335264000000000000e+06
1.337303000000000000e+06
1.339347000000000000e+06
1.341349000000000000e+06
1.343390000000000000e+06
1.345387000000000000e+06
1.347474000000000000e+06
1.349514000000000000e+06
1.351540000000000000e+06
1.353596000000000000e+06
1.355665000000000000e+06
1.357744000000000000e+06
1.359684000000000000e+06
1.361771000000000000e+06
1.363950000000000000e+06
1.365974000000000000e+06
1.368011000000000000e+06
1.370069000000000000e+06
1.372054000000000000e+06
1.374060000000000000e+06
1.376184000000000000e+06
1.378299000000000000e+06
1.380332000000000000e+06
1.382357000000000000e+06
1.384398000000000000e+06
1.386358000000000000e+06
1.388512000000000000e+06
1.390564000000000000e+06
1.392590000000000000e+06
1.394681000000000000e+06
1.396615000000000000e+06
1.398768000000000000e+06
1.400746000000000000e+06
1.402857000000000000e+06
1.404898000000000000e+06
1.406908000000000000e+06
1.408966000000000000e+06
1.410995000000000000e+06
1.413120000000000000e+06
1.415162000000000000e+06
1.417199000000000000e+06
1.419228000000000000e+06
1.421190000000000000e+06
1.423311000000000000e+06
1.425402000000000000e+06
1.427375000000000000e+06
1.429356000000000000e+06
1.431423000000000000e+06
1.433394000000000000e+06
1.435504000000000000e+06
1.437572000000000000e+06
1.439743000000000000e+06
1.441686000000000000e+06
1.443755000000000000e+06
1.445801000000000000e+06
1.447877000000000000e+06
1.449881000000000000e+06
1.451940000000000000e+06
1.454024000000000000e+06
1.455975000000000000e+06
1.458130000000000000e+06
1.460195000000000000e+06
1.462262000000000000e+06
1.464303000000000000e+06
1.466333000000000000e+06
1.468392000000000000e+06
1.470450000000000000e+06
1.472474000000000000e+06
1.474435000000000000e+06
1.476477000000000000e+06
1.478651000000000000e+06
1.480699000000000000e+06
1.482654000000000000e+06
1.484692000000000000e+06
1.486742000000000000e+06
1.488870000000000000e+06
1.490758000000000000e+06
1.492843000000000000e+06
1.495002000000000000e+06
1.497015000000000000e+06
1.499040000000000000e+06
1.501124000000000000e+06
1.503197000000000000e+06
1.505265000000000000e+06
1.507311000000000000e+06
1.509305000000000000e+06
1.511372000000000000e+06
1.513432000000000000e+06
1.515363000000000000e+06
1.517360000000000000e+06
1.519533000000000000e+06
1.521518000000000000e+06
1.523513000000000000e+06
1.525691000000000000e+06
1.527724000000000000e+06
1.529748000000000000e+06
1.531878000000000000e+06
1.533939000000000000e+06
1.535922000000000000e+06
1.538029000000000000e+06
1.539991000000000000e+06
1.542089000000000000e+06
1.544105000000000000e+06
1.546211000000000000e+06
1.548241000000000000e+06
1.550267000000000000e+06
1.552310000000000000e+06
1.554363000000000000e+06
1.556378000000000000e+06
1.558482000000000000e+06
1.560383000000000000e+06
1.562530000000000000e+06
1.564577000000000000e+06
1.566709000000000000e+06
1.568670000000000000e+06
1.570670000000000000e+06
1.572781000000000000e+06
1.574854000000000000e+06
1.576914000000000000e+06
1.578946000000000000e+06
1.580937000000000000e+06
1.583048000000000000e+06
1.584845000000000000e+06
1.587196000000000000e+06
1.589192000000000000e+06
1.591205000000000000e+06
1.593228000000000000e+06
1.595374000000000000e+06
1.597357000000000000e+06
1.599470000000000000e+06
1.601501000000000000e+06
1.603520000000000000e+06
1.605585000000000000e+06
1.607648000000000000e+06
1.609607000000000000e+06
1.611763000000000000e+06
1.613676000000000000e+06
1.615751000000000000e+06
1.617782000000000000e+06
1.619871000000000000e+06
1.621945000000000000e+06
1.624001000000000000e+06
1.626067000000000000e+06
1.628120000000000000e+06
1.630105000000000000e+06
1.632196000000000000e+06
1.634298000000000000e+06
1.636234000000000000e+06
1.638355000000000000e+06
1.640381000000000000e+06
1.642448000000000000e+06
1.644518000000000000e+06
1.646570000000000000e+06
1.648606000000000000e+06
1.650678000000000000e+06
1.652667000000000000e+06
1.654746000000000000e+06
1.656720000000000000e+06
1.658812000000000000e+06
1.660857000000000000e+06
1.662815000000000000e+06
1.664859000000000000e+06
1.667055000000000000e+06
1.669047000000000000e+06
1.671019000000000000e+06
1.673123000000000000e+06
1.675224000000000000e+06
1.677300000000000000e+06
1.679280000000000000e+06
1.681356000000000000e+06
1.683399000000000000e+06
1.685311000000000000e+06
1.687512000000000000e+06
1.689423000000000000e+06
1.691622000000000000e+06
1.693645000000000000e+06
1.695732000000000000e+06
1.697778000000000000e+06
1.699779000000000000e+06
1.701778000000000000e+06
1.703902000000000000e+06
1.705906000000000000e+06
1.707978000000000000e+06
1.709999000000000000e+06
1.712112000000000000e+06
1.714118000000000000e+06
1.716164000000000000e+06
1.718262000000000000e+06
1.720268000000000000e+06
1.722197000000000000e+06
1.724322000000000000e+06
1.726441000000000000e+06
1.728365000000000000e+06
1.730532000000000000e+06
1.732446000000000000e+06
1.734572000000000000e+06
1.736451000000000000e+06
1.738642000000000000e+06
1.740682000000000000e+06
1.742766000000000000e+06
1.744837000000000000e+06
1.746812000000000000e+06
1.748875000000000000e+06
1.751017000000000000e+06
1.753079000000000000e+06
1.755013000000000000e+06
1.757103000000000000e+06
1.759190000000000000e+06
1.761231000000000000e+06
1.763309000000000000e+06
1.765306000000000000e+06
1.767410000000000000e+06
1.769209000000000000e+06
1.771514000000000000e+06
1.773513000000000000e+06
1.775546000000000000e+06
1.777658000000000000e+06
1.779648000000000000e+06
1.781646000000000000e+06
1.783795000000000000e+06
1.785827000000000000e+06
1.787827000000000000e+06
1.789878000000000000e+06
1.791976000000000000e+06
1.793878000000000000e+06
1.796005000000000000e+06
1.798000000000000000e+06
1.799939000000000000e+06
1.802125000000000000e+06
1.804239000000000000e+06
1.806199000000000000e+06
1.808264000000000000e+06
1.810294000000000000e+06
1.812337000000000000e+06
1.814383000000000000e+06
1.816518000000000000e+06
1.818576000000000000e+06
1.820636000000000000e+06
1.822710000000000000e+06
1.824753000000000000e+06
1.826728000000000000e+06
1.828800000000000000e+06
1.830802000000000000e+06
1.832859000000000000e+06
1.834934000000000000e+06
1.836926000000000000e+06
1.838994000000000000e+06
1.840998000000000000e+06
1.843094000000000000e+06
1.845089000000000000e+06
1.847228000000000000e+06
1.849262000000000000e+06
1.851365000000000000e+06
1.853436000000000000e+06
1.855352000000000000e+06
1.857424000000000000e+06
1.859432000000000000e+06
1.861513000000000000e+06
1.863576000000000000e+06
1.865724000000000000e+06
1.867752000000000000e+06
1.869754000000000000e+06
1.871810000000000000e+06
1.873852000000000000e+06
1.875847000000000000e+06
1.877995000000000000e+06
1.879998000000000000e+06
1.882055000000000000e+06
1.884110000000000000e+06
1.886045000000000000e+06
1.888150000000000000e+06
1.890099000000000000e+06
1.892259000000000000e+06
1.894397000000000000e+06
1.896400000000000000e+06
1.898470000000000000e+06
1.900508000000000000e+06
1.902560000000000000e+06
1.904612000000000000e+06
1.906572000000000000e+06
1.908627000000000000e+06
1.910694000000000000e+06
1.912823000000000000e+06
1.914856000000000000e+06
1.916697000000000000e+06
1.918856000000000000e+06
1.921008000000000000e+06
1.923008000000000000e+06
1.925078000000000000e+06
1.927035000000000000e+06
1.929167000000000000e+06
1.931230000000000000e+06
1.933194000000000000e+06
1.935314000000000000e+06
1.937397000000000000e+06
1.939364000000000000e+06
1.941424000000000000e+06
1.943483000000000000e+06
1.945599000000000000e+06
1.947639000000000000e+06
1.949621000000000000e+06
1.951699000000000000e+06
1.953678000000000000e+06
1.955808000000000000e+06
1.957877000000000000e+06
1.959914000000000000e+06
1.961917000000000000e+06
1.963952000000000000e+06
1.966041000000000000e+06
1.967945000000000000e+06
1.970120000000000000e+06
1.972152000000000000e+06
1.974204000000000000e+06
1.976194000000000000e+06
1.978311000000000000e+06
1.980318000000000000e+06
1.982342000000000000e+06
1.984491000000000000e+06
1.986500000000000000e+06
1.988607000000000000e+06
1.990631000000000000e+06
1.992678000000000000e+06
1.994712000000000000e+06
1.996666000000000000e+06
1.998823000000000000e+06
2.000758000000000000e+06
