7.829999999999998073e-01
8.410000000000000808e-01
1.345000000000000195e+00
2.035000000000000142e+00
2.936999999999999389e+00
4.153999999999997250e+00
5.324999999999993960e+00
6.574999999999989519e+00
8.300999999999993051e+00
1.018899999999998762e+01
1.144799999999997908e+01
1.329999999999994920e+01
1.514899999999992275e+01
1.708199999999989416e+01
1.978099999999986380e+01
2.167599999999983496e+01
2.359499999999981057e+01
2.545099999999977669e+01
2.737199999999975120e+01
2.930399999999972493e+01
3.113499999999969603e+01
3.301599999999966428e+01
3.493599999999963757e+01
3.713999999999960977e+01
3.903699999999957981e+01
4.094199999999955963e+01
4.282699999999951501e+01
4.469899999999948648e+01
4.658699999999944907e+01
4.849099999999942412e+01
5.039799999999939928e+01
5.168899999999939610e+01
5.354899999999936711e+01
5.538199999999933709e+01
5.720299999999929952e+01
5.910999999999928178e+01
6.096599999999924790e+01
6.281299999999922790e+01
6.555099999999919191e+01
6.693999999999918771e+01
6.885199999999915121e+01
7.060599999999912768e+01
7.238199999999909551e+01
7.471899999999908459e+01
7.647899999999906129e+01
7.834199999999901820e+01
7.932799999999902241e+01
8.165299999999898262e+01
8.314499999999895863e+01
8.470799999999891838e+01
8.648499999999889098e+01
8.796599999999891395e+01
8.975599999999886336e+01
9.152699999999884994e+01
9.222999999999879606e+01
9.364899999999877878e+01
9.422199999999877207e+01
9.422199999999877207e+01
9.422199999999877207e+01
9.390799999999879333e+01
9.411699999999876809e+01
9.411699999999876809e+01
9.411699999999876809e+01
9.411699999999876809e+01
9.411699999999876809e+01
9.411699999999876809e+01
9.411699999999876809e+01
9.411699999999876809e+01
9.411699999999876809e+01
9.477299999999875979e+01
9.477299999999875979e+01
9.477299999999875979e+01
9.475799999999875922e+01
9.475799999999875922e+01
9.475799999999875922e+01
9.475799999999875922e+01
9.475799999999875922e+01
9.560099999999874854e+01
9.695099999999871443e+01
9.695099999999871443e+01
9.695099999999871443e+01
9.695099999999871443e+01
9.611399999999872534e+01
9.611399999999872534e+01
9.611399999999872534e+01
9.611399999999872534e+01
9.647199999999870101e+01
9.647199999999870101e+01
9.647199999999870101e+01
9.647199999999870101e+01
9.647199999999870101e+01
9.691199999999868453e+01
9.691199999999868453e+01
9.766599999999867521e+01
9.766599999999867521e+01
9.787899999999866907e+01
9.787899999999866907e+01
9.654199999999873683e+01
9.683499999999871477e+01
9.749699999999866407e+01
9.749699999999866407e+01
9.749699999999866407e+01
9.749699999999866407e+01
9.749699999999866407e+01
9.749699999999866407e+01
9.749699999999866407e+01
9.749699999999866407e+01
9.781099999999864281e+01
9.781099999999864281e+01
9.781099999999864281e+01
9.781099999999864281e+01
9.781099999999864281e+01
9.781099999999864281e+01
9.781099999999864281e+01
9.781099999999864281e+01
9.781099999999864281e+01
9.781099999999865702e+01
9.781099999999864281e+01
9.781099999999865702e+01
9.782599999999864337e+01
9.782599999999865759e+01
9.782599999999864337e+01
9.782599999999865759e+01
9.782599999999864337e+01
9.782599999999865759e+01
9.782599999999864337e+01
9.782599999999865759e+01
9.782599999999864337e+01
9.782599999999865759e+01
9.782599999999864337e+01
9.866299999999864667e+01
9.866299999999864667e+01
9.866299999999864667e+01
9.866299999999864667e+01
9.866299999999864667e+01
9.866299999999864667e+01
9.866299999999864667e+01
9.866299999999864667e+01
9.866299999999864667e+01
9.866299999999864667e+01
9.866299999999864667e+01
9.771399999999866282e+01
9.771399999999866282e+01
9.771399999999864860e+01
9.771399999999864860e+01
9.841899999999863269e+01
9.905099999999860927e+01
9.905099999999860927e+01
9.905099999999860927e+01
9.905099999999860927e+01
9.905099999999860927e+01
9.905099999999860927e+01
9.905099999999860927e+01
9.905099999999860927e+01
9.905099999999860927e+01
9.905099999999860927e+01
9.905099999999860927e+01
9.905099999999860927e+01
9.758299999999863417e+01
9.758299999999863417e+01
9.758299999999864838e+01
9.758299999999864838e+01
9.744599999999866213e+01
9.744599999999866213e+01
9.744599999999863371e+01
9.744599999999863371e+01
9.744599999999863371e+01
9.713799999999866941e+01
9.713799999999866941e+01
9.713799999999866941e+01
9.713799999999868362e+01
9.628699999999868453e+01
9.628699999999868453e+01
9.628699999999865611e+01
9.628699999999865611e+01
9.628699999999865611e+01
9.628699999999865611e+01
9.628699999999865611e+01
9.628699999999865611e+01
9.628699999999865611e+01
9.628699999999865611e+01
9.628699999999865611e+01
9.570799999999870522e+01
9.570799999999867680e+01
9.570799999999867680e+01
9.570799999999867680e+01
9.570799999999867680e+01
9.570799999999867680e+01
9.665699999999867487e+01
9.665699999999867487e+01
9.665699999999867487e+01
9.665699999999867487e+01
9.665699999999867487e+01
9.665699999999867487e+01
9.662299999999866884e+01
9.662299999999868305e+01
9.642999999999868521e+01
9.642999999999868521e+01
9.642999999999868521e+01
9.642999999999868521e+01
9.642999999999868521e+01
9.642999999999868521e+01
9.642999999999868521e+01
9.556699999999871409e+01
9.556699999999871409e+01
9.626799999999867907e+01
9.703499999999868919e+01
9.703499999999868919e+01
9.703499999999868919e+01
9.717199999999866122e+01
9.717199999999866122e+01
9.717199999999866122e+01
9.717199999999866122e+01
9.717199999999866122e+01
9.717199999999866122e+01
9.747999999999865395e+01
9.747999999999865395e+01
9.747999999999865395e+01
9.747999999999865395e+01
9.833099999999863883e+01
9.833099999999863883e+01
9.833099999999863883e+01
9.833099999999863883e+01
9.833099999999863883e+01
9.833099999999863883e+01
9.833099999999863883e+01
9.833099999999863883e+01
9.833099999999863883e+01
9.833099999999863883e+01
9.833099999999863883e+01
9.890999999999861814e+01
9.890999999999861814e+01
9.890999999999861814e+01
9.890999999999861814e+01
9.890999999999861814e+01
9.890999999999861814e+01
9.890999999999861814e+01
9.890999999999861814e+01
9.890999999999861814e+01
9.890999999999861814e+01
9.890999999999861814e+01
9.890999999999861814e+01
9.894399999999863837e+01
9.894399999999863837e+01
9.894399999999863837e+01
9.913699999999862200e+01
9.913699999999862200e+01
9.913699999999862200e+01
9.913699999999862200e+01
9.913699999999862200e+01
9.913699999999862200e+01
9.913699999999862200e+01
9.999999999999859313e+01
9.999999999999859313e+01
9.999999999999859313e+01
9.999999999999859313e+01
9.999999999999859313e+01
9.999999999999859313e+01
9.999999999999859313e+01
9.999999999999859313e+01
9.999999999999859313e+01
9.999999999999859313e+01
9.999999999999859313e+01
9.999999999999859313e+01
9.999999999999859313e+01
9.999999999999859313e+01
9.999999999999859313e+01
9.999999999999859313e+01
9.999999999999859313e+01
9.999999999999859313e+01
9.999999999999859313e+01
9.999999999999859313e+01
9.999999999999859313e+01
9.999999999999859313e+01
9.999999999999859313e+01
9.999999999999859313e+01
9.999999999999859313e+01
9.999999999999859313e+01
9.999999999999859313e+01
9.999999999999859313e+01
9.999999999999859313e+01
9.999999999999859313e+01
9.999999999999859313e+01
9.999999999999859313e+01
9.999999999999859313e+01
9.999999999999859313e+01
9.999999999999859313e+01
9.999999999999859313e+01
9.999999999999859313e+01
9.999999999999859313e+01
9.999999999999859313e+01
9.999999999999859313e+01
9.999999999999859313e+01
9.999999999999859313e+01
9.999999999999859313e+01
9.999999999999859313e+01
9.999999999999859313e+01
9.999999999999859313e+01
9.999999999999859313e+01
9.999999999999859313e+01
9.999999999999859313e+01
9.999999999999859313e+01
9.999999999999859313e+01
9.999999999999859313e+01
9.999999999999859313e+01
9.999999999999859313e+01
9.999999999999859313e+01
9.999999999999859313e+01
9.999999999999859313e+01
9.999999999999859313e+01
9.999999999999859313e+01
9.999999999999859313e+01
9.999999999999859313e+01
9.999999999999859313e+01
9.999999999999859313e+01
9.999999999999859313e+01
9.999999999999859313e+01
9.999999999999859313e+01
9.999999999999859313e+01
9.999999999999859313e+01
9.999999999999859313e+01
9.999999999999859313e+01
9.999999999999859313e+01
9.999999999999859313e+01
9.999999999999859313e+01
9.999999999999859313e+01
9.999999999999859313e+01
9.999999999999859313e+01
9.999999999999859313e+01
9.999999999999859313e+01
9.999999999999859313e+01
9.999999999999859313e+01
9.999999999999859313e+01
9.999999999999859313e+01
9.999999999999859313e+01
9.999999999999859313e+01
9.999999999999859313e+01
9.999999999999859313e+01
9.999999999999859313e+01
9.999999999999859313e+01
9.999999999999859313e+01
9.999999999999859313e+01
9.999999999999859313e+01
9.999999999999859313e+01
9.999999999999859313e+01
9.999999999999859313e+01
9.999999999999859313e+01
9.999999999999859313e+01
9.999999999999859313e+01
9.999999999999859313e+01
9.999999999999859313e+01
9.999999999999859313e+01
9.999999999999859313e+01
9.999999999999859313e+01
9.999999999999859313e+01
9.999999999999859313e+01
9.999999999999859313e+01
9.999999999999859313e+01
9.999999999999859313e+01
9.999999999999859313e+01
9.999999999999859313e+01
9.999999999999859313e+01
9.999999999999859313e+01
9.999999999999859313e+01
9.999999999999859313e+01
9.999999999999859313e+01
9.999999999999859313e+01
9.999999999999859313e+01
9.999999999999859313e+01
9.999999999999859313e+01
9.999999999999859313e+01
9.999999999999859313e+01
9.999999999999859313e+01
9.999999999999859313e+01
9.999999999999859313e+01
9.999999999999859313e+01
9.999999999999859313e+01
9.999999999999859313e+01
9.999999999999859313e+01
9.999999999999859313e+01
9.999999999999859313e+01
9.999999999999859313e+01
9.999999999999859313e+01
9.999999999999859313e+01
9.999999999999859313e+01
9.999999999999859313e+01
9.999999999999859313e+01
9.999999999999859313e+01
9.999999999999859313e+01
9.999999999999859313e+01
9.999999999999859313e+01
9.999999999999859313e+01
9.999999999999859313e+01
9.999999999999859313e+01
9.999999999999859313e+01
9.999999999999859313e+01
9.999999999999859313e+01
9.999999999999859313e+01
9.999999999999859313e+01
9.999999999999859313e+01
9.999999999999859313e+01
9.999999999999859313e+01
9.999999999999859313e+01
9.999999999999859313e+01
9.999999999999859313e+01
9.999999999999859313e+01
9.999999999999859313e+01
9.999999999999859313e+01
9.999999999999859313e+01
9.999999999999859313e+01
9.999999999999859313e+01
9.999999999999859313e+01
9.999999999999859313e+01
9.999999999999859313e+01
9.999999999999859313e+01
9.999999999999859313e+01
9.999999999999859313e+01
9.999999999999859313e+01
9.999999999999859313e+01
9.999999999999859313e+01
9.999999999999859313e+01
9.999999999999859313e+01
9.999999999999859313e+01
9.999999999999859313e+01
9.999999999999859313e+01
9.999999999999859313e+01
9.999999999999859313e+01
9.999999999999859313e+01
9.999999999999859313e+01
9.999999999999859313e+01
9.999999999999859313e+01
9.999999999999859313e+01
9.999999999999859313e+01
9.999999999999859313e+01
9.999999999999859313e+01
9.999999999999859313e+01
9.999999999999859313e+01
9.999999999999859313e+01
9.999999999999859313e+01
9.999999999999859313e+01
9.999999999999859313e+01
9.999999999999859313e+01
9.999999999999859313e+01
9.999999999999859313e+01
9.999999999999859313e+01
9.999999999999859313e+01
9.999999999999859313e+01
9.999999999999859313e+01
9.999999999999859313e+01
9.999999999999859313e+01
9.999999999999859313e+01
9.999999999999859313e+01
9.999999999999859313e+01
9.999999999999859313e+01
9.999999999999859313e+01
9.999999999999859313e+01
9.999999999999859313e+01
9.999999999999859313e+01
9.999999999999859313e+01
9.999999999999859313e+01
9.999999999999859313e+01
9.999999999999859313e+01
9.999999999999859313e+01
9.999999999999859313e+01
9.999999999999859313e+01
9.999999999999859313e+01
9.999999999999859313e+01
9.999999999999859313e+01
9.999999999999859313e+01
9.999999999999859313e+01
9.999999999999859313e+01
9.999999999999859313e+01
9.999999999999859313e+01
9.999999999999859313e+01
9.999999999999859313e+01
9.999999999999859313e+01
9.999999999999859313e+01
9.999999999999859313e+01
9.999999999999859313e+01
9.999999999999859313e+01
9.999999999999859313e+01
9.999999999999859313e+01
9.999999999999859313e+01
9.999999999999859313e+01
9.999999999999859313e+01
9.999999999999859313e+01
9.999999999999859313e+01
9.999999999999859313e+01
9.999999999999859313e+01
9.999999999999859313e+01
9.999999999999859313e+01
9.999999999999859313e+01
9.999999999999859313e+01
9.999999999999859313e+01
9.999999999999859313e+01
9.999999999999859313e+01
9.999999999999859313e+01
9.999999999999859313e+01
9.999999999999859313e+01
9.999999999999859313e+01
9.999999999999859313e+01
9.999999999999859313e+01
9.999999999999859313e+01
9.999999999999859313e+01
9.999999999999859313e+01
9.999999999999859313e+01
9.999999999999859313e+01
9.999999999999859313e+01
9.999999999999859313e+01
9.999999999999859313e+01
9.999999999999859313e+01
9.999999999999859313e+01
9.999999999999859313e+01
9.999999999999859313e+01
9.999999999999859313e+01
9.999999999999859313e+01
9.999999999999859313e+01
9.999999999999859313e+01
9.999999999999859313e+01
9.999999999999859313e+01
9.999999999999859313e+01
9.999999999999859313e+01
9.999999999999859313e+01
9.999999999999859313e+01
9.999999999999859313e+01
9.999999999999859313e+01
9.999999999999859313e+01
9.999999999999859313e+01
9.999999999999859313e+01
9.999999999999859313e+01
9.999999999999859313e+01
9.999999999999859313e+01
9.999999999999859313e+01
9.999999999999859313e+01
9.999999999999859313e+01
9.999999999999859313e+01
9.999999999999859313e+01
9.999999999999859313e+01
9.999999999999859313e+01
9.999999999999859313e+01
9.999999999999859313e+01
9.999999999999859313e+01
9.999999999999859313e+01
9.999999999999859313e+01
9.999999999999859313e+01
9.999999999999859313e+01
9.999999999999859313e+01
9.999999999999859313e+01
9.999999999999859313e+01
9.999999999999859313e+01
9.999999999999859313e+01
9.999999999999859313e+01
9.999999999999859313e+01
9.999999999999859313e+01
9.999999999999859313e+01
9.999999999999859313e+01
9.999999999999859313e+01
9.999999999999859313e+01
9.999999999999859313e+01
9.999999999999859313e+01
9.999999999999859313e+01
9.999999999999859313e+01
9.999999999999859313e+01
9.999999999999859313e+01
9.999999999999859313e+01
9.999999999999859313e+01
9.999999999999859313e+01
9.999999999999859313e+01
9.999999999999859313e+01
9.999999999999859313e+01
9.999999999999859313e+01
9.999999999999859313e+01
9.999999999999859313e+01
9.999999999999859313e+01
9.999999999999859313e+01
9.999999999999859313e+01
9.999999999999859313e+01
9.999999999999859313e+01
9.999999999999859313e+01
9.999999999999859313e+01
9.999999999999859313e+01
9.999999999999859313e+01
9.999999999999859313e+01
9.999999999999859313e+01
9.999999999999859313e+01
9.999999999999859313e+01
9.999999999999859313e+01
9.999999999999859313e+01
9.999999999999859313e+01
9.999999999999859313e+01
9.999999999999859313e+01
9.999999999999859313e+01
9.999999999999859313e+01
9.999999999999859313e+01
9.999999999999859313e+01
9.999999999999859313e+01
9.999999999999859313e+01
9.999999999999859313e+01
9.999999999999859313e+01
9.999999999999859313e+01
9.999999999999859313e+01
9.999999999999859313e+01
9.999999999999859313e+01
9.999999999999859313e+01
9.999999999999859313e+01
9.999999999999859313e+01
9.999999999999859313e+01
9.999999999999859313e+01
9.999999999999859313e+01
9.999999999999859313e+01
9.999999999999859313e+01
9.999999999999859313e+01
9.999999999999859313e+01
9.999999999999859313e+01
9.999999999999859313e+01
9.999999999999859313e+01
9.999999999999859313e+01
9.999999999999859313e+01
9.999999999999859313e+01
9.999999999999859313e+01
9.999999999999859313e+01
9.999999999999859313e+01
9.999999999999859313e+01
9.999999999999859313e+01
9.999999999999859313e+01
9.999999999999859313e+01
9.999999999999859313e+01
9.999999999999859313e+01
9.999999999999859313e+01
9.999999999999859313e+01
9.999999999999859313e+01
9.999999999999859313e+01
9.999999999999859313e+01
9.999999999999859313e+01
9.999999999999859313e+01
9.999999999999859313e+01
9.999999999999859313e+01
9.999999999999859313e+01
9.999999999999859313e+01
9.999999999999859313e+01
9.999999999999859313e+01
9.999999999999859313e+01
9.999999999999859313e+01
9.999999999999859313e+01
9.999999999999859313e+01
9.999999999999859313e+01
9.999999999999859313e+01
9.999999999999859313e+01
9.999999999999859313e+01
9.999999999999859313e+01
9.999999999999859313e+01
9.999999999999859313e+01
9.999999999999859313e+01
9.999999999999859313e+01
9.999999999999859313e+01
9.999999999999859313e+01
9.999999999999859313e+01
9.999999999999859313e+01
9.999999999999859313e+01
9.999999999999859313e+01
9.999999999999859313e+01
9.999999999999859313e+01
9.999999999999859313e+01
9.999999999999859313e+01
9.999999999999859313e+01
9.999999999999859313e+01
9.999999999999859313e+01
9.999999999999859313e+01
9.999999999999859313e+01
9.999999999999859313e+01
9.999999999999859313e+01
9.999999999999859313e+01
9.999999999999859313e+01
9.999999999999859313e+01
9.999999999999859313e+01
9.999999999999859313e+01
9.999999999999859313e+01
9.999999999999859313e+01
9.999999999999859313e+01
9.999999999999859313e+01
9.999999999999859313e+01
9.999999999999859313e+01
9.999999999999859313e+01
9.999999999999859313e+01
9.999999999999859313e+01
9.999999999999859313e+01
9.999999999999859313e+01
9.999999999999859313e+01
9.999999999999859313e+01
9.999999999999859313e+01
9.999999999999859313e+01
9.999999999999859313e+01
9.999999999999859313e+01
9.999999999999859313e+01
9.999999999999859313e+01
9.999999999999859313e+01
9.999999999999859313e+01
9.999999999999859313e+01
9.999999999999859313e+01
9.999999999999859313e+01
9.999999999999859313e+01
9.999999999999859313e+01
9.999999999999859313e+01
9.999999999999859313e+01
9.999999999999859313e+01
9.999999999999859313e+01
9.999999999999859313e+01
9.999999999999859313e+01
9.999999999999859313e+01
9.999999999999859313e+01
9.999999999999859313e+01
9.999999999999859313e+01
9.999999999999859313e+01
9.999999999999859313e+01
9.999999999999859313e+01
9.999999999999859313e+01
9.999999999999859313e+01
9.999999999999859313e+01
9.999999999999859313e+01
9.999999999999859313e+01
9.999999999999859313e+01
9.999999999999859313e+01
9.999999999999859313e+01
9.999999999999859313e+01
9.999999999999859313e+01
9.999999999999859313e+01
9.999999999999859313e+01
9.999999999999859313e+01
9.999999999999859313e+01
9.999999999999859313e+01
9.999999999999859313e+01
9.999999999999859313e+01
9.999999999999859313e+01
9.999999999999859313e+01
9.999999999999859313e+01
9.999999999999859313e+01
9.999999999999859313e+01
9.999999999999859313e+01
9.999999999999859313e+01
9.999999999999859313e+01
9.999999999999859313e+01
9.999999999999859313e+01
9.999999999999859313e+01
9.999999999999859313e+01
9.999999999999859313e+01
9.999999999999859313e+01
9.999999999999859313e+01
9.999999999999859313e+01
9.999999999999859313e+01
9.999999999999859313e+01
9.999999999999859313e+01
9.999999999999859313e+01
9.999999999999859313e+01
9.999999999999859313e+01
9.999999999999859313e+01
9.999999999999859313e+01
9.999999999999859313e+01
9.999999999999859313e+01
9.999999999999859313e+01
9.999999999999859313e+01
9.999999999999859313e+01
9.999999999999859313e+01
9.999999999999859313e+01
9.999999999999859313e+01
9.999999999999859313e+01
9.999999999999859313e+01
9.999999999999859313e+01
9.999999999999859313e+01
9.999999999999859313e+01
9.999999999999859313e+01
9.999999999999859313e+01
9.999999999999859313e+01
9.999999999999859313e+01
9.999999999999859313e+01
9.999999999999859313e+01
9.999999999999859313e+01
9.999999999999859313e+01
9.999999999999859313e+01
9.999999999999859313e+01
9.999999999999859313e+01
9.999999999999859313e+01
9.999999999999859313e+01
9.999999999999859313e+01
9.999999999999859313e+01
9.999999999999859313e+01
9.999999999999859313e+01
9.999999999999859313e+01
9.999999999999859313e+01
9.999999999999859313e+01
9.999999999999859313e+01
9.999999999999859313e+01
9.999999999999859313e+01
9.999999999999859313e+01
9.999999999999859313e+01
9.999999999999859313e+01
9.999999999999859313e+01
9.999999999999859313e+01
9.999999999999859313e+01
9.999999999999859313e+01
9.999999999999859313e+01
9.999999999999859313e+01
9.999999999999859313e+01
9.999999999999859313e+01
9.999999999999859313e+01
9.999999999999859313e+01
9.999999999999859313e+01
9.999999999999859313e+01
9.999999999999859313e+01
9.999999999999859313e+01
9.999999999999859313e+01
9.999999999999859313e+01
9.999999999999859313e+01
9.999999999999859313e+01
9.999999999999859313e+01
9.999999999999859313e+01
9.999999999999859313e+01
9.999999999999859313e+01
9.999999999999859313e+01
9.999999999999859313e+01
9.999999999999859313e+01
9.999999999999859313e+01
9.999999999999859313e+01
9.999999999999859313e+01
9.999999999999859313e+01
9.999999999999859313e+01
9.999999999999859313e+01
9.999999999999859313e+01
9.999999999999859313e+01
9.999999999999859313e+01
9.999999999999859313e+01
9.999999999999859313e+01
9.999999999999859313e+01
9.999999999999859313e+01
9.999999999999859313e+01
9.999999999999859313e+01
9.999999999999859313e+01
9.999999999999859313e+01
9.999999999999859313e+01
9.999999999999859313e+01
9.999999999999859313e+01
9.999999999999859313e+01
9.999999999999859313e+01
9.999999999999859313e+01
9.999999999999859313e+01
9.999999999999859313e+01
9.999999999999859313e+01
9.999999999999859313e+01
9.999999999999859313e+01
9.999999999999859313e+01
9.999999999999859313e+01
9.999999999999859313e+01
9.999999999999859313e+01
9.999999999999859313e+01
9.999999999999859313e+01
9.999999999999859313e+01
9.999999999999859313e+01
9.999999999999859313e+01
9.999999999999859313e+01
9.999999999999859313e+01
9.999999999999859313e+01
9.999999999999859313e+01
9.999999999999859313e+01
9.999999999999859313e+01
9.999999999999859313e+01
9.999999999999859313e+01
9.999999999999859313e+01
9.999999999999859313e+01
9.999999999999859313e+01
9.999999999999859313e+01
9.999999999999859313e+01
9.999999999999859313e+01
9.999999999999859313e+01
9.999999999999859313e+01
9.999999999999859313e+01
9.999999999999859313e+01
9.999999999999859313e+01
9.999999999999859313e+01
9.999999999999859313e+01
9.999999999999859313e+01
9.999999999999859313e+01
9.999999999999859313e+01
9.999999999999859313e+01
9.999999999999859313e+01
9.999999999999859313e+01
9.999999999999859313e+01
9.999999999999859313e+01
9.999999999999859313e+01
9.999999999999859313e+01
9.999999999999859313e+01
9.999999999999859313e+01
9.999999999999859313e+01
9.999999999999859313e+01
9.999999999999859313e+01
9.999999999999859313e+01
9.999999999999859313e+01
9.999999999999859313e+01
9.999999999999859313e+01
9.999999999999859313e+01
9.999999999999859313e+01
9.999999999999859313e+01
9.999999999999859313e+01
9.999999999999859313e+01
9.999999999999859313e+01
9.999999999999859313e+01
9.999999999999859313e+01
9.999999999999859313e+01
9.999999999999859313e+01
9.999999999999859313e+01
9.999999999999859313e+01
9.999999999999859313e+01
9.999999999999859313e+01
9.999999999999859313e+01
9.999999999999859313e+01
9.999999999999859313e+01
9.999999999999859313e+01
9.999999999999859313e+01
9.999999999999859313e+01
9.999999999999859313e+01
9.999999999999859313e+01
9.999999999999859313e+01
9.999999999999859313e+01
9.999999999999859313e+01
9.999999999999859313e+01
9.999999999999859313e+01
9.999999999999859313e+01
9.999999999999859313e+01
9.999999999999859313e+01
9.999999999999859313e+01
9.999999999999859313e+01
9.999999999999859313e+01
9.999999999999859313e+01
9.999999999999859313e+01
9.999999999999859313e+01
9.999999999999859313e+01
9.999999999999859313e+01
9.999999999999859313e+01
9.999999999999859313e+01
9.999999999999859313e+01
9.999999999999859313e+01
9.999999999999859313e+01
9.999999999999859313e+01
9.999999999999859313e+01
9.999999999999859313e+01
9.999999999999859313e+01
9.999999999999859313e+01
9.999999999999859313e+01
9.999999999999859313e+01
9.999999999999859313e+01
9.999999999999859313e+01
9.999999999999859313e+01
9.999999999999859313e+01
9.999999999999859313e+01
9.999999999999859313e+01
9.999999999999859313e+01
9.999999999999859313e+01
9.999999999999859313e+01
9.914099999999862689e+01
9.914099999999862689e+01
9.914099999999859847e+01
9.914099999999859847e+01
9.914099999999859847e+01
9.914099999999859847e+01
9.914099999999859847e+01
9.914099999999859847e+01
9.914099999999859847e+01
9.914099999999859847e+01
9.914099999999859847e+01
9.914099999999859847e+01
9.914099999999859847e+01
9.914099999999859847e+01
9.914099999999859847e+01
9.914099999999859847e+01
9.914099999999859847e+01
9.914099999999859847e+01
9.914099999999859847e+01
9.914099999999859847e+01
9.914099999999859847e+01
