2.045000000000000000e+03
4.092000000000000000e+03
6.144000000000000000e+03
8.188000000000000000e+03
1.024000000000000000e+04
1.228300000000000000e+04
1.433000000000000000e+04
1.638200000000000000e+04
1.842400000000000000e+04
2.046700000000000000e+04
2.252200000000000000e+04
2.457400000000000000e+04
2.661700000000000000e+04
2.866200000000000000e+04
3.071400000000000000e+04
3.276600000000000000e+04
3.481400000000000000e+04
3.684900000000000000e+04
3.889200000000000000e+04
4.096000000000000000e+04
4.298600000000000000e+04
4.504700000000000000e+04
4.710300000000000000e+04
4.912200000000000000e+04
5.116300000000000000e+04
5.318400000000000000e+04
5.528000000000000000e+04
5.734400000000000000e+04
5.933900000000000000e+04
6.142400000000000000e+04
6.341500000000000000e+04
6.553000000000000000e+04
6.756000000000000000e+04
6.963000000000000000e+04
7.167100000000000000e+04
7.370100000000000000e+04
7.573900000000000000e+04
7.781000000000000000e+04
7.981200000000000000e+04
8.187800000000000000e+04
8.384100000000000000e+04
8.601600000000000000e+04
8.801100000000000000e+04
9.008600000000000000e+04
9.212800000000000000e+04
9.419100000000000000e+04
9.621400000000000000e+04
9.829000000000000000e+04
1.002090000000000000e+05
1.023450000000000000e+05
1.043950000000000000e+05
1.064280000000000000e+05
1.085340000000000000e+05
1.105720000000000000e+05
1.125050000000000000e+05
1.146460000000000000e+05
1.161820000000000000e+05
1.187310000000000000e+05
1.205740000000000000e+05
1.227150000000000000e+05
1.248290000000000000e+05
1.269310000000000000e+05
1.289280000000000000e+05
1.310290000000000000e+05
1.327020000000000000e+05
1.349890000000000000e+05
1.372060000000000000e+05
1.392590000000000000e+05
1.411990000000000000e+05
1.430850000000000000e+05
1.452620000000000000e+05
1.468720000000000000e+05
1.488800000000000000e+05
1.509650000000000000e+05
1.528720000000000000e+05
1.552920000000000000e+05
1.572620000000000000e+05
1.592620000000000000e+05
1.612370000000000000e+05
1.630260000000000000e+05
1.650260000000000000e+05
1.672020000000000000e+05
1.699540000000000000e+05
1.719720000000000000e+05
1.731100000000000000e+05
1.756940000000000000e+05
1.776940000000000000e+05
1.796940000000000000e+05
1.814680000000000000e+05
1.834920000000000000e+05
1.854920000000000000e+05
1.874920000000000000e+05
1.894920000000000000e+05
1.924920000000000000e+05
1.942160000000000000e+05
1.959320000000000000e+05
1.982810000000000000e+05
2.002970000000000000e+05
2.022640000000000000e+05
2.040080000000000000e+05
2.067550000000000000e+05
2.086590000000000000e+05
2.100680000000000000e+05
2.122790000000000000e+05
2.142790000000000000e+05
2.164980000000000000e+05
2.189140000000000000e+05
2.209140000000000000e+05
2.229140000000000000e+05
2.242850000000000000e+05
2.272850000000000000e+05
2.293450000000000000e+05
2.305480000000000000e+05
2.334630000000000000e+05
2.345360000000000000e+05
2.375360000000000000e+05
2.395360000000000000e+05
2.411520000000000000e+05
2.431520000000000000e+05
2.451520000000000000e+05
2.475230000000000000e+05
2.491450000000000000e+05
2.515010000000000000e+05
2.535010000000000000e+05
2.555010000000000000e+05
2.576420000000000000e+05
2.600640000000000000e+05
2.612510000000000000e+05
2.632510000000000000e+05
2.658490000000000000e+05
2.674800000000000000e+05
2.698080000000000000e+05
2.720810000000000000e+05
2.743290000000000000e+05
2.764730000000000000e+05
2.784730000000000000e+05
2.799460000000000000e+05
2.820730000000000000e+05
2.836790000000000000e+05
2.866790000000000000e+05
2.886790000000000000e+05
2.906790000000000000e+05
2.924720000000000000e+05
2.944720000000000000e+05
2.962940000000000000e+05
2.988430000000000000e+05
3.008430000000000000e+05
3.030430000000000000e+05
3.050430000000000000e+05
3.070430000000000000e+05
3.090430000000000000e+05
3.110430000000000000e+05
3.129980000000000000e+05
3.144710000000000000e+05
3.173720000000000000e+05
3.190380000000000000e+05
3.213880000000000000e+05
3.231950000000000000e+05
3.246460000000000000e+05
3.276460000000000000e+05
3.294730000000000000e+05
3.317400000000000000e+05
3.337990000000000000e+05
3.357990000000000000e+05
3.377990000000000000e+05
3.397990000000000000e+05
3.417990000000000000e+05
3.440430000000000000e+05
3.460430000000000000e+05
3.480430000000000000e+05
3.501090000000000000e+05
3.521090000000000000e+05
3.541090000000000000e+05
3.561090000000000000e+05
3.581090000000000000e+05
3.601090000000000000e+05
3.621090000000000000e+05
3.641090000000000000e+05
3.661090000000000000e+05
3.681090000000000000e+05
3.701620000000000000e+05
3.721620000000000000e+05
3.738020000000000000e+05
3.768020000000000000e+05
3.779730000000000000e+05
3.803410000000000000e+05
3.823410000000000000e+05
3.843410000000000000e+05
3.863410000000000000e+05
3.883410000000000000e+05
3.903410000000000000e+05
3.924900000000000000e+05
3.943620000000000000e+05
3.963620000000000000e+05
3.983620000000000000e+05
4.013620000000000000e+05
4.033620000000000000e+05
4.052350000000000000e+05
4.073550000000000000e+05
4.094590000000000000e+05
4.115510000000000000e+05
4.135510000000000000e+05
4.150710000000000000e+05
4.177640000000000000e+05
4.197640000000000000e+05
4.217640000000000000e+05
4.237640000000000000e+05
4.257640000000000000e+05
4.277640000000000000e+05
4.297640000000000000e+05
4.317640000000000000e+05
4.340330000000000000e+05
4.362060000000000000e+05
4.382060000000000000e+05
4.402060000000000000e+05
4.422060000000000000e+05
4.440440000000000000e+05
4.464640000000000000e+05
4.484640000000000000e+05
4.504350000000000000e+05
4.516360000000000000e+05
4.546360000000000000e+05
4.566360000000000000e+05
4.586360000000000000e+05
4.607830000000000000e+05
4.627580000000000000e+05
4.648390000000000000e+05
4.668390000000000000e+05
4.683420000000000000e+05
4.707570000000000000e+05
4.726440000000000000e+05
4.746440000000000000e+05
4.766440000000000000e+05
4.786440000000000000e+05
4.810160000000000000e+05
4.830160000000000000e+05
4.850160000000000000e+05
4.870160000000000000e+05
4.890160000000000000e+05
4.910160000000000000e+05
4.926210000000000000e+05
4.955910000000000000e+05
4.975230000000000000e+05
4.995230000000000000e+05
5.015230000000000000e+05
5.035230000000000000e+05
5.048900000000000000e+05
5.078900000000000000e+05
5.098900000000000000e+05
5.118900000000000000e+05
5.138900000000000000e+05
5.156700000000000000e+05
5.176700000000000000e+05
5.196700000000000000e+05
5.218010000000000000e+05
5.238010000000000000e+05
5.256330000000000000e+05
5.283660000000000000e+05
5.303660000000000000e+05
5.323660000000000000e+05
5.343660000000000000e+05
5.363660000000000000e+05
5.383660000000000000e+05
5.403660000000000000e+05
5.423660000000000000e+05
5.443660000000000000e+05
5.463660000000000000e+05
5.478790000000000000e+05
5.508790000000000000e+05
5.526870000000000000e+05
5.546870000000000000e+05
5.569360000000000000e+05
5.589070000000000000e+05
5.604230000000000000e+05
5.624230000000000000e+05
5.644230000000000000e+05
5.664230000000000000e+05
5.689700000000000000e+05
5.709700000000000000e+05
5.729700000000000000e+05
5.749700000000000000e+05
5.769700000000000000e+05
5.789700000000000000e+05
5.809700000000000000e+05
5.829700000000000000e+05
5.849700000000000000e+05
5.869700000000000000e+05
5.893510000000000000e+05
5.913510000000000000e+05
5.933510000000000000e+05
5.953510000000000000e+05
5.973510000000000000e+05
5.993510000000000000e+05
6.013510000000000000e+05
6.034300000000000000e+05
6.060010000000000000e+05
6.080010000000000000e+05
6.100170000000000000e+05
6.120170000000000000e+05
6.140170000000000000e+05
6.160170000000000000e+05
6.180170000000000000e+05
6.200170000000000000e+05
6.220170000000000000e+05
6.240170000000000000e+05
6.260170000000000000e+05
6.280170000000000000e+05
6.302100000000000000e+05
6.323000000000000000e+05
6.340310000000000000e+05
6.360310000000000000e+05
6.380310000000000000e+05
6.400310000000000000e+05
6.430310000000000000e+05
6.450310000000000000e+05
6.470310000000000000e+05
6.490310000000000000e+05
6.510310000000000000e+05
6.530310000000000000e+05
6.550310000000000000e+05
6.570310000000000000e+05
6.588160000000000000e+05
6.605400000000000000e+05
6.635400000000000000e+05
6.655400000000000000e+05
6.675400000000000000e+05
6.695400000000000000e+05
6.715400000000000000e+05
6.735400000000000000e+05
6.755400000000000000e+05
6.775400000000000000e+05
6.795400000000000000e+05
6.815400000000000000e+05
6.835400000000000000e+05
6.855400000000000000e+05
6.878450000000000000e+05
6.898450000000000000e+05
6.918450000000000000e+05
6.938450000000000000e+05
6.958450000000000000e+05
6.978450000000000000e+05
6.998450000000000000e+05
7.018450000000000000e+05
7.036650000000000000e+05
7.056650000000000000e+05
7.076650000000000000e+05
7.096650000000000000e+05
7.126650000000000000e+05
7.146650000000000000e+05
7.166650000000000000e+05
7.186650000000000000e+05
7.206650000000000000e+05
7.226650000000000000e+05
7.246650000000000000e+05
7.266650000000000000e+05
7.282670000000000000e+05
7.302670000000000000e+05
7.322670000000000000e+05
7.342670000000000000e+05
7.372670000000000000e+05
7.386850000000000000e+05
7.409970000000000000e+05
7.432540000000000000e+05
7.452540000000000000e+05
7.472540000000000000e+05
7.493280000000000000e+05
7.513280000000000000e+05
7.533280000000000000e+05
7.553280000000000000e+05
7.573280000000000000e+05
7.593280000000000000e+05
7.613280000000000000e+05
7.633280000000000000e+05
7.653280000000000000e+05
7.673240000000000000e+05
7.693240000000000000e+05
7.713240000000000000e+05
7.733240000000000000e+05
7.753240000000000000e+05
7.773240000000000000e+05
7.794540000000000000e+05
7.816310000000000000e+05
7.836970000000000000e+05
7.856970000000000000e+05
7.876970000000000000e+05
7.896970000000000000e+05
7.916970000000000000e+05
7.943710000000000000e+05
7.963710000000000000e+05
7.983710000000000000e+05
8.003710000000000000e+05
8.023710000000000000e+05
8.043710000000000000e+05
8.063710000000000000e+05
8.086030000000000000e+05
8.106030000000000000e+05
8.126030000000000000e+05
8.146030000000000000e+05
8.166030000000000000e+05
8.186030000000000000e+05
8.211060000000000000e+05
8.231060000000000000e+05
8.251060000000000000e+05
8.271060000000000000e+05
8.291060000000000000e+05
8.311060000000000000e+05
8.330000000000000000e+05
8.350670000000000000e+05
8.370670000000000000e+05
8.387500000000000000e+05
8.416250000000000000e+05
8.436250000000000000e+05
8.456250000000000000e+05
8.476250000000000000e+05
8.496250000000000000e+05
8.516250000000000000e+05
8.536250000000000000e+05
8.556250000000000000e+05
8.576250000000000000e+05
8.596250000000000000e+05
8.613260000000000000e+05
8.634110000000000000e+05
8.654110000000000000e+05
8.674110000000000000e+05
8.694110000000000000e+05
8.724110000000000000e+05
8.744110000000000000e+05
8.764110000000000000e+05
8.784110000000000000e+05
8.804110000000000000e+05
8.817660000000000000e+05
8.837660000000000000e+05
8.867660000000000000e+05
8.887660000000000000e+05
8.900540000000000000e+05
8.920540000000000000e+05
8.940540000000000000e+05
8.961660000000000000e+05
8.981660000000000000e+05
9.001660000000000000e+05
9.031660000000000000e+05
9.051660000000000000e+05
9.071660000000000000e+05
9.090770000000000000e+05
9.105180000000000000e+05
9.125180000000000000e+05
9.147590000000000000e+05
9.167590000000000000e+05
9.187590000000000000e+05
9.207590000000000000e+05
9.227590000000000000e+05
9.247590000000000000e+05
9.267590000000000000e+05
9.295520000000000000e+05
9.315520000000000000e+05
9.335520000000000000e+05
9.353660000000000000e+05
9.373660000000000000e+05
9.393660000000000000e+05
9.413660000000000000e+05
9.433660000000000000e+05
9.453660000000000000e+05
9.482160000000000000e+05
9.502610000000000000e+05
9.522610000000000000e+05
9.542610000000000000e+05
9.562610000000000000e+05
9.582610000000000000e+05
9.602610000000000000e+05
9.622610000000000000e+05
9.642610000000000000e+05
9.662610000000000000e+05
9.681460000000000000e+05
9.701460000000000000e+05
9.721460000000000000e+05
9.741460000000000000e+05
9.761460000000000000e+05
9.781460000000000000e+05
9.801460000000000000e+05
9.826530000000000000e+05
9.849180000000000000e+05
9.866000000000000000e+05
9.886000000000000000e+05
9.906000000000000000e+05
9.926000000000000000e+05
9.946000000000000000e+05
9.966000000000000000e+05
9.986000000000000000e+05
1.000944000000000000e+06
1.002944000000000000e+06
1.005141000000000000e+06
1.007141000000000000e+06
1.009141000000000000e+06
1.011000000000000000e+06
1.013000000000000000e+06
1.015429000000000000e+06
1.017514000000000000e+06
1.019514000000000000e+06
1.021514000000000000e+06
1.023514000000000000e+06
1.025259000000000000e+06
1.027259000000000000e+06
1.029259000000000000e+06
1.031259000000000000e+06
1.033259000000000000e+06
1.036259000000000000e+06
1.038083000000000000e+06
1.040083000000000000e+06
1.042083000000000000e+06
1.044083000000000000e+06
1.046083000000000000e+06
1.048083000000000000e+06
1.050083000000000000e+06
1.052428000000000000e+06
1.054428000000000000e+06
1.056428000000000000e+06
1.058428000000000000e+06
1.060428000000000000e+06
1.062600000000000000e+06
1.064600000000000000e+06
1.066919000000000000e+06
1.068479000000000000e+06
1.070479000000000000e+06
1.072472000000000000e+06
1.074472000000000000e+06
1.076472000000000000e+06
1.078472000000000000e+06
1.080472000000000000e+06
1.082472000000000000e+06
1.084957000000000000e+06
1.086957000000000000e+06
1.088957000000000000e+06
1.090957000000000000e+06
1.092765000000000000e+06
1.094779000000000000e+06
1.096779000000000000e+06
1.098779000000000000e+06
1.101779000000000000e+06
1.103779000000000000e+06
1.105048000000000000e+06
1.107048000000000000e+06
1.109048000000000000e+06
1.112048000000000000e+06
1.114011000000000000e+06
1.115308000000000000e+06
1.117308000000000000e+06
1.119986000000000000e+06
1.121986000000000000e+06
1.124208000000000000e+06
1.125482000000000000e+06
1.127482000000000000e+06
1.130482000000000000e+06
1.132482000000000000e+06
1.134482000000000000e+06
1.135774000000000000e+06
1.137830000000000000e+06
1.140386000000000000e+06
1.142386000000000000e+06
1.144386000000000000e+06
1.146426000000000000e+06
1.148426000000000000e+06
1.150426000000000000e+06
1.152422000000000000e+06
1.154422000000000000e+06
1.156422000000000000e+06
1.158422000000000000e+06
1.160422000000000000e+06
1.162422000000000000e+06
1.164422000000000000e+06
1.166381000000000000e+06
1.169381000000000000e+06
1.171381000000000000e+06
1.173381000000000000e+06
1.175381000000000000e+06
1.177381000000000000e+06
1.179381000000000000e+06
1.181381000000000000e+06
1.183381000000000000e+06
1.185381000000000000e+06
1.187381000000000000e+06
1.189381000000000000e+06
1.191381000000000000e+06
1.193883000000000000e+06
1.195883000000000000e+06
1.197449000000000000e+06
1.199449000000000000e+06
1.201354000000000000e+06
1.203989000000000000e+06
1.205989000000000000e+06
1.207989000000000000e+06
1.209989000000000000e+06
1.211989000000000000e+06
1.213989000000000000e+06
1.216414000000000000e+06
1.218173000000000000e+06
1.220173000000000000e+06
1.222173000000000000e+06
1.224173000000000000e+06
1.226173000000000000e+06
1.228445000000000000e+06
1.230238000000000000e+06
1.232238000000000000e+06
1.234238000000000000e+06
1.236238000000000000e+06
1.238238000000000000e+06
1.240238000000000000e+06
1.242785000000000000e+06
1.244793000000000000e+06
1.246793000000000000e+06
1.248793000000000000e+06
1.250793000000000000e+06
1.252530000000000000e+06
1.254530000000000000e+06
1.256530000000000000e+06
1.258530000000000000e+06
1.261190000000000000e+06
1.263190000000000000e+06
1.265233000000000000e+06
1.267233000000000000e+06
1.269233000000000000e+06
1.271233000000000000e+06
1.273233000000000000e+06
1.275233000000000000e+06
1.277233000000000000e+06
1.279233000000000000e+06
1.281233000000000000e+06
1.283233000000000000e+06
1.285233000000000000e+06
1.287233000000000000e+06
1.290233000000000000e+06
1.292233000000000000e+06
1.294233000000000000e+06
1.296233000000000000e+06
1.298233000000000000e+06
1.300233000000000000e+06
1.301847000000000000e+06
1.303847000000000000e+06
1.305847000000000000e+06
1.307817000000000000e+06
1.309817000000000000e+06
1.311817000000000000e+06
1.313817000000000000e+06
1.316817000000000000e+06
1.318553000000000000e+06
1.320553000000000000e+06
1.322553000000000000e+06
1.324553000000000000e+06
1.326810000000000000e+06
1.329079000000000000e+06
1.331079000000000000e+06
1.332388000000000000e+06
1.334388000000000000e+06
1.336388000000000000e+06
1.339233000000000000e+06
1.341233000000000000e+06
1.343233000000000000e+06
1.345233000000000000e+06
1.347233000000000000e+06
1.349233000000000000e+06
1.351233000000000000e+06
1.353233000000000000e+06
1.355233000000000000e+06
1.357233000000000000e+06
1.359233000000000000e+06
1.361233000000000000e+06
1.363233000000000000e+06
1.365233000000000000e+06
1.367233000000000000e+06
1.369730000000000000e+06
1.371730000000000000e+06
1.373878000000000000e+06
1.375878000000000000e+06
1.377764000000000000e+06
1.379764000000000000e+06
1.381764000000000000e+06
1.383764000000000000e+06
1.385764000000000000e+06
1.387764000000000000e+06
1.389764000000000000e+06
1.391764000000000000e+06
1.393764000000000000e+06
1.395764000000000000e+06
1.398764000000000000e+06
1.400764000000000000e+06
1.402764000000000000e+06
1.404764000000000000e+06
1.406764000000000000e+06
1.408764000000000000e+06
1.410764000000000000e+06
1.412764000000000000e+06
1.414764000000000000e+06
1.416764000000000000e+06
1.418764000000000000e+06
1.420764000000000000e+06
1.422764000000000000e+06
1.424764000000000000e+06
1.426764000000000000e+06
1.428764000000000000e+06
1.430764000000000000e+06
1.432764000000000000e+06
1.435602000000000000e+06
1.437628000000000000e+06
1.439628000000000000e+06
1.441628000000000000e+06
1.443628000000000000e+06
1.445628000000000000e+06
1.447628000000000000e+06
1.449628000000000000e+06
1.451161000000000000e+06
1.453161000000000000e+06
1.455161000000000000e+06
1.458161000000000000e+06
1.460161000000000000e+06
1.462161000000000000e+06
1.464161000000000000e+06
1.466161000000000000e+06
1.468161000000000000e+06
1.470161000000000000e+06
1.472161000000000000e+06
1.474536000000000000e+06
1.476536000000000000e+06
1.478536000000000000e+06
1.480536000000000000e+06
1.482536000000000000e+06
1.484776000000000000e+06
1.486776000000000000e+06
1.488776000000000000e+06
1.490776000000000000e+06
1.492847000000000000e+06
1.494847000000000000e+06
1.496847000000000000e+06
1.498847000000000000e+06
1.500889000000000000e+06
1.502889000000000000e+06
1.504889000000000000e+06
1.506889000000000000e+06
1.509106000000000000e+06
1.511106000000000000e+06
1.513247000000000000e+06
1.515247000000000000e+06
1.517247000000000000e+06
1.519247000000000000e+06
1.521608000000000000e+06
1.523244000000000000e+06
1.525244000000000000e+06
1.527244000000000000e+06
1.529244000000000000e+06
1.531244000000000000e+06
1.533244000000000000e+06
1.535244000000000000e+06
1.537244000000000000e+06
1.539244000000000000e+06
1.541244000000000000e+06
1.543244000000000000e+06
1.545767000000000000e+06
1.547767000000000000e+06
1.549767000000000000e+06
1.551711000000000000e+06
1.553711000000000000e+06
1.555979000000000000e+06
1.557979000000000000e+06
1.559979000000000000e+06
1.561693000000000000e+06
1.563693000000000000e+06
1.566693000000000000e+06
1.568298000000000000e+06
1.570298000000000000e+06
1.572298000000000000e+06
1.574298000000000000e+06
1.576298000000000000e+06
1.578298000000000000e+06
1.580298000000000000e+06
1.582595000000000000e+06
1.584595000000000000e+06
1.586595000000000000e+06
1.588595000000000000e+06
1.590595000000000000e+06
1.592595000000000000e+06
1.594595000000000000e+06
1.596595000000000000e+06
1.598595000000000000e+06
1.600595000000000000e+06
1.602595000000000000e+06
1.605595000000000000e+06
1.607595000000000000e+06
1.609595000000000000e+06
1.611595000000000000e+06
1.613595000000000000e+06
1.615595000000000000e+06
1.617595000000000000e+06
1.619595000000000000e+06
1.621866000000000000e+06
1.623866000000000000e+06
1.625866000000000000e+06
1.627866000000000000e+06
1.629866000000000000e+06
1.631866000000000000e+06
1.633866000000000000e+06
1.635866000000000000e+06
1.637866000000000000e+06
1.639866000000000000e+06
1.641866000000000000e+06
1.644343000000000000e+06
1.646343000000000000e+06
1.648343000000000000e+06
1.650343000000000000e+06
1.652343000000000000e+06
1.654343000000000000e+06
1.656057000000000000e+06
1.658535000000000000e+06
1.660535000000000000e+06
1.662535000000000000e+06
1.664535000000000000e+06
1.666535000000000000e+06
1.668603000000000000e+06
1.670622000000000000e+06
1.672363000000000000e+06
1.674363000000000000e+06
1.676363000000000000e+06
1.679131000000000000e+06
1.681131000000000000e+06
1.683131000000000000e+06
1.685003000000000000e+06
1.687003000000000000e+06
1.689003000000000000e+06
1.691003000000000000e+06
1.693003000000000000e+06
1.695217000000000000e+06
1.697432000000000000e+06
1.699432000000000000e+06
1.701432000000000000e+06
1.703432000000000000e+06
1.705432000000000000e+06
1.707432000000000000e+06
1.709164000000000000e+06
1.711164000000000000e+06
1.714164000000000000e+06
1.716164000000000000e+06
1.718164000000000000e+06
1.720164000000000000e+06
1.722164000000000000e+06
1.724164000000000000e+06
1.726164000000000000e+06
1.728019000000000000e+06
1.729970000000000000e+06
1.731970000000000000e+06
1.733970000000000000e+06
1.735970000000000000e+06
1.737970000000000000e+06
1.739970000000000000e+06
1.741970000000000000e+06
1.743970000000000000e+06
1.745970000000000000e+06
1.748970000000000000e+06
1.750970000000000000e+06
1.752970000000000000e+06
1.754970000000000000e+06
1.756313000000000000e+06
1.758313000000000000e+06
1.760313000000000000e+06
1.763313000000000000e+06
1.765313000000000000e+06
1.767313000000000000e+06
1.769313000000000000e+06
1.771313000000000000e+06
1.773313000000000000e+06
1.774653000000000000e+06
1.777596000000000000e+06
1.779596000000000000e+06
1.781596000000000000e+06
1.783596000000000000e+06
1.785596000000000000e+06
1.787596000000000000e+06
1.789596000000000000e+06
1.791596000000000000e+06
1.793596000000000000e+06
1.795596000000000000e+06
1.797596000000000000e+06
1.799596000000000000e+06
1.801596000000000000e+06
1.803596000000000000e+06
1.805596000000000000e+06
1.807596000000000000e+06
1.809532000000000000e+06
1.811532000000000000e+06
1.813532000000000000e+06
1.816532000000000000e+06
1.818532000000000000e+06
1.820606000000000000e+06
1.822293000000000000e+06
1.824293000000000000e+06
1.826293000000000000e+06
1.828293000000000000e+06
1.830292000000000000e+06
1.832292000000000000e+06
1.834292000000000000e+06
1.836390000000000000e+06
1.838784000000000000e+06
1.840784000000000000e+06
1.842784000000000000e+06
1.844784000000000000e+06
1.846784000000000000e+06
1.848784000000000000e+06
1.850784000000000000e+06
1.852746000000000000e+06
1.854746000000000000e+06
1.856746000000000000e+06
1.858746000000000000e+06
1.861119000000000000e+06
1.863119000000000000e+06
1.865119000000000000e+06
1.867119000000000000e+06
1.868881000000000000e+06
1.871229000000000000e+06
1.873748000000000000e+06
1.875748000000000000e+06
1.877052000000000000e+06
1.880052000000000000e+06
1.882052000000000000e+06
1.884052000000000000e+06
1.886052000000000000e+06
1.888052000000000000e+06
1.890052000000000000e+06
1.892052000000000000e+06
1.894052000000000000e+06
1.896052000000000000e+06
1.898163000000000000e+06
1.900163000000000000e+06
1.901823000000000000e+06
1.903823000000000000e+06
1.906361000000000000e+06
1.908361000000000000e+06
1.910361000000000000e+06
1.912361000000000000e+06
1.914361000000000000e+06
1.916361000000000000e+06
1.918361000000000000e+06
1.920361000000000000e+06
1.922383000000000000e+06
1.924383000000000000e+06
1.926383000000000000e+06
1.928383000000000000e+06
1.930383000000000000e+06
1.932383000000000000e+06
1.934383000000000000e+06
1.937383000000000000e+06
1.938589000000000000e+06
1.940589000000000000e+06
1.942589000000000000e+06
1.945589000000000000e+06
1.947287000000000000e+06
1.949287000000000000e+06
1.951287000000000000e+06
1.953700000000000000e+06
1.955700000000000000e+06
1.957700000000000000e+06
1.959700000000000000e+06
1.961700000000000000e+06
1.963868000000000000e+06
1.965868000000000000e+06
1.967868000000000000e+06
1.969868000000000000e+06
1.971868000000000000e+06
1.973868000000000000e+06
1.975868000000000000e+06
1.978030000000000000e+06
1.980030000000000000e+06
1.982030000000000000e+06
1.984030000000000000e+06
1.986097000000000000e+06
1.988097000000000000e+06
1.990097000000000000e+06
1.992097000000000000e+06
1.994013000000000000e+06
1.996167000000000000e+06
1.998167000000000000e+06
2.000849000000000000e+06
