-7.360113854813986611e-01
8.868450987878575553e-01
8.150088769282121115e-01
8.993316346032032005e-01
1.189810453803616275e+00
1.396718910048123208e+00
1.475176876487354738e+00
1.563877718339853118e+00
1.653435268926630064e+00
1.695360273599935796e+00
1.685348149113070626e+00
1.731109154976733899e+00
1.831704665184787917e+00
1.885426662974820422e+00
1.915597394427897227e+00
1.913393442728956284e+00
1.877120373626896654e+00
1.955228031754860485e+00
2.022232940001254864e+00
2.023941892526617270e+00
2.112130214665613792e+00
2.173574594408498761e+00
2.234846370585971354e+00
2.273206219508081549e+00
2.306733995336135656e+00
2.343352694133374214e+00
2.385121691490830198e+00
2.430178878613621585e+00
2.455411343208719011e+00
2.486008618464712328e+00
2.509720948587223610e+00
2.538468258550425016e+00
2.563606138909420462e+00
2.588944361546127393e+00
2.613735690278553569e+00
2.639223000006902353e+00
2.666419234494108448e+00
2.695917104094820438e+00
2.720731889185143970e+00
2.745785123077448375e+00
2.773350031428511109e+00
2.814017634135094870e+00
2.839018158804323733e+00
2.862628323117742291e+00
2.884415664746438068e+00
2.903395070707914360e+00
2.925871363414194182e+00
2.949360604402683883e+00
2.971833602311312106e+00
3.066723439574293053e+00
3.099400953541006754e+00
3.170086304574217806e+00
3.224157579874013635e+00
3.251835263369355911e+00
3.285159300466462096e+00
3.332751867055125494e+00
3.368611049019688775e+00
3.401203440243130594e+00
3.443624018919073215e+00
3.497905469068740558e+00
3.537691100933376465e+00
3.560975478786756909e+00
3.610777373062488582e+00
3.642894507808885685e+00
3.693617383082659522e+00
3.727188572108458331e+00
3.752456791955881332e+00
3.797097119650883812e+00
3.813062004625801915e+00
3.831637814214128746e+00
3.844751171677122770e+00
3.857579062509961521e+00
3.878334891834653408e+00
3.894257411486616860e+00
3.914377631883328323e+00
3.922802960013971774e+00
3.934105100504877495e+00
3.955147888614202412e+00
3.966732970721198903e+00
3.981138376111905686e+00
3.995504269819105669e+00
4.010350081533836430e+00
4.024693827891559827e+00
4.043914013778056926e+00
4.060386246435242263e+00
4.069967919457440964e+00
4.080513799509168038e+00
4.085954307636036731e+00
4.093387760092333849e+00
4.094377118872446708e+00
4.102756264446849599e+00
4.105144385460930856e+00
4.115480019557559821e+00
4.127511779592746954e+00
4.137138380881291155e+00
4.140435679022905546e+00
4.144881814357137095e+00
4.146103157414498419e+00
4.150725230834951596e+00
4.155485069043384883e+00
4.157559609441042525e+00
4.161663225727125770e+00
4.170797386192662159e+00
4.175587311361496745e+00
4.184876977440084467e+00
4.187504314664262317e+00
4.192190327307963926e+00
4.194994853331595941e+00
4.191611817823936548e+00
4.190834419855103299e+00
4.191256821367536745e+00
4.196827518082739239e+00
4.198978066143214782e+00
4.203084950571821743e+00
4.205733990685488699e+00
4.208293400084897051e+00
4.211264848119644633e+00
4.211591415814514683e+00
4.211539379982648157e+00
4.213333268144868526e+00
4.214952466606142423e+00
4.214466811343970498e+00
4.222903251722318174e+00
4.226424237185610444e+00
4.238046023115424887e+00
4.235742126128022811e+00
4.242658037084200195e+00
4.249398119502280302e+00
4.257043236681538723e+00
4.258006453373281097e+00
4.261010554908445158e+00
4.263636465107963680e+00
4.263879852067318232e+00
4.267563363897179052e+00
4.269993781649578324e+00
4.274972717165820058e+00
4.277922883704488477e+00
4.274911800487159574e+00
4.282102588308008606e+00
4.283908842722286892e+00
4.290434960231092276e+00
4.291173807361407633e+00
4.290528249273767081e+00
4.296231939730411398e+00
4.304988310177367161e+00
4.317418336312361049e+00
4.319331281533806965e+00
4.323267075496765699e+00
4.326344255421073370e+00
4.334506517787326985e+00
4.334030320504230538e+00
4.341599919868852631e+00
4.341246946503909854e+00
4.339937139897004137e+00
4.344770166765533403e+00
4.345894393989124360e+00
4.348907329712800696e+00
4.355243170844945944e+00
4.360405749499753014e+00
4.365043853949448938e+00
4.366605010926127406e+00
4.371733635419331243e+00
4.376868565889697749e+00
4.378909158466339768e+00
4.384533936687031286e+00
4.385675385485098055e+00
4.391865654414419673e+00
4.393842086230834276e+00
4.397450809669046556e+00
4.403985070525701317e+00
4.408594808597065651e+00
4.408352215539969698e+00
4.407702060760007257e+00
4.406749108876616638e+00
4.412552861648067370e+00
4.412692448271996248e+00
4.410774063856496952e+00
4.409981707506339887e+00
4.408506187202291038e+00
4.411052242323552086e+00
4.415547044209332306e+00
4.413221761376414420e+00
4.416525031015557268e+00
4.417509060892425232e+00
4.413174035912867055e+00
4.414327844028830938e+00
4.421553676607820726e+00
4.421010703417294962e+00
4.415866456554601527e+00
4.418463770964656590e+00
4.419749638641211398e+00
4.413600904545546655e+00
4.411107328209178391e+00
4.404983348044886782e+00
4.405598129787497541e+00
4.408574976408683455e+00
4.409790349741093962e+00
4.406417886889290259e+00
4.406598213230134675e+00
4.408302056527314328e+00
4.409042870406594261e+00
4.410842212228104131e+00
4.413331416218380987e+00
4.411860787810432782e+00
4.412872714052348044e+00
4.414485792927870023e+00
4.417471901672343826e+00
4.418739710502744167e+00
4.418772335797310546e+00
4.416716778621788464e+00
4.415523696215050364e+00
4.411898135853213887e+00
4.410592518400664908e+00
4.405346347508339200e+00
4.411093246457924444e+00
4.406139701646255347e+00
4.405289288807506587e+00
4.405905547921625143e+00
4.403451703840463693e+00
4.397185554673475494e+00
4.397034386933751371e+00
4.399853581958484305e+00
4.395433858438314800e+00
4.398112225798208819e+00
4.395270154993771605e+00
4.399480259779322111e+00
4.400942542534211910e+00
4.401289652991676959e+00
4.398020842783727957e+00
4.395884405318417620e+00
4.395249560218371876e+00
4.392724314849973055e+00
4.390510063352049741e+00
4.391605084126120495e+00
4.392257057268652787e+00
4.393188857456946650e+00
4.397036973274753180e+00
4.403887619421720245e+00
4.402135772095253863e+00
4.392626848318974098e+00
4.395854962294301949e+00
4.399008164576660107e+00
4.399288476955804050e+00
4.397947589619044528e+00
4.396438342766671781e+00
4.392315849191341215e+00
4.398064805149602741e+00
4.393176681316864673e+00
4.397228220305262170e+00
4.398215544344597383e+00
4.392994900831450167e+00
4.392257330080804323e+00
4.391883935173983566e+00
4.386067107574061374e+00
4.385762763905198369e+00
4.380782485194222531e+00
4.375040552178165676e+00
4.377462012771569988e+00
4.376730698931931229e+00
4.376992803565167733e+00
4.377873542750901237e+00
4.377190100921022342e+00
4.377722604780229787e+00
4.371887179560525638e+00
4.374885342116067832e+00
4.374311071395469597e+00
4.372943827514980342e+00
4.376893813062289418e+00
4.381160005784488831e+00
4.380188714696535257e+00
4.385572165798053312e+00
4.387446793153477742e+00
4.390849666124539752e+00
4.400065356679636608e+00
4.398234433752114647e+00
4.398181289524320192e+00
4.402390439528200972e+00
4.409563181693930467e+00
4.411796713259555247e+00
4.408630564480459313e+00
4.411969944131549859e+00
4.410969574550850147e+00
4.411384756720864608e+00
4.406146889417978940e+00
4.407411820615795506e+00
4.404658729196270883e+00
4.401423700602654421e+00
4.405181247208242112e+00
4.414552121978977617e+00
4.412693498729927555e+00
4.411007830904067895e+00
4.410182605167702441e+00
4.414968511792199735e+00
4.416053840312176071e+00
4.417527899475016007e+00
4.420197131696889770e+00
4.425239245116094011e+00
4.423780987463300285e+00
4.423614016371097080e+00
4.430976789310808961e+00
4.440645878796695811e+00
4.445977036398159221e+00
4.454381111780059577e+00
4.454581236529712385e+00
4.455991169679498931e+00
4.462552412030730942e+00
4.470219118576236106e+00
4.471912428429287267e+00
4.477086842802554756e+00
4.477983046507827858e+00
4.481823062725547757e+00
4.490169907194442978e+00
4.499656464521216037e+00
4.507876769682641616e+00
4.509467654388395808e+00
4.503563299989668423e+00
4.499687663044431574e+00
4.510122869706849613e+00
4.514984669866283440e+00
4.510883925955607054e+00
4.513661853884663344e+00
4.510656418143806690e+00
4.511618251608528141e+00
4.523857700830735240e+00
4.527456377602514515e+00
4.529371913923245785e+00
4.527555447641661068e+00
4.533244110097441215e+00
4.534639464799620434e+00
4.535952414034914781e+00
4.539990559902133960e+00
4.552250860002410526e+00
4.564017740047088267e+00
4.564345681203739957e+00
4.567088446734160812e+00
4.575712541657745547e+00
4.571462062282029670e+00
4.572690507622787948e+00
4.574111490222560583e+00
4.580620667410214786e+00
4.588407784593645289e+00
4.593214973539677004e+00
4.594234800792036388e+00
4.594755004446399838e+00
4.593590255690758184e+00
4.588871259517526724e+00
4.589745691334937483e+00
4.590549631844079492e+00
4.590855282404439741e+00
4.591514942941296695e+00
4.582986813500289358e+00
4.583679874990750136e+00
4.586278990105758346e+00
4.590310277540566197e+00
4.584191337353417772e+00
4.581554305651923897e+00
4.581940082983299689e+00
4.593524785465792348e+00
4.591013720139642373e+00
4.594400551025895396e+00
4.589212259669520400e+00
4.586412397481995917e+00
4.586179365096261229e+00
4.588170559984487085e+00
4.596033152239698438e+00
4.603426530232094471e+00
4.600890551823397345e+00
4.600997820081347278e+00
4.601703830366425052e+00
4.609159604838020563e+00
4.615713806122347940e+00
4.613158598351279949e+00
4.603567832401623150e+00
4.607606653449171752e+00
4.610329817181159306e+00
4.613537597553329483e+00
4.621660036753842071e+00
4.622560631023637789e+00
4.622152184347470438e+00
4.626891556725200694e+00
4.616475451258675200e+00
4.624084694838644261e+00
4.631485238186960451e+00
4.635819745425551197e+00
4.632641564649281563e+00
4.638722399022117138e+00
4.643781169746959314e+00
4.645521501285315935e+00
4.645012289593869248e+00
4.638316978069449981e+00
4.630884101823396826e+00
4.632521163298503275e+00
4.638891373370557680e+00
4.644159618958335400e+00
4.648935775148877347e+00
4.647949708865022345e+00
4.654287208204587856e+00
4.649629331457939330e+00
4.656539925616530518e+00
4.656408673641908358e+00
4.655891983745534368e+00
4.660787712719701936e+00
4.666702107445716230e+00
4.671576437235500201e+00
4.681990982896310882e+00
4.680568091556865262e+00
4.678072636745618240e+00
4.685723201631220469e+00
4.682054859797572632e+00
4.684389767345995992e+00
4.683750120340548051e+00
4.684397844510920450e+00
4.693283657878426496e+00
4.699304015488453778e+00
4.695221630387832690e+00
4.694313514283837030e+00
4.691497316426625375e+00
4.687809305428055850e+00
4.679968003296812284e+00
4.685084884173553732e+00
4.696303304113796706e+00
4.690339583313098970e+00
4.695710799443800987e+00
4.694885719678737246e+00
4.693126540022797499e+00
4.689873978527413279e+00
4.690324619033416020e+00
4.692056344528793055e+00
4.689602248851071131e+00
4.693114597098916541e+00
4.687725699124721146e+00
4.686442755958490025e+00
4.688484869661230015e+00
4.688446915007664195e+00
4.690978276371793321e+00
4.693941626379381837e+00
4.695366250814993592e+00
4.707989082447564755e+00
4.708953542153516025e+00
4.714016506701910636e+00
4.715014882858306500e+00
4.707445280988173053e+00
4.706245099536122467e+00
4.715148802612393553e+00
4.714180876730377889e+00
4.708753434551752548e+00
4.708118309562510539e+00
4.704561330637994310e+00
4.715252837416406884e+00
4.720563637064796758e+00
4.712668556692771737e+00
4.704139207900803754e+00
4.704040602121707160e+00
4.699582852187484505e+00
4.700679784824991714e+00
4.694834340496848668e+00
4.693656269368042366e+00
4.695191108763923538e+00
4.697606202376743312e+00
4.698963547793796103e+00
4.700185999058517972e+00
4.698299688034115462e+00
4.696512679385214994e+00
4.701215867317142028e+00
4.708395172347612956e+00
4.715385268914062955e+00
4.716271831898875888e+00
4.713945152248643744e+00
4.705707107963782221e+00
4.700529688906891934e+00
4.706293405526326801e+00
4.701802666230237016e+00
4.695751836293958981e+00
4.692737519881877262e+00
4.694054933325998213e+00
4.696733909167743803e+00
4.689947731828636002e+00
4.687240631869113550e+00
4.692898456902317328e+00
4.693501232582795168e+00
4.688576956690122977e+00
4.687596573732855987e+00
4.684517420599869197e+00
4.680099271964591523e+00
4.680825077918156829e+00
4.673561486459993475e+00
4.666209620423528825e+00
4.664722821092533778e+00
4.662269526156614496e+00
4.662341106588320017e+00
4.666491331629377015e+00
4.664730700971000843e+00
4.655521235601097985e+00
4.654769581760293207e+00
4.660463864940493472e+00
4.661998216070613488e+00
4.657333167187837297e+00
4.646096050326559812e+00
4.645037537664461702e+00
4.645758468518494055e+00
4.652166581211352181e+00
4.648888816468264906e+00
4.654696973206518429e+00
4.659026660793299968e+00
4.662768034187571686e+00
4.663776924484428932e+00
4.663021863743477269e+00
4.665288423588533462e+00
4.667282131785961852e+00
4.669093787055764722e+00
4.668312013201433075e+00
4.664789019101763579e+00
4.667781026802890310e+00
4.665425666890005374e+00
4.667715178312640489e+00
4.666419792024658619e+00
4.670927703781700302e+00
4.677809045096517515e+00
4.680147356381687551e+00
4.675140497654800775e+00
4.674887535907436664e+00
4.680051132515449019e+00
4.686918618224782840e+00
4.686328249420218306e+00
4.700924532466723704e+00
4.702415494695418197e+00
4.704587357024747618e+00
4.709079157040998886e+00
4.706848663776590946e+00
4.711003536183560492e+00
4.711145455126038328e+00
4.708254422387410543e+00
4.705386857976183279e+00
4.707647588050626553e+00
4.710675683643413159e+00
4.718436675222171139e+00
4.717698142775078374e+00
4.722175241828236558e+00
4.721228113802054871e+00
4.726083712768516243e+00
4.724508768204205289e+00
4.722219320228184358e+00
4.725960600388360966e+00
4.721152241214564782e+00
4.715767463243654589e+00
4.724816615632730255e+00
4.727751471663625082e+00
4.735732246284991120e+00
4.730971815806491065e+00
4.727945531686190250e+00
4.727889292028534918e+00
4.721026797270231334e+00
4.719510867661958819e+00
4.705014450802621262e+00
4.705835470864670356e+00
4.706581043591627100e+00
4.705029366998731533e+00
4.705074563604568105e+00
4.703751193356190186e+00
4.710000002426175669e+00
4.710730564189856473e+00
4.706836831511660435e+00
4.705202048160498585e+00
4.707658964306541627e+00
4.706996229705288748e+00
4.675962260497978917e+00
4.676807041745538740e+00
4.678327974638472497e+00
4.686113557253963613e+00
4.691299946716871005e+00
4.694362419779881002e+00
4.693680885951596160e+00
4.695980791425284906e+00
4.697561708128736413e+00
4.700760497554795414e+00
4.698934682908403992e+00
4.699841324809340470e+00
4.688128696599062728e+00
4.691984098597078656e+00
4.698384148213753164e+00
4.704409121827390017e+00
4.711251996749624915e+00
4.667123837619321591e+00
4.666972182228967370e+00
4.667923725996306672e+00
4.670670792625042367e+00
4.672371687732526091e+00
4.670881261667388706e+00
4.622868678565738243e+00
4.628789995606485519e+00
4.635916350065403257e+00
4.636448518184000278e+00
4.639730113692817959e+00
4.646270036909728951e+00
4.648929448091251082e+00
4.651876587553950060e+00
4.649031961077560560e+00
4.658898901275859927e+00
4.599174154296253647e+00
4.600096208881235604e+00
4.603103795761621875e+00
4.605428224867468501e+00
4.556299394780940482e+00
4.558353113428721848e+00
4.517563169078121277e+00
4.517974845864459965e+00
4.520456235017488389e+00
4.517603964365515701e+00
4.513763530130945334e+00
4.515776157983373729e+00
4.518577515501156938e+00
4.517773734674929820e+00
4.520713719062119829e+00
4.519962682775927831e+00
4.550043644473010573e+00
4.546131362944089815e+00
4.490795526987607644e+00
4.422126212369141385e+00
4.424399887912275453e+00
4.429156928989794295e+00
4.365809658536828231e+00
4.368834865703123960e+00
4.302529963376056088e+00
4.303731716162763732e+00
4.302926071093948757e+00
4.298185203241162711e+00
4.242075071358420324e+00
4.243673384946876403e+00
4.240385190110679048e+00
4.189096783790878575e+00
4.232353230330764937e+00
4.230371863675499888e+00
4.232328515156411619e+00
4.236399248318629240e+00
4.234655513881582678e+00
4.232894724399019815e+00
4.235536708618040436e+00
4.218985519027452114e+00
4.222049736263181252e+00
4.221470374985921481e+00
4.221197888154860856e+00
4.222404416681126982e+00
4.220038453374885812e+00
4.187736122057778232e+00
4.184869515269035389e+00
4.189012656877222796e+00
4.118830154699049118e+00
4.125046992743964580e+00
4.126976962688753581e+00
4.128056921841356086e+00
4.187689293295481896e+00
4.190681154981936274e+00
4.188878542004835559e+00
4.226778821304830736e+00
4.229410563068985773e+00
4.228409074365630183e+00
4.229653922644938113e+00
4.232509174544865971e+00
4.232995365997976656e+00
4.236064509275547785e+00
4.235939070710949217e+00
4.236981815146639185e+00
4.242399989471212329e+00
4.187145075006161399e+00
4.188773457710650128e+00
4.242073380402148430e+00
4.312255450937080070e+00
4.308421652079180930e+00
4.305969761692836961e+00
4.369706168251514811e+00
4.370254264620345275e+00
4.431738097691492406e+00
4.430458579425518018e+00
4.425152401982242800e+00
4.428182762393985783e+00
4.496149225249925330e+00
4.491531121600685239e+00
4.493591801797479413e+00
4.541254225541841549e+00
4.539862689183693512e+00
4.537155183177253193e+00
4.540666495357049470e+00
4.538059583195816593e+00
4.537731036523330097e+00
4.543190802011632279e+00
4.541291201019290291e+00
4.600334870992996095e+00
4.600653653991219727e+00
4.603702253274451373e+00
4.603741646817859134e+00
4.604455458008950508e+00
4.636837836510047772e+00
4.633029546769681595e+00
4.630888447445052236e+00
4.559993764763936142e+00
4.628966287246058187e+00
4.644634054833862713e+00
4.644720017007298196e+00
4.644759698160792816e+00
4.646856743737818540e+00
4.648435207455544393e+00
4.647759333907558243e+00
4.648826236378214460e+00
4.646867581740028896e+00
4.645951577679706013e+00
4.648900233702724982e+00
4.651502050329217042e+00
4.590477584836884617e+00
4.524623418811228426e+00
4.525482183386695390e+00
4.523764737744387254e+00
4.524806583391863590e+00
4.581160128356207117e+00
4.580580839089611445e+00
4.581243125733669430e+00
4.577667398808794808e+00
4.576545639342216809e+00
4.580174290511666690e+00
4.515556093099847068e+00
4.514086496477791144e+00
4.511395204578725782e+00
4.465773342898994080e+00
4.471749339915572996e+00
4.468290716727802980e+00
4.468873166190419077e+00
4.421620604931176146e+00
4.419191746231676099e+00
4.427020858596092623e+00
4.428375752224903650e+00
4.427889723293289670e+00
4.362774777761855738e+00
4.361025642398516311e+00
4.359344641677709298e+00
4.361495542495942956e+00
4.362185307313978022e+00
4.363497864363191425e+00
4.358281910622348931e+00
4.358013718412339088e+00
4.359677631146472443e+00
4.358634552632573822e+00
4.359324123100958737e+00
4.361534938514990856e+00
4.366180837569721973e+00
4.437429789021110516e+00
4.436142703388253672e+00
4.479004416676119149e+00
4.475918510101699610e+00
4.476090715773689332e+00
4.411378862828376768e+00
4.351312357420868082e+00
4.291582332470640360e+00
4.298378884349603801e+00
4.299454796277185409e+00
4.292063158540629253e+00
4.295531628048511408e+00
4.348653938814589281e+00
4.418298110020415059e+00
4.415206135451457570e+00
4.374213223006738538e+00
4.373089404864198393e+00
4.369100792330671723e+00
4.368297147291942295e+00
4.364914785788131191e+00
4.363904988044644995e+00
4.363665338136844873e+00
4.365201855894699001e+00
4.358003951969406486e+00
4.346228891096469482e+00
4.343288028872310136e+00
4.298531936246353879e+00
4.344871966573791155e+00
4.345176774857171687e+00
4.350753634432293460e+00
4.348315212602591018e+00
4.398031592627635433e+00
4.335953325794950963e+00
4.330151060752855052e+00
4.333516013107976406e+00
4.331952788933180365e+00
4.401935946891739171e+00
4.337954062160409130e+00
4.337292214372825860e+00
4.333653578126991590e+00
4.336066599714993863e+00
4.332774359771762285e+00
4.334670874531863838e+00
4.333133805327657129e+00
4.332197609073753952e+00
4.333494912147466849e+00
4.333505005568352608e+00
4.336248765666542049e+00
4.329726736212278659e+00
4.328566901382568943e+00
4.328773748684816347e+00
4.326198197922614064e+00
4.262398092698155949e+00
4.259273333409337781e+00
4.326044898986414644e+00
4.381688569650035170e+00
4.438928588694640354e+00
4.433961419196248421e+00
4.435945580883998041e+00
4.441279001110060243e+00
4.437089802236563685e+00
4.438534952127259459e+00
4.437588256566492362e+00
4.436801222456648652e+00
4.475457499191452193e+00
4.418919476214754560e+00
4.419770157661557342e+00
4.418856492185640583e+00
4.419243972485695338e+00
4.401913397294340058e+00
4.403108893107495980e+00
4.341571099709313764e+00
4.344871778910598614e+00
4.335545173299498956e+00
4.301865130964657169e+00
4.349117063061146204e+00
4.350125562948824687e+00
4.295239184939998012e+00
4.293038427395866385e+00
4.228475960736821193e+00
4.224618903120714641e+00
4.223354595539444034e+00
4.225527816069872600e+00
4.226627052917530492e+00
4.230814721117358346e+00
4.224877385074843339e+00
4.287639946592751272e+00
4.286981413194102863e+00
4.289200875214854491e+00
4.216151492222769193e+00
4.221446615045681305e+00
4.221276064800884242e+00
4.141259813753929819e+00
4.143490352750693440e+00
4.143783870197766284e+00
4.143671844478181043e+00
4.142620150711750604e+00
4.143150421804354444e+00
4.150181483520535508e+00
4.149243158245892182e+00
4.144975228333539263e+00
4.212786585690270869e+00
4.213969969056250875e+00
4.210933718576900020e+00
4.214304116907621633e+00
4.214885542800073104e+00
4.218081221219712518e+00
4.104342253480007585e+00
4.104257070447276057e+00
4.102307336233625534e+00
4.105564553606436462e+00
4.055461546111508220e+00
4.056384013376429287e+00
4.051710797032534117e+00
4.112864689952682618e+00
4.109580541729691561e+00
4.114527958387915518e+00
4.114550570726678735e+00
4.133652966628301506e+00
4.135476743869163307e+00
4.195787396502789868e+00
4.142778233537877774e+00
4.219977128940069377e+00
4.253746869890091098e+00
4.250538193762227301e+00
4.251288174675057263e+00
4.301659371775994778e+00
4.302033029126381081e+00
4.362901814750165030e+00
4.364594222372993215e+00
4.423852045323547699e+00
4.422830384916891511e+00
4.414822616225696272e+00
4.413737378868129113e+00
4.415968917346456024e+00
4.416958447399006005e+00
4.413846482144559324e+00
4.482219585945795615e+00
4.483715081521491896e+00
4.425895793654053278e+00
4.428165290579769930e+00
4.507864050678173307e+00
4.501710025823038031e+00
4.499830092590121566e+00
4.499337039899756086e+00
4.504107942997124248e+00
4.501207522354649271e+00
4.492467432000401217e+00
4.492898884870649923e+00
4.495092216915631766e+00
4.491738748046271823e+00
4.490759455983654114e+00
4.487571848512969197e+00
4.488158888600178642e+00
4.480691455441856874e+00
4.534080499448230661e+00
4.590541868074798693e+00
4.591144003249530314e+00
4.588899066910733460e+00
4.581292042255638464e+00
4.636323073382425441e+00
4.635219368266073836e+00
4.636954823814667392e+00
4.635825353121958869e+00
4.635318577521799099e+00
4.635539127315430719e+00
4.638607830965979950e+00
4.634465727401875235e+00
4.636245131573101474e+00
4.634019333406204311e+00
4.686183667169199651e+00
4.688059593909442491e+00
4.689579621981502910e+00
4.689974639182686644e+00
4.690625274290146862e+00
4.694550475697552017e+00
4.697661199609794558e+00
4.701204630876983259e+00
4.702055435252378679e+00
4.705699870790216011e+00
4.708120517741553712e+00
4.711433099222466225e+00
4.709791151353249106e+00
4.707589765510620694e+00
4.706313519902540321e+00
4.706396018691387795e+00
4.704965447428984149e+00
4.706858414386786649e+00
4.759418104920589698e+00
4.757126583495739247e+00
4.754637624289655307e+00
4.758563264973261653e+00
4.761023343958970422e+00
4.762247863188573405e+00
4.757786297806536169e+00
4.758365709248031372e+00
4.700493790472282107e+00
4.699228069695688959e+00
4.700119506282042892e+00
4.699153546145990568e+00
4.701939436171165276e+00
4.703692731212832712e+00
4.643882854916146385e+00
4.649317237644215339e+00
4.654291393305698854e+00
4.650282261619008928e+00
4.649550931594355063e+00
4.655875191393024970e+00
4.657970805514472623e+00
4.656975631545021699e+00
4.654048186305979939e+00
4.654222908614833898e+00
4.655316996794022444e+00
4.658782429982491813e+00
4.658724142274232705e+00
4.656885921219970470e+00
4.654095175947798424e+00
4.655876923028853476e+00
4.655741106778091165e+00
4.653959943410501232e+00
4.653691657222104539e+00
4.655332779847010549e+00
4.656360731969051869e+00
4.655032984346797242e+00
4.651096463704821105e+00
4.583550999484299560e+00
4.520071263009799445e+00
4.522380410008124407e+00
4.519880620877110289e+00
4.519103064893590371e+00
4.518615882125483374e+00
4.464694957938625031e+00
4.467697075326459100e+00
4.469873084835759514e+00
