4.770416830058785140e-01
8.153168327557882566e-01
9.183522742197981481e-01
9.056298022757773847e-01
1.097709360463885009e+00
1.165127323261978098e+00
1.286154302546499650e+00
1.364890691715262339e+00
1.468071003803010255e+00
1.518062718761511665e+00
1.584220613359337060e+00
1.648349813955003240e+00
1.733549268080157635e+00
1.794858626181844219e+00
1.876408318380899942e+00
1.961968050276320374e+00
2.037891635768550369e+00
2.110513932761271860e+00
2.169944935745505177e+00
2.210299945835866975e+00
2.279357608578971295e+00
2.313279021983341455e+00
2.349827044112538399e+00
2.370611824100166576e+00
2.384855040782499103e+00
2.411342626341213879e+00
2.432862921038563275e+00
2.440667420692572254e+00
2.447037972017248819e+00
2.448995408961446074e+00
2.466244910118826184e+00
2.473382966605200739e+00
2.476765948328615519e+00
2.479977063897079059e+00
2.502726017806095715e+00
2.518696141780239373e+00
2.520036294242750774e+00
2.532394279578685570e+00
2.553526923166667739e+00
2.565198421882930901e+00
2.587028436938911824e+00
2.614486856117824498e+00
2.631118560244301019e+00
2.643893880274706287e+00
2.651977645311029530e+00
2.660390901345008441e+00
2.675368697793027994e+00
2.692089712061455753e+00
2.707242454187955172e+00
2.764973586263988814e+00
2.810984748969902913e+00
2.859491674950249251e+00
2.911708229211707355e+00
2.936816847017847287e+00
2.981366729024783169e+00
3.013542816263627078e+00
3.047211339059769042e+00
3.065415486594664785e+00
3.099526537540816751e+00
3.128023710066305085e+00
3.154556274784039882e+00
3.168175027746850780e+00
3.191782875453492263e+00
3.202679197566256075e+00
3.208143849930626956e+00
3.221609375505458228e+00
3.218862612630375875e+00
3.231759681232259762e+00
3.241316199698577982e+00
3.233925576582265204e+00
3.242007997657115670e+00
3.251743971390134380e+00
3.270487362226727424e+00
3.283318508464903474e+00
3.296119009342402872e+00
3.312192640246966580e+00
3.332447381517419149e+00
3.351565903450928641e+00
3.372216177280333405e+00
3.375112914307097256e+00
3.390752395171360956e+00
3.402480608222591574e+00
3.415670359741153739e+00
3.424235906366528859e+00
3.441688906902700573e+00
3.460395091694633329e+00
3.471464547429370828e+00
3.473721288015590769e+00
3.487880876775790284e+00
3.492870065743054475e+00
3.493549504265085925e+00
3.493255685761289975e+00
3.506944995286071176e+00
3.522245910637959554e+00
3.538170628758823710e+00
3.553009797129818903e+00
3.555504958675538063e+00
3.564414865853768433e+00
3.572108523730331164e+00
3.581421511770551014e+00
3.585157453243648540e+00
3.594689334987379414e+00
3.613180203317737593e+00
3.602932839108191843e+00
3.611606125779072585e+00
3.630700227010475345e+00
3.636740374359622052e+00
3.630535500880510025e+00
3.629699986460075412e+00
3.636033861213978646e+00
3.648822674645681996e+00
3.652310259841302642e+00
3.653944133608680644e+00
3.651680592639593215e+00
3.655386922414752604e+00
3.662695166740330688e+00
3.661478398684111735e+00
3.671592373686130006e+00
3.690663314346153800e+00
3.702160304376774125e+00
3.699088819585346855e+00
3.704372649144929142e+00
3.714842570309615066e+00
3.717684438447465212e+00
3.721552037583327532e+00
3.730219956356152000e+00
3.732344921248221148e+00
3.749565113667691296e+00
3.758507046278337427e+00
3.767944667239444101e+00
3.788435322150069950e+00
3.800100879773621987e+00
3.808723138686460175e+00
3.811347274113699779e+00
3.821558724254639827e+00
3.828585844207396338e+00
3.840495911543561736e+00
3.845941976128315343e+00
3.854542605531146471e+00
3.866497098041679070e+00
3.883415369591765476e+00
3.884839298257531937e+00
3.890633353867445798e+00
3.894953824577387369e+00
3.898285880095029299e+00
3.908880129591744801e+00
3.915848810277124059e+00
3.922835053853483966e+00
3.929759093261401492e+00
3.939738924168157297e+00
3.946321325433085558e+00
3.952753511791266661e+00
3.968119583453153965e+00
3.970871165659964230e+00
3.971027727003836549e+00
3.969750698043146286e+00
3.991124390304470193e+00
3.994216191912294711e+00
4.001456820335350884e+00
4.007591222043511259e+00
4.019171061177981841e+00
4.033845433019186189e+00
4.047037165511589762e+00
4.051238267088196565e+00
4.056646677520530098e+00
4.067478252997813293e+00
4.078554777978476764e+00
4.084683117199498170e+00
4.100421926087801872e+00
4.106567355801531427e+00
4.111808131729947746e+00
4.118721471145923019e+00
4.122245679521557626e+00
4.129738931653628597e+00
4.133696298569485172e+00
4.142327468993708628e+00
4.149317407368767086e+00
4.155805061741535411e+00
4.161847501243717495e+00
4.165629411228270129e+00
4.171087075786476639e+00
4.176099862037993660e+00
4.185076198774819289e+00
4.186101924235743788e+00
4.189055464419889852e+00
4.196437218602654617e+00
4.196466835315128208e+00
4.203324745012217534e+00
4.208415637500843687e+00
4.209706804067320896e+00
4.214577822336188717e+00
4.223230593024484669e+00
4.233408819331899942e+00
4.232620949002427579e+00
4.241036909979533753e+00
4.242403573107309533e+00
4.250748698551034543e+00
4.253357569595058507e+00
4.253900336189105680e+00
4.251048949821118583e+00
4.253885004085646848e+00
4.259903685410057150e+00
4.266559178399855767e+00
4.271951792343275933e+00
4.280485063977533144e+00
4.284794820267816107e+00
4.291679478180832064e+00
4.296020541845409824e+00
4.298877124032601138e+00
4.299593972107671469e+00
4.304911210532176291e+00
4.308836551643426382e+00
4.315497000258257998e+00
4.326168195301803188e+00
4.326449889225059131e+00
4.331646717226627530e+00
4.335420380865257606e+00
4.336185859802856868e+00
4.338476818783076894e+00
4.344551291281919525e+00
4.349837968079124373e+00
4.353667548881414717e+00
4.357616671510741391e+00
4.360501383085715332e+00
4.365856076944408137e+00
4.368541664706649286e+00
4.367408501033104962e+00
4.374454523354721402e+00
4.382819098319703954e+00
4.388510387946935154e+00
4.391171875957901705e+00
4.395872199586906781e+00
4.401876567151508546e+00
4.402472641874362935e+00
4.408234853485023308e+00
4.421803084504801085e+00
4.421126977483555542e+00
4.422460552291902935e+00
4.432306648826831008e+00
4.441858908006174111e+00
4.441191176780517225e+00
4.440956508978545436e+00
4.444090243922584449e+00
4.444714565664709127e+00
4.449684460071890335e+00
4.452137322003547837e+00
4.458702364337075785e+00
4.461864762085415492e+00
4.471676580106167087e+00
4.479460263039709567e+00
4.481809452977714159e+00
4.487022740165668822e+00
4.488316587978439465e+00
4.493581609649766939e+00
4.496616739527514284e+00
4.495336854883290378e+00
4.501114722406470925e+00
4.508263833762829798e+00
4.509305225336994738e+00
4.513821786608487763e+00
4.512266997194471330e+00
4.511812070939669184e+00
4.515675500907565976e+00
4.519519316259633435e+00
4.519508902461084610e+00
4.522237517654920325e+00
4.522116869941948281e+00
4.528082808777825541e+00
4.532990138514840339e+00
4.538890921649656462e+00
4.550811403512733833e+00
4.556295800840289623e+00
4.560976583196373113e+00
4.555988237082297942e+00
4.561099696785944069e+00
4.566639465322333891e+00
4.568881347716969188e+00
4.574622355698565457e+00
4.577118083809242677e+00
4.582307432211232268e+00
4.585603032132904211e+00
4.585611697090039129e+00
4.586754785965615255e+00
4.592858153322504577e+00
4.590153888475416721e+00
4.597269312915066131e+00
4.602908101234331362e+00
4.601785921268472634e+00
4.599402087210095580e+00
4.605506400308453152e+00
4.606652259254952142e+00
4.614940165349023182e+00
4.622069171782602126e+00
4.628480610769100778e+00
4.628160271029861939e+00
4.631766969873155837e+00
4.636968492379820006e+00
4.636423805584367841e+00
4.638610927306816123e+00
4.641153283342402069e+00
4.641625414520423654e+00
4.646440232109852353e+00
4.650871028618934311e+00
4.657280564008418722e+00
4.668520238184235893e+00
4.670146201765917660e+00
4.671120361560433309e+00
4.676242966143567159e+00
4.679194782330347024e+00
4.682709092275448626e+00
4.685184140018019860e+00
4.687581288083856990e+00
4.694051741007619682e+00
4.697675202800382976e+00
4.708956499179069333e+00
4.712128677877007732e+00
4.713726786298670035e+00
4.707798774585537416e+00
4.707937992904086322e+00
4.707272816857836162e+00
4.707347682969094116e+00
4.712635000434219457e+00
4.725277567153000291e+00
4.733651955368509689e+00
4.731544219203720480e+00
4.720229955504398944e+00
4.724201350112283926e+00
4.727392709588033703e+00
4.730277163217239789e+00
4.734640903890182884e+00
4.737016793472503373e+00
4.746926421938262308e+00
4.753039342419472568e+00
4.756996983809661295e+00
4.750026164673214701e+00
4.757303221747664956e+00
4.766880258377220514e+00
4.770783587864057651e+00
4.774617396875795450e+00
4.775985385261343197e+00
4.777014086724562070e+00
4.779388547825863753e+00
4.777040969297038586e+00
4.785102864835712566e+00
4.789767478475465801e+00
4.786339429649236976e+00
4.792232099433593184e+00
4.791677842937996701e+00
4.796189565198084814e+00
4.802488380183345562e+00
4.803250751276902264e+00
4.799000617414275638e+00
4.800087666020083965e+00
4.800394206360736327e+00
4.804895069129505814e+00
4.809465344524747721e+00
4.815236829202745206e+00
4.817122283807083072e+00
4.824713655909695476e+00
4.830739017855957940e+00
4.834605750686836956e+00
4.837336492233957230e+00
4.841983257609325797e+00
4.844907572145523922e+00
4.845743391688134949e+00
4.848971041459804177e+00
4.855617874838227266e+00
4.864287928118621096e+00
4.867240622145621920e+00
4.872696194955509874e+00
4.873305225167483101e+00
4.876335834126534152e+00
4.874354104419133193e+00
4.884291721415398690e+00
4.899965347547991179e+00
4.900000588483415243e+00
4.900474898135700030e+00
4.903484895560007217e+00
4.905562284757703395e+00
4.911048436536996853e+00
4.908009226946560055e+00
4.907305115690629549e+00
4.913710522932636771e+00
4.928476841735800029e+00
4.929955829285154856e+00
4.931411567572037136e+00
4.923016171587717871e+00
4.924193644251696256e+00
4.929565350504453214e+00
4.933072803918517657e+00
4.936092151340197631e+00
4.944062345627335375e+00
4.943395213602286731e+00
4.943863384401987027e+00
4.956880721886925301e+00
4.965329705088646683e+00
4.969667415356375351e+00
4.979204827784687204e+00
4.982708128439957918e+00
4.997235476910941721e+00
4.997400132072224110e+00
4.996937480765120121e+00
4.999274893502427375e+00
5.001601640937078486e+00
4.997895572116725305e+00
4.997282256809786105e+00
4.998510682946446515e+00
5.000797788705634517e+00
5.001982245542627936e+00
5.000983131327170206e+00
5.006189786246463491e+00
5.010198921410565553e+00
5.011788442031423152e+00
5.015076641596741602e+00
5.017495508510616986e+00
5.016532969047208468e+00
5.024443743456086686e+00
5.032671227284249760e+00
5.034698574027252960e+00
5.036064903290597528e+00
5.037394416391059337e+00
5.039608733541353303e+00
5.046770177097025467e+00
5.048330450329663321e+00
5.057361987701908035e+00
5.062307594961286128e+00
5.065200709947532687e+00
5.068044819620672214e+00
5.071350428737890326e+00
5.076270723082116021e+00
5.074726603178647544e+00
5.074634460078737419e+00
5.067064132024123424e+00
5.067756826842328088e+00
5.066914553855220937e+00
5.076854545752794934e+00
5.081589473156691739e+00
5.077592162070939885e+00
5.078201880220095887e+00
5.069974425363817261e+00
5.075364293088134637e+00
5.076623060824519307e+00
5.078447828287222521e+00
5.077918329693997812e+00
5.076339082742800102e+00
5.075094117008320360e+00
5.073852732779677410e+00
5.070689386868114212e+00
5.062310272219749052e+00
5.062121690372631377e+00
5.065825304082683722e+00
5.070670812488142332e+00
5.065848568647596473e+00
5.069003699074452030e+00
5.069078391123281513e+00
5.069918702075010941e+00
5.067954645517648515e+00
5.069813479965887382e+00
5.048295109100812361e+00
5.042579586125425450e+00
5.043348106401960962e+00
5.043346446048037279e+00
5.041529139808985427e+00
5.042875593173160809e+00
5.033458383344787457e+00
5.027764488899763684e+00
4.998905644121798275e+00
4.999420415503890602e+00
4.997789054138380926e+00
4.997329103970550968e+00
4.995109237996753215e+00
4.977716445764781561e+00
4.979386318057443361e+00
4.977690451811128014e+00
4.931488029220692404e+00
4.924146612946928236e+00
4.920108608647592696e+00
4.898309597775234892e+00
4.891734665085523126e+00
4.892354832256102348e+00
4.893219184643682773e+00
4.896301721849951605e+00
4.895942607728279050e+00
4.892836517421929265e+00
4.893691403384113237e+00
4.866558670419541599e+00
4.868518090359105877e+00
4.869696835725638273e+00
4.874910188570380498e+00
4.873460562242406979e+00
4.875389495128712447e+00
4.872129266909452916e+00
4.869483335189050521e+00
4.869244888217282963e+00
4.837418072607327701e+00
4.833978650521938647e+00
4.839918941669009378e+00
4.844328191674792450e+00
4.843800044489468881e+00
4.843311259018026504e+00
4.844837494182751669e+00
4.847196568995023824e+00
4.848844854952585770e+00
4.843053919357105386e+00
4.842489881674135077e+00
4.841062637008596958e+00
4.837991100923601628e+00
4.857056887034657322e+00
4.859001469075994173e+00
4.858038210596212103e+00
4.813458395781920807e+00
4.814239207218502514e+00
4.813602412479831116e+00
4.818557275557620478e+00
4.821741800317567161e+00
4.849467355635513677e+00
4.848127644963684979e+00
4.849271255248715384e+00
4.851368396282909501e+00
4.846912719832173089e+00
4.860593786018698736e+00
4.858547824316425512e+00
4.901101766664814008e+00
4.859353056492190959e+00
4.866562662276971984e+00
4.866544738419687377e+00
4.890112328538517517e+00
4.898660793208245323e+00
4.900888128417374645e+00
4.899585234987163140e+00
4.898534405895452082e+00
4.898278458036954497e+00
4.899284966542079900e+00
4.902174535061774030e+00
4.929445256150516208e+00
4.931326971465738396e+00
4.931531453407747456e+00
4.934025028906194876e+00
4.928507575844068178e+00
4.925667693317643092e+00
4.925668998404391097e+00
4.875963394042905463e+00
4.878512491761539671e+00
4.911870021167818123e+00
4.908421953912164959e+00
4.911831531955317409e+00
4.912640411568212073e+00
4.861807834980309551e+00
4.861513578332149699e+00
4.861322950067248350e+00
4.862274852117892898e+00
4.866491668443533314e+00
4.873122754296719705e+00
4.881564318399305158e+00
4.887023057877169840e+00
4.890992027387535579e+00
4.840352499966290800e+00
4.791173566323554844e+00
4.791832174178285442e+00
4.839722463576765499e+00
4.842912091480115144e+00
4.790886371692711698e+00
4.796523520655722628e+00
4.796805541603730738e+00
4.798430811575711274e+00
4.797515684617706277e+00
4.799729818211884158e+00
4.799756151513876468e+00
4.804299307459213075e+00
4.804884823896816037e+00
4.804414843014226832e+00
4.805558911489672624e+00
4.855099547456137365e+00
4.851376415829062871e+00
4.850998878223570898e+00
4.851297880357739345e+00
4.854387576493156331e+00
4.801515544664096247e+00
4.803396033738352777e+00
4.810141777356105486e+00
4.816632885138449005e+00
4.820724833116117658e+00
4.821157715448905812e+00
4.825510665100065211e+00
4.827164281277393165e+00
4.777875407910689098e+00
4.721635573328924806e+00
4.675100569011330087e+00
4.678841669131045045e+00
4.735730447080643835e+00
4.735855293317685621e+00
4.737825172584524402e+00
4.737138794194719615e+00
4.740209144235034699e+00
4.738392210442313512e+00
4.739567463847142115e+00
4.789455151633022822e+00
4.787940010938134705e+00
4.790194557585248702e+00
4.790114708062727544e+00
4.787805044868738591e+00
4.791568386130162338e+00
4.786825181859308387e+00
4.782774011944045611e+00
4.834171419320898444e+00
4.884136529412295147e+00
4.887984685014214570e+00
4.894878565650648383e+00
4.897306784713656214e+00
4.949838923815438996e+00
4.952212818778529702e+00
4.948605630010873391e+00
4.948772703360694969e+00
4.949699047111359995e+00
4.950334279797962367e+00
4.949232744514064031e+00
4.952417517617479170e+00
4.954087203093846981e+00
4.956177750151755212e+00
4.957379230979512386e+00
4.958919042928680909e+00
4.956829766431326334e+00
4.961931628068109390e+00
4.962852530168645693e+00
4.954627724785878762e+00
4.954910153043746490e+00
5.010725137381525585e+00
5.003170925331071217e+00
4.958619722837112498e+00
4.958820442763814285e+00
4.958624614713333045e+00
4.958832281095845396e+00
4.955875856832327564e+00
4.959607739147536165e+00
5.007619668579566863e+00
5.065033167184226137e+00
5.116264572491400209e+00
5.114718059868672562e+00
5.113551239621827449e+00
5.113742366661369054e+00
5.108622499617478496e+00
5.108512320333778334e+00
5.107516848276236310e+00
5.107077693011389030e+00
5.104386378272754321e+00
5.104989922509910905e+00
5.112060847741155989e+00
5.110961222961625694e+00
5.114443917309296594e+00
5.113986894928086002e+00
5.108723470437523062e+00
5.109420744208540199e+00
5.107380569646594815e+00
5.110924230795824030e+00
5.112259387091202534e+00
5.113941563381397160e+00
5.108721163296937817e+00
5.103465407165767687e+00
5.103903832127800300e+00
5.105150209400083128e+00
5.107645045983044696e+00
5.109895938987864206e+00
5.107254338183288667e+00
5.106639782348414869e+00
5.109527364074002875e+00
5.105568412920916010e+00
5.099978751412443501e+00
5.102458722867667440e+00
5.098719155535172298e+00
5.099734497425364665e+00
5.105036785850121994e+00
5.102980601480375356e+00
5.103917370335571135e+00
5.111941330603929856e+00
5.108526346418345021e+00
5.109320374814336319e+00
5.108120838023529231e+00
5.148142094261999091e+00
5.147111808123854715e+00
5.143983494567462067e+00
5.144559061310514103e+00
5.142977308196619468e+00
5.135596623366718738e+00
5.137814504765540136e+00
5.136422026181139522e+00
5.133147415013729287e+00
5.130168510955237515e+00
5.129077059674728822e+00
5.133799686082158864e+00
5.136401266780544539e+00
5.138804489291590727e+00
5.134627583336636825e+00
5.136413118849400661e+00
5.135899507465231828e+00
5.132639556684158499e+00
5.128816812045190687e+00
5.128290435404824876e+00
5.127418330357846443e+00
5.127333123393237102e+00
5.127335941277161524e+00
5.123323135571264508e+00
5.129981617731505850e+00
5.128173674166535356e+00
5.129675422389846418e+00
5.122999109820169927e+00
5.123833204069797809e+00
5.125737497554511357e+00
5.123047867910867303e+00
5.121508949558370105e+00
5.116576614034126003e+00
5.118594262426458208e+00
5.121147006507266397e+00
5.121943247401856247e+00
5.119988217208214287e+00
5.123275618129258469e+00
5.062755473033775822e+00
5.064131248562279808e+00
5.067359550151666170e+00
5.067579822366475639e+00
5.061740724825326332e+00
5.066565828283409623e+00
5.068376029485400558e+00
5.064111299994171311e+00
5.066411153636074971e+00
5.067113083627896586e+00
5.069808847745922442e+00
5.070553169450119135e+00
5.069386034008828368e+00
5.064130618253122940e+00
5.066767460055458194e+00
5.065492203104946078e+00
5.070359629994492856e+00
5.067825741902001191e+00
5.067114299955096435e+00
5.067594514129577732e+00
5.070354270633634641e+00
5.067435139235190178e+00
5.066565780918090844e+00
5.066591774929160685e+00
5.062190514442264977e+00
5.064833981771549531e+00
5.065594005457104920e+00
5.012064324956021721e+00
5.018335080184115782e+00
5.014976059099416794e+00
5.014343090820306159e+00
5.015542833563348069e+00
5.012319961923248357e+00
5.013875325383689407e+00
5.012998567674728179e+00
5.008492382603936477e+00
5.008184064827517545e+00
5.009394956931738641e+00
5.013195244429022424e+00
5.015177622782436728e+00
5.015982749831524146e+00
4.958884609555826550e+00
4.956553964983696048e+00
4.953709155533546848e+00
4.953186928863297922e+00
4.951573623579590411e+00
4.952113079801466533e+00
4.953297242957216184e+00
4.890497458558670907e+00
4.950480370603524527e+00
4.947779305448267273e+00
4.944636239541897460e+00
4.944083137540995487e+00
4.945172843023060594e+00
4.943955639930393886e+00
4.942841121463684040e+00
4.944283392734140747e+00
4.945280504990920534e+00
4.947626330606267331e+00
4.944608519445615968e+00
4.941402292547927289e+00
4.948067659400845919e+00
4.946676036394334730e+00
4.944351052076217279e+00
4.942161556746038187e+00
4.942186175753949584e+00
4.946763233534599458e+00
4.944626793757094241e+00
4.943878599016210629e+00
4.941412128077423915e+00
4.942712512902650346e+00
4.941767846593659641e+00
4.946475391522184850e+00
4.948201792790047016e+00
4.948754646140267610e+00
4.949028073486694268e+00
5.003414641514372541e+00
5.000995788821791521e+00
4.998422482520997079e+00
4.998171684889217481e+00
5.000047405424672853e+00
4.999531153080233992e+00
5.001455836458764459e+00
5.009065758861026119e+00
5.008292269142947895e+00
5.013907393798760381e+00
5.012112592570755254e+00
5.010920726309293194e+00
5.010446554096946947e+00
5.008922893348944250e+00
5.064572616637454949e+00
5.067138577503066621e+00
5.069510309694754469e+00
5.067671401484504123e+00
5.067920031145401794e+00
5.067158326962694304e+00
5.068777498308586260e+00
5.070952830433308911e+00
5.071720781575052683e+00
5.070304170358571838e+00
5.010479242599963356e+00
5.010743132318458137e+00
5.010020279637854124e+00
5.014979106586507029e+00
5.012490336603059760e+00
5.014467471281810695e+00
5.011086841308145523e+00
5.011840735985217954e+00
4.971554513198817027e+00
4.980076934123428778e+00
4.912241989333390180e+00
4.912574136745039510e+00
4.911865959495627543e+00
4.912085591910721583e+00
4.909955134394186516e+00
4.910083776600196792e+00
4.912106571655700193e+00
4.913295263704531735e+00
4.919315992123781456e+00
4.921578577936217336e+00
4.918446049658116159e+00
4.918492925369758240e+00
4.917605497305332030e+00
4.910668812277355855e+00
4.910338346480728866e+00
4.913791977189363003e+00
4.915869242825620766e+00
4.919173330061323846e+00
4.917209525545064075e+00
4.920387670294229743e+00
4.921587005729026743e+00
4.923989894206601825e+00
4.921361137113908768e+00
4.923242072734852925e+00
4.916042823258032435e+00
4.916556466949088211e+00
4.913588066108568242e+00
4.910665564176899700e+00
4.911852650306281376e+00
4.916076543585975678e+00
4.919766079357615673e+00
4.925506902122775976e+00
4.926715268670758263e+00
4.927533149332031570e+00
4.928091917036623748e+00
4.925940030004409387e+00
4.990157025759271114e+00
4.989893698206923744e+00
4.928060320498367730e+00
4.986384699688974464e+00
4.983970282642435023e+00
4.982853656375950457e+00
4.979888932169465932e+00
4.982272528061354677e+00
4.979041783405182109e+00
4.977105234321255622e+00
4.973674200284402325e+00
5.017090677854609382e+00
5.016313761973892227e+00
5.081425283176146834e+00
5.086883402538179944e+00
5.093929135245112150e+00
5.092685016834325396e+00
5.092161736572722752e+00
5.095452898744426307e+00
5.093003838774760261e+00
5.094466839913344813e+00
5.091965122766271001e+00
5.089833760484470560e+00
5.089132685666871936e+00
5.087222875202615846e+00
5.086571872650439197e+00
5.092804114455700137e+00
5.092861587913892762e+00
5.095663805310145733e+00
5.097249309369067838e+00
5.098549712279069723e+00
5.096533539659621859e+00
5.096583491956207190e+00
5.093871738282674144e+00
5.096847128467441479e+00
5.103069928865643590e+00
5.056094328468542898e+00
5.059407920385791790e+00
5.065492384492311650e+00
5.063935753084689573e+00
5.069874281499469504e+00
5.067930212901256226e+00
5.065912572332671893e+00
5.064900784426869862e+00
5.063589722262121562e+00
5.060936676779966170e+00
5.059739864306559198e+00
5.058646980695757911e+00
5.056152673855023316e+00
5.053084570372371687e+00
5.054295954400647162e+00
5.117818985416501931e+00
5.120575911343804520e+00
5.079337121397397681e+00
5.076081741919511003e+00
5.072603403686645862e+00
5.074521399431010771e+00
5.076174803171111805e+00
5.078726194595154730e+00
5.081204794544095016e+00
5.078966599712685159e+00
5.077152954956269504e+00
5.074391763041896652e+00
5.072958805001473337e+00
5.068773990749677161e+00
5.070726099496591033e+00
5.069672517546210067e+00
5.065807460984625976e+00
5.066522049154205121e+00
5.065968256671029124e+00
5.066136098951486311e+00
5.066262383242538192e+00
5.068664769553062222e+00
5.071320322013873394e+00
5.071584707215323284e+00
5.067577768394099458e+00
5.066402973682454736e+00
5.063746905044727242e+00
5.059880805638989010e+00
5.063431884830277951e+00
5.064163143783678933e+00
5.063329377908351248e+00
5.061202083585667921e+00
5.054506194455471224e+00
5.055409372502415621e+00
5.108330498905305994e+00
5.106503591207132153e+00
5.105253871076804728e+00
5.103237917074089580e+00
5.094645911541209493e+00
5.092894116279494732e+00
5.093094142266279434e+00
5.088751209998576108e+00
5.090697888568154639e+00
5.092654122304431041e+00
5.089833635758463259e+00
5.093309500718337546e+00
5.097095619073533257e+00
5.092272586608816987e+00
5.090834966596822220e+00
5.044714983855467239e+00
5.088710925016884268e+00
5.094642355223827579e+00
5.092965960155498628e+00
5.095062191306162447e+00
5.098619961950915602e+00
5.099001919186159526e+00
5.093989601376011755e+00
5.096337283118733907e+00
5.098847743903372809e+00
5.099502918148680841e+00
5.099167500264990771e+00
5.099447200910218747e+00
5.101308414929804691e+00
5.103028425763717735e+00
5.105332224201079683e+00
