-1.159885303367659937e+00
9.442199494918489533e-01
5.258117624454526684e+00
8.941814432996473272e+00
1.684300838698517566e+01
2.393120925350541839e+01
3.635959263126008523e+01
4.750173795460938209e+01
5.874771607155314967e+01
7.400379265658523309e+01
9.473587260261976439e+01
1.178934063164893473e+02
1.393428733689876253e+02
1.564825541491598813e+02
1.725743635891265626e+02
1.893455178351732400e+02
2.068029812686135074e+02
2.199242886826076813e+02
2.381883189867659780e+02
2.485575447993811053e+02
2.536982811528933723e+02
2.580074142222554769e+02
2.659050517226255579e+02
2.724240926748154266e+02
2.866010491762080505e+02
3.007243092060992922e+02
3.111141098646547221e+02
3.224100933489714862e+02
3.254491936612420204e+02
3.294195708525559780e+02
3.297130884611456736e+02
3.370954455106602836e+02
3.421715653448857211e+02
3.453577910630654060e+02
3.469414652665649896e+02
3.527198545053815337e+02
3.464693908931731130e+02
3.378231961181207339e+02
3.312141815917628946e+02
3.332741305593726224e+02
3.368100171815330555e+02
3.373608337429727726e+02
3.285684866890854892e+02
3.372992825559358039e+02
3.341748923959081594e+02
3.395841201824451332e+02
3.371416373404261435e+02
3.432823902741947109e+02
3.500518383628747756e+02
3.531851164724297973e+02
3.443223211935835479e+02
3.438334256677351277e+02
3.502115930817954563e+02
3.542619215567465858e+02
3.556608446139730972e+02
3.538755266826024126e+02
3.573397506398649170e+02
3.641642424450302542e+02
3.693478031869974529e+02
3.645060890281108641e+02
3.680155443997591078e+02
3.770295504134208500e+02
3.799802079612779266e+02
3.843305544086201735e+02
3.838309597725416893e+02
3.774697506206809408e+02
3.842702792316623004e+02
3.817427866233359737e+02
3.797713456465017430e+02
3.780285346265603721e+02
3.805284300108623370e+02
3.815623513592568656e+02
3.837999317731773203e+02
3.858525425271832319e+02
3.863597676999156079e+02
3.888465575242065029e+02
3.981859337017125426e+02
3.981636228401750373e+02
4.022093711904308861e+02
4.054571355332921598e+02
4.091531768447550803e+02
4.111233442855547082e+02
4.118720864454896287e+02
4.144435807615830072e+02
4.142303353559462380e+02
4.170606285539195142e+02
4.162397503075312670e+02
4.154938225825844711e+02
4.227668144676949851e+02
4.244957716286893969e+02
4.230913846440819270e+02
4.232351266516050146e+02
4.349613652547694755e+02
4.416154540601288545e+02
4.370369303166314126e+02
4.480039113717381269e+02
4.495481886443363919e+02
4.589983638863397459e+02
4.682561018669243822e+02
4.749092252908884007e+02
4.584523525088645215e+02
4.546435150062667390e+02
4.687557492016439369e+02
4.641647845169972584e+02
4.510188744315731810e+02
4.496547291898376102e+02
4.598926239009308574e+02
4.588152634195224664e+02
4.459124072003066885e+02
4.527444630285172025e+02
4.459178556764888413e+02
4.473794980487257931e+02
4.554910331718376142e+02
4.565653673057099695e+02
4.602988165411296109e+02
4.568311678775919518e+02
4.868709047778618810e+02
4.924741327884995030e+02
4.899761076180772079e+02
4.814074260392400220e+02
5.004664432864724404e+02
5.067446158735576205e+02
5.114595245743360010e+02
5.173546634691999770e+02
5.165336067625336227e+02
5.320716502585448779e+02
5.378051065700708477e+02
5.424306735057017477e+02
5.478418597516455293e+02
5.449409000629191269e+02
5.478433927690439305e+02
5.528918478491726773e+02
5.772587951436239564e+02
5.914607601068390750e+02
5.930856635907074406e+02
6.002986492839461334e+02
5.997468773172881811e+02
6.140380213825983446e+02
6.279299523461064609e+02
6.369749722492175579e+02
6.291785220682791078e+02
6.457107793841844341e+02
6.346249053328606351e+02
6.336167646523036865e+02
6.565327776455595767e+02
6.753418565633779735e+02
6.791135811080441727e+02
6.778210518614243938e+02
6.636784808692220849e+02
6.672367659781762086e+02
6.740004884005054464e+02
6.650888479151216188e+02
6.795368675379490924e+02
6.843098712254743532e+02
6.869146253119315588e+02
6.893475040324755128e+02
7.179238025438187378e+02
7.204691181908735871e+02
7.192320294307460244e+02
7.450251118124400591e+02
7.411810866951630032e+02
7.330651320976005536e+02
7.436305598198937332e+02
7.355971975374750400e+02
7.607296342148007398e+02
7.746326782752333884e+02
7.710483435777582599e+02
7.745498253957390489e+02
7.733315601665226495e+02
7.790175241985676848e+02
7.819160057868223248e+02
7.797344757226142065e+02
7.701527831611922466e+02
7.755612452304453655e+02
7.919823162822681297e+02
7.907829158778580450e+02
7.939660481288722167e+02
7.913733291586485166e+02
7.887152632481523824e+02
7.938386798495598669e+02
7.912782941392580369e+02
7.939431635862073335e+02
7.964130293738054434e+02
8.041015740223737112e+02
8.143502580659572914e+02
8.022929251077913477e+02
8.092394415991356027e+02
8.088676876080829743e+02
8.059544109339390161e+02
8.107818903294732991e+02
7.990853135756017309e+02
8.106937634707229563e+02
8.157374599344694843e+02
8.062304945354097754e+02
8.078669116440479456e+02
8.059521350667480419e+02
8.026020474003021263e+02
8.169288678862262714e+02
8.207050862277718579e+02
8.334319434892145182e+02
8.247144265969308208e+02
8.354585666331654465e+02
8.397995449307198896e+02
8.415073697829444654e+02
8.387936737118963038e+02
8.348693476730555858e+02
8.438065508948654951e+02
8.493133419024871955e+02
8.395154914457285713e+02
8.491158638525611195e+02
8.422913967315540731e+02
8.508821718130500358e+02
8.604065856023258902e+02
8.549459750162469618e+02
8.583068156113142777e+02
8.362881774299983135e+02
8.390954139965034528e+02
8.458600840658572224e+02
8.461359385579585251e+02
8.417359221252610268e+02
8.503896753803254569e+02
8.751318628239588406e+02
8.798567112852314267e+02
8.743244128545948115e+02
8.752115975676734934e+02
8.899645017951911541e+02
8.848461717803422744e+02
8.933842519740848047e+02
8.856117221647468796e+02
8.803317044899899884e+02
8.880122795944060954e+02
8.978518979943895602e+02
9.115117412461288495e+02
9.137982513642248250e+02
9.149359940867930163e+02
9.064218993178288883e+02
9.120374715228443847e+02
8.967039514233891850e+02
8.895097747170234470e+02
8.944063898539725415e+02
9.007177496999189543e+02
9.033406580923569891e+02
9.165831831614840439e+02
9.167339138315109039e+02
9.138867613129908705e+02
9.226602122006942182e+02
9.064486963673631408e+02
9.050662736087630265e+02
8.999055764474062471e+02
8.975250873179290920e+02
9.110642539731267107e+02
9.159233226279815199e+02
9.138363359279427414e+02
9.113738215348358835e+02
9.192131019574735546e+02
9.264288962891088204e+02
9.100700265183533020e+02
9.174268151930477870e+02
9.231330907898139913e+02
9.344001092798379204e+02
9.459914592854786406e+02
9.573774515862392036e+02
9.635658352477838662e+02
9.736909072487173944e+02
9.619176044794252221e+02
9.495009354682332514e+02
9.429063397130166777e+02
9.578285954489782625e+02
9.607571783861202448e+02
9.930194029829505098e+02
9.988967764496305790e+02
9.955619187827167025e+02
9.929729364043694204e+02
1.001320810768397678e+03
1.010613554237831863e+03
1.002365536872033658e+03
9.994041114261626717e+02
9.891167788882835339e+02
9.919357577649493578e+02
9.846363507048896508e+02
9.927899812331389739e+02
1.015587853858939752e+03
1.037084570668466085e+03
1.051643063069538812e+03
1.066362494827604223e+03
1.060038281329241727e+03
1.079665878288285512e+03
1.065467444547433615e+03
1.074507682682271252e+03
1.076536531928570184e+03
1.089368359481170273e+03
1.111324518793272318e+03
1.112894814460615407e+03
1.133931130625625883e+03
1.139506849308062556e+03
1.141444977382891011e+03
1.167084540949743314e+03
1.179405126985637480e+03
1.201880912982976042e+03
1.215619004045714519e+03
1.249735891563278756e+03
1.231139616934161495e+03
1.253344142682112079e+03
1.247819875603045830e+03
1.246711166789574008e+03
1.252452682103937150e+03
1.239993857890078743e+03
1.264088537523448849e+03
1.283421733732116309e+03
1.317294959241428614e+03
1.327811940041428670e+03
1.308091625113122745e+03
1.327591889529619039e+03
1.348890370430034864e+03
1.344436760710813587e+03
1.352181725733916664e+03
1.370796346461324219e+03
1.396149894410770003e+03
1.405719834277763084e+03
1.414594906069213494e+03
1.421841853866038946e+03
1.444158553957203367e+03
1.439886800020286273e+03
1.433314666326245060e+03
1.454122966652138075e+03
1.463375598999100930e+03
1.478143020009394604e+03
1.490363283412863666e+03
1.516820266831189429e+03
1.538031661102895441e+03
1.567317074324804935e+03
1.609119955921014707e+03
1.616889406800903771e+03
1.606189633345671382e+03
1.570185443387970736e+03
1.612079058101297505e+03
1.652792145978626195e+03
1.678490251026257283e+03
1.672280381969900873e+03
1.689172721451872803e+03
1.706988322347082430e+03
1.712054708673652840e+03
1.744170578889833223e+03
1.767786096204933756e+03
1.777882422489186865e+03
1.775674080077112649e+03
1.818770542424350197e+03
1.855073429739935591e+03
1.857880873268830783e+03
1.900330146018080313e+03
1.894320902453014014e+03
1.925646884186448233e+03
1.950671332011180994e+03
1.982395871383630492e+03
1.986802303966124782e+03
1.993822477412961916e+03
2.030402868717951151e+03
2.039858695788236901e+03
2.071206734994129420e+03
2.098243534021065898e+03
2.119988229146474168e+03
2.163234788854764702e+03
2.164864686322149737e+03
2.165223164638081926e+03
2.194942797802661516e+03
2.208944461130005493e+03
2.218134548056144922e+03
2.265918615976882393e+03
2.330553377784673557e+03
2.335093720593457874e+03
2.368245265655506955e+03
2.318241421198178159e+03
2.335406572994484122e+03
2.358691101819671530e+03
2.339984535670473633e+03
2.331108087165384859e+03
2.308285734570016302e+03
2.255574352162866035e+03
2.273303486554816118e+03
2.315924842823365452e+03
2.290173153227036437e+03
2.308677707163848936e+03
2.346851238279853533e+03
2.308694393777663208e+03
2.321184488681981748e+03
2.307364818760397156e+03
2.358291958400566273e+03
2.366386632901751454e+03
2.398874451577858053e+03
2.353358505344628156e+03
2.353457737672594703e+03
2.334247381659008624e+03
2.367018731670851594e+03
2.352487854080621219e+03
2.343992755418270463e+03
2.343780664393551433e+03
2.326962683949549501e+03
2.304630574971169608e+03
2.265617163099278059e+03
2.244494029258395585e+03
2.234892746113918747e+03
2.161070654408918926e+03
2.181999195439183950e+03
2.225413131885978146e+03
2.238152334489158420e+03
2.244777505300313805e+03
2.243379495815372593e+03
2.273990031559125782e+03
2.316320774868402168e+03
2.335071750145008536e+03
2.380158189997476711e+03
2.400621239018597862e+03
2.384577784282631001e+03
2.385758930222674280e+03
2.321985948174215537e+03
2.306414959571351119e+03
2.331868556340034047e+03
2.305532467051337790e+03
2.264675821573682242e+03
2.220172829218054630e+03
2.226754647852277685e+03
2.268501891288339266e+03
2.246671132674064211e+03
2.259153673829040599e+03
2.219107950210411673e+03
2.153937706613060527e+03
2.176852125297933071e+03
2.215341836302069623e+03
2.227334884088121271e+03
2.255111787956462194e+03
2.300286190082739722e+03
2.278973098506040969e+03
2.290092478707294958e+03
2.305174362667712558e+03
2.313087598685656758e+03
2.329391769249826211e+03
2.354167410427822233e+03
2.334414271665670185e+03
2.323541621324240623e+03
2.282951613153920334e+03
2.214535761854320754e+03
2.177168278893420847e+03
2.177191018688757595e+03
2.177623849907395197e+03
2.178046404626512867e+03
2.215607580347686508e+03
2.249593816289665938e+03
2.250436127754287554e+03
2.256552425187939207e+03
2.238294619447406149e+03
2.274803425258169682e+03
2.272112944157538095e+03
2.265817331729151192e+03
2.273503112512865755e+03
2.315331422226068753e+03
2.338330382907334297e+03
2.327505841563548984e+03
2.382612282620442784e+03
2.384589280716908434e+03
2.434365607895282210e+03
2.389946685991724280e+03
2.361050640673724502e+03
2.343374714371400387e+03
2.350148903693680040e+03
2.358815577955706431e+03
2.347568407817197567e+03
2.351344037374676645e+03
2.369729011979922234e+03
2.338176334299844711e+03
2.331949685953557037e+03
2.333050297342948397e+03
2.355916068142352287e+03
2.396871258710943039e+03
2.439034374917390323e+03
2.464665298354246261e+03
2.481308068095875569e+03
2.478617834317416964e+03
2.507670737255753011e+03
2.497817427206834054e+03
2.493629163892771885e+03
2.507118681658647347e+03
2.517076358852619705e+03
2.519842953108497113e+03
2.516106880439908309e+03
2.544880229135610989e+03
2.586547431462455734e+03
2.583445064094002191e+03
2.605392756055809514e+03
2.590408720066266596e+03
2.580842854449366314e+03
2.550864516877986716e+03
2.523605859146733565e+03
2.529829747432379463e+03
2.499157027758137247e+03
2.530236798077005915e+03
2.544556228824490063e+03
2.512863974419502938e+03
2.503268033828464468e+03
2.535333565070804980e+03
2.573956645803732499e+03
2.537899100266955429e+03
2.558199121793017639e+03
2.572773456376854028e+03
2.562369682281298083e+03
2.509557245957023042e+03
2.515417436383171207e+03
2.432398291188114854e+03
2.429122912882645778e+03
2.413898954886899446e+03
2.420145200423675306e+03
2.419563370917065185e+03
2.438488385427043340e+03
2.419478295324071951e+03
2.424396980648969929e+03
2.389135484293285572e+03
2.376339196181839725e+03
2.355265994720446088e+03
2.360257152360957207e+03
2.383303733560572255e+03
2.372944045165462740e+03
2.362520357042142223e+03
2.390385738185093487e+03
2.379583819143723304e+03
2.404234090757710874e+03
2.424689468961893454e+03
2.454080162148329691e+03
2.432128966661809955e+03
2.463761146100465339e+03
2.442883039480443585e+03
2.460882929183540000e+03
2.484601061118856705e+03
2.453878729699415089e+03
2.431335001826743792e+03
2.448496179183418462e+03
2.471033001964923642e+03
2.433843549602352596e+03
2.447318212541642879e+03
2.459984141114769500e+03
2.496898342634056007e+03
2.503803894780770406e+03
2.552173926100267636e+03
2.597853533488455469e+03
2.587826010932868030e+03
2.582737093128331708e+03
2.625193782364214258e+03
2.630093420690095627e+03
2.652641574046826008e+03
2.653930387173052168e+03
2.674452459721328978e+03
2.675465724106512880e+03
2.686387487862332364e+03
2.703846456141347517e+03
2.731862709776271913e+03
2.756455268980548681e+03
2.720988036756006295e+03
2.703209961535844286e+03
2.679471212920476773e+03
2.665175432304624792e+03
2.681656508952667991e+03
2.671712439337071373e+03
2.691554014319805447e+03
2.676063710800355238e+03
2.697636656716446851e+03
2.692276906153894288e+03
2.697199502500543531e+03
2.696862146445438157e+03
2.689536709500537654e+03
2.713061491010141253e+03
2.726553733775398996e+03
2.738150013309501446e+03
2.706738957795142596e+03
2.719037358325409059e+03
2.735782922241009601e+03
2.731021840200537099e+03
2.735422994670275784e+03
2.736426010138515721e+03
2.768540814190144829e+03
2.697622494323557021e+03
2.718952461763627980e+03
2.680911777466611056e+03
2.690446534236483330e+03
2.683881601075571780e+03
2.683307556116877095e+03
2.712336967540338719e+03
2.721105578471299850e+03
2.722632881525993525e+03
2.736449336914160085e+03
2.752092569649162670e+03
2.731936167028876753e+03
2.697631739450206624e+03
2.693302264844219735e+03
2.704785357271664452e+03
2.714404386252141194e+03
2.765653293462599322e+03
2.790755456483164835e+03
2.812884887946376239e+03
2.825897421434897751e+03
2.804218704942608383e+03
2.814872674561467193e+03
2.809690639719315641e+03
2.843202104156931910e+03
2.835262051456732934e+03
2.826533388558293609e+03
2.868819757605974246e+03
2.860194854197472068e+03
2.859623089983103000e+03
2.897354478930526057e+03
2.872024799878644899e+03
2.910817627237482156e+03
2.886992348751996360e+03
2.877113663989931865e+03
2.895375089242827016e+03
2.876023985923095552e+03
2.903644392546650124e+03
2.897493212900820254e+03
2.941104060446408312e+03
2.892754621533087175e+03
2.932407961308118502e+03
2.978385099570485636e+03
2.998484212519295852e+03
3.032304146283180671e+03
3.034487183396130149e+03
3.034663346404839558e+03
2.997284642773807718e+03
2.995385880455347433e+03
2.980131820583032095e+03
2.977253532312702646e+03
2.989787177080174843e+03
3.042740612796145342e+03
3.040911951150113509e+03
3.058489058246533205e+03
3.070952381882927057e+03
3.067276716108660366e+03
3.073886569703486202e+03
3.041332581436011878e+03
3.020462848550060698e+03
3.019557385388109651e+03
3.055837144141039516e+03
3.077809360814681895e+03
3.082554104666273361e+03
3.070666221512296033e+03
3.065471790473822239e+03
3.052894205650246477e+03
3.034537849810981243e+03
3.038699276500258748e+03
3.067183349329299745e+03
3.074249029550084742e+03
3.060921338191659288e+03
3.069473432627107741e+03
3.090519380795659799e+03
3.101202455259483486e+03
3.134564807338181254e+03
3.115459251347594090e+03
3.076551546974009398e+03
3.090264596781897581e+03
3.096685449731187418e+03
3.138901150798328672e+03
3.115627112503887020e+03
3.089891564181045396e+03
3.084565037810264585e+03
3.034890966266797477e+03
3.026855929828685476e+03
3.030139858270698369e+03
3.005769947767938902e+03
3.000852982047112164e+03
3.012968904121862579e+03
2.980630163266132968e+03
2.979543886232745535e+03
2.968819005478093004e+03
2.964983675488683730e+03
3.001340699038765706e+03
2.916698095903519061e+03
2.934398985959154288e+03
2.962961585803034268e+03
2.964522369490891379e+03
2.928014566802723948e+03
2.894471955540486306e+03
2.832693401121586703e+03
2.824113079555913373e+03
2.842836311468449821e+03
2.862494629050071126e+03
2.864984806430216850e+03
2.863289665040580985e+03
2.879500331732036557e+03
2.870350317340671154e+03
2.876320757900908575e+03
2.842625709854174147e+03
2.818261380271462713e+03
2.785561430314226527e+03
2.831669431175311729e+03
2.853186944289898747e+03
2.832618481342798987e+03
2.814674597337831528e+03
2.813026471364987628e+03
2.834958739792703454e+03
2.818429478049088630e+03
2.818748161607906241e+03
2.821266065340055320e+03
2.804545842270721550e+03
2.793300112836208882e+03
2.801608047879806691e+03
2.808495636625701536e+03
2.815429059176390183e+03
2.826801601401825337e+03
2.844875138699323088e+03
2.868921138749189140e+03
2.826425351880255221e+03
2.844541830190067230e+03
2.852643584042728889e+03
2.823470999344614029e+03
2.812398109385239877e+03
2.838628457885395619e+03
2.859386902707543413e+03
2.863958494662307658e+03
2.918855454437152275e+03
2.936723994383039098e+03
2.952440436785589100e+03
2.990915119887592937e+03
2.975530567611785955e+03
2.939563861163809634e+03
2.885799944746282563e+03
2.892824559637989296e+03
2.888455441177991361e+03
2.881840139454958717e+03
2.895522243414912282e+03
2.935140229759338126e+03
2.931380126033780016e+03
2.918720854703909026e+03
2.918054481158917042e+03
2.932724862317213137e+03
2.956527550004824661e+03
2.986565410132622219e+03
2.989706110741378325e+03
3.003526586345583837e+03
3.025024179263651604e+03
2.981605876812164297e+03
2.985590656982605196e+03
2.972579326180585213e+03
3.005945127389513800e+03
2.969031551317484173e+03
2.958277610417807409e+03
2.960832367491249897e+03
2.940766491179950663e+03
2.941291845376403671e+03
2.928517521231724004e+03
2.946482898712465612e+03
2.953812040428920227e+03
2.992634639313244861e+03
2.954990534280568681e+03
2.964213651241925163e+03
2.962809015942423230e+03
2.931323926078338900e+03
2.954692425662258302e+03
2.987237563723474523e+03
2.972615108902973589e+03
2.945615811942358960e+03
2.929003450937998878e+03
2.980305783875347515e+03
3.008563165762346671e+03
2.961992664264956147e+03
2.992756743297779849e+03
2.968058890399537631e+03
2.981916522203607656e+03
2.976203243753634524e+03
2.969259971643099561e+03
2.950304022558495035e+03
2.919825905248204435e+03
2.930565664453262798e+03
2.934709408959400662e+03
2.931317030050713583e+03
2.886590416777357404e+03
2.897668241674602086e+03
2.959586212828975022e+03
3.027937851150285496e+03
3.020542231471305058e+03
3.053589942715467259e+03
3.057444893845371553e+03
3.066823946628796421e+03
3.058011736017011117e+03
3.025779959336943193e+03
3.046150215704765742e+03
3.046414739973822634e+03
3.079376126262580328e+03
3.107846282483417781e+03
3.103650549742741077e+03
3.084795087584505836e+03
3.080397367909766672e+03
3.064300256399322734e+03
3.083931791881307618e+03
3.080821599763895392e+03
3.109419654915138835e+03
3.047793585202473878e+03
3.025674915025611426e+03
3.032284600690294610e+03
3.052761066962883888e+03
3.060096544156162054e+03
3.046802760235250389e+03
3.066217746322037783e+03
3.073822346194814145e+03
3.082203968158197313e+03
3.087710135292153154e+03
3.094081509090527106e+03
3.091530144675678002e+03
3.116579408877492369e+03
3.127638632037227580e+03
3.055993292022768856e+03
3.020496208150103485e+03
3.018058140515942796e+03
3.043964470035304657e+03
3.013465037378941361e+03
3.000984937333676498e+03
2.973571181776482717e+03
2.975442038828064142e+03
2.901047464540822602e+03
2.887842621811861591e+03
2.896358498654556570e+03
2.878293520964448817e+03
2.846098967079984504e+03
2.843374330542655571e+03
2.869276154167720051e+03
2.843699232365102944e+03
2.881484417731622671e+03
2.909571871619782542e+03
2.929958164327963459e+03
2.913959309707473949e+03
2.866733994926188188e+03
2.854958796096109836e+03
2.899771406441986528e+03
2.906666038292419216e+03
2.932302696106768508e+03
2.942267156806154617e+03
2.959642123420760981e+03
2.934776550405063517e+03
2.928654314526190319e+03
2.936811184249799226e+03
2.959615445215608815e+03
2.976625552085870822e+03
2.979238920995553599e+03
2.982680769778409285e+03
2.985944587677620802e+03
2.968356084015226770e+03
2.943369936817513008e+03
2.999587149660636896e+03
3.008376411920224200e+03
2.973613836719992833e+03
3.010404783162029162e+03
2.998865504668026006e+03
3.009381673751904600e+03
2.989591479235519728e+03
3.023432645116683489e+03
3.004859939370489428e+03
3.051461963928777095e+03
3.095576754888770665e+03
3.146640335411712385e+03
3.168721372786156280e+03
3.187307483203782340e+03
3.197111407708282968e+03
3.169083470046216917e+03
3.166644731841923658e+03
3.161639198915359430e+03
3.124989294660942505e+03
3.088851541695395554e+03
3.112500172088747604e+03
3.144972486817357549e+03
3.121837891021442374e+03
3.105605331716507862e+03
3.100872793958092643e+03
3.071213952174271071e+03
3.082853476011034218e+03
3.070771512619865462e+03
3.100802844152959096e+03
3.099233933812864052e+03
3.086170934691453567e+03
3.082889505835194541e+03
3.033525652313275714e+03
3.053838234914383520e+03
3.028373026923324232e+03
3.032700819814522220e+03
3.044855718254609201e+03
3.105674599100199885e+03
3.095738370930348083e+03
3.084492733295504422e+03
3.113011421060093653e+03
3.141317674298945349e+03
3.132813944771636216e+03
3.101047194187912282e+03
3.112795874858096340e+03
3.028238161466547808e+03
3.036471114299418787e+03
2.979943238438837398e+03
2.949887712793923129e+03
2.924922252536882297e+03
2.938726744755564596e+03
2.917218085104021156e+03
2.875011161548470227e+03
2.873240948328297691e+03
2.911061116000387301e+03
2.917773406355010138e+03
2.884591553625151846e+03
2.869627067028642159e+03
2.888240771167885214e+03
2.922593692702721000e+03
2.874708125951347029e+03
2.892307791815507699e+03
2.861819113103365908e+03
2.845834104468413443e+03
2.868771578048641459e+03
2.891161168647485738e+03
2.863567636797229170e+03
2.894117064262837630e+03
2.919458902165713880e+03
2.885321473706816505e+03
2.880958190564577308e+03
2.873601929343029497e+03
2.795115901738859066e+03
2.784543970349824122e+03
2.767409489832406962e+03
2.674207101385307396e+03
2.681839821756698257e+03
2.673254235443079324e+03
2.723445284460507537e+03
2.735590773850525238e+03
2.790306107717922259e+03
2.778276176942356415e+03
2.802624737258845926e+03
2.804665105345263783e+03
2.862101969541788094e+03
2.784215057835785501e+03
2.837417980287519640e+03
2.888657401618040240e+03
2.859861059123741143e+03
2.876585591020835636e+03
2.867846902133034746e+03
2.889358879403854189e+03
2.893083550088997981e+03
2.916867284202071005e+03
2.928300186007092634e+03
2.893190095323452169e+03
2.937626988518548387e+03
2.950054206325418363e+03
2.972913450356329577e+03
2.960502136134441116e+03
2.974415428125289509e+03
2.930270286611214942e+03
2.930039707593819912e+03
2.960569119194173709e+03
2.917052898615971571e+03
2.927408082778081280e+03
2.916904183748159539e+03
2.920169852807372990e+03
2.923352447162239059e+03
2.892862983685490690e+03
2.903883729933758787e+03
2.952145233923371052e+03
2.959996147189109251e+03
2.971279706334777075e+03
3.004689548879277027e+03
2.948343837927363893e+03
2.918946329974678974e+03
2.926796184789680865e+03
2.913285307420407207e+03
2.862575277840880517e+03
2.865551417336792838e+03
2.899208406420419124e+03
2.873550447243136205e+03
2.874207199046964888e+03
2.876382752388279641e+03
2.897198777882689683e+03
2.882920722701177510e+03
2.875493831500558372e+03
2.906526789944063239e+03
2.889183260014397547e+03
2.879971494696448644e+03
2.866902481575151796e+03
2.825715303168062292e+03
2.866500153496530402e+03
2.891793929636339271e+03
