-1.159885303367659548e-01
7.736397845872323986e-02
3.584880124935415080e-01
7.582923932605009076e-01
1.519253795877857582e+00
2.407248166408856971e+00
3.588959389920657994e+00
4.546104268163237094e+00
5.983285167181484177e+00
7.697503375622983590e+00
9.746709670916064994e+00
1.129500967516984211e+01
1.380283078929262430e+01
1.553654504877490439e+01
1.695053695961202678e+01
1.936483392246074686e+01
2.079073876245685781e+01
2.252050502867994553e+01
2.336577201625953748e+01
2.480198753288689772e+01
2.634941515909099152e+01
2.620978628608549954e+01
2.640075441628794195e+01
2.739095784509970954e+01
2.886416563321482798e+01
2.898993932498937909e+01
3.017118881722225510e+01
3.092410223712294126e+01
3.007224174827386065e+01
3.086530817413460781e+01
3.059161862197819204e+01
3.120449404966826634e+01
3.223448700682773449e+01
3.233423343781898751e+01
3.293617516636295761e+01
3.362602650283416494e+01
3.426839809333498721e+01
3.422203322901226841e+01
3.513727991563369102e+01
3.578746834825513190e+01
3.612175287479399088e+01
3.606168230530713004e+01
3.671680813759714113e+01
3.711218515055782063e+01
3.645598011505703084e+01
3.631413448278782141e+01
3.675097519636958054e+01
3.671636430067322010e+01
3.657305121764235167e+01
3.674415555695757973e+01
3.721436355193450396e+01
3.704511437879958891e+01
3.723299844839741013e+01
3.733517050488899258e+01
3.797449982662660517e+01
3.834214743483336463e+01
3.852245274600060299e+01
3.890187250683342057e+01
3.892824286978829917e+01
3.873832979553385769e+01
3.923251210746131079e+01
3.959993784682313844e+01
3.984292580415084473e+01
4.006134996935754344e+01
4.010839304922765791e+01
4.000019186480324151e+01
4.059513095548143724e+01
4.098348647320209892e+01
4.107992640926125461e+01
4.157224087291379533e+01
4.164528051381122253e+01
4.200924648482327939e+01
4.249397733516888565e+01
4.267416360635714057e+01
4.222395684527253223e+01
4.207193782536150195e+01
4.230168594963893014e+01
4.234683186285580803e+01
4.284370869474033583e+01
4.279926939059859592e+01
4.253838874589509800e+01
4.274517148911068887e+01
4.240895239366616210e+01
4.289671756037348871e+01
4.389206186821675715e+01
4.397534963582781842e+01
4.424773777381295048e+01
4.457430374148065511e+01
4.444446531104163256e+01
4.516109400212707214e+01
4.603290097646752344e+01
4.642635110098148488e+01
4.688406843233941856e+01
4.737958968654776015e+01
4.793223234571434688e+01
4.804213480741246656e+01
4.819290096991935712e+01
4.840201991415630545e+01
4.887936483946655386e+01
4.920278416636025298e+01
4.941778312410744434e+01
4.929707111279728338e+01
4.986640825622137640e+01
4.994779428944421795e+01
5.047619500254770486e+01
5.116047210616629570e+01
5.213746348625915772e+01
5.327701299108046129e+01
5.385461878063349417e+01
5.459564137249667226e+01
5.494346082701229506e+01
5.653849475660561552e+01
5.830843653611473343e+01
5.997980724355227977e+01
6.112763793384107913e+01
6.236547030785622070e+01
6.362484784799217152e+01
6.502333155423735889e+01
6.588285410845656997e+01
6.681591947726614933e+01
6.850259086116885499e+01
6.890306735103212077e+01
7.037335122116078878e+01
7.084632033916945204e+01
7.222804570725470796e+01
7.231920324493688668e+01
7.270772030968710453e+01
7.400110059800908857e+01
7.463996539870109359e+01
7.477805203595092109e+01
7.498121730795276108e+01
7.591720400061835505e+01
7.695185808446332487e+01
7.774082770188512370e+01
7.784891849690713173e+01
7.825011871413853726e+01
7.853470450585625429e+01
7.847345935067669132e+01
7.827381740810164956e+01
7.964586392413936267e+01
8.014676297083170198e+01
8.117098725578584606e+01
8.110189045395445362e+01
8.185106616119973921e+01
8.222981572764805946e+01
8.366713432001826334e+01
8.344161154479218112e+01
8.437076253144067550e+01
8.528903193121314530e+01
8.604164826436283420e+01
8.725089393655714787e+01
8.775220305509797925e+01
8.868101526389141043e+01
8.984492689326749826e+01
8.991331952064497557e+01
9.034470341823291051e+01
9.066797209924527579e+01
9.106924293589487718e+01
9.159283773379844718e+01
9.271348702540021236e+01
9.301451327784458556e+01
9.329549894405036525e+01
9.308409776490969989e+01
9.385532551878235097e+01
9.390733944330921190e+01
9.339947607243273353e+01
9.287530013091235048e+01
9.353537257401215754e+01
9.356623541672296085e+01
9.462065572949509829e+01
9.492181487454138278e+01
9.581538918404756089e+01
9.782524662611751864e+01
9.836160245838495086e+01
9.830247861710029156e+01
1.008208882895737162e+02
1.018220731553862635e+02
1.038294693642585287e+02
1.063956654601254712e+02
1.077360697683703279e+02
1.096020963820079714e+02
1.109120512826654164e+02
1.126525614926441676e+02
1.138970521782168959e+02
1.157507782290792022e+02
1.159658815662094042e+02
1.188412862890575923e+02
1.188955481068529849e+02
1.213523276099653714e+02
1.229277402520597207e+02
1.233588162000046964e+02
1.251936593463649103e+02
1.253558441926531515e+02
1.264570629341389889e+02
1.253989177809348945e+02
1.251103302320905755e+02
1.246103338296214531e+02
1.218002522512238102e+02
1.219180234799119233e+02
1.195587967467890138e+02
1.194695176552479978e+02
1.179050890408326779e+02
1.184824203199250974e+02
1.193197739821572725e+02
1.191526717089053591e+02
1.190143792801137721e+02
1.220780140557353235e+02
1.210134913250958988e+02
1.223476734551406366e+02
1.224690645727561247e+02
1.215888935080902939e+02
1.204523461935942805e+02
1.201265667755096018e+02
1.232282505737895235e+02
1.242753252130929837e+02
1.248973682062138124e+02
1.258316177502132973e+02
1.256708645779296489e+02
1.264212773581585907e+02
1.292390739402121085e+02
1.291472869936123118e+02
1.317538571561439369e+02
1.339120121606309510e+02
1.337270163768434657e+02
1.347131429204651738e+02
1.352336220611398403e+02
1.318359955332493030e+02
1.346557490814872153e+02
1.350961640940474524e+02
1.367270485160050271e+02
1.374491890307854760e+02
1.376779883873729204e+02
1.388435766090281618e+02
1.419591431486295789e+02
1.432013113538229732e+02
1.438887912476646989e+02
1.429069829833604501e+02
1.466670400647897452e+02
1.465763248875540512e+02
1.506971182452637379e+02
1.509133545838195118e+02
1.517422980168490199e+02
1.519082939277468824e+02
1.526728286580932092e+02
1.506584145066821065e+02
1.491304905176541524e+02
1.516380869243650409e+02
1.531971905247322923e+02
1.550825625358236834e+02
1.569917413275028366e+02
1.586660771870043902e+02
1.580416958088469244e+02
1.590799690960376438e+02
1.605140329563722901e+02
1.625119399185306293e+02
1.646860281892539319e+02
1.658482324516761821e+02
1.626404850206986623e+02
1.614443290033929372e+02
1.649258740172817852e+02
1.679496665967314470e+02
1.664321401966900282e+02
1.697231780622749682e+02
1.674587239741501321e+02
1.702048541712440795e+02
1.719380584517613215e+02
1.747992047554552926e+02
1.776160657700949628e+02
1.779700481791664117e+02
1.795364709970898787e+02
1.828472731087740328e+02
1.865222044592137252e+02
1.874445550777796541e+02
1.895663228532204130e+02
1.929682594579022066e+02
1.915917490607807565e+02
1.925588555363202374e+02
1.925079845191366985e+02
1.919000464004679145e+02
1.917098055947149930e+02
1.917607661086572648e+02
1.879038890879357950e+02
1.889292546805865243e+02
1.904857626169159914e+02
1.913483728055757922e+02
1.939827853366876411e+02
1.882893546421406654e+02
1.898096328369161938e+02
1.922285280088994739e+02
1.900235256510596571e+02
1.893754730536193449e+02
1.889371984322469018e+02
1.872608161206131001e+02
1.838692628949069103e+02
1.823797794743088900e+02
1.785128513843735618e+02
1.769157861655092745e+02
1.793979911698574199e+02
1.795577020955898604e+02
1.762270429238695613e+02
1.761123438376631043e+02
1.770057059345213588e+02
1.788909750711442825e+02
1.802285013479291536e+02
1.825842297217516261e+02
1.834768935932994509e+02
1.871506475511680492e+02
1.875221830053054646e+02
1.893432713041628404e+02
1.870042557915892303e+02
1.896238577236322840e+02
1.888070786710327695e+02
1.914868441642489643e+02
1.958081375672690285e+02
1.902012371089552119e+02
1.932727552700926310e+02
1.920029487024842751e+02
1.929884570222369007e+02
1.968012011710851823e+02
1.976576812508508283e+02
1.971152782955323062e+02
2.008886539983936075e+02
2.014130370863439055e+02
1.966904704787939693e+02
1.971897092828895666e+02
1.952330351866047522e+02
1.994416462315763283e+02
1.967220555833317235e+02
1.898687238931502463e+02
1.907560068456178897e+02
1.891200542584156494e+02
1.879399346448716130e+02
1.851681302560813265e+02
1.853856208899867966e+02
1.846825396160326136e+02
1.854352952747082952e+02
1.847687339533904662e+02
1.857281228699463895e+02
1.841076119960353310e+02
1.864690863006617292e+02
1.902137330367612549e+02
1.889078124844408819e+02
1.900577568626282243e+02
1.929025793283225596e+02
1.958640836470954696e+02
1.960013535223513372e+02
1.971776183204780182e+02
1.982174645577103718e+02
2.031238642018473683e+02
2.029070360472130403e+02
2.041649880743107417e+02
2.086112661578555105e+02
2.132405990695405080e+02
2.170522351617311188e+02
2.186514510127532844e+02
2.196092893750235930e+02
2.172471997302911291e+02
2.208694859677797240e+02
2.232917024734918527e+02
2.245105778735956505e+02
2.309221772839703135e+02
2.348001159939796025e+02
2.355813741468937508e+02
2.360153456395260605e+02
2.382360012296409195e+02
2.415177581852181561e+02
2.424541459089481634e+02
2.446911597435988597e+02
2.500206867056693909e+02
2.510666497022555177e+02
2.543857480146962189e+02
2.540703725905817123e+02
2.567880582037754493e+02
2.563615234608681703e+02
2.614408122055242529e+02
2.631577702780039090e+02
2.667083786420820388e+02
2.660678617961499981e+02
2.676940252300584575e+02
2.680773645044496334e+02
2.700701754604995699e+02
2.704923747800291949e+02
2.698670678971292887e+02
2.706541903205378503e+02
2.679429437855092715e+02
2.687577764310422026e+02
2.707626213867264369e+02
2.719494903235708421e+02
2.706349033885728659e+02
2.715626332940991574e+02
2.722513969777068041e+02
2.755166459614201244e+02
2.768964775638901301e+02
2.774003087579777116e+02
2.767625970983197590e+02
2.763887952457825463e+02
2.773532162680416491e+02
2.784519746438641050e+02
2.781935589776387019e+02
2.753486066190675956e+02
2.760944628536463483e+02
2.783841547851328642e+02
2.776507943988986540e+02
2.771188034208736894e+02
2.774864803234020769e+02
2.788371251802151960e+02
2.814334425270626525e+02
2.792196132038176302e+02
2.785993418571937354e+02
2.809369663100981711e+02
2.782070796392654302e+02
2.752891046840337594e+02
2.734191693623659489e+02
2.652819738990977498e+02
2.677517183611203677e+02
2.682410619991003955e+02
2.665788185275034721e+02
2.686588529857145886e+02
2.683125787107090332e+02
2.684045872606709509e+02
2.698778611302730610e+02
2.687968128006546067e+02
2.660812973334203662e+02
2.653921154477174014e+02
2.681169834472947855e+02
2.674696797092784095e+02
2.675933675743359572e+02
2.689420310885136587e+02
2.672565265076252103e+02
2.685942642323636846e+02
2.692906715493602405e+02
2.713365016440698696e+02
2.735956877960913403e+02
2.723109245353594474e+02
2.736049572766665392e+02
2.727636651100040126e+02
2.735660443664352783e+02
2.734000042673869189e+02
2.735588808511304819e+02
2.702498646181459208e+02
2.686309857085691988e+02
2.706868949681480672e+02
2.708175974111647406e+02
2.689825216880189487e+02
2.708685063797137786e+02
2.688742887706603710e+02
2.681005074092514633e+02
2.726318676766501312e+02
2.718644828292510738e+02
2.746256971810682330e+02
2.785853855279078175e+02
2.777839872031725577e+02
2.771479132755583237e+02
2.745033048492997523e+02
2.729453580532774026e+02
2.763260723753186880e+02
2.772324080636522012e+02
2.783385557882413082e+02
2.775566922248031574e+02
2.804517220556691086e+02
2.828046468752114038e+02
2.846699118055904592e+02
2.835047057573510187e+02
2.801312657118347147e+02
2.800748200272531676e+02
2.800585355920151756e+02
2.827121098116564326e+02
2.805966811343166114e+02
2.809209089220064470e+02
2.784140618809526586e+02
2.815228218802693618e+02
2.835170879687877914e+02
2.846908228945647465e+02
2.854425349495775777e+02
2.810262395548709264e+02
2.814463967321469795e+02
2.837679369207010041e+02
2.831195264510690777e+02
2.886110063238650127e+02
2.863949318651578437e+02
2.864256615861291948e+02
2.867853894644073307e+02
2.864283509892525217e+02
2.908005104588731911e+02
2.922822067138409921e+02
2.947378103778473815e+02
2.947240005105776959e+02
2.973966376450291591e+02
2.981940360488438841e+02
2.984554967093742448e+02
2.985055617964533212e+02
3.015009505796733720e+02
3.037098485710899922e+02
3.085778765593767616e+02
3.067349227108765604e+02
3.063764669526705120e+02
3.080800477360299396e+02
3.066421452947225248e+02
3.008079152361850106e+02
3.008889730997719312e+02
2.997670942774447553e+02
2.997413780406931778e+02
2.998483419200105118e+02
3.039064639189230093e+02
3.057322517892711744e+02
3.039279994697500911e+02
3.062130955645723702e+02
3.078441586444448603e+02
3.092493282098058671e+02
3.048493444606497178e+02
3.034025489591570022e+02
2.991074272551161357e+02
2.989991657692526701e+02
2.987130937809649254e+02
2.998411309075166287e+02
3.019014697281884310e+02
2.988462436186807736e+02
2.998142189437870115e+02
2.963297948911666140e+02
2.966938455512577093e+02
2.961487482777521336e+02
2.962262353264403032e+02
2.951573052683743867e+02
2.953575950492141260e+02
2.969627477857664530e+02
2.941719850508914647e+02
2.931694367849363516e+02
2.934882610706630430e+02
2.914209897108102609e+02
2.918164195233190412e+02
2.916977876256833611e+02
2.867620058600873563e+02
2.884181808064221855e+02
2.891896772936528919e+02
2.912722700363616468e+02
2.915488305537757583e+02
2.931115506439350042e+02
2.960537117569901397e+02
3.006239776280120850e+02
2.983189057838745271e+02
2.986303275813467053e+02
2.973315338473496467e+02
2.954429807325009278e+02
2.943298241529367942e+02
2.967936165694953274e+02
2.942690615720621281e+02
2.944985999949740858e+02
2.942476389526024718e+02
2.983854112137274797e+02
3.020532737173904252e+02
3.040124042236671471e+02
3.049132833993807594e+02
3.062370404706110776e+02
3.082814764222912913e+02
3.087410547477285263e+02
3.096457744373270202e+02
3.093247817121899743e+02
3.095383733289111206e+02
3.085551212840842936e+02
3.088067551078613064e+02
3.105592513432711712e+02
3.080731074857287695e+02
3.092172289939879875e+02
3.105765743540309813e+02
3.111356305241017708e+02
3.143049510765078480e+02
3.148419696786475015e+02
3.170812621605877553e+02
3.157812431198919398e+02
3.195522271984425515e+02
3.177995843547327013e+02
3.169250297188517607e+02
3.199496183175665465e+02
3.222987618970057611e+02
3.217083203287295987e+02
3.219707999665757825e+02
3.204971984924920889e+02
3.193190846182708924e+02
3.193645006611852750e+02
3.193655027955243213e+02
3.231808309812035986e+02
3.203282281805055618e+02
3.214634935470345454e+02
3.254853892435614284e+02
3.234112446789170008e+02
3.243537951526548113e+02
3.243164365741380379e+02
3.265807068156690889e+02
3.269190384816848223e+02
3.303361566912795411e+02
3.293771298330015043e+02
3.293530514734138137e+02
3.286356438163462599e+02
3.304809262768949907e+02
3.264395562280401464e+02
3.287778829234828208e+02
3.317832458656523045e+02
3.275083886311322203e+02
3.296606625317267572e+02
3.316397387263841665e+02
3.275035961736397212e+02
3.307834405724100293e+02
3.284767434652815155e+02
3.277961684488244032e+02
3.273428373494211883e+02
3.267256119649797483e+02
3.237805066649063974e+02
3.203837818474232222e+02
3.196808151126461439e+02
3.191765661482755831e+02
3.159554092533099379e+02
3.177239495256583837e+02
3.148891007962170647e+02
3.142433244490206334e+02
3.127623352089965465e+02
3.084276896770580834e+02
3.120350032302713998e+02
3.075606615733943272e+02
3.093407977063834551e+02
3.095282085670831975e+02
3.096909045433093297e+02
3.113079864230465432e+02
3.116036580751379574e+02
3.117419086773182926e+02
3.100508827819380713e+02
3.095782275915747732e+02
3.108328149943201879e+02
3.132147082767593247e+02
3.121643557128935527e+02
3.098874593507396753e+02
3.098970096391508378e+02
3.073211858763179976e+02
3.073725765371690386e+02
3.086976602137122541e+02
3.102407493477668368e+02
3.061512260361067774e+02
3.071427286960140464e+02
3.060962148516591697e+02
3.073456699750410621e+02
3.082955593060863180e+02
3.129355439055454440e+02
3.131381862522733854e+02
3.172187605063215869e+02
3.205336508670361582e+02
3.224564234956786208e+02
3.230197890497204867e+02
3.229042614883828151e+02
3.260323628171724408e+02
3.273117163056034542e+02
3.298692615279596794e+02
3.272131317093364373e+02
3.286814055348619377e+02
3.289998368334810834e+02
3.277510082918319085e+02
3.262554786668902693e+02
3.286636958889703237e+02
3.286086450469196052e+02
3.255452407254381342e+02
3.281702556564525821e+02
3.289782078592390349e+02
3.259453917825098870e+02
3.256404869560627162e+02
3.242557809807154854e+02
3.244729190124100455e+02
3.241024482240799216e+02
3.283240017907022548e+02
3.267057906552375925e+02
3.256650111122363001e+02
3.256949304861613541e+02
3.247212430381193826e+02
3.270889892941601147e+02
3.271563699850751732e+02
3.299141332481287918e+02
3.284114484415674724e+02
3.272797710215734810e+02
3.296738497454584831e+02
3.321457236627210818e+02
3.317710439151789501e+02
3.318679872067667134e+02
3.281838610793427051e+02
3.283291027916914118e+02
3.283915650942367961e+02
3.286278158224301364e+02
3.298064735127961740e+02
3.299963565405357144e+02
3.297150777749373560e+02
3.308138299721105682e+02
3.279262628773390134e+02
3.281629482053513698e+02
3.267342491269685070e+02
3.253986011786992094e+02
3.239468868376326327e+02
3.232286354313790753e+02
3.250302663417447206e+02
3.250948498326452523e+02
3.248577977609037362e+02
3.270668342313973653e+02
3.316343856656276898e+02
3.291640000617106807e+02
3.240537580317030688e+02
3.255881786621705487e+02
3.243286314678945814e+02
3.259658884871386704e+02
3.261475273427874981e+02
3.203379178580057101e+02
3.199448754063811293e+02
3.224597581935747712e+02
3.215627516891732967e+02
3.211460303194809853e+02
3.194591055610280250e+02
3.207762143200054084e+02
3.207963643329327397e+02
3.215867533805666199e+02
3.215336960720885600e+02
3.236345903375545277e+02
3.209630015874103037e+02
3.172738552361662983e+02
3.218427276573933113e+02
3.231406170997607319e+02
3.239855399283057977e+02
3.290796841025337471e+02
3.287530335908249413e+02
3.267029938216982714e+02
3.260251858267201897e+02
3.253989256433446826e+02
3.258745590234224210e+02
3.239576887616192948e+02
3.245423733548527707e+02
3.262593863036094035e+02
3.242646946258102503e+02
3.229776414450254265e+02
3.222641094691455805e+02
3.258676865688240127e+02
3.285892997405695724e+02
3.314639514340056508e+02
3.301413340411622812e+02
3.336551360235948209e+02
3.339313323323609097e+02
3.262002647583079806e+02
3.279409388339897191e+02
3.308733035164628973e+02
3.298657071924076263e+02
3.212472434852061269e+02
3.202523558416831406e+02
3.221624865681166625e+02
3.256742495161041120e+02
3.271040393855295179e+02
3.269566689329299152e+02
3.292243152558567658e+02
3.282891889206099449e+02
3.322289502265396663e+02
3.305246882973826246e+02
3.309917064900270702e+02
3.308799351330837908e+02
3.326037819538681788e+02
3.320374530638510464e+02
3.299131003350045148e+02
3.275749750441059405e+02
3.275581043491800415e+02
3.274158437197417015e+02
3.268068645370133822e+02
3.208323839516178850e+02
3.197534060064663208e+02
3.193241321458009452e+02
3.139920156619089653e+02
3.130710848061487468e+02
3.114620771380825772e+02
3.079188564001584041e+02
3.105580169228516070e+02
3.102893693535573902e+02
3.094249526716748164e+02
3.058907247276845283e+02
3.009037114356165148e+02
3.027885471279250851e+02
3.026284097675259090e+02
3.018080113477189457e+02
3.045753004732547424e+02
3.064725528269812571e+02
3.077137653746828505e+02
3.105587704379716456e+02
3.111134719802369091e+02
3.125218233740710048e+02
3.193988064456192433e+02
3.151291804675754520e+02
3.153477154264417095e+02
3.139383053312857328e+02
3.101517143193085531e+02
3.079027506819329005e+02
3.062140089114508896e+02
3.042004763127738443e+02
3.039275602154668832e+02
2.968239264352819191e+02
2.972703088620011727e+02
2.974039157008438679e+02
3.012362971238585487e+02
3.036605222095960812e+02
3.039034687054327719e+02
3.013952899817680873e+02
3.012971697568325453e+02
3.043304425799703949e+02
3.099991119154269654e+02
3.058618853826960731e+02
3.067604148948943248e+02
3.070062571380699410e+02
3.057205288073870406e+02
3.088406779281950776e+02
3.131436153830252920e+02
3.117722679120532234e+02
3.128854818021015376e+02
3.154701746280456405e+02
3.196437556061631540e+02
3.195971011081901452e+02
3.226402535506793470e+02
3.177137233928170303e+02
3.179246421474861108e+02
3.181216972364887852e+02
3.175370077296705063e+02
3.145399944919760173e+02
3.134491694469361960e+02
3.163699623796454148e+02
3.178533160354705842e+02
3.178722251048000658e+02
3.204505695238298131e+02
3.232220259022576556e+02
3.162270384064716495e+02
3.164770717643395983e+02
3.190141471304105494e+02
3.180453941041270127e+02
3.223252607034440871e+02
3.180967949779311539e+02
3.217245965685716556e+02
3.233499897117060868e+02
3.253702824674236354e+02
3.222203151534441758e+02
3.251016125123897496e+02
3.246932398893668505e+02
3.241053503209879523e+02
3.236579664797996543e+02
3.237237482562541118e+02
3.217440353119631595e+02
3.226612201046160635e+02
3.285367514833245650e+02
3.300584495334003350e+02
3.296885967152457511e+02
3.312783925341238387e+02
3.349014203308788069e+02
3.340472470085854866e+02
3.319692880841016631e+02
3.351636175403624520e+02
3.351943131289610847e+02
3.292182540148595535e+02
3.298504793770926540e+02
3.299746869818424102e+02
3.320889829558038855e+02
3.321894142328794715e+02
3.314358606885302834e+02
3.268990440516024591e+02
3.206127348903558527e+02
3.116827430008787019e+02
3.102429162751815852e+02
3.101361870637401807e+02
3.068417082467628916e+02
3.137692185600678272e+02
3.140648538344526628e+02
3.044489155910214890e+02
3.046080829587293692e+02
3.052965602016071216e+02
2.955415355763403795e+02
2.922345838560416382e+02
2.952075895980648284e+02
2.958226077823912306e+02
2.962313924266870231e+02
2.977174685844046280e+02
2.975754529188215542e+02
2.959586475243188488e+02
2.946854960495492719e+02
2.949183117552965427e+02
2.888904993449040148e+02
2.913887751878912127e+02
2.912305142659479316e+02
2.884743273964522245e+02
2.888607165585652297e+02
2.922001099142603948e+02
2.918414995926216307e+02
2.856463352874171164e+02
2.852886635266478379e+02
2.839249350259730136e+02
2.810134613103221568e+02
2.785208685387461855e+02
2.768686071306382814e+02
2.791706505199703088e+02
2.814876630328049032e+02
2.848815108465340700e+02
2.883326189100431520e+02
2.938901273461525534e+02
2.940969122374242488e+02
2.934765157457408122e+02
2.916062370478223897e+02
2.916703242783620453e+02
2.900444471866922527e+02
2.929924171826916677e+02
2.965675447653882202e+02
2.991363073606598846e+02
2.996299933755661868e+02
3.020513174782391275e+02
3.072013344111371111e+02
3.074037995024017960e+02
3.108789113843282621e+02
3.059781920703969718e+02
3.053427778166797566e+02
2.965853954209159724e+02
3.011423655666405921e+02
3.020579390923002734e+02
2.978968442137623924e+02
2.992572240982087806e+02
2.929951335293155239e+02
2.953315410889804298e+02
2.952284947053975657e+02
2.931864879287317081e+02
2.946361632073009105e+02
2.947177910479837237e+02
2.998755529437016776e+02
3.030808873411904756e+02
3.056423533040310190e+02
3.049317282183275211e+02
3.065041960098728282e+02
3.097064003716606635e+02
3.113422908403466067e+02
3.158688633744637855e+02
3.157425399723548480e+02
3.176997483264456719e+02
3.182098988338219101e+02
3.181944788690116184e+02
3.166231371415648823e+02
3.174474342092779011e+02
3.180387715439489966e+02
3.157920862508833579e+02
3.203221080792681619e+02
3.239604933150159809e+02
3.274164198442779252e+02
3.292066893203160021e+02
3.273040992325022103e+02
3.265966493094617817e+02
3.274126677323580452e+02
3.231825384375502495e+02
3.221516950846999521e+02
3.258129088165291591e+02
3.233503718211570117e+02
3.281513715978100549e+02
3.284997354852615672e+02
3.284682563521359384e+02
3.338530935594373545e+02
3.346300119747276653e+02
3.344220283611359150e+02
3.381753985271814713e+02
3.380401154728068036e+02
3.410659905885725038e+02
3.458187155754309856e+02
3.468007789030066306e+02
3.470453720966468154e+02
3.463944893757334853e+02
3.451405064975343180e+02
3.435653806741019025e+02
3.428693305039512893e+02
3.394633160964744434e+02
3.396644093595410823e+02
3.440747978887031877e+02
3.392592472988150121e+02
3.406814531482704638e+02
3.407662168777306420e+02
3.413342149821011162e+02
3.402500261877707999e+02
3.392615621274748037e+02
3.418170082615342267e+02
3.435535466387682959e+02
3.434596798219694733e+02
3.460847392970085821e+02
