2.041000000000000000e+03
4.072000000000000000e+03
6.138000000000000000e+03
8.158000000000000000e+03
1.023700000000000000e+04
1.226800000000000000e+04
1.432700000000000000e+04
1.633500000000000000e+04
1.841100000000000000e+04
2.047300000000000000e+04
2.250700000000000000e+04
2.447100000000000000e+04
2.651200000000000000e+04
2.847500000000000000e+04
3.063200000000000000e+04
3.270600000000000000e+04
3.465700000000000000e+04
3.674300000000000000e+04
3.871700000000000000e+04
4.091100000000000000e+04
4.295400000000000000e+04
4.504100000000000000e+04
4.699600000000000000e+04
4.895800000000000000e+04
5.106500000000000000e+04
5.312300000000000000e+04
5.518800000000000000e+04
5.730100000000000000e+04
5.937000000000000000e+04
6.120600000000000000e+04
6.338400000000000000e+04
6.547800000000000000e+04
6.749100000000000000e+04
6.950400000000000000e+04
7.152600000000000000e+04
7.369400000000000000e+04
7.576300000000000000e+04
7.773500000000000000e+04
7.979500000000000000e+04
8.189900000000000000e+04
8.392800000000000000e+04
8.583900000000000000e+04
8.795700000000000000e+04
9.000100000000000000e+04
9.205400000000000000e+04
9.403700000000000000e+04
9.607900000000000000e+04
9.829800000000000000e+04
1.002980000000000000e+05
1.023380000000000000e+05
1.044420000000000000e+05
1.063850000000000000e+05
1.084460000000000000e+05
1.105560000000000000e+05
1.125840000000000000e+05
1.145380000000000000e+05
1.166600000000000000e+05
1.184900000000000000e+05
1.206800000000000000e+05
1.228330000000000000e+05
1.249010000000000000e+05
1.269010000000000000e+05
1.288890000000000000e+05
1.310340000000000000e+05
1.330340000000000000e+05
1.350690000000000000e+05
1.372140000000000000e+05
1.391730000000000000e+05
1.412570000000000000e+05
1.433550000000000000e+05
1.453180000000000000e+05
1.472680000000000000e+05
1.493340000000000000e+05
1.514830000000000000e+05
1.535930000000000000e+05
1.554710000000000000e+05
1.575240000000000000e+05
1.596680000000000000e+05
1.617250000000000000e+05
1.637930000000000000e+05
1.657770000000000000e+05
1.677260000000000000e+05
1.698290000000000000e+05
1.719250000000000000e+05
1.740280000000000000e+05
1.761260000000000000e+05
1.781700000000000000e+05
1.800630000000000000e+05
1.821720000000000000e+05
1.841760000000000000e+05
1.862220000000000000e+05
1.882580000000000000e+05
1.904030000000000000e+05
1.925100000000000000e+05
1.944380000000000000e+05
1.965610000000000000e+05
1.984680000000000000e+05
2.005630000000000000e+05
2.026910000000000000e+05
2.047660000000000000e+05
2.067720000000000000e+05
2.087010000000000000e+05
2.107020000000000000e+05
2.129820000000000000e+05
2.149430000000000000e+05
2.169350000000000000e+05
2.191350000000000000e+05
2.211510000000000000e+05
2.230380000000000000e+05
2.251560000000000000e+05
2.272310000000000000e+05
2.292360000000000000e+05
2.312620000000000000e+05
2.332940000000000000e+05
2.353820000000000000e+05
2.374690000000000000e+05
2.395720000000000000e+05
2.414130000000000000e+05
2.436460000000000000e+05
2.455970000000000000e+05
2.477310000000000000e+05
2.497170000000000000e+05
2.516950000000000000e+05
2.538910000000000000e+05
2.559240000000000000e+05
2.579000000000000000e+05
2.599510000000000000e+05
2.620690000000000000e+05
2.641450000000000000e+05
2.661710000000000000e+05
2.681530000000000000e+05
2.701730000000000000e+05
2.723700000000000000e+05
2.744000000000000000e+05
2.763990000000000000e+05
2.781100000000000000e+05
2.805590000000000000e+05
2.820390000000000000e+05
2.846170000000000000e+05
2.864180000000000000e+05
2.886810000000000000e+05
2.907890000000000000e+05
2.926820000000000000e+05
2.946380000000000000e+05
2.968100000000000000e+05
2.989670000000000000e+05
3.009330000000000000e+05
3.027380000000000000e+05
3.049970000000000000e+05
3.067840000000000000e+05
3.088640000000000000e+05
3.112420000000000000e+05
3.128460000000000000e+05
3.150500000000000000e+05
3.171510000000000000e+05
3.192080000000000000e+05
3.214140000000000000e+05
3.235700000000000000e+05
3.256080000000000000e+05
3.275180000000000000e+05
3.295980000000000000e+05
3.316280000000000000e+05
3.335820000000000000e+05
3.357040000000000000e+05
3.377540000000000000e+05
3.397000000000000000e+05
3.416290000000000000e+05
3.440080000000000000e+05
3.460190000000000000e+05
3.478870000000000000e+05
3.495550000000000000e+05
3.521080000000000000e+05
3.541740000000000000e+05
3.561250000000000000e+05
3.581060000000000000e+05
3.601950000000000000e+05
3.621560000000000000e+05
3.643060000000000000e+05
3.661870000000000000e+05
3.683250000000000000e+05
3.706560000000000000e+05
3.727200000000000000e+05
3.745560000000000000e+05
3.765560000000000000e+05
3.785270000000000000e+05
3.803710000000000000e+05
3.829430000000000000e+05
3.846290000000000000e+05
3.869660000000000000e+05
3.891040000000000000e+05
3.909690000000000000e+05
3.926560000000000000e+05
3.947570000000000000e+05
3.972210000000000000e+05
3.990420000000000000e+05
4.010490000000000000e+05
4.029880000000000000e+05
4.053340000000000000e+05
4.072710000000000000e+05
4.095340000000000000e+05
4.112490000000000000e+05
4.133230000000000000e+05
4.157020000000000000e+05
4.172000000000000000e+05
4.195580000000000000e+05
4.217730000000000000e+05
4.237060000000000000e+05
4.258290000000000000e+05
4.278030000000000000e+05
4.296630000000000000e+05
4.317920000000000000e+05
4.340470000000000000e+05
4.354410000000000000e+05
4.378890000000000000e+05
4.396830000000000000e+05
4.422820000000000000e+05
4.438290000000000000e+05
4.455600000000000000e+05
4.484380000000000000e+05
4.502950000000000000e+05
4.523350000000000000e+05
4.546350000000000000e+05
4.557960000000000000e+05
4.585890000000000000e+05
4.605670000000000000e+05
4.625670000000000000e+05
4.643520000000000000e+05
4.667480000000000000e+05
4.688430000000000000e+05
4.710370000000000000e+05
4.727780000000000000e+05
4.744940000000000000e+05
4.771610000000000000e+05
4.791520000000000000e+05
4.812270000000000000e+05
4.827550000000000000e+05
4.852350000000000000e+05
4.873250000000000000e+05
4.888430000000000000e+05
4.914110000000000000e+05
4.935270000000000000e+05
4.952540000000000000e+05
4.966910000000000000e+05
4.989600000000000000e+05
5.017030000000000000e+05
5.037940000000000000e+05
5.056940000000000000e+05
5.074750000000000000e+05
5.095740000000000000e+05
5.117970000000000000e+05
5.140300000000000000e+05
5.159430000000000000e+05
5.176130000000000000e+05
5.196760000000000000e+05
5.218300000000000000e+05
5.241430000000000000e+05
5.262920000000000000e+05
5.282990000000000000e+05
5.303810000000000000e+05
5.319230000000000000e+05
5.343260000000000000e+05
5.360640000000000000e+05
5.383120000000000000e+05
5.406360000000000000e+05
5.423750000000000000e+05
5.443350000000000000e+05
5.467150000000000000e+05
5.485670000000000000e+05
5.507660000000000000e+05
5.525540000000000000e+05
5.548100000000000000e+05
5.570170000000000000e+05
5.586250000000000000e+05
5.606460000000000000e+05
5.631990000000000000e+05
5.651990000000000000e+05
5.666390000000000000e+05
5.691860000000000000e+05
5.713790000000000000e+05
5.733450000000000000e+05
5.753470000000000000e+05
5.772980000000000000e+05
5.790750000000000000e+05
5.812140000000000000e+05
5.830470000000000000e+05
5.851710000000000000e+05
5.876480000000000000e+05
5.896490000000000000e+05
5.911290000000000000e+05
5.934870000000000000e+05
5.957440000000000000e+05
5.976890000000000000e+05
5.991860000000000000e+05
6.012630000000000000e+05
6.041260000000000000e+05
6.061940000000000000e+05
6.079240000000000000e+05
6.100080000000000000e+05
6.120000000000000000e+05
6.141480000000000000e+05
6.162810000000000000e+05
6.184460000000000000e+05
6.205330000000000000e+05
6.224100000000000000e+05
6.240460000000000000e+05
6.264340000000000000e+05
6.282170000000000000e+05
6.304110000000000000e+05
6.327350000000000000e+05
6.340320000000000000e+05
6.366570000000000000e+05
6.386010000000000000e+05
6.405440000000000000e+05
6.430150000000000000e+05
6.447240000000000000e+05
6.471250000000000000e+05
6.491510000000000000e+05
6.506100000000000000e+05
6.528720000000000000e+05
6.546470000000000000e+05
6.574040000000000000e+05
6.591640000000000000e+05
6.611450000000000000e+05
6.635510000000000000e+05
6.652760000000000000e+05
6.676310000000000000e+05
6.693850000000000000e+05
6.712530000000000000e+05
6.732080000000000000e+05
6.750490000000000000e+05
6.778570000000000000e+05
6.796880000000000000e+05
6.819420000000000000e+05
6.839520000000000000e+05
6.857950000000000000e+05
6.880050000000000000e+05
6.896490000000000000e+05
6.919750000000000000e+05
6.933970000000000000e+05
6.962280000000000000e+05
6.977890000000000000e+05
7.003800000000000000e+05
7.021510000000000000e+05
7.044010000000000000e+05
7.062350000000000000e+05
7.082520000000000000e+05
7.105230000000000000e+05
7.125830000000000000e+05
7.142550000000000000e+05
7.166840000000000000e+05
7.187500000000000000e+05
7.208960000000000000e+05
7.223220000000000000e+05
7.241970000000000000e+05
7.265520000000000000e+05
7.285180000000000000e+05
7.310650000000000000e+05
7.329470000000000000e+05
7.344510000000000000e+05
7.366880000000000000e+05
7.392890000000000000e+05
7.406610000000000000e+05
7.430180000000000000e+05
7.451180000000000000e+05
7.469890000000000000e+05
7.493520000000000000e+05
7.513390000000000000e+05
7.536010000000000000e+05
7.554320000000000000e+05
7.576450000000000000e+05
7.594360000000000000e+05
7.612490000000000000e+05
7.638660000000000000e+05
7.653860000000000000e+05
7.675520000000000000e+05
7.697950000000000000e+05
7.714720000000000000e+05
7.739800000000000000e+05
7.757560000000000000e+05
7.781240000000000000e+05
7.801000000000000000e+05
7.821490000000000000e+05
7.840670000000000000e+05
7.863230000000000000e+05
7.880100000000000000e+05
7.905190000000000000e+05
7.920860000000000000e+05
7.938760000000000000e+05
7.964320000000000000e+05
7.984300000000000000e+05
7.999550000000000000e+05
8.022900000000000000e+05
8.047060000000000000e+05
8.066000000000000000e+05
8.083500000000000000e+05
8.103330000000000000e+05
8.129590000000000000e+05
8.147840000000000000e+05
8.164760000000000000e+05
8.190020000000000000e+05
8.211500000000000000e+05
8.230200000000000000e+05
8.250260000000000000e+05
8.273480000000000000e+05
8.287360000000000000e+05
8.307430000000000000e+05
8.334680000000000000e+05
8.347690000000000000e+05
8.373960000000000000e+05
8.395340000000000000e+05
8.411070000000000000e+05
8.429740000000000000e+05
8.458070000000000000e+05
8.469990000000000000e+05
8.493460000000000000e+05
8.516710000000000000e+05
8.536530000000000000e+05
8.551530000000000000e+05
8.579400000000000000e+05
8.600180000000000000e+05
8.621540000000000000e+05
8.635460000000000000e+05
8.662580000000000000e+05
8.682050000000000000e+05
8.703270000000000000e+05
8.724210000000000000e+05
8.743120000000000000e+05
8.761100000000000000e+05
8.781020000000000000e+05
8.804840000000000000e+05
8.824930000000000000e+05
8.846460000000000000e+05
8.862730000000000000e+05
8.881620000000000000e+05
8.906210000000000000e+05
8.927600000000000000e+05
8.946230000000000000e+05
8.965880000000000000e+05
8.989130000000000000e+05
9.009470000000000000e+05
9.027450000000000000e+05
9.050150000000000000e+05
9.068590000000000000e+05
9.086900000000000000e+05
9.113210000000000000e+05
9.129270000000000000e+05
9.151780000000000000e+05
9.165590000000000000e+05
9.193450000000000000e+05
9.213570000000000000e+05
9.234510000000000000e+05
9.254690000000000000e+05
9.274230000000000000e+05
9.295800000000000000e+05
9.317970000000000000e+05
9.331650000000000000e+05
9.358730000000000000e+05
9.378580000000000000e+05
9.399840000000000000e+05
9.416740000000000000e+05
9.436480000000000000e+05
9.454900000000000000e+05
9.479240000000000000e+05
9.497430000000000000e+05
9.521610000000000000e+05
9.538680000000000000e+05
9.561700000000000000e+05
9.580060000000000000e+05
9.603530000000000000e+05
9.623840000000000000e+05
9.640100000000000000e+05
9.663960000000000000e+05
9.685940000000000000e+05
9.703420000000000000e+05
9.723070000000000000e+05
9.741740000000000000e+05
9.766600000000000000e+05
9.784750000000000000e+05
9.803690000000000000e+05
9.821870000000000000e+05
9.849410000000000000e+05
9.871150000000000000e+05
9.890220000000000000e+05
9.909440000000000000e+05
9.930990000000000000e+05
9.946380000000000000e+05
9.972400000000000000e+05
9.991640000000000000e+05
1.001084000000000000e+06
1.003370000000000000e+06
1.005426000000000000e+06
1.007418000000000000e+06
1.009133000000000000e+06
1.010816000000000000e+06
1.013565000000000000e+06
1.015713000000000000e+06
1.017830000000000000e+06
1.019600000000000000e+06
1.021538000000000000e+06
1.023850000000000000e+06
1.025263000000000000e+06
1.027565000000000000e+06
1.029714000000000000e+06
1.032182000000000000e+06
1.033824000000000000e+06
1.036173000000000000e+06
1.038108000000000000e+06
1.040384000000000000e+06
1.041649000000000000e+06
1.043742000000000000e+06
1.046522000000000000e+06
1.048522000000000000e+06
1.050281000000000000e+06
1.052442000000000000e+06
1.054475000000000000e+06
1.056579000000000000e+06
1.058461000000000000e+06
1.060722000000000000e+06
1.062722000000000000e+06
1.064682000000000000e+06
1.066541000000000000e+06
1.068353000000000000e+06
1.071094000000000000e+06
1.072503000000000000e+06
1.074637000000000000e+06
1.077002000000000000e+06
1.078521000000000000e+06
1.081051000000000000e+06
1.082977000000000000e+06
1.085014000000000000e+06
1.087339000000000000e+06
1.089349000000000000e+06
1.091316000000000000e+06
1.092889000000000000e+06
1.094889000000000000e+06
1.096889000000000000e+06
1.099036000000000000e+06
1.101036000000000000e+06
1.103601000000000000e+06
1.105238000000000000e+06
1.107668000000000000e+06
1.109668000000000000e+06
1.111584000000000000e+06
1.113820000000000000e+06
1.115754000000000000e+06
1.117874000000000000e+06
1.119947000000000000e+06
1.122219000000000000e+06
1.124219000000000000e+06
1.125733000000000000e+06
1.128350000000000000e+06
1.129916000000000000e+06
1.132204000000000000e+06
1.134161000000000000e+06
1.136588000000000000e+06
1.138640000000000000e+06
1.140308000000000000e+06
1.142508000000000000e+06
1.144484000000000000e+06
1.146741000000000000e+06
1.148844000000000000e+06
1.150932000000000000e+06
1.152487000000000000e+06
1.154432000000000000e+06
1.156598000000000000e+06
1.158740000000000000e+06
1.161107000000000000e+06
1.163050000000000000e+06
1.164832000000000000e+06
1.167001000000000000e+06
1.169150000000000000e+06
1.171096000000000000e+06
1.173337000000000000e+06
1.175547000000000000e+06
1.177494000000000000e+06
1.178771000000000000e+06
1.181273000000000000e+06
1.183462000000000000e+06
1.185787000000000000e+06
1.187308000000000000e+06
1.189418000000000000e+06
1.191633000000000000e+06
1.193841000000000000e+06
1.195990000000000000e+06
1.197734000000000000e+06
1.199699000000000000e+06
1.202088000000000000e+06
1.204088000000000000e+06
1.205796000000000000e+06
1.208196000000000000e+06
1.209954000000000000e+06
1.212348000000000000e+06
1.214139000000000000e+06
1.216254000000000000e+06
1.218199000000000000e+06
1.220112000000000000e+06
1.222032000000000000e+06
1.224702000000000000e+06
1.225971000000000000e+06
1.227971000000000000e+06
1.230430000000000000e+06
1.232262000000000000e+06
1.234495000000000000e+06
1.236907000000000000e+06
1.238373000000000000e+06
1.240587000000000000e+06
1.242704000000000000e+06
1.244704000000000000e+06
1.246436000000000000e+06
1.248436000000000000e+06
1.250906000000000000e+06
1.252848000000000000e+06
1.254635000000000000e+06
1.256720000000000000e+06
1.259148000000000000e+06
1.261244000000000000e+06
1.263107000000000000e+06
1.264983000000000000e+06
1.266983000000000000e+06
1.269263000000000000e+06
1.271263000000000000e+06
1.273674000000000000e+06
1.275874000000000000e+06
1.277588000000000000e+06
1.279421000000000000e+06
1.281421000000000000e+06
1.283623000000000000e+06
1.285659000000000000e+06
1.287659000000000000e+06
1.290149000000000000e+06
1.291786000000000000e+06
1.294105000000000000e+06
1.295547000000000000e+06
1.297789000000000000e+06
1.300196000000000000e+06
1.301794000000000000e+06
1.303776000000000000e+06
1.306477000000000000e+06
1.308224000000000000e+06
1.310363000000000000e+06
1.312677000000000000e+06
1.314436000000000000e+06
1.316436000000000000e+06
1.318170000000000000e+06
1.320885000000000000e+06
1.322771000000000000e+06
1.324756000000000000e+06
1.326478000000000000e+06
1.328877000000000000e+06
1.330390000000000000e+06
1.332324000000000000e+06
1.334512000000000000e+06
1.337183000000000000e+06
1.339183000000000000e+06
1.340590000000000000e+06
1.342590000000000000e+06
1.345185000000000000e+06
1.347309000000000000e+06
1.348927000000000000e+06
1.350713000000000000e+06
1.353583000000000000e+06
1.354995000000000000e+06
1.356995000000000000e+06
1.358995000000000000e+06
1.360995000000000000e+06
1.363794000000000000e+06
1.365442000000000000e+06
1.367839000000000000e+06
1.369839000000000000e+06
1.371839000000000000e+06
1.373839000000000000e+06
1.375380000000000000e+06
1.377380000000000000e+06
1.379577000000000000e+06
1.381577000000000000e+06
1.383807000000000000e+06
1.386388000000000000e+06
1.388176000000000000e+06
1.390163000000000000e+06
1.392519000000000000e+06
1.394590000000000000e+06
1.396684000000000000e+06
1.398761000000000000e+06
1.400648000000000000e+06
1.402648000000000000e+06
1.404506000000000000e+06
1.406912000000000000e+06
1.408912000000000000e+06
1.410540000000000000e+06
1.413039000000000000e+06
1.414945000000000000e+06
1.416611000000000000e+06
1.419253000000000000e+06
1.420810000000000000e+06
1.422810000000000000e+06
1.424411000000000000e+06
1.427269000000000000e+06
1.428851000000000000e+06
1.431176000000000000e+06
1.433336000000000000e+06
1.434832000000000000e+06
1.437645000000000000e+06
1.439645000000000000e+06
1.441460000000000000e+06
1.443326000000000000e+06
1.445464000000000000e+06
1.447464000000000000e+06
1.449464000000000000e+06
1.451464000000000000e+06
1.453780000000000000e+06
1.455794000000000000e+06
1.457588000000000000e+06
1.460193000000000000e+06
1.461899000000000000e+06
1.463862000000000000e+06
1.466284000000000000e+06
1.468387000000000000e+06
1.470037000000000000e+06
1.471971000000000000e+06
1.473851000000000000e+06
1.476333000000000000e+06
1.478239000000000000e+06
1.480347000000000000e+06
1.482745000000000000e+06
1.484745000000000000e+06
1.486745000000000000e+06
1.488599000000000000e+06
1.490206000000000000e+06
1.492206000000000000e+06
1.494877000000000000e+06
1.496703000000000000e+06
1.498703000000000000e+06
1.500990000000000000e+06
1.502827000000000000e+06
1.504448000000000000e+06
1.506448000000000000e+06
1.509036000000000000e+06
1.511246000000000000e+06
1.512657000000000000e+06
1.514640000000000000e+06
1.516569000000000000e+06
1.519093000000000000e+06
1.520934000000000000e+06
1.522934000000000000e+06
1.525662000000000000e+06
1.527503000000000000e+06
1.529793000000000000e+06
1.531375000000000000e+06
1.533422000000000000e+06
1.535530000000000000e+06
1.537530000000000000e+06
1.539709000000000000e+06
1.541329000000000000e+06
1.543329000000000000e+06
1.545796000000000000e+06
1.548242000000000000e+06
1.550242000000000000e+06
1.551954000000000000e+06
1.553601000000000000e+06
1.555814000000000000e+06
1.558258000000000000e+06
1.560258000000000000e+06
1.562349000000000000e+06
1.563792000000000000e+06
1.566666000000000000e+06
1.568577000000000000e+06
1.570247000000000000e+06
1.572704000000000000e+06
1.574704000000000000e+06
1.576036000000000000e+06
1.578859000000000000e+06
1.580766000000000000e+06
1.582998000000000000e+06
1.584998000000000000e+06
1.586998000000000000e+06
1.588926000000000000e+06
1.590580000000000000e+06
1.593292000000000000e+06
1.595013000000000000e+06
1.597351000000000000e+06
1.599036000000000000e+06
1.601518000000000000e+06
1.603435000000000000e+06
1.605435000000000000e+06
1.607435000000000000e+06
1.608907000000000000e+06
1.611258000000000000e+06
1.613035000000000000e+06
1.615035000000000000e+06
1.617542000000000000e+06
1.619930000000000000e+06
1.621661000000000000e+06
1.623481000000000000e+06
1.625871000000000000e+06
1.627933000000000000e+06
1.629679000000000000e+06
1.631679000000000000e+06
1.634107000000000000e+06
1.636078000000000000e+06
1.637913000000000000e+06
1.640245000000000000e+06
1.641601000000000000e+06
1.644294000000000000e+06
1.645760000000000000e+06
1.648637000000000000e+06
1.650502000000000000e+06
1.652502000000000000e+06
1.654219000000000000e+06
1.656542000000000000e+06
1.658878000000000000e+06
1.660878000000000000e+06
1.662941000000000000e+06
1.664797000000000000e+06
1.666277000000000000e+06
1.668931000000000000e+06
1.670846000000000000e+06
1.672614000000000000e+06
1.674682000000000000e+06
1.677101000000000000e+06
1.678679000000000000e+06
1.681100000000000000e+06
1.683215000000000000e+06
1.685215000000000000e+06
1.687133000000000000e+06
1.689215000000000000e+06
1.691066000000000000e+06
1.692954000000000000e+06
1.695527000000000000e+06
1.697527000000000000e+06
1.699664000000000000e+06
1.701847000000000000e+06
1.703784000000000000e+06
1.705784000000000000e+06
1.707358000000000000e+06
1.709900000000000000e+06
1.711900000000000000e+06
1.714038000000000000e+06
1.715466000000000000e+06
1.717741000000000000e+06
1.720052000000000000e+06
1.721942000000000000e+06
1.724184000000000000e+06
1.726184000000000000e+06
1.727649000000000000e+06
1.730351000000000000e+06
1.731734000000000000e+06
1.734507000000000000e+06
1.736405000000000000e+06
1.738333000000000000e+06
1.740764000000000000e+06
1.742764000000000000e+06
1.743928000000000000e+06
1.746551000000000000e+06
1.748798000000000000e+06
1.750243000000000000e+06
1.752243000000000000e+06
1.754876000000000000e+06
1.757169000000000000e+06
1.758872000000000000e+06
1.760976000000000000e+06
1.763270000000000000e+06
1.764762000000000000e+06
1.767132000000000000e+06
1.769132000000000000e+06
1.771132000000000000e+06
1.773391000000000000e+06
1.775391000000000000e+06
1.777391000000000000e+06
1.779391000000000000e+06
1.780978000000000000e+06
1.783787000000000000e+06
1.785179000000000000e+06
1.787228000000000000e+06
1.789228000000000000e+06
1.791841000000000000e+06
1.793099000000000000e+06
1.796095000000000000e+06
1.797442000000000000e+06
1.800159000000000000e+06
1.802139000000000000e+06
1.803845000000000000e+06
1.806169000000000000e+06
1.808071000000000000e+06
1.810342000000000000e+06
1.811831000000000000e+06
1.813831000000000000e+06
1.816110000000000000e+06
1.818508000000000000e+06
1.820359000000000000e+06
1.822699000000000000e+06
1.824470000000000000e+06
1.826043000000000000e+06
1.828283000000000000e+06
1.830870000000000000e+06
1.832447000000000000e+06
1.834799000000000000e+06
1.836499000000000000e+06
1.838849000000000000e+06
1.840834000000000000e+06
1.842908000000000000e+06
1.844908000000000000e+06
1.846905000000000000e+06
1.848905000000000000e+06
1.850914000000000000e+06
1.852914000000000000e+06
1.855360000000000000e+06
1.857217000000000000e+06
1.858919000000000000e+06
1.860943000000000000e+06
1.863625000000000000e+06
1.865422000000000000e+06
1.867585000000000000e+06
1.869585000000000000e+06
1.871865000000000000e+06
1.873449000000000000e+06
1.875833000000000000e+06
1.877618000000000000e+06
1.879818000000000000e+06
1.881818000000000000e+06
1.883881000000000000e+06
1.886129000000000000e+06
1.887800000000000000e+06
1.889800000000000000e+06
1.891813000000000000e+06
1.894371000000000000e+06
1.895843000000000000e+06
1.898289000000000000e+06
1.900521000000000000e+06
1.902434000000000000e+06
1.903781000000000000e+06
1.906480000000000000e+06
1.907853000000000000e+06
1.910345000000000000e+06
1.912179000000000000e+06
1.914859000000000000e+06
1.915979000000000000e+06
1.918776000000000000e+06
1.920904000000000000e+06
1.922271000000000000e+06
1.924755000000000000e+06
1.926670000000000000e+06
1.928791000000000000e+06
1.931161000000000000e+06
1.933161000000000000e+06
1.934820000000000000e+06
1.937134000000000000e+06
1.939211000000000000e+06
1.940757000000000000e+06
1.943172000000000000e+06
1.945537000000000000e+06
1.947537000000000000e+06
1.949573000000000000e+06
1.951323000000000000e+06
1.953598000000000000e+06
1.955487000000000000e+06
1.957243000000000000e+06
1.959802000000000000e+06
1.961490000000000000e+06
1.963747000000000000e+06
1.965872000000000000e+06
1.968070000000000000e+06
1.970113000000000000e+06
1.972113000000000000e+06
1.974113000000000000e+06
1.975712000000000000e+06
1.977940000000000000e+06
1.979940000000000000e+06
1.982136000000000000e+06
1.983839000000000000e+06
1.986294000000000000e+06
1.988594000000000000e+06
1.990528000000000000e+06
1.992627000000000000e+06
1.994530000000000000e+06
1.996276000000000000e+06
1.998276000000000000e+06
2.000377000000000000e+06
