-8.899650906681433327e-02
3.398776552240169446e-02
4.347140264364019457e-01
9.562875167935185328e-01
1.785378718157029754e+00
2.599992729059122265e+00
3.813793786974603250e+00
4.617295095739914146e+00
5.456325384391154998e+00
7.160597739746109802e+00
8.917929808335728126e+00
1.132568913234591790e+01
1.351798662475720647e+01
1.479243974014995899e+01
1.770735879579191518e+01
2.009445153155506958e+01
2.226017784716077585e+01
2.362751630873483322e+01
2.510956906727525251e+01
2.694326728144359606e+01
2.780236556352902966e+01
2.818700990832369513e+01
2.921508502746783620e+01
3.038567640727354657e+01
3.163267725553713561e+01
3.167554364464556826e+01
3.166444580176323598e+01
3.234332716740172486e+01
3.243248679599197715e+01
3.264257054296595584e+01
3.330564790963339306e+01
3.404729218351437936e+01
3.442409247480030388e+01
3.471677245696752578e+01
3.435482988512779201e+01
3.358974677499671202e+01
3.389796203326981328e+01
3.393801836271698136e+01
3.478613640185931644e+01
3.448387128158812232e+01
3.395968905755469791e+01
3.438394433308317133e+01
3.425333123382986145e+01
3.471079088209575758e+01
3.543362135768387589e+01
3.596727936387199520e+01
3.655893285266284209e+01
3.701819951546051612e+01
3.643637181863768149e+01
3.643759912608221896e+01
3.659535732579448108e+01
3.668731536362128054e+01
3.671700755666343952e+01
3.590007329631691135e+01
3.598404073813642867e+01
3.620433707281741675e+01
3.664341923499962661e+01
3.643651335150146053e+01
3.708368587004572703e+01
3.700891534504752656e+01
3.711338735719738224e+01
3.718870805674893631e+01
3.689404153715187817e+01
3.704350785717318928e+01
3.633310961905361580e+01
3.622354929486062503e+01
3.604181302553141819e+01
3.600866471072452413e+01
3.554004108079485036e+01
3.539993019142033859e+01
3.571301783735626856e+01
3.528655671321416065e+01
3.533878049185184267e+01
3.550556229114994267e+01
3.561785034706198871e+01
3.572483820126662835e+01
3.556853797176840715e+01
3.610695236797811702e+01
3.601738017273738990e+01
3.677161084713861072e+01
3.721876122996659575e+01
3.733036936729585165e+01
3.806604323743331264e+01
3.818725030317666125e+01
3.860063343596293350e+01
3.816048141148114325e+01
3.854410774357555169e+01
3.888523927136185421e+01
3.813593679197019526e+01
3.861868717725563016e+01
3.877385899144999826e+01
3.911215946228706031e+01
3.933625467097328254e+01
4.004456057471426789e+01
4.129518835008482114e+01
4.236922248696632209e+01
4.252093820781627187e+01
4.404669296497358033e+01
4.513861337490832426e+01
4.646321798763730015e+01
4.706230759202608738e+01
4.767313941020751145e+01
4.912358380868705154e+01
5.032479574024490887e+01
5.118865323172886406e+01
5.245019477436078148e+01
5.281284115695432746e+01
5.338182241374768466e+01
5.336661307108239072e+01
5.441757824448801983e+01
5.422852421355641184e+01
5.496371074590373951e+01
5.652537483192818257e+01
5.701077403315230185e+01
5.750955258833792527e+01
5.819635096253295359e+01
5.874636448005347944e+01
5.968417138888818840e+01
6.139291284402767701e+01
6.235492621683497561e+01
6.308570774358612709e+01
6.404269114112761940e+01
6.576072492563517358e+01
6.753818763174044193e+01
6.861913098959844604e+01
7.042892005482599416e+01
7.152963970576669794e+01
7.409998541731032162e+01
7.500726442264073057e+01
7.673741672236293709e+01
7.749828392483345851e+01
7.816171915800076420e+01
8.066094515413676902e+01
8.188223315006634095e+01
8.418835267509933828e+01
8.523434673268572226e+01
8.828828860858459393e+01
8.955013982635544778e+01
9.251101332352318707e+01
9.446496441444718073e+01
9.696891624808461074e+01
9.850759149136554527e+01
9.974094623856983333e+01
1.018486233956238749e+02
1.024255093687783642e+02
1.043971488160170935e+02
1.064541419096368173e+02
1.082415103588143239e+02
1.103556135554287607e+02
1.109710838314624084e+02
1.123353595723935570e+02
1.142014956668142958e+02
1.156740703332930877e+02
1.160369433901655754e+02
1.183514208713352360e+02
1.189714683272513440e+02
1.189370116398491319e+02
1.202598336370436840e+02
1.205298176521698110e+02
1.210506880140063544e+02
1.218117936353368123e+02
1.243706538674779551e+02
1.259017411957763954e+02
1.260338765578346880e+02
1.270763812149244387e+02
1.273760722579478966e+02
1.291126276748608461e+02
1.321833286620808394e+02
1.330931427544722396e+02
1.333578524284834828e+02
1.349074856289715285e+02
1.399225304877308815e+02
1.409254414952555408e+02
1.409363878692755918e+02
1.412422046521871835e+02
1.418260731050570769e+02
1.428000372025234981e+02
1.451196593627535663e+02
1.446321012838947979e+02
1.470895096580964605e+02
1.449257073626264969e+02
1.463727035123601468e+02
1.472913658602335545e+02
1.459625190722088064e+02
1.458636847953268045e+02
1.455557808659686145e+02
1.486110705823709850e+02
1.518299998095403964e+02
1.511608847439260899e+02
1.531339919465760602e+02
1.545742491289733493e+02
1.542684989320782734e+02
1.527624212747276431e+02
1.559505612493757383e+02
1.572230907654860914e+02
1.537222680481437180e+02
1.533883049770411446e+02
1.537270680040074637e+02
1.546939200030336963e+02
1.549103424612296749e+02
1.557361350789587959e+02
1.542369034338248923e+02
1.562326028841666528e+02
1.543413516635643816e+02
1.576018716569002436e+02
1.558593900888303381e+02
1.559871875140828479e+02
1.577744058168766514e+02
1.563606652235375805e+02
1.570253433543892641e+02
1.557837642470295805e+02
1.560052965251666990e+02
1.571873869203429592e+02
1.599494173485192334e+02
1.570674387468796454e+02
1.571607978176750748e+02
1.601156986099248343e+02
1.629739429603441181e+02
1.629739428839387756e+02
1.611411122503962474e+02
1.595272544457605477e+02
1.594989859089271249e+02
1.605201676803397106e+02
1.606561019288768080e+02
1.634104788427002006e+02
1.648299530151932402e+02
1.659857232242647740e+02
1.679272485469057870e+02
1.657979689489267514e+02
1.634167654552852014e+02
1.645965752746311352e+02
1.607586973440373299e+02
1.646458823645672567e+02
1.645330212169233732e+02
1.650405088805993046e+02
1.646693105696563748e+02
1.662781637463348261e+02
1.657232102144638475e+02
1.636802846991300839e+02
1.669662506328292864e+02
1.628182758956200473e+02
1.571971709904170211e+02
1.569595566025283233e+02
1.606454286522587722e+02
1.629864856345613475e+02
1.645362685713383826e+02
1.650308119226533847e+02
1.643203511041564582e+02
1.629854477947990290e+02
1.636514541893795922e+02
1.654730813349846983e+02
1.658003803405150336e+02
1.656340596956937361e+02
1.690032549731139397e+02
1.714013572976223827e+02
1.734707819125352444e+02
1.734027221307964339e+02
1.737248652905389861e+02
1.746809176052957184e+02
1.770400708893170645e+02
1.782878364037024994e+02
1.755433689611452905e+02
1.747279070408570760e+02
1.739331158380450972e+02
1.713706584291380466e+02
1.726941240960007917e+02
1.779525335074719976e+02
1.811181244797601266e+02
1.830765603752194863e+02
1.853331820959260483e+02
1.854882073322397389e+02
1.875447879062100469e+02
1.875486211180820533e+02
1.892424752822297194e+02
1.922450106208493992e+02
1.946284021837762737e+02
1.947102214473345043e+02
1.943085885336349747e+02
1.899542466920479171e+02
1.913425126095012558e+02
1.884257923791969063e+02
1.904254998876627383e+02
1.892164506174952407e+02
1.895925822190657755e+02
1.891149668579244860e+02
1.896249608706183665e+02
1.886662518893380138e+02
1.878113491902487340e+02
1.878169201804882675e+02
1.909928800562327922e+02
1.937824087459655402e+02
1.934867549563931846e+02
1.941270896829287551e+02
1.911261146250897980e+02
1.936879308576866947e+02
1.920231516554900111e+02
1.881168653862275733e+02
1.871620785787090142e+02
1.877111460609169740e+02
1.838173353204101943e+02
1.866143108484562845e+02
1.854346554944210936e+02
1.855475627854168863e+02
1.873223929453796757e+02
1.869844907213075942e+02
1.884016937677884584e+02
1.909853653933110422e+02
1.930897605034332685e+02
1.910408845270219160e+02
1.904064944106527264e+02
1.960768158247187216e+02
1.939959348645434147e+02
1.923466524530408037e+02
1.949467205019240055e+02
1.917228475504036851e+02
1.931902040057741488e+02
1.903903181651473631e+02
1.906457911008075712e+02
1.940457333455668731e+02
1.931479139064059609e+02
1.954890972812138443e+02
1.986382615171909833e+02
1.969748435325309401e+02
1.967836773880394219e+02
1.967904242517936950e+02
2.001436183489882126e+02
1.996980677594695521e+02
1.999714139134880213e+02
1.983823137299048085e+02
2.005490513990626766e+02
2.015020874640021873e+02
1.991401799812998092e+02
1.996104293022864908e+02
1.976735410776788058e+02
1.975797538257587576e+02
1.989392012350728010e+02
2.002244154195411170e+02
1.999251583675620338e+02
2.002227004884159385e+02
2.029216245654273507e+02
2.039021336079094908e+02
2.045147249642217844e+02
2.071653888996618207e+02
2.063580369794049432e+02
2.107647092913418305e+02
2.101103653411622929e+02
2.076285195640961661e+02
2.000367077502155269e+02
1.965037003093587202e+02
2.001409228522340698e+02
1.989712035565738688e+02
1.983405659635472205e+02
1.950129447928667901e+02
1.972085251370318417e+02
1.993817899191119807e+02
2.009403605931445043e+02
1.940094877731852705e+02
1.937571855501520588e+02
1.971939506579819863e+02
2.009214485508051098e+02
2.042840965320822306e+02
2.042776071765835013e+02
2.041327722141625713e+02
2.063157935230965734e+02
2.049612180015418801e+02
2.045999284336786559e+02
2.011314332067117050e+02
1.998703691880224369e+02
1.975027366050280762e+02
1.967998412467277376e+02
1.983044191221848109e+02
1.986311670140021306e+02
1.972669071741227640e+02
1.961022550771999136e+02
1.996654838764718818e+02
2.043543298062294014e+02
2.054401355746983313e+02
2.053365110854879561e+02
2.009516567280886647e+02
2.008976441403114563e+02
2.004608278888006225e+02
2.021815034788050696e+02
1.958244368461674583e+02
1.920910569643333190e+02
1.867176492962607597e+02
1.815497667355127476e+02
1.771134330373768080e+02
1.783415261598202051e+02
1.780462060308192918e+02
1.777112085951952452e+02
1.798743029213623856e+02
1.829943803499245689e+02
1.830403986656224617e+02
1.843932958002180271e+02
1.878150474071493363e+02
1.892917055824797785e+02
1.883673738685676255e+02
1.890500209900851019e+02
1.889983503481130072e+02
1.901062702396394570e+02
1.887307730516351398e+02
1.885920143385145877e+02
1.846059626722398832e+02
1.883342963954887352e+02
1.879946815137438989e+02
1.900673985035609803e+02
1.975599724888771789e+02
1.943014342339577070e+02
1.963656332406817739e+02
1.990646181614257273e+02
1.997376407090442569e+02
2.028686649318998718e+02
2.044414379074259216e+02
2.059395278972381789e+02
2.090589306061363857e+02
2.110509055256032696e+02
2.120523670490958921e+02
2.132923993628272683e+02
2.157101290861928362e+02
2.105437444094338275e+02
2.102672679725076819e+02
2.098655283944759162e+02
2.089417389044899380e+02
2.067028541084273172e+02
2.106055360616571193e+02
2.085638602546888478e+02
2.098125668154886796e+02
2.102140442137456944e+02
2.111569831978303853e+02
2.121547960182857082e+02
2.143244288979561247e+02
2.147620162195689772e+02
2.148689913255891497e+02
2.119096734588339643e+02
2.105138094964856919e+02
2.133564812502328607e+02
2.161998482230756338e+02
2.182928917541086093e+02
2.188922842694899487e+02
2.175904651977956803e+02
2.220296586321996699e+02
2.250269161733284307e+02
2.255968084697221343e+02
2.239130387960505573e+02
2.212746468910233375e+02
2.203510151615632253e+02
2.212807840781292157e+02
2.208934973285821002e+02
2.205439777886575996e+02
2.178339437334660715e+02
2.171557296853748369e+02
2.118718800802651003e+02
2.124304000141490860e+02
2.101598628523824175e+02
2.093990110480766873e+02
2.078576820943166297e+02
2.070212176102629087e+02
2.072270349427375322e+02
2.089245523114190632e+02
2.090198336714340144e+02
2.076991405635553463e+02
2.066750170316365711e+02
2.067602675670070767e+02
2.022958014389755874e+02
2.039670880188812134e+02
2.061397009178398321e+02
2.044065573218712473e+02
2.097326728284594992e+02
2.040819561355248482e+02
2.037009328049107637e+02
2.030883954491299335e+02
2.039454418294248796e+02
2.058198904335151838e+02
2.055450411391431658e+02
2.068163661489503511e+02
2.061179722708777717e+02
2.111564543084768673e+02
2.131987967503275740e+02
2.164993224927443691e+02
2.165286775110990618e+02
2.231007154086584023e+02
2.223245166976500968e+02
2.249799150125695917e+02
2.274621859641474657e+02
2.272765991943073516e+02
2.302116712230655651e+02
2.310170791813070821e+02
2.348465944561365859e+02
2.352138570075984489e+02
2.329912420466048673e+02
2.356094734841995546e+02
2.392905491683430625e+02
2.413614373902709360e+02
2.452828252778390095e+02
2.451745180776057964e+02
2.486442770775091446e+02
2.459222353028497423e+02
2.463655892155447020e+02
2.499003406937929412e+02
2.506497224462086990e+02
2.496714520830202275e+02
2.523258412568209792e+02
2.548877243926712879e+02
2.590641791551848314e+02
2.579061454636128019e+02
2.594611730301876946e+02
2.596215272490998132e+02
2.629208874141224896e+02
2.601315475138731017e+02
2.573110864439717034e+02
2.569188456359744919e+02
2.587123243108903807e+02
2.606517994742487758e+02
2.581737285582556183e+02
2.589082911581240296e+02
2.558148442379368248e+02
2.557877952197791842e+02
2.528092372593271762e+02
2.544935174243233007e+02
2.561700021860596621e+02
2.559360818569610956e+02
2.550936922085736001e+02
2.568554504417651856e+02
2.542683570757648113e+02
2.482309999807552288e+02
2.473404929742546017e+02
2.476816979363013047e+02
2.472216200210355339e+02
2.493939238313744795e+02
2.471772554636814618e+02
2.467580437980833210e+02
2.481397277502961458e+02
2.504994316970740726e+02
2.477734319698930392e+02
2.487138831482594128e+02
2.507011333852515236e+02
2.494504770918779855e+02
2.525401664827830643e+02
2.535036041006005405e+02
2.539160192675059875e+02
2.544237651095367312e+02
2.589306953030137493e+02
2.618018839798779140e+02
2.618853755184318857e+02
2.638991564788460664e+02
2.591439703166630579e+02
2.597974638314661320e+02
2.590205201869683833e+02
2.621621079719244563e+02
2.622094617763809197e+02
2.612915487460910526e+02
2.650409872427419486e+02
2.635160787100134598e+02
2.635154639219933870e+02
2.604387462976682173e+02
2.617868178474582805e+02
2.609554494631291277e+02
2.599342054649524698e+02
2.601460301780441569e+02
2.548915064414944140e+02
2.546906324828336494e+02
2.515594405835658733e+02
2.524090367832227173e+02
2.525582164030212766e+02
2.515451253612978633e+02
2.517790754045314543e+02
2.521333239662853885e+02
2.444002880372143807e+02
2.424053623005318059e+02
2.412757944486526185e+02
2.395053378275480043e+02
2.377349568369061217e+02
2.322550455757930763e+02
2.350580001400560661e+02
2.330514716295681978e+02
2.274220874379411157e+02
2.317236701613766172e+02
2.291709282543193922e+02
2.244761341582287173e+02
2.268141782633306036e+02
2.260261475265587876e+02
2.274667710489769661e+02
2.312608430910126174e+02
2.302930197344787757e+02
2.265036362058505688e+02
2.262973489597433456e+02
2.298186092110870504e+02
2.351209963038674289e+02
2.369523278791158987e+02
2.368349703544865292e+02
2.372581893685526779e+02
2.399733846789836775e+02
2.423396429096684699e+02
2.405715416805043105e+02
2.445326666660359365e+02
2.446944232679663855e+02
2.479288086787324517e+02
2.490074700305181636e+02
2.487738809543967022e+02
2.537969209075842514e+02
2.542598606392831186e+02
2.560773492747313185e+02
2.562299829377123501e+02
2.552745153867496981e+02
2.564894472453166827e+02
2.589827891765104937e+02
2.571684874895696566e+02
2.586448809153700950e+02
2.627915114681695172e+02
2.683953883356563779e+02
2.682698514902490388e+02
2.668896155753476478e+02
2.684137022801401145e+02
2.695287791186992195e+02
2.705078229881808056e+02
2.723886060982254094e+02
2.732084738816886329e+02
2.709963192826979252e+02
2.752023146434575551e+02
2.749180568299776724e+02
2.788354821424180727e+02
2.809531348232862911e+02
2.759366990974577334e+02
2.730555900611196307e+02
2.755805511812798159e+02
2.799328919329774408e+02
2.813373737051778676e+02
2.797058912363939953e+02
2.833479911119505346e+02
2.850769160207792083e+02
2.840783829584710247e+02
2.819498642425619437e+02
2.800165680885318125e+02
2.780131833344159418e+02
2.780738454440630676e+02
2.790672580365077238e+02
2.826446354655606683e+02
2.819571150005817799e+02
2.800405682840539612e+02
2.831334903164382695e+02
2.822881703866024168e+02
2.819591159201225423e+02
2.858908772913699181e+02
2.870079339341994000e+02
2.872200995822283858e+02
2.863578165266724227e+02
2.890425461258693645e+02
2.897150326455147251e+02
2.935238324430731041e+02
2.942117835485580031e+02
2.958881289284579452e+02
2.964470638294737910e+02
2.985107566462538102e+02
3.001900956224695847e+02
2.981690071857235580e+02
3.013107816480317638e+02
3.019926584461859989e+02
3.019359185701018191e+02
3.035288205161689916e+02
3.027061555196017366e+02
3.043512108106160099e+02
3.055598604320852587e+02
3.105525494628153069e+02
3.107608302018998074e+02
3.111472835843850930e+02
3.094638595044518183e+02
3.096068753026195850e+02
3.095384560984790596e+02
3.092156240624883594e+02
3.122195323613242977e+02
3.134467812515327978e+02
3.126272880931697955e+02
3.147336000179106463e+02
3.147540397555114851e+02
3.169876315362962487e+02
3.157082546171372996e+02
3.180193805847368367e+02
3.171316730270543758e+02
3.180994127080940075e+02
3.158776360091299011e+02
3.151432338533617212e+02
3.168683250101713043e+02
3.145383750135364949e+02
3.142800699504583122e+02
3.152040681809682496e+02
3.155269302366475586e+02
3.153956035469289532e+02
3.182843821910102520e+02
3.175955429470511717e+02
3.195371727449090145e+02
3.193365942688328687e+02
3.198583653121095836e+02
3.179455433793987140e+02
3.162795634385836934e+02
3.187454508449563377e+02
3.175369948909352615e+02
3.157176888700187760e+02
3.126637613230726629e+02
3.123956114173204810e+02
3.133882090680974102e+02
3.119474493589881376e+02
3.098903153170531937e+02
3.099122714467679316e+02
3.092980845076266974e+02
3.096425176909484094e+02
3.075294366512383135e+02
3.100057692567331173e+02
3.099628747843398173e+02
3.100556476533058117e+02
3.068844536321702208e+02
3.055169927554427431e+02
3.063141390473332422e+02
3.070598970010459539e+02
3.072286791895307374e+02
3.051217116241382996e+02
3.015097177557209989e+02
3.037309279272367917e+02
3.033924355376892095e+02
3.027188642866424289e+02
3.057519454362629290e+02
3.054048743702963975e+02
3.031376851332909155e+02
2.998933882592897930e+02
2.980272203095773307e+02
3.003997600757996338e+02
3.005231521578083971e+02
3.015627329749344199e+02
3.021184174898263564e+02
3.028196190676673609e+02
3.028408159881176971e+02
3.037876016585719299e+02
3.055798088350922512e+02
3.028041483845427706e+02
3.003889780639538003e+02
3.031293170368535357e+02
3.083605733176456738e+02
3.080747540192786005e+02
3.102352333206185335e+02
3.056741604520330498e+02
3.072863086058273439e+02
3.102162274415208572e+02
3.049246913503382075e+02
3.048088804508249723e+02
3.083792673465371763e+02
3.035997393216256341e+02
2.989677963139014309e+02
2.975816897516839958e+02
2.978762631242510110e+02
2.963058216297634431e+02
2.937954947057517074e+02
2.955952099360941929e+02
2.954308888437417409e+02
2.971590335689682547e+02
3.012366202832423028e+02
3.020507657538284434e+02
3.023964886101106799e+02
3.054120592006482298e+02
3.028785536532511173e+02
3.021859173774963097e+02
3.044976070858288040e+02
3.039930072122875799e+02
3.063333704415441616e+02
3.024074979369931953e+02
2.999669616938647323e+02
3.016343279621606257e+02
2.974094615373106194e+02
2.966416315904899648e+02
2.991623383845716262e+02
2.991655891256456243e+02
2.981249017213776824e+02
3.014909022102176550e+02
3.003347717200779812e+02
2.972061012085334255e+02
2.985640703493612023e+02
3.004924423620879566e+02
3.019294325781871180e+02
3.023784882207496594e+02
3.013269208071762932e+02
3.015568529070366139e+02
3.016987880245667952e+02
3.028747637820404748e+02
3.030984999581976354e+02
3.033273891539910210e+02
3.060188796549579138e+02
3.088114454174157117e+02
3.106738447202662883e+02
3.112758647239965057e+02
3.125246929203567561e+02
3.134210300462101486e+02
3.140973779393490304e+02
3.148679298253108527e+02
3.152374674013228741e+02
3.144396434153564996e+02
3.138799930781475496e+02
3.136550738387489901e+02
3.112440387813442157e+02
3.149474856595845154e+02
3.109531066049844412e+02
3.107319414937225019e+02
3.116456237890772627e+02
3.095827863816090257e+02
3.104954809276303536e+02
3.117394035870472067e+02
3.101215992888546680e+02
3.145963936231782441e+02
3.112748313437377305e+02
3.135033749153047893e+02
3.123072473435423717e+02
3.124279280421523595e+02
3.107515542020298653e+02
3.146775227530926031e+02
3.097839447894612590e+02
3.094486747946670562e+02
3.093634972909720773e+02
3.102369811904034123e+02
3.122913914031684044e+02
3.111870656565174613e+02
3.127915939104236145e+02
3.101521789932110096e+02
3.107269402869141572e+02
3.084624001559353701e+02
3.091743716911240654e+02
3.093901888141906511e+02
3.112194711806139935e+02
3.080484036375193568e+02
3.093249025868706212e+02
3.098181383720069562e+02
3.102867168330157597e+02
3.102955579344827584e+02
3.103201870710815342e+02
3.037164580607988000e+02
3.014330948098706244e+02
3.042471711724562056e+02
3.050397151894562739e+02
3.034615389439336468e+02
3.075367396274807561e+02
3.065248913941445608e+02
3.049584008422787065e+02
3.047398554951160463e+02
3.044749014599710790e+02
3.049039580136861787e+02
3.040213202441018439e+02
3.043817063622740875e+02
3.041295612644311745e+02
3.058953227778005157e+02
3.044312095864320327e+02
3.042772069644246358e+02
3.002711154076669686e+02
3.008176587856821698e+02
2.980198702968352791e+02
3.000806182060635479e+02
2.969394610457603676e+02
2.974633614844257750e+02
2.965613637466140062e+02
2.935809399401225050e+02
2.967126471085754247e+02
2.996960182642791324e+02
2.991532608205641282e+02
3.016033503327651033e+02
2.979301800749548192e+02
2.942867550153891898e+02
2.931826312224550293e+02
2.915387728512472449e+02
2.913577673159331880e+02
2.930263593824506074e+02
2.934726154544291603e+02
2.936050274060731908e+02
2.990510663669489304e+02
3.040725613306859714e+02
3.042070773170269717e+02
3.013160952632580347e+02
2.963628897857199149e+02
2.924365677618974928e+02
2.979428852999376431e+02
2.962206802478962686e+02
2.962359464538379825e+02
2.915845070256709732e+02
2.900598564726251993e+02
2.906645194295482497e+02
2.926883224730134430e+02
2.914357927381373656e+02
2.925038702632480749e+02
2.917787642278884732e+02
2.958191234224617006e+02
2.963495389856454949e+02
2.989061343753977553e+02
3.012199646930303629e+02
3.019998541549151696e+02
2.962983890585201152e+02
2.926645390207280002e+02
2.952527835721595011e+02
2.981850039395063732e+02
2.953492809837767368e+02
2.911275577632143268e+02
2.925033155491310595e+02
2.926413762830784435e+02
2.924701757398854056e+02
2.967226488424035438e+02
2.987849243652271980e+02
2.977223095979600203e+02
2.978469288316277925e+02
2.938086281109345350e+02
2.967655585887725351e+02
2.882965684356047404e+02
2.878996512511063202e+02
2.916309146549793354e+02
2.898135822607736714e+02
2.932780546926442753e+02
2.928821314386750032e+02
2.955403691461980884e+02
2.952164964989200939e+02
2.974145169185817394e+02
3.004892751834739215e+02
2.989750925322649664e+02
3.028928917044337368e+02
2.971606494212178404e+02
2.931814599793023604e+02
2.925873383601323781e+02
2.930075524084844574e+02
2.894344711372384040e+02
2.915516793538283764e+02
2.859511353143544170e+02
2.886118532300678794e+02
2.869599645454021015e+02
2.931448628261252338e+02
2.937407047741033352e+02
2.963484498999497987e+02
2.950469859847929683e+02
2.911579181872128288e+02
2.930343568450787757e+02
2.964070471783805942e+02
2.954966717263363876e+02
2.962734649539877978e+02
2.885133354668643051e+02
2.875509264552903801e+02
2.816884340137901290e+02
2.768190040825542155e+02
2.787338343450231832e+02
2.790195854610737456e+02
2.770882264290381158e+02
2.789726202199908016e+02
2.801429968693714727e+02
2.800518715021426601e+02
2.829281946048277518e+02
2.787608982413830745e+02
2.774008296651367118e+02
2.767657212372121762e+02
2.749762107310928059e+02
2.767810699277294475e+02
2.782391991074383100e+02
2.808828808668955617e+02
2.821698770524075712e+02
2.764016065758387981e+02
2.763607814760116526e+02
2.737146175193590807e+02
2.720252555363896363e+02
2.679818411271213563e+02
2.713286887148663027e+02
2.683130917854701352e+02
2.648456272765831159e+02
2.591016814461677313e+02
2.598301285262812712e+02
2.610238302287813781e+02
2.607635922384092737e+02
2.616595682942775056e+02
2.603631946392846430e+02
2.661911462170139089e+02
2.689609878189149299e+02
2.673708675161199153e+02
2.708428571120910533e+02
2.698709918121866167e+02
2.731764144219192758e+02
2.700820865248382461e+02
2.632554393904965195e+02
2.598548324882636393e+02
2.626920083917508464e+02
2.610381435811442543e+02
