-2.465239365617115930e-01
7.393381006633228392e-01
3.656661000583428134e+00
6.679147284288024622e+00
8.215249623574607085e+00
1.085735485075732676e+01
1.438831439546614277e+01
1.971583236552921292e+01
2.613513562743381868e+01
3.617534324758434394e+01
4.575452269555835016e+01
5.613834203719468974e+01
6.800280180263619911e+01
7.887174733050781583e+01
9.029655883290293161e+01
9.963265941700990425e+01
1.088430221822994497e+02
1.161555765252507797e+02
1.196938456683781737e+02
1.211427887322617920e+02
1.262631209725494585e+02
1.307495521906237457e+02
1.316177441830227508e+02
1.305847999229306993e+02
1.295138200533800727e+02
1.325111341615277638e+02
1.373566515295376007e+02
1.408301973603013835e+02
1.440026582657307017e+02
1.453502338568231096e+02
1.426867556984318810e+02
1.429248756858628724e+02
1.405409734734348035e+02
1.453928261638300796e+02
1.432100476021524571e+02
1.447122484294456513e+02
1.431246604607268864e+02
1.421231724328427788e+02
1.450502050544241968e+02
1.472305499003304874e+02
1.492436786304732550e+02
1.518014256586207864e+02
1.557094469553192084e+02
1.534002436075769822e+02
1.567915755361752019e+02
1.577383339472974626e+02
1.563502660784669160e+02
1.553513701479006102e+02
1.529476461524625961e+02
1.528924384401337022e+02
1.538301112608293408e+02
1.554423751653198167e+02
1.571468952412523947e+02
1.569414403719293318e+02
1.554498743340074043e+02
1.594705623923050837e+02
1.613092141828092281e+02
1.632920425156169699e+02
1.659900737882436488e+02
1.676591036061536499e+02
1.677097194043694230e+02
1.668827092849315079e+02
1.677913217864578428e+02
1.707694575346980912e+02
1.708225526973313890e+02
1.747026924751423280e+02
1.731890046082733079e+02
1.749221230730541947e+02
1.756134105620256491e+02
1.784269775026333207e+02
1.788369402527823411e+02
1.821373303058152544e+02
1.831449071123021781e+02
1.826045786340528139e+02
1.834984201358213909e+02
1.829897493500592134e+02
1.842242814236360857e+02
1.847036569433112163e+02
1.850969583178066102e+02
1.853699812479419791e+02
1.851396588460989960e+02
1.858415659335804548e+02
1.851803985842927318e+02
1.849376205066527348e+02
1.843283292158190250e+02
1.830414296455409442e+02
1.808770511841444772e+02
1.805422917276558223e+02
1.787676375433612463e+02
1.765444587176647815e+02
1.775024452578756211e+02
1.770004140991966324e+02
1.780733725000418701e+02
1.792819629668486527e+02
1.819275738375337141e+02
1.830761478467954646e+02
1.844718337363867704e+02
1.846351689105371747e+02
1.867872487956933867e+02
1.868496671660349193e+02
1.867267333665620868e+02
1.862475874172505712e+02
1.876391558837266302e+02
1.863800457229384051e+02
1.882399035399432705e+02
1.883460748502909610e+02
1.874396355234740383e+02
1.864585476314631762e+02
1.875419246103418800e+02
1.890341947302996459e+02
1.894489803241170023e+02
1.901416201783988811e+02
1.920484026042200583e+02
1.943563278483371448e+02
1.958796442779256211e+02
2.014196538139589165e+02
2.048752564964749467e+02
2.075770324508669091e+02
2.100405936649701744e+02
2.119768773462405704e+02
2.133297461489729585e+02
2.123472978993221716e+02
2.127226385512792604e+02
2.170766816045945689e+02
2.172713270615829231e+02
2.192348917799764934e+02
2.165943099856690992e+02
2.147746853866250376e+02
2.170430057465110849e+02
2.203674481023485043e+02
2.248284883810352142e+02
2.253808427163719159e+02
2.237706089006274226e+02
2.260159139841041451e+02
2.228511298204724085e+02
2.242873647349886141e+02
2.294127900184198268e+02
2.288831548577497301e+02
2.279909868942379774e+02
2.294637627374994509e+02
2.251876926366080340e+02
2.249068498353282166e+02
2.265714172396567960e+02
2.312057566796286494e+02
2.326059282676238240e+02
2.321787199026379653e+02
2.319494032755508783e+02
2.335642773485029124e+02
2.336035523705797061e+02
2.382720266974684193e+02
2.419563201940368913e+02
2.414740465902256688e+02
2.472378181476294117e+02
2.486120254045543447e+02
2.524567127475850441e+02
2.567479925024661043e+02
2.591645885132833769e+02
2.630948860967963583e+02
2.663332219779086358e+02
2.669500198550504138e+02
2.727701642563910127e+02
2.723054192029468368e+02
2.767944595457197465e+02
2.789422774087686889e+02
2.828115763447702307e+02
2.860388851636801064e+02
2.933873775612557324e+02
2.981572106049389390e+02
3.047897202183052059e+02
3.113670532357264733e+02
3.125621899504514545e+02
3.136402632253526122e+02
3.209130242125079349e+02
3.213942382981844617e+02
3.227850110217365227e+02
3.254371791293571050e+02
3.264467211153048538e+02
3.389813429318825229e+02
3.415229593707228446e+02
3.461431305310952098e+02
3.508595050361442418e+02
3.532242132896090538e+02
3.621022207420756445e+02
3.680619285562754612e+02
3.724635332676327835e+02
3.760075697234231029e+02
3.859318927592856880e+02
3.879263994663620565e+02
3.923250488234409090e+02
3.967981608806442182e+02
3.950673103356181741e+02
3.979760683414765481e+02
3.966854317780548627e+02
3.964443388082061119e+02
3.986436092714956771e+02
3.932954960328351603e+02
3.938237193930617650e+02
3.936428578393988573e+02
3.992037933855471010e+02
3.941900352682586686e+02
3.939108769780816601e+02
4.017806353171040996e+02
4.011002871718083611e+02
4.056985543172557414e+02
4.091229184855212679e+02
4.133357718099078397e+02
4.146354158244971018e+02
4.201625041887267571e+02
4.253321351482396153e+02
4.317916980719760431e+02
4.343181408811266806e+02
4.375743306686826486e+02
4.357376318024656143e+02
4.303141935763609922e+02
4.345188510959529253e+02
4.318442565546198466e+02
4.458641981984128506e+02
4.458322952761828333e+02
4.492172124311549624e+02
4.384014615477788652e+02
4.491910648686464356e+02
4.507998376234256170e+02
4.516062821160070371e+02
4.544175323576134815e+02
4.555651453979662051e+02
4.622327326778267889e+02
4.667637336123972887e+02
4.750178591351491377e+02
4.900661421536221383e+02
4.971241905838386401e+02
4.953061830249095578e+02
4.922784156680214664e+02
4.983012946517624187e+02
4.945524226938957781e+02
4.971642101281402120e+02
4.961964567781175219e+02
4.920016617261874217e+02
4.993371408437175774e+02
5.000512613752653124e+02
5.072688010655750190e+02
5.141355987824265412e+02
5.146057914657577612e+02
5.268948231574814827e+02
5.360670944509026867e+02
5.481176135132145646e+02
5.504541499160218336e+02
5.592788450304390153e+02
5.817677855771925124e+02
5.992254511132272228e+02
6.160166218838977557e+02
6.191418587801351805e+02
6.192014750687771993e+02
6.385275983009520360e+02
6.567808241327068117e+02
6.709909377331937321e+02
6.781414016927899411e+02
6.879434509342186175e+02
7.085115864100265526e+02
7.128627055183279708e+02
7.182298255497381660e+02
7.387473928846616218e+02
7.412856301938886645e+02
7.614052944564317613e+02
7.654087227348493343e+02
7.703591542473451454e+02
7.741692780976169388e+02
7.970888751416143805e+02
7.933518970248653659e+02
8.048772216828064074e+02
8.233868808860464696e+02
8.377801599221393190e+02
8.464221833663215193e+02
8.527790400825325605e+02
8.538489382414418287e+02
8.686695936726506488e+02
8.803635898669923563e+02
8.944575028400383871e+02
8.876242268632988726e+02
9.036630932881956824e+02
9.049304537580798069e+02
9.068270830727840348e+02
9.181761215800252103e+02
9.151701395604790150e+02
9.244260943477535193e+02
9.140714553192088943e+02
9.277676252044819876e+02
9.322065731630895016e+02
9.232221431945727090e+02
9.181256764408338995e+02
9.214842929344730464e+02
9.303036706611873115e+02
9.311176921921328358e+02
9.396470405577566680e+02
9.253518060067085571e+02
9.273954219996714983e+02
9.185840779504350166e+02
8.957885159613456381e+02
8.803652246276474216e+02
8.858149082335426101e+02
8.671307057173044086e+02
8.634989255041197111e+02
8.654271178885193194e+02
8.660792884358786523e+02
8.643974533219213754e+02
8.667219727505596438e+02
8.789323299990629721e+02
8.842380789669497290e+02
9.010608969265864516e+02
8.886354316684926289e+02
9.060853767915983781e+02
9.207490501359258133e+02
9.250494198905322492e+02
9.169037627993850492e+02
9.445612972971440513e+02
9.563203862207036536e+02
9.544590604208083278e+02
9.740442684735468220e+02
9.641972199381144719e+02
9.810664095747686133e+02
9.866427496640239951e+02
9.926269485373145471e+02
1.017555786562623439e+03
1.038530103731116697e+03
1.067741037204998520e+03
1.069788383367410688e+03
1.081591947379494286e+03
1.071464767084595906e+03
1.074184598893589509e+03
1.097776860697875236e+03
1.082649600926305084e+03
1.099902492438428453e+03
1.115519537383820079e+03
1.142473323505470034e+03
1.151215496124308174e+03
1.156925381553721991e+03
1.154251809133676034e+03
1.168793206423026959e+03
1.175040925695190026e+03
1.181636389627538847e+03
1.198615290081495004e+03
1.208492571492261732e+03
1.206117287479617744e+03
1.214855220835496084e+03
1.225352821976429368e+03
1.229006346220989144e+03
1.246263367933225481e+03
1.247497785976233899e+03
1.260190057873357091e+03
1.274651521713538159e+03
1.283602710400033629e+03
1.299356995560319547e+03
1.315728793723945046e+03
1.313864515334804082e+03
1.325834085084379240e+03
1.331511190168826488e+03
1.347102798339851915e+03
1.336794473466678937e+03
1.324789739901222674e+03
1.324493404808313926e+03
1.326316678712700877e+03
1.348227897148977718e+03
1.339903410806520014e+03
1.355987967767508735e+03
1.379475200111705590e+03
1.382949707118018068e+03
1.391596686294634310e+03
1.395638837278132087e+03
1.398148032937667267e+03
1.404388098202703077e+03
1.405231146915895124e+03
1.419610275772610521e+03
1.428273111558829214e+03
1.425361909213938134e+03
1.399217221325144010e+03
1.419441176626854485e+03
1.428676251375718266e+03
1.422654952459816741e+03
1.421790348803821189e+03
1.413783927832347217e+03
1.418756209648153344e+03
1.421027186326116862e+03
1.426154616114072496e+03
1.405841090437952289e+03
1.411461360216006824e+03
1.400754906018045631e+03
1.381394970978175934e+03
1.381908903608074070e+03
1.370302204231329370e+03
1.349445713233043762e+03
1.361461786059563110e+03
1.337539341919282833e+03
1.317323699119147022e+03
1.311664421326603133e+03
1.309788488018240287e+03
1.314664185359887824e+03
1.323467207692720876e+03
1.330798814097330023e+03
1.341422480378388400e+03
1.336312235769440122e+03
1.321991565987052809e+03
1.346986385377272427e+03
1.342527281972220408e+03
1.325658538143053875e+03
1.297409735904546324e+03
1.306877492829072253e+03
1.301255982809445413e+03
1.303479477781331752e+03
1.313171266613547687e+03
1.311828097873213210e+03
1.323219610799999145e+03
1.336436253972596887e+03
1.333458062294374031e+03
1.355528844535693452e+03
1.366208461353291568e+03
1.370362409117441757e+03
1.372725765520021923e+03
1.379339668140664799e+03
1.402937825372578573e+03
1.400187117879469497e+03
1.392891152461750607e+03
1.402483199938288863e+03
1.421288252826131384e+03
1.432813996474635132e+03
1.455812137972399569e+03
1.458383053592996475e+03
1.479113730715195061e+03
1.466949421610927175e+03
1.481826333728379495e+03
1.493376814173900357e+03
1.496256852329503772e+03
1.500466571954162418e+03
1.495662634417867821e+03
1.494728923086467830e+03
1.479256245096893736e+03
1.475723795997038224e+03
1.473160872370275229e+03
1.494283990209685044e+03
1.495294248769098886e+03
1.493178420647965595e+03
1.500124724540687794e+03
1.497441833020774084e+03
1.510018753962203391e+03
1.514406797931645997e+03
1.531868391733527915e+03
1.531717233777180581e+03
1.549784913293605541e+03
1.551728282452671010e+03
1.553815107018171148e+03
1.557111778127971093e+03
1.546884695835425873e+03
1.534078848117697362e+03
1.544128813449440031e+03
1.525816481460086379e+03
1.532062782316548919e+03
1.491832737517875557e+03
1.486715054302542057e+03
1.505505794628781359e+03
1.489996754766095364e+03
1.478149282804696668e+03
1.480975096675224222e+03
1.482361475273000906e+03
1.493328202380229413e+03
1.497344828152615719e+03
1.484527303867357887e+03
1.509041534573209447e+03
1.507634110974651776e+03
1.511015855502624163e+03
1.535069291988772648e+03
1.548953435216913249e+03
1.546290481098099463e+03
1.560765350900038129e+03
1.572199329782803261e+03
1.569127096416097174e+03
1.573039306470190013e+03
1.555660832039480738e+03
1.537580578594358258e+03
1.547437624092540545e+03
1.542233339521240623e+03
1.556068189496623745e+03
1.570943041332912344e+03
1.589524710277525855e+03
1.591696539524744139e+03
1.568648770500094315e+03
1.574384277371097369e+03
1.576111602106787814e+03
1.575977654667847673e+03
1.570785078261975514e+03
1.540603888470604716e+03
1.548189661378807841e+03
1.570171241610015841e+03
1.558221135594654243e+03
1.569294254097926114e+03
1.573527255495627969e+03
1.578477864847233604e+03
1.598916503048610139e+03
1.564306959802853726e+03
1.576290301848616309e+03
1.586434965426940153e+03
1.576505986107835497e+03
1.556039278868745214e+03
1.547772857915064606e+03
1.520934757926691418e+03
1.490923260652093632e+03
1.493395773364666411e+03
1.495616725936000648e+03
1.465475544586183105e+03
1.473022127949663854e+03
1.481258936469963601e+03
1.463070989640383232e+03
1.455568103990653526e+03
1.461902634140248892e+03
1.469806747073324004e+03
1.474993813856200632e+03
1.465654268453537043e+03
1.460040598452114182e+03
1.432831331108654922e+03
1.421190865050505863e+03
1.406265775381136109e+03
1.426439277116834319e+03
1.440065749340925322e+03
1.417998705468917024e+03
1.423620667672393893e+03
1.417799820335110780e+03
1.433481816541882608e+03
1.416670192599165830e+03
1.424053216086472275e+03
1.396642641839644057e+03
1.373859475599916777e+03
1.390536626247974027e+03
1.389023469211258316e+03
1.402484637112514520e+03
1.423088389124808828e+03
1.416265908554336420e+03
1.417191256871377391e+03
1.431841311928019650e+03
1.415688445169589158e+03
1.425726068336501385e+03
1.454411264086996425e+03
1.468531103180489936e+03
1.480230259408665688e+03
1.466572985710309695e+03
1.473155128566497069e+03
1.467834853099444899e+03
1.466214087375485633e+03
1.469418364040695906e+03
1.499339641759046572e+03
1.499450987157180180e+03
1.500138255026425213e+03
1.487562213941116397e+03
1.483815654687565939e+03
1.497852936826704308e+03
1.496657024199940452e+03
1.503552147818387311e+03
1.512853779483856897e+03
1.525988595438051561e+03
1.546035044754364662e+03
1.493816201094166217e+03
1.502098355167267073e+03
1.502808384197189980e+03
1.516395616057422103e+03
1.523403459615106613e+03
1.515943806288459427e+03
1.519308058899751359e+03
1.534990976475436810e+03
1.544639680591454635e+03
1.556499549241376599e+03
1.540825373915484533e+03
1.526611094917933769e+03
1.526855978608308988e+03
1.540360681657209398e+03
1.555104039473945249e+03
1.555379359017559409e+03
1.533180501411365640e+03
1.560852436118532523e+03
1.562279555002756524e+03
1.548883499341427296e+03
1.546012388324428457e+03
1.549120606738333663e+03
1.563913884588098199e+03
1.551075908418173185e+03
1.550596869701013475e+03
1.540552980827837928e+03
1.540999932429633418e+03
1.530399726965863465e+03
1.500503701336420818e+03
1.513416448190383562e+03
1.516912057802184790e+03
1.508288881141663978e+03
1.510014744692520253e+03
1.513645188965402667e+03
1.514467332140423196e+03
1.535062681842376833e+03
1.524566681547825510e+03
1.542373337125339049e+03
1.552930067779928549e+03
1.550835724762283235e+03
1.553617783520940520e+03
1.539852980565719236e+03
1.536929875743486036e+03
1.545336419811811538e+03
1.526508460645960668e+03
1.530812478360080377e+03
1.541104606661962180e+03
1.554924613172935778e+03
1.561852590263443744e+03
1.509138082440866810e+03
1.509682146454596477e+03
1.472665114714279753e+03
1.466714866046386987e+03
1.464487479715225163e+03
1.478822824533350968e+03
1.497440769472374996e+03
1.485988586685393557e+03
1.461924280707037497e+03
1.450169951986023761e+03
1.455614320465620949e+03
1.470870502847707940e+03
1.428019277443586134e+03
1.449637049046341190e+03
1.464455975886241049e+03
1.477595999970410730e+03
1.473262866158229372e+03
1.483233164744564192e+03
1.469576919179615743e+03
1.466485107673635412e+03
1.463105829318199767e+03
1.450618370413474622e+03
1.456576915468751622e+03
1.407436087420743206e+03
1.405040876057273181e+03
1.401010520407435024e+03
1.413807343739554653e+03
1.434375050943944416e+03
1.419165415308816364e+03
1.418529261373894769e+03
1.383057642754464723e+03
1.387595226716668094e+03
1.397397102661990857e+03
1.397694297260102985e+03
1.422743150527421676e+03
1.433647377210284276e+03
1.429207519727013732e+03
1.457078754794902125e+03
1.480159358631693749e+03
1.483790039785685622e+03
1.444810395688298058e+03
1.427366871586175648e+03
1.443078730936344300e+03
1.459319003011044742e+03
1.485603520485759418e+03
1.495749635453448036e+03
1.497022052111420862e+03
1.496044714854160020e+03
1.520316913708229549e+03
1.539494869324068759e+03
1.556004412647032950e+03
1.555845205135231708e+03
1.516662188385590753e+03
1.526641124108994518e+03
1.524386114449496063e+03
1.541689579765144799e+03
1.520125300690187942e+03
1.525922971130421502e+03
1.517867408522273081e+03
1.518741156144662000e+03
1.563687788584441250e+03
1.569349183267962417e+03
1.572296438150391396e+03
1.569494484039209965e+03
1.582376125062706706e+03
1.583346793612222882e+03
1.592707091321664620e+03
1.571848340574832719e+03
1.608425565731002962e+03
1.617278486982165305e+03
1.629718988338588360e+03
1.630558374997424835e+03
1.624514784857297400e+03
1.628627670915081353e+03
1.620002897104830708e+03
1.620658532048452571e+03
1.590197600527061240e+03
1.605113124820860094e+03
1.619445850516076007e+03
1.622690315375930595e+03
1.606441025566850385e+03
1.606606114181207886e+03
1.606985165012413063e+03
1.612885305998965578e+03
1.609720720632974462e+03
1.627160131781342216e+03
1.627266934440337309e+03
1.627941177713899833e+03
1.648450018327748012e+03
1.648937415493983053e+03
1.647726837598866496e+03
1.653604699893271118e+03
1.657496564521202572e+03
1.649417353589932645e+03
1.665359214202538169e+03
1.680457913258035887e+03
1.671711009584822477e+03
1.689277573634623195e+03
1.703854384167640546e+03
1.704344180315301628e+03
1.685685908959261042e+03
1.679584726189092407e+03
1.684183163225712178e+03
1.695952581425542576e+03
1.707560931763654708e+03
1.708224304083784546e+03
1.708717927488501346e+03
1.709816028969507897e+03
1.716449072831397643e+03
1.719904589983429787e+03
1.703862074975198993e+03
1.703774586099825910e+03
1.703949106883143259e+03
1.673692035479757578e+03
1.691080069980986309e+03
1.691448760135165685e+03
1.691540170244386900e+03
1.699161072857947147e+03
1.697742921068904707e+03
1.711109334817737590e+03
1.722210294757234806e+03
1.716099709436411104e+03
1.713455622560821666e+03
1.698904914137236574e+03
1.708777233285471993e+03
1.698898434408911498e+03
1.697652992607218948e+03
1.668361196076314172e+03
1.664778150375581390e+03
1.641739293665315699e+03
1.643044744669551619e+03
1.650940394653250223e+03
1.665849516801969230e+03
1.673826512388234505e+03
1.673859607109846365e+03
1.663688338825008486e+03
1.682964557375003324e+03
1.703111521400689981e+03
1.687872052571987069e+03
1.664436716178814322e+03
1.687135239985090493e+03
1.702249719176893677e+03
1.702140951640429194e+03
1.687188116804344418e+03
1.694127416717685946e+03
1.692556405106348620e+03
1.692839824280723633e+03
1.706052523385722225e+03
1.706416613055102971e+03
1.710313337283032297e+03
1.693492090369708876e+03
1.654905993627485259e+03
1.652660393622501260e+03
1.662753069594848512e+03
1.683623527711415363e+03
1.679411661189602228e+03
1.694287988759074551e+03
1.702301226005764875e+03
1.692695916834406944e+03
1.699926912324436216e+03
1.688980670062171612e+03
1.679661626429481885e+03
1.685747759456245603e+03
1.695469333099699952e+03
1.658268741064392771e+03
1.669049476320020403e+03
1.650406575565498997e+03
1.667706503741190772e+03
1.673117945578340368e+03
1.689212093567149168e+03
1.707675213439250911e+03
1.721169807093640657e+03
1.712635335886159737e+03
1.713275273509468889e+03
1.703431430030431557e+03
1.680360480094993591e+03
1.666746440167634091e+03
1.665936667139868405e+03
1.666872524154868643e+03
1.679840407407184557e+03
1.692610544232101347e+03
1.672049677528620578e+03
1.662809291300214227e+03
1.664150284384259521e+03
1.629651636562519798e+03
1.629518250973519116e+03
1.623958344609119877e+03
1.617044920242175522e+03
1.605005870166005934e+03
1.621732644017230768e+03
1.650171659723341008e+03
1.666323741412025356e+03
1.671508677536982532e+03
1.671282139767545459e+03
1.646194794548145410e+03
1.633098648104151152e+03
1.632567918693237971e+03
1.636329412357275714e+03
1.639525559305285014e+03
1.633087872188025813e+03
1.634115364283228928e+03
1.599016188496027553e+03
1.614857024126378292e+03
1.608204675694928255e+03
1.608776728416418109e+03
1.610323848056614224e+03
1.594142086761979726e+03
1.589810643857022797e+03
1.570444743670987691e+03
1.567782170690931480e+03
1.563533849070229053e+03
1.555825273632171957e+03
1.551568891524834953e+03
1.567458381712974415e+03
1.576648973658389650e+03
1.574665108959873805e+03
1.575649001409986568e+03
1.576573217572932663e+03
1.576535713809017579e+03
1.581146779460247444e+03
1.592019077987372839e+03
1.607272800310714729e+03
1.615370169744423947e+03
1.643299204719650334e+03
1.642944717844821298e+03
1.631098224195368175e+03
1.642808412757108272e+03
1.653579661429238286e+03
1.660877612741162920e+03
1.663889954903395619e+03
1.660235331258195856e+03
1.637513677788386076e+03
1.612457693888613449e+03
1.617110576851559472e+03
1.606724077196623512e+03
1.620593842661074405e+03
1.606091787089344052e+03
1.616688877971829470e+03
1.598720386867912111e+03
1.614825265327904390e+03
1.645614665365066003e+03
1.655503586289797340e+03
1.654010076751337238e+03
1.673861408053571722e+03
1.647713985504652328e+03
1.660172079155269103e+03
1.674027229726043061e+03
1.671569307979561927e+03
1.676403209771797492e+03
1.667188747525481176e+03
1.668970726271477361e+03
1.685967373131241402e+03
1.698427185516708050e+03
1.685058347063564270e+03
1.688318806565550858e+03
1.690907598022232378e+03
1.681529511543836634e+03
1.662275700807332669e+03
1.671265413066490737e+03
1.676920251643266511e+03
1.656009081416376375e+03
1.657293175234769933e+03
1.639006678927782559e+03
1.629742973359789175e+03
1.633095109970627163e+03
1.620002614117313442e+03
1.616447173953957872e+03
1.601944112142306494e+03
1.604904315552950493e+03
1.627581161985703829e+03
1.619176547027685501e+03
1.624362345863306473e+03
1.642458451260539505e+03
1.633215159191782277e+03
1.631847203189779748e+03
1.634395484889324507e+03
1.641638557925906298e+03
1.655129666662036698e+03
1.633631802530763025e+03
1.633591335310012710e+03
1.619218000507679335e+03
1.639392466903634840e+03
1.644442812030373261e+03
1.657289038035351950e+03
1.655954839061624853e+03
1.629519051037983445e+03
1.636519007963371450e+03
1.646025616052307669e+03
1.665005881142814133e+03
1.666810177293570860e+03
1.648643293340639730e+03
1.650040247550544109e+03
1.650741527231720056e+03
1.643992758581175622e+03
1.643841956354654940e+03
1.652691625050033053e+03
1.680788537408704087e+03
1.678521333323410090e+03
1.662322954965321514e+03
1.662695832697655078e+03
1.658016599473731958e+03
1.663529318937793732e+03
1.677316047450712858e+03
1.681527823036833979e+03
1.679782165568046139e+03
1.658070220735818111e+03
1.669671026660527332e+03
1.673952928540147923e+03
1.684086535750263693e+03
1.671491055527766548e+03
1.684115463046932973e+03
1.669563913728449279e+03
1.663514116981037660e+03
1.658266488617799951e+03
1.659211951266310734e+03
1.652042489432046978e+03
1.650883623368615872e+03
1.648788429316550946e+03
1.643108297490154882e+03
1.630645705299418296e+03
1.592451589279404061e+03
1.603314674372482159e+03
1.612431913998879963e+03
1.620163380568508501e+03
1.639007937404167023e+03
1.639339217418982571e+03
1.625087013241213754e+03
1.613048929279445701e+03
1.616148345244451775e+03
1.630344490238500384e+03
1.623321312569226393e+03
1.631449975821018143e+03
1.652130309189376021e+03
1.668106418067037566e+03
1.645967815523796389e+03
1.624086613071291367e+03
1.631056268845944714e+03
1.605344565916070906e+03
1.615527845604566892e+03
1.614637828190333494e+03
1.549797934346341890e+03
1.544997585975451557e+03
1.545124087130971247e+03
1.532804174698766701e+03
1.529083958457147901e+03
1.536647554943335308e+03
1.513634060493442121e+03
1.529010257834364893e+03
1.537131803739953966e+03
1.540183571913597689e+03
1.545184593791560019e+03
1.545928591399854895e+03
1.563345033528984914e+03
1.563132408184829501e+03
1.580870724699924722e+03
1.590764720692052606e+03
1.574831568894267321e+03
1.593780959811209414e+03
1.619111721630212060e+03
1.593566059344173482e+03
1.593046755128414134e+03
1.590079880278870178e+03
1.560499352875468276e+03
1.573915861112589255e+03
1.573138440636083033e+03
1.541220048243053270e+03
1.518404163631806114e+03
1.505803791428613295e+03
1.506484479029429167e+03
1.490223824703825585e+03
1.500197396180915348e+03
1.506085488533116404e+03
1.506225725064608241e+03
