2.030000000000000000e+03
4.094000000000000000e+03
6.142000000000000000e+03
8.104000000000000000e+03
1.023000000000000000e+04
1.226900000000000000e+04
1.428600000000000000e+04
1.623300000000000000e+04
1.836800000000000000e+04
2.025800000000000000e+04
2.246300000000000000e+04
2.444300000000000000e+04
2.651300000000000000e+04
2.859300000000000000e+04
3.067700000000000000e+04
3.255000000000000000e+04
3.454400000000000000e+04
3.675200000000000000e+04
3.887800000000000000e+04
4.092200000000000000e+04
4.294000000000000000e+04
4.488900000000000000e+04
4.663800000000000000e+04
4.899800000000000000e+04
5.104500000000000000e+04
5.319600000000000000e+04
5.514900000000000000e+04
5.723200000000000000e+04
5.925000000000000000e+04
6.119500000000000000e+04
6.344800000000000000e+04
6.546200000000000000e+04
6.751000000000000000e+04
6.958300000000000000e+04
7.152700000000000000e+04
7.337900000000000000e+04
7.576600000000000000e+04
7.775100000000000000e+04
7.979400000000000000e+04
8.188500000000000000e+04
8.394000000000000000e+04
8.597600000000000000e+04
8.791800000000000000e+04
9.002600000000000000e+04
9.205800000000000000e+04
9.416100000000000000e+04
9.625400000000000000e+04
9.819400000000000000e+04
1.002670000000000000e+05
1.022130000000000000e+05
1.042850000000000000e+05
1.064060000000000000e+05
1.084980000000000000e+05
1.104830000000000000e+05
1.126230000000000000e+05
1.145040000000000000e+05
1.167140000000000000e+05
1.187430000000000000e+05
1.207540000000000000e+05
1.227050000000000000e+05
1.248640000000000000e+05
1.268700000000000000e+05
1.289540000000000000e+05
1.310470000000000000e+05
1.330140000000000000e+05
1.350080000000000000e+05
1.372090000000000000e+05
1.391470000000000000e+05
1.412630000000000000e+05
1.432640000000000000e+05
1.452750000000000000e+05
1.473160000000000000e+05
1.494630000000000000e+05
1.514870000000000000e+05
1.535350000000000000e+05
1.554490000000000000e+05
1.576340000000000000e+05
1.595800000000000000e+05
1.617080000000000000e+05
1.637040000000000000e+05
1.658200000000000000e+05
1.679250000000000000e+05
1.698930000000000000e+05
1.720070000000000000e+05
1.740350000000000000e+05
1.760550000000000000e+05
1.781500000000000000e+05
1.801210000000000000e+05
1.821020000000000000e+05
1.842980000000000000e+05
1.862640000000000000e+05
1.884010000000000000e+05
1.902760000000000000e+05
1.924580000000000000e+05
1.944120000000000000e+05
1.965570000000000000e+05
1.986450000000000000e+05
2.005570000000000000e+05
2.026830000000000000e+05
2.046840000000000000e+05
2.067570000000000000e+05
2.088010000000000000e+05
2.108720000000000000e+05
2.129850000000000000e+05
2.150290000000000000e+05
2.169950000000000000e+05
2.190680000000000000e+05
2.210090000000000000e+05
2.231740000000000000e+05
2.252140000000000000e+05
2.271840000000000000e+05
2.293240000000000000e+05
2.312720000000000000e+05
2.332770000000000000e+05
2.354200000000000000e+05
2.374190000000000000e+05
2.394860000000000000e+05
2.415180000000000000e+05
2.435460000000000000e+05
2.456150000000000000e+05
2.477270000000000000e+05
2.498460000000000000e+05
2.517760000000000000e+05
2.537690000000000000e+05
2.558770000000000000e+05
2.579960000000000000e+05
2.598830000000000000e+05
2.619290000000000000e+05
2.641580000000000000e+05
2.661530000000000000e+05
2.680710000000000000e+05
2.702240000000000000e+05
2.722640000000000000e+05
2.743470000000000000e+05
2.763250000000000000e+05
2.782120000000000000e+05
2.805550000000000000e+05
2.824630000000000000e+05
2.846300000000000000e+05
2.865720000000000000e+05
2.887630000000000000e+05
2.907880000000000000e+05
2.927430000000000000e+05
2.948320000000000000e+05
2.969110000000000000e+05
2.988340000000000000e+05
3.010380000000000000e+05
3.029850000000000000e+05
3.050980000000000000e+05
3.071190000000000000e+05
3.092440000000000000e+05
3.111210000000000000e+05
3.131290000000000000e+05
3.153690000000000000e+05
3.172450000000000000e+05
3.192230000000000000e+05
3.214240000000000000e+05
3.235570000000000000e+05
3.255960000000000000e+05
3.276740000000000000e+05
3.297220000000000000e+05
3.317310000000000000e+05
3.336070000000000000e+05
3.358520000000000000e+05
3.378480000000000000e+05
3.398040000000000000e+05
3.419630000000000000e+05
3.439040000000000000e+05
3.459290000000000000e+05
3.481570000000000000e+05
3.501430000000000000e+05
3.520390000000000000e+05
3.542810000000000000e+05
3.561200000000000000e+05
3.581140000000000000e+05
3.604340000000000000e+05
3.624660000000000000e+05
3.643620000000000000e+05
3.665290000000000000e+05
3.685490000000000000e+05
3.705850000000000000e+05
3.725700000000000000e+05
3.745700000000000000e+05
3.767270000000000000e+05
3.787080000000000000e+05
3.807480000000000000e+05
3.829670000000000000e+05
3.850130000000000000e+05
3.869910000000000000e+05
3.888280000000000000e+05
3.910760000000000000e+05
3.930370000000000000e+05
3.952420000000000000e+05
3.970640000000000000e+05
3.991960000000000000e+05
4.011800000000000000e+05
4.032160000000000000e+05
4.052930000000000000e+05
4.073810000000000000e+05
4.094990000000000000e+05
4.114260000000000000e+05
4.134890000000000000e+05
4.155600000000000000e+05
4.176190000000000000e+05
4.196100000000000000e+05
4.218760000000000000e+05
4.237820000000000000e+05
4.258060000000000000e+05
4.279670000000000000e+05
4.300780000000000000e+05
4.320570000000000000e+05
4.339650000000000000e+05
4.361340000000000000e+05
4.380310000000000000e+05
4.402760000000000000e+05
4.423640000000000000e+05
4.441600000000000000e+05
4.464130000000000000e+05
4.483860000000000000e+05
4.502420000000000000e+05
4.525240000000000000e+05
4.545240000000000000e+05
4.566090000000000000e+05
4.586600000000000000e+05
4.607860000000000000e+05
4.627340000000000000e+05
4.646270000000000000e+05
4.667960000000000000e+05
4.689900000000000000e+05
4.709420000000000000e+05
4.727950000000000000e+05
4.750610000000000000e+05
4.771840000000000000e+05
4.789870000000000000e+05
4.810750000000000000e+05
4.832820000000000000e+05
4.851110000000000000e+05
4.873190000000000000e+05
4.893750000000000000e+05
4.913940000000000000e+05
4.934930000000000000e+05
4.955200000000000000e+05
4.974940000000000000e+05
4.994850000000000000e+05
5.016800000000000000e+05
5.037510000000000000e+05
5.057570000000000000e+05
5.077930000000000000e+05
5.099200000000000000e+05
5.117160000000000000e+05
5.138700000000000000e+05
5.158870000000000000e+05
5.179810000000000000e+05
5.200710000000000000e+05
5.219240000000000000e+05
5.241130000000000000e+05
5.262540000000000000e+05
5.282510000000000000e+05
5.303560000000000000e+05
5.322600000000000000e+05
5.344740000000000000e+05
5.364540000000000000e+05
5.385930000000000000e+05
5.405960000000000000e+05
5.424310000000000000e+05
5.447270000000000000e+05
5.466950000000000000e+05
5.487000000000000000e+05
5.507310000000000000e+05
5.527970000000000000e+05
5.549360000000000000e+05
5.567640000000000000e+05
5.590120000000000000e+05
5.609840000000000000e+05
5.629870000000000000e+05
5.650000000000000000e+05
5.672710000000000000e+05
5.691030000000000000e+05
5.713670000000000000e+05
5.733430000000000000e+05
5.753590000000000000e+05
5.771010000000000000e+05
5.793570000000000000e+05
5.815170000000000000e+05
5.836600000000000000e+05
5.857230000000000000e+05
5.874080000000000000e+05
5.896490000000000000e+05
5.917460000000000000e+05
5.935570000000000000e+05
5.957130000000000000e+05
5.977090000000000000e+05
5.998710000000000000e+05
6.018640000000000000e+05
6.040990000000000000e+05
6.058170000000000000e+05
6.080800000000000000e+05
6.102410000000000000e+05
6.121440000000000000e+05
6.135540000000000000e+05
6.162270000000000000e+05
6.184200000000000000e+05
6.204670000000000000e+05
6.222870000000000000e+05
6.245290000000000000e+05
6.265930000000000000e+05
6.286620000000000000e+05
6.305240000000000000e+05
6.328000000000000000e+05
6.348170000000000000e+05
6.366370000000000000e+05
6.388640000000000000e+05
6.407250000000000000e+05
6.426910000000000000e+05
6.449600000000000000e+05
6.469850000000000000e+05
6.491980000000000000e+05
6.509660000000000000e+05
6.530770000000000000e+05
6.553530000000000000e+05
6.572690000000000000e+05
6.593240000000000000e+05
6.612100000000000000e+05
6.632930000000000000e+05
6.655580000000000000e+05
6.672620000000000000e+05
6.694720000000000000e+05
6.717220000000000000e+05
6.737680000000000000e+05
6.756400000000000000e+05
6.776460000000000000e+05
6.796910000000000000e+05
6.817500000000000000e+05
6.839160000000000000e+05
6.859420000000000000e+05
6.880290000000000000e+05
6.899700000000000000e+05
6.920900000000000000e+05
6.939800000000000000e+05
6.963060000000000000e+05
6.977910000000000000e+05
7.003870000000000000e+05
7.021080000000000000e+05
7.041850000000000000e+05
7.063160000000000000e+05
7.083030000000000000e+05
7.103520000000000000e+05
7.122770000000000000e+05
7.145050000000000000e+05
7.165120000000000000e+05
7.186140000000000000e+05
7.208100000000000000e+05
7.226740000000000000e+05
7.249830000000000000e+05
7.268540000000000000e+05
7.287640000000000000e+05
7.309730000000000000e+05
7.327400000000000000e+05
7.349760000000000000e+05
7.371220000000000000e+05
7.392290000000000000e+05
7.406580000000000000e+05
7.434190000000000000e+05
7.452400000000000000e+05
7.473520000000000000e+05
7.495500000000000000e+05
7.515200000000000000e+05
7.534250000000000000e+05
7.555170000000000000e+05
7.576580000000000000e+05
7.593750000000000000e+05
7.616130000000000000e+05
7.638360000000000000e+05
7.658650000000000000e+05
7.679690000000000000e+05
7.698160000000000000e+05
7.720160000000000000e+05
7.734570000000000000e+05
7.758390000000000000e+05
7.781340000000000000e+05
7.800120000000000000e+05
7.820980000000000000e+05
7.842820000000000000e+05
7.863420000000000000e+05
7.879970000000000000e+05
7.901060000000000000e+05
7.923290000000000000e+05
7.943760000000000000e+05
7.964670000000000000e+05
7.985910000000000000e+05
8.005160000000000000e+05
8.027840000000000000e+05
8.046930000000000000e+05
8.064560000000000000e+05
8.083990000000000000e+05
8.109490000000000000e+05
8.126960000000000000e+05
8.150970000000000000e+05
8.167550000000000000e+05
8.188050000000000000e+05
8.209540000000000000e+05
8.230300000000000000e+05
8.250850000000000000e+05
8.268140000000000000e+05
8.292470000000000000e+05
8.311290000000000000e+05
8.331320000000000000e+05
8.354140000000000000e+05
8.372460000000000000e+05
8.396710000000000000e+05
8.413420000000000000e+05
8.436070000000000000e+05
8.457560000000000000e+05
8.476980000000000000e+05
8.495370000000000000e+05
8.516690000000000000e+05
8.540010000000000000e+05
8.559740000000000000e+05
8.578560000000000000e+05
8.600230000000000000e+05
8.619770000000000000e+05
8.636380000000000000e+05
8.659260000000000000e+05
8.679400000000000000e+05
8.703830000000000000e+05
8.723060000000000000e+05
8.737040000000000000e+05
8.761190000000000000e+05
8.781680000000000000e+05
8.805810000000000000e+05
8.824960000000000000e+05
8.846390000000000000e+05
8.865290000000000000e+05
8.886250000000000000e+05
8.908000000000000000e+05
8.927110000000000000e+05
8.948980000000000000e+05
8.967410000000000000e+05
8.986800000000000000e+05
9.008440000000000000e+05
9.028730000000000000e+05
9.051580000000000000e+05
9.069880000000000000e+05
9.087140000000000000e+05
9.112830000000000000e+05
9.130340000000000000e+05
9.152960000000000000e+05
9.172640000000000000e+05
9.194580000000000000e+05
9.215690000000000000e+05
9.232920000000000000e+05
9.256170000000000000e+05
9.276620000000000000e+05
9.297040000000000000e+05
9.317340000000000000e+05
9.331830000000000000e+05
9.357950000000000000e+05
9.379060000000000000e+05
9.397300000000000000e+05
9.418780000000000000e+05
9.436850000000000000e+05
9.460870000000000000e+05
9.478440000000000000e+05
9.501780000000000000e+05
9.520800000000000000e+05
9.540440000000000000e+05
9.557550000000000000e+05
9.577050000000000000e+05
9.603800000000000000e+05
9.623400000000000000e+05
9.642230000000000000e+05
9.662450000000000000e+05
9.685070000000000000e+05
9.705040000000000000e+05
9.727330000000000000e+05
9.748280000000000000e+05
9.761580000000000000e+05
9.786960000000000000e+05
9.806540000000000000e+05
9.830000000000000000e+05
9.849550000000000000e+05
9.869830000000000000e+05
9.889800000000000000e+05
9.910170000000000000e+05
9.932650000000000000e+05
9.952210000000000000e+05
9.969560000000000000e+05
9.986650000000000000e+05
1.001200000000000000e+06
1.002912000000000000e+06
1.004758000000000000e+06
1.006694000000000000e+06
1.009276000000000000e+06
1.011533000000000000e+06
1.013533000000000000e+06
1.015140000000000000e+06
1.017696000000000000e+06
1.019454000000000000e+06
1.021292000000000000e+06
1.023140000000000000e+06
1.025319000000000000e+06
1.027693000000000000e+06
1.030106000000000000e+06
1.032106000000000000e+06
1.033731000000000000e+06
1.036285000000000000e+06
1.038256000000000000e+06
1.039779000000000000e+06
1.042254000000000000e+06
1.044448000000000000e+06
1.046450000000000000e+06
1.047788000000000000e+06
1.050404000000000000e+06
1.052221000000000000e+06
1.054221000000000000e+06
1.055863000000000000e+06
1.058177000000000000e+06
1.060577000000000000e+06
1.062167000000000000e+06
1.064880000000000000e+06
1.066567000000000000e+06
1.068233000000000000e+06
1.071030000000000000e+06
1.072678000000000000e+06
1.074337000000000000e+06
1.076641000000000000e+06
1.078864000000000000e+06
1.081268000000000000e+06
1.083373000000000000e+06
1.085091000000000000e+06
1.087041000000000000e+06
1.088778000000000000e+06
1.091546000000000000e+06
1.093632000000000000e+06
1.095596000000000000e+06
1.097316000000000000e+06
1.099750000000000000e+06
1.100972000000000000e+06
1.103795000000000000e+06
1.105858000000000000e+06
1.107587000000000000e+06
1.109737000000000000e+06
1.111462000000000000e+06
1.113625000000000000e+06
1.116047000000000000e+06
1.118163000000000000e+06
1.120154000000000000e+06
1.121775000000000000e+06
1.124209000000000000e+06
1.125507000000000000e+06
1.127476000000000000e+06
1.130016000000000000e+06
1.132536000000000000e+06
1.134243000000000000e+06
1.136386000000000000e+06
1.138386000000000000e+06
1.140670000000000000e+06
1.142394000000000000e+06
1.144743000000000000e+06
1.146526000000000000e+06
1.148526000000000000e+06
1.150260000000000000e+06
1.152465000000000000e+06
1.154606000000000000e+06
1.156451000000000000e+06
1.158582000000000000e+06
1.160955000000000000e+06
1.163077000000000000e+06
1.164437000000000000e+06
1.167096000000000000e+06
1.169265000000000000e+06
1.171168000000000000e+06
1.172600000000000000e+06
1.174600000000000000e+06
1.177600000000000000e+06
1.179330000000000000e+06
1.181434000000000000e+06
1.183690000000000000e+06
1.185113000000000000e+06
1.187532000000000000e+06
1.189792000000000000e+06
1.191792000000000000e+06
1.193907000000000000e+06
1.195253000000000000e+06
1.197756000000000000e+06
1.199949000000000000e+06
1.201949000000000000e+06
1.204206000000000000e+06
1.206253000000000000e+06
1.208171000000000000e+06
1.210171000000000000e+06
1.212171000000000000e+06
1.214341000000000000e+06
1.216254000000000000e+06
1.217611000000000000e+06
1.220052000000000000e+06
1.222641000000000000e+06
1.224547000000000000e+06
1.225943000000000000e+06
1.228286000000000000e+06
1.230587000000000000e+06
1.232765000000000000e+06
1.234682000000000000e+06
1.236969000000000000e+06
1.238618000000000000e+06
1.240464000000000000e+06
1.242865000000000000e+06
1.244402000000000000e+06
1.246323000000000000e+06
1.249270000000000000e+06
1.251297000000000000e+06
1.253292000000000000e+06
1.255286000000000000e+06
1.256987000000000000e+06
1.259320000000000000e+06
1.261268000000000000e+06
1.263108000000000000e+06
1.265108000000000000e+06
1.267412000000000000e+06
1.269233000000000000e+06
1.271442000000000000e+06
1.273823000000000000e+06
1.275282000000000000e+06
1.277674000000000000e+06
1.279974000000000000e+06
1.281995000000000000e+06
1.283811000000000000e+06
1.285495000000000000e+06
1.288172000000000000e+06
1.289894000000000000e+06
1.292248000000000000e+06
1.293804000000000000e+06
1.295700000000000000e+06
1.298302000000000000e+06
1.300235000000000000e+06
1.302462000000000000e+06
1.304462000000000000e+06
1.306402000000000000e+06
1.308402000000000000e+06
1.309980000000000000e+06
1.312100000000000000e+06
1.314135000000000000e+06
1.316314000000000000e+06
1.318650000000000000e+06
1.320785000000000000e+06
1.322785000000000000e+06
1.324676000000000000e+06
1.326869000000000000e+06
1.329125000000000000e+06
1.330549000000000000e+06
1.332981000000000000e+06
1.334946000000000000e+06
1.337087000000000000e+06
1.339268000000000000e+06
1.341266000000000000e+06
1.342549000000000000e+06
1.345348000000000000e+06
1.347348000000000000e+06
1.349348000000000000e+06
1.351348000000000000e+06
1.353179000000000000e+06
1.355167000000000000e+06
1.357778000000000000e+06
1.359368000000000000e+06
1.361032000000000000e+06
1.363738000000000000e+06
1.365790000000000000e+06
1.367181000000000000e+06
1.369408000000000000e+06
1.371597000000000000e+06
1.373253000000000000e+06
1.375844000000000000e+06
1.377420000000000000e+06
1.379961000000000000e+06
1.381765000000000000e+06
1.383765000000000000e+06
1.386311000000000000e+06
1.388213000000000000e+06
1.390213000000000000e+06
1.392051000000000000e+06
1.394196000000000000e+06
1.396529000000000000e+06
1.397881000000000000e+06
1.400391000000000000e+06
1.402391000000000000e+06
1.404516000000000000e+06
1.406414000000000000e+06
1.408598000000000000e+06
1.410939000000000000e+06
1.412857000000000000e+06
1.414550000000000000e+06
1.416737000000000000e+06
1.418737000000000000e+06
1.420897000000000000e+06
1.422977000000000000e+06
1.425191000000000000e+06
1.427311000000000000e+06
1.429300000000000000e+06
1.430607000000000000e+06
1.432607000000000000e+06
1.435169000000000000e+06
1.436899000000000000e+06
1.439603000000000000e+06
1.441473000000000000e+06
1.443708000000000000e+06
1.445466000000000000e+06
1.447192000000000000e+06
1.449598000000000000e+06
1.451886000000000000e+06
1.453398000000000000e+06
1.455781000000000000e+06
1.457943000000000000e+06
1.460104000000000000e+06
1.461883000000000000e+06
1.464180000000000000e+06
1.465432000000000000e+06
1.467500000000000000e+06
1.470301000000000000e+06
1.472479000000000000e+06
1.474479000000000000e+06
1.476128000000000000e+06
1.478128000000000000e+06
1.480128000000000000e+06
1.482517000000000000e+06
1.484773000000000000e+06
1.486753000000000000e+06
1.488509000000000000e+06
1.490850000000000000e+06
1.492435000000000000e+06
1.494947000000000000e+06
1.497076000000000000e+06
1.499076000000000000e+06
1.500959000000000000e+06
1.502669000000000000e+06
1.504369000000000000e+06
1.507004000000000000e+06
1.508598000000000000e+06
1.511237000000000000e+06
1.513106000000000000e+06
1.515106000000000000e+06
1.517132000000000000e+06
1.519426000000000000e+06
1.521426000000000000e+06
1.523028000000000000e+06
1.525695000000000000e+06
1.527543000000000000e+06
1.528931000000000000e+06
1.531630000000000000e+06
1.533916000000000000e+06
1.535516000000000000e+06
1.537516000000000000e+06
1.539241000000000000e+06
1.541895000000000000e+06
1.543895000000000000e+06
1.545734000000000000e+06
1.548261000000000000e+06
1.550191000000000000e+06
1.552191000000000000e+06
1.554330000000000000e+06
1.556330000000000000e+06
1.557966000000000000e+06
1.560430000000000000e+06
1.561896000000000000e+06
1.564616000000000000e+06
1.566000000000000000e+06
1.568157000000000000e+06
1.570612000000000000e+06
1.572256000000000000e+06
1.574052000000000000e+06
1.576771000000000000e+06
1.578528000000000000e+06
1.580888000000000000e+06
1.582436000000000000e+06
1.584796000000000000e+06
1.586516000000000000e+06
1.589207000000000000e+06
1.591265000000000000e+06
1.593333000000000000e+06
1.594951000000000000e+06
1.597413000000000000e+06
1.599342000000000000e+06
1.600969000000000000e+06
1.603162000000000000e+06
1.605343000000000000e+06
1.607488000000000000e+06
1.609492000000000000e+06
1.611661000000000000e+06
1.613664000000000000e+06
1.615117000000000000e+06
1.617698000000000000e+06
1.619684000000000000e+06
1.621468000000000000e+06
1.623436000000000000e+06
1.625583000000000000e+06
1.627287000000000000e+06
1.629675000000000000e+06
1.632243000000000000e+06
1.633880000000000000e+06
1.636244000000000000e+06
1.638299000000000000e+06
1.640211000000000000e+06
1.642145000000000000e+06
1.643679000000000000e+06
1.646266000000000000e+06
1.648525000000000000e+06
1.650686000000000000e+06
1.651888000000000000e+06
1.654070000000000000e+06
1.656438000000000000e+06
1.658560000000000000e+06
1.660911000000000000e+06
1.662741000000000000e+06
1.664852000000000000e+06
1.666103000000000000e+06
1.668982000000000000e+06
1.670982000000000000e+06
1.672978000000000000e+06
1.674768000000000000e+06
1.677306000000000000e+06
1.679306000000000000e+06
1.681306000000000000e+06
1.683428000000000000e+06
1.685428000000000000e+06
1.687275000000000000e+06
1.689255000000000000e+06
1.691152000000000000e+06
1.693542000000000000e+06
1.695594000000000000e+06
1.697667000000000000e+06
1.699649000000000000e+06
1.701172000000000000e+06
1.703725000000000000e+06
1.705326000000000000e+06
1.707096000000000000e+06
1.709820000000000000e+06
1.711820000000000000e+06
1.713793000000000000e+06
1.715918000000000000e+06
1.717861000000000000e+06
1.719564000000000000e+06
1.721471000000000000e+06
1.723703000000000000e+06
1.726349000000000000e+06
1.727606000000000000e+06
1.729745000000000000e+06
1.732285000000000000e+06
1.734069000000000000e+06
1.735777000000000000e+06
1.737777000000000000e+06
1.740568000000000000e+06
1.742503000000000000e+06
1.744786000000000000e+06
1.746616000000000000e+06
1.748616000000000000e+06
1.750986000000000000e+06
1.752518000000000000e+06
1.754606000000000000e+06
1.756813000000000000e+06
1.758848000000000000e+06
1.760906000000000000e+06
1.763069000000000000e+06
1.765069000000000000e+06
1.767372000000000000e+06
1.768735000000000000e+06
1.770849000000000000e+06
1.773497000000000000e+06
1.775497000000000000e+06
1.777636000000000000e+06
1.779288000000000000e+06
1.781272000000000000e+06
1.782892000000000000e+06
1.785333000000000000e+06
1.786945000000000000e+06
1.789668000000000000e+06
1.791995000000000000e+06
1.793326000000000000e+06
1.795974000000000000e+06
1.797345000000000000e+06
1.799449000000000000e+06
1.801449000000000000e+06
1.803919000000000000e+06
1.805438000000000000e+06
1.808163000000000000e+06
1.810163000000000000e+06
1.812160000000000000e+06
1.814382000000000000e+06
1.816382000000000000e+06
1.818074000000000000e+06
1.820649000000000000e+06
1.822649000000000000e+06
1.824353000000000000e+06
1.826705000000000000e+06
1.828658000000000000e+06
1.830658000000000000e+06
1.832658000000000000e+06
1.834598000000000000e+06
1.837000000000000000e+06
1.838499000000000000e+06
1.840398000000000000e+06
1.842692000000000000e+06
1.845180000000000000e+06
1.847034000000000000e+06
1.849066000000000000e+06
1.851342000000000000e+06
1.852575000000000000e+06
1.855261000000000000e+06
1.856745000000000000e+06
1.859050000000000000e+06
1.861342000000000000e+06
1.863026000000000000e+06
1.865381000000000000e+06
1.867677000000000000e+06
1.869618000000000000e+06
1.871618000000000000e+06
1.873099000000000000e+06
1.875900000000000000e+06
1.877078000000000000e+06
1.879807000000000000e+06
1.881559000000000000e+06
1.883951000000000000e+06
1.885951000000000000e+06
1.887482000000000000e+06
1.889954000000000000e+06
1.892336000000000000e+06
1.894088000000000000e+06
1.895989000000000000e+06
1.898005000000000000e+06
1.899787000000000000e+06
1.901616000000000000e+06
1.904010000000000000e+06
1.906010000000000000e+06
1.908478000000000000e+06
1.910730000000000000e+06
1.912256000000000000e+06
1.914722000000000000e+06
1.916387000000000000e+06
1.918917000000000000e+06
1.920238000000000000e+06
1.922717000000000000e+06
1.924592000000000000e+06
1.926356000000000000e+06
1.928852000000000000e+06
1.931263000000000000e+06
1.932957000000000000e+06
1.935127000000000000e+06
1.936465000000000000e+06
1.939138000000000000e+06
1.941149000000000000e+06
1.942997000000000000e+06
1.945241000000000000e+06
1.947438000000000000e+06
1.949375000000000000e+06
1.951097000000000000e+06
1.953789000000000000e+06
1.955108000000000000e+06
1.957683000000000000e+06
1.959683000000000000e+06
1.961249000000000000e+06
1.963986000000000000e+06
1.965683000000000000e+06
1.967280000000000000e+06
1.969622000000000000e+06
1.971390000000000000e+06
1.973472000000000000e+06
1.975923000000000000e+06
1.977923000000000000e+06
1.979811000000000000e+06
1.981947000000000000e+06
1.984306000000000000e+06
1.986446000000000000e+06
1.988333000000000000e+06
1.989857000000000000e+06
1.992361000000000000e+06
1.994699000000000000e+06
1.996261000000000000e+06
1.998206000000000000e+06
2.000004000000000000e+06
