2.768811796876700926e-02
1.167442064051695400e-01
3.773779975792901920e-01
1.145440778652215830e+00
2.117506272748021168e+00
3.024260596381653343e+00
3.752434782913951050e+00
5.030766723905140125e+00
6.358334773598344647e+00
7.020670616673333697e+00
8.296024923871984313e+00
1.034500782232404603e+01
1.249475848257388577e+01
1.468684048079039250e+01
1.636211549758822770e+01
1.806304629184512578e+01
1.861821899432528582e+01
2.038724592019708837e+01
2.294471374588611567e+01
2.399453692379834990e+01
2.494948441409404083e+01
2.550526717871706239e+01
2.629692766123738679e+01
2.690524016707455601e+01
2.786814652507081647e+01
2.737536702166795166e+01
2.790689837220491754e+01
2.851035642600202991e+01
2.796943469453701780e+01
2.759125971955537793e+01
2.662183494638604486e+01
2.625180401946999709e+01
2.599658255097694948e+01
2.619529314237841433e+01
2.688713825520351364e+01
2.728621086257713912e+01
2.715753438047592283e+01
2.748211526859197562e+01
2.833315551156179168e+01
2.847048335721558843e+01
2.882850896036839927e+01
2.908112775208529399e+01
2.943264352319941324e+01
2.891145183214873526e+01
2.907839976044436625e+01
2.923318520970681789e+01
2.957301500880247502e+01
2.944232814791585184e+01
2.961080606645393232e+01
2.944898073883663514e+01
2.966681440367389655e+01
2.991169119130116982e+01
3.006295337725339323e+01
3.008955225625345165e+01
3.058592388887217695e+01
3.056034323756155047e+01
3.088511573289870782e+01
3.156839768910755950e+01
3.156477791478672401e+01
3.195143004716489088e+01
3.220811303122411573e+01
3.273881941539188745e+01
3.256454040541872530e+01
3.258468631307736985e+01
3.211907502019661109e+01
3.184612361942060588e+01
3.257653802394987252e+01
3.269599605043470802e+01
3.277266645585429927e+01
3.312947845524831081e+01
3.315741736841923171e+01
3.358633294580137374e+01
3.402919168111110793e+01
3.396405637461408844e+01
3.390733217409643174e+01
3.419078018536899322e+01
3.444457908978705518e+01
3.431598620206243311e+01
3.437259536969844476e+01
3.450620761974416695e+01
3.486356705108354959e+01
3.547353125602695201e+01
3.584908409221722536e+01
3.568060730215162835e+01
3.562814342378539578e+01
3.597244097595907419e+01
3.620690398500660478e+01
3.664217130091105190e+01
3.667705621384025960e+01
3.658864692951555497e+01
3.689297279240727079e+01
3.711732400345724159e+01
3.751895715762862693e+01
3.784435666925140396e+01
3.820104617835978189e+01
3.798320124520012087e+01
3.804549540185177392e+01
3.852200322002677524e+01
3.899641548009784486e+01
3.944147417800862598e+01
3.995450549143524910e+01
4.017693841903610519e+01
4.072220400983428590e+01
4.039678729908163746e+01
4.082103292388945448e+01
4.112546084498318777e+01
4.147877225243659893e+01
4.116185407223014181e+01
4.095195059885516997e+01
4.125465097543975190e+01
4.176480227118891975e+01
4.241375347575110055e+01
4.294820878602260450e+01
4.351593690941094650e+01
4.382578244424053793e+01
4.395642486474402233e+01
4.470019960906908807e+01
4.453622347109263302e+01
4.451792564979866285e+01
4.410829423782476510e+01
4.389134147643410699e+01
4.313868575620129064e+01
4.278696862877635709e+01
4.283408148908401358e+01
4.302691963610592296e+01
4.342101807947931746e+01
4.370736123751322566e+01
4.389068880623068480e+01
4.410676523064943666e+01
4.498600646427458116e+01
4.526250987907458523e+01
4.543875773043187394e+01
4.571585731661971863e+01
4.584141240198007949e+01
4.580276147344848425e+01
4.564247432727245979e+01
4.578041323489430425e+01
4.603583106937569625e+01
4.624179977782662831e+01
4.663882852429223647e+01
4.726596190422907284e+01
4.736734393817002342e+01
4.745474184087167657e+01
4.783241966856044769e+01
4.735767295376925290e+01
4.751230246190078077e+01
4.764073061677242293e+01
4.788197229579646574e+01
4.798721318869874608e+01
4.790746633966124080e+01
4.796666892235802493e+01
4.827860973256861854e+01
4.923741543747875937e+01
4.953879210579829362e+01
5.034461268899913478e+01
5.108830670802071694e+01
5.287001642086703157e+01
5.371837399180704864e+01
5.513158188480056054e+01
5.656747899381922906e+01
5.848809649023870350e+01
6.005655787610761109e+01
6.187105820675115098e+01
6.417921982352062571e+01
6.603815178404190078e+01
6.764731483073940410e+01
6.947008505038954240e+01
7.159601625498549993e+01
7.201588137870653838e+01
7.389977678858900845e+01
7.504758970546068042e+01
7.672779256213368626e+01
7.709768878778336898e+01
7.720906109908871429e+01
7.793260023506424261e+01
7.883323107738350188e+01
7.990289247850705578e+01
8.017368613537045974e+01
8.181859459957756542e+01
8.303996336844288351e+01
8.399289180751372896e+01
8.409518377934446676e+01
8.438496234207846669e+01
8.565031850747597275e+01
8.530377265734313141e+01
8.627404320503890744e+01
8.733645783775072857e+01
8.905911285295346147e+01
9.048524915736405205e+01
9.275907854483715198e+01
9.361151117477804462e+01
9.345868727714820068e+01
9.445888684598486407e+01
9.457897006300778742e+01
9.435279387959521102e+01
9.427648492122287394e+01
9.496080752831768734e+01
9.577451666972240218e+01
9.761849100676023738e+01
9.667958054960746495e+01
9.724649729662080233e+01
9.805420387716087305e+01
9.801910589329264667e+01
9.730118644190206112e+01
9.876855239639081674e+01
9.804531812094955967e+01
9.580921680414276409e+01
9.572622067900323373e+01
9.696811142966697616e+01
9.727173019366610163e+01
9.844072270394262603e+01
9.877958931232529949e+01
9.861865955211175105e+01
9.853733489285870917e+01
9.932028202052839561e+01
1.008433642911131756e+02
9.977577896296340043e+01
1.005133359808704512e+02
1.008415270407346753e+02
1.014031711315452213e+02
9.930939551587027836e+01
1.002636580653434493e+02
1.026658181353218851e+02
1.030146420942193402e+02
1.020020363238608638e+02
1.046716585087044535e+02
1.038649829974115164e+02
1.042947411371391411e+02
1.063063648494025841e+02
1.056479364858336396e+02
1.050863818912617660e+02
1.040950021977585607e+02
1.059073131718293581e+02
1.060263978208503204e+02
1.059509066429543793e+02
1.066554785319371348e+02
1.090831081021492679e+02
1.103867990477992720e+02
1.113233128699809953e+02
1.117663362588582459e+02
1.128047927641524240e+02
1.126951124787934049e+02
1.114306534911036550e+02
1.139309042098881264e+02
1.138742219729020491e+02
1.169730382642579372e+02
1.157540042401374336e+02
1.171385960180414685e+02
1.175417861251641654e+02
1.182998453546290989e+02
1.186419367847815067e+02
1.215237692880269975e+02
1.229107177122030095e+02
1.238091161660114068e+02
1.232613980163115457e+02
1.237499468099317284e+02
1.241490397588135437e+02
1.227374381329182569e+02
1.211996192038485418e+02
1.203805660918035016e+02
1.191405468996223647e+02
1.182316683869448042e+02
1.197321433367408048e+02
1.162690217823292613e+02
1.156017245397734712e+02
1.157102124222409998e+02
1.158465508810305806e+02
1.137124310945222305e+02
1.107953286942874769e+02
1.065608025673982411e+02
1.049227471480879785e+02
1.023166514451170741e+02
1.024528172267078787e+02
1.027080760244825939e+02
1.018344769323962851e+02
1.036572089476759118e+02
1.016478138080369860e+02
9.756856559149586872e+01
9.777847760477098404e+01
9.768287477347155345e+01
9.667031870468949251e+01
9.680255429908285691e+01
9.659946396049711836e+01
9.690221378425489718e+01
1.009021354166439011e+02
1.037613220219958947e+02
1.049774321505710617e+02
1.062703985764791810e+02
1.071462582879046579e+02
1.085179546669841386e+02
1.093383837985518596e+02
1.129796800330123574e+02
1.129006154921487592e+02
1.136690934875635151e+02
1.164407142185629596e+02
1.165530119746140798e+02
1.172400569538495745e+02
1.177603551284106516e+02
1.202350730234731202e+02
1.235310015692122079e+02
1.254493797657330418e+02
1.289903594079794402e+02
1.296551096067403535e+02
1.299811013272561695e+02
1.270077561035940761e+02
1.276528648019938714e+02
1.267748062828027287e+02
1.272452227631685275e+02
1.278731586688433168e+02
1.286394401937516818e+02
1.274231283565898423e+02
1.282946880878763807e+02
1.286091486924458422e+02
1.289744302901034416e+02
1.276587237110136925e+02
1.305303781813050250e+02
1.303499845114218090e+02
1.289419673829044086e+02
1.258461730245755774e+02
1.250839436843241685e+02
1.245715022505649046e+02
1.224582859462393003e+02
1.239675900027870625e+02
1.237141632518336394e+02
1.242517633351359621e+02
1.255073138622810802e+02
1.253529489287148664e+02
1.250279698633241594e+02
1.267688424119792074e+02
1.246716388695273992e+02
1.259676650677833436e+02
1.250078579837134924e+02
1.288062031424684335e+02
1.313732397536345218e+02
1.300458420914382316e+02
1.310031060506821348e+02
1.314584560762719434e+02
1.321034142830901033e+02
1.339962668039036373e+02
1.323580901241763286e+02
1.331030448031062861e+02
1.342357330399755710e+02
1.362956426504886167e+02
1.379394924720593565e+02
1.391313165945317394e+02
1.355429233624352889e+02
1.370661721122032191e+02
1.386064026100037552e+02
1.401308960169413353e+02
1.400821988626888981e+02
1.410571389522043546e+02
1.428806319404215230e+02
1.441649282061343627e+02
1.442207780001225501e+02
1.417162695913141306e+02
1.446179868146163017e+02
1.457305021141192185e+02
1.464558985387806160e+02
1.458662577473912449e+02
1.457389776131128656e+02
1.485441131039710001e+02
1.484279206048113622e+02
1.486548428155263935e+02
1.502648409830079856e+02
1.507221854232600720e+02
1.497134492073822969e+02
1.503540809957800093e+02
1.520090940602214573e+02
1.473374370767623134e+02
1.502946499348297209e+02
1.516051814140961653e+02
1.495629520044727201e+02
1.501816609736165731e+02
1.484449907864260751e+02
1.443911031337280519e+02
1.464916773987219472e+02
1.464193856523321244e+02
1.459025269394455790e+02
1.470088741283060756e+02
1.452060223917610813e+02
1.420553098826716223e+02
1.401952061508171141e+02
1.397693648850127204e+02
1.363879720461227123e+02
1.388119000528224660e+02
1.380403949506457479e+02
1.347630693082756750e+02
1.360982692096503115e+02
1.396817614378575740e+02
1.348369424205667428e+02
1.331874735832938370e+02
1.331758057147878560e+02
1.322587460445319323e+02
1.335919475222052597e+02
1.325842190416606456e+02
1.315949282137758303e+02
1.349862173509474133e+02
1.333719092224429801e+02
1.352536222051128618e+02
1.366648015853043319e+02
1.391217076903353416e+02
1.418191810705029354e+02
1.409869190138941804e+02
1.426302726337285094e+02
1.453833157141077947e+02
1.437048228537638579e+02
1.473068911816061473e+02
1.486159720629352421e+02
1.498724194873098270e+02
1.518524284697050177e+02
1.531149086834415982e+02
1.536591903305719882e+02
1.566294385896129597e+02
1.588714433665886077e+02
1.594867050995570992e+02
1.610407923151365708e+02
1.589487354684935951e+02
1.579453694893690852e+02
1.554740640456833489e+02
1.559322479272748581e+02
1.534570646441073336e+02
1.535156312901254410e+02
1.513636087384785185e+02
1.530454718788778052e+02
1.508291335321536621e+02
1.490496706176600412e+02
1.492895246171139547e+02
1.481061440483732099e+02
1.512904814663340858e+02
1.535461023459940293e+02
1.524156086490080497e+02
1.503664570743243303e+02
1.510394774745137170e+02
1.486540895930094450e+02
1.478801392683345455e+02
1.485268522046904422e+02
1.513302379354892082e+02
1.518357143399585993e+02
1.521166359565879418e+02
1.514886065586460688e+02
1.501926080649701021e+02
1.492742159996180078e+02
1.462436680955314898e+02
1.457270723048475816e+02
1.443477559604391445e+02
1.458859595643949660e+02
1.471289512604099059e+02
1.416513332559150342e+02
1.358553521958517081e+02
1.324711881652048362e+02
1.300164111651486678e+02
1.280836520901192443e+02
1.263196429119533093e+02
1.279062494291771088e+02
1.307413078776032762e+02
1.287502622135790489e+02
1.291367671601061602e+02
1.303991286749355822e+02
1.313452228863109497e+02
1.337614771232841235e+02
1.341475752446166894e+02
1.374149126871506894e+02
1.370188448503040206e+02
1.389602849295035867e+02
1.424849847983919915e+02
1.424974578061451496e+02
1.440092344839216025e+02
1.472730416762316850e+02
1.492642429328594460e+02
1.526330432467096614e+02
1.553384649736533447e+02
1.582301927370873500e+02
1.601880515737474866e+02
1.618363895262266396e+02
1.642690469059876648e+02
1.645312217333163005e+02
1.637072730637026154e+02
1.628168054983663069e+02
1.661537038622228977e+02
1.685099333037688893e+02
1.680523694166612074e+02
1.704670553048565864e+02
1.711959408232647490e+02
1.706490718063451197e+02
1.700817602569130997e+02
1.714921404704906251e+02
1.734868084368841892e+02
1.759248779010355008e+02
1.788228471909889379e+02
1.773355195414895320e+02
1.785104568759562937e+02
1.767552269903770537e+02
1.765761408799685626e+02
1.788554655543772469e+02
1.800155218808733366e+02
1.787980937843732079e+02
1.775873426548617999e+02
1.792889832400173589e+02
1.829416022528685062e+02
1.836868655040872227e+02
1.844157468213992388e+02
1.851419752425816228e+02
1.889384348152634630e+02
1.916141606689054981e+02
1.926147370738630400e+02
1.908390258594025113e+02
1.909278255099868034e+02
1.936982162200415871e+02
1.930938789083469942e+02
1.940159905404855465e+02
1.966114562694248491e+02
1.981010734836282552e+02
1.971012859687603509e+02
1.948858185312442686e+02
1.942213438217419821e+02
1.908652376957493573e+02
1.893708606984237974e+02
1.889106691552198356e+02
1.877270969356963803e+02
1.859173076602533854e+02
1.834008734333840493e+02
1.866600255240419699e+02
1.877823403478853663e+02
1.897105348228006960e+02
1.889422722686475140e+02
1.882260805073421466e+02
1.880293729767032005e+02
1.879890201167503960e+02
1.814365689143067755e+02
1.845971585685061314e+02
1.838589630717696366e+02
1.809667414804528107e+02
1.826327263808756527e+02
1.831639003613360899e+02
1.839417452621702580e+02
1.803474119070183974e+02
1.812811802677973958e+02
1.833176276306235479e+02
1.866989899145617073e+02
1.855691549985787390e+02
1.833172118579049084e+02
1.827036779861011837e+02
1.857218157455092182e+02
1.864950381083596938e+02
1.889179553268939458e+02
1.889971740733645902e+02
1.911296283941813101e+02
1.908267752805218436e+02
1.905319188103584054e+02
1.903946864684316722e+02
1.897266410269585606e+02
1.918189223625565205e+02
1.945591338058429471e+02
1.943204404022760059e+02
1.983248486956108536e+02
1.985914037761472741e+02
1.970319718372400928e+02
1.946404884622809845e+02
1.956349377029528966e+02
1.967317194172252925e+02
1.970791949106964864e+02
1.952912552178657677e+02
1.950865623779662599e+02
1.949273646841112395e+02
1.876317015472758669e+02
1.881174681521199830e+02
1.897055077260394569e+02
1.897813042702061352e+02
1.863851727645158576e+02
1.827919900821220267e+02
1.821537386512543151e+02
1.780135521568770969e+02
1.759793881687940029e+02
1.761690314649063396e+02
1.756576748678091064e+02
1.759564701390609116e+02
1.767276548812291708e+02
1.740833824502206255e+02
1.678009246095435856e+02
1.705346396668168722e+02
1.704925462844018966e+02
1.717796909349179373e+02
1.716076349266547822e+02
1.694469987734111385e+02
1.705888176769347524e+02
1.728883196506428703e+02
1.721297821322238519e+02
1.714322083347622083e+02
1.760266183591091647e+02
1.787744573359762228e+02
1.787778088156408103e+02
1.797435548751684564e+02
1.787168870303704864e+02
1.792759128632576164e+02
1.819698186304363503e+02
1.830292165170025385e+02
1.828713306224498467e+02
1.850880025793754271e+02
1.841904543221037613e+02
1.779099800632628217e+02
1.738310551572556903e+02
1.738476579955152204e+02
1.750681482957418780e+02
1.727114348459415964e+02
1.764011803531058717e+02
1.761171735251674306e+02
1.736311689354635632e+02
1.730882071929812867e+02
1.704033235457480373e+02
1.685116090534710338e+02
1.717993668678855386e+02
1.703646206596123136e+02
1.669606258066169175e+02
1.599157217296042290e+02
1.619698776301056284e+02
1.610051697091606400e+02
1.588230644264141347e+02
1.585965120268647297e+02
1.540897060081252334e+02
1.568715975359825165e+02
1.572649326533604892e+02
1.605895227362914284e+02
1.602848230628966917e+02
1.623105342317110171e+02
1.612137894533297811e+02
1.626306599183283197e+02
1.607280838459204233e+02
1.588440093982083567e+02
1.597975980343950937e+02
1.597233606312699692e+02
1.567093450860513428e+02
1.582860704475112357e+02
1.593051059117609043e+02
1.606920242773274481e+02
1.631671741474616510e+02
1.651821708783844826e+02
1.689271561537799187e+02
1.728646796718685721e+02
1.754557129070461770e+02
1.778100671118817218e+02
1.812420465304103061e+02
1.832393857760692129e+02
1.860612132422973843e+02
1.893457666635544285e+02
1.905372494621897488e+02
1.940917685921439499e+02
1.939410936792437781e+02
1.963065499864103174e+02
1.980929405103322551e+02
2.001643877047026763e+02
2.030602267121291504e+02
2.044250140522642312e+02
2.067017497809971189e+02
2.085928580548571460e+02
2.088514671233130855e+02
2.095583456679313201e+02
2.129042184892853697e+02
2.129455322892567324e+02
2.140758908162385978e+02
2.164578606872835280e+02
2.196063570991465497e+02
2.223924517035003987e+02
2.195133632404763091e+02
2.187207593880000331e+02
2.181933044787985523e+02
2.175616177443609160e+02
2.192525141732487839e+02
2.176869160650210233e+02
2.174708269808863008e+02
2.143564452043741539e+02
2.134298998752380498e+02
2.077243034197578027e+02
2.082654405560154487e+02
2.102149970333087197e+02
2.080829538024464682e+02
2.039482082538413579e+02
2.050651898895103216e+02
1.994251401898291931e+02
1.972353729245067484e+02
1.952678852697724210e+02
1.913329133178835377e+02
1.884193828053874427e+02
1.869765433973215352e+02
1.863659270402729078e+02
1.848531448374017430e+02
1.816264874013124881e+02
1.808011917863337885e+02
1.783792371219946631e+02
1.762938308160587724e+02
1.742355616776985414e+02
1.700462138077599263e+02
1.684323564493731453e+02
1.677367708499796493e+02
1.685513710898476347e+02
1.670447018033680138e+02
1.658853356731672477e+02
1.647340190362499186e+02
1.635708829228264847e+02
1.667105033688362994e+02
1.620778997152049214e+02
1.628039112986402301e+02
1.653728881373460240e+02
1.646119141928139697e+02
1.635348041373005969e+02
1.635996476452751267e+02
1.626793903737009828e+02
1.636960698145357469e+02
1.627526337433092181e+02
1.594483794897662392e+02
1.612521051030283559e+02
1.605260652063971065e+02
1.619054480064486654e+02
1.613460584865050862e+02
1.633098310738947418e+02
1.648966917734666708e+02
1.640411374139344503e+02
1.619726688027632804e+02
1.632850814078044550e+02
1.621767786306144501e+02
1.600167980826121266e+02
1.603294916075716969e+02
1.557526720970421081e+02
1.562485397014482942e+02
1.522959012222832200e+02
1.524543346639769084e+02
1.544187161639945032e+02
1.571157600399916987e+02
1.563320203305023313e+02
1.556207870570468685e+02
1.558020767785098997e+02
1.576933437505282996e+02
1.567490540321102799e+02
1.603132263140624616e+02
1.589707436689396900e+02
1.581262786627449657e+02
1.584764533937380406e+02
1.568911826750159264e+02
1.585921741481293168e+02
1.581914196986138279e+02
1.560708141154668738e+02
1.567042477472461144e+02
1.570083950722597876e+02
1.558744174325700840e+02
1.588923117124973601e+02
1.577276699528700306e+02
1.594532855157573294e+02
1.622854137915570618e+02
1.640592812330091306e+02
1.624159387544210631e+02
1.610857466482508187e+02
1.635830814685305938e+02
1.650096958185047242e+02
1.664195454053554215e+02
1.658502023221946331e+02
1.663995262996569977e+02
1.649054081625941990e+02
1.650141540470289954e+02
1.658243442824816896e+02
1.652832162289820417e+02
1.654536380593018521e+02
1.655555869937492162e+02
1.685869321241009970e+02
1.708383067765285830e+02
1.697298430778122622e+02
1.711054729840136588e+02
1.729815227388682501e+02
1.727455004216222960e+02
1.706740518822704189e+02
1.712994671862468863e+02
1.755944356498785908e+02
1.735790892551448223e+02
1.728518258172811102e+02
1.728512921288404698e+02
1.750906374369611456e+02
1.723153775174085638e+02
1.688692206253919039e+02
1.676683546661370201e+02
1.677971562375482506e+02
1.703375527063181210e+02
1.704838247904113189e+02
1.700656169260118986e+02
1.712275063539275948e+02
1.701576944209807039e+02
1.698625925715095661e+02
1.732002356799215761e+02
1.716016384674361746e+02
1.714038551128832069e+02
1.749312981614927480e+02
1.777422960065443931e+02
1.804713319339832651e+02
1.801277860747441366e+02
1.827404440970776704e+02
1.816268006175188532e+02
1.827429520348892993e+02
1.796515144072095040e+02
1.769581822912549853e+02
1.774783228728196889e+02
1.771445402508714722e+02
1.754036222653054153e+02
1.763695842280073691e+02
1.754444480104856154e+02
1.780907908800353709e+02
1.744407336150550236e+02
1.727051143214980016e+02
1.709724582269481346e+02
1.721247366453742131e+02
1.709868345325491816e+02
1.648299957504326017e+02
1.641637900067454439e+02
1.673308123606126401e+02
1.579341304125183854e+02
1.579035499863487075e+02
1.557809961674453803e+02
1.552455927679550030e+02
1.552211243810918120e+02
1.532115312261327631e+02
1.513762217660266742e+02
1.518804444262127333e+02
1.502911411615702946e+02
1.497948862019414946e+02
1.481375139961502043e+02
1.495389433985038750e+02
1.484414009063101503e+02
1.494573819289282142e+02
1.503140700676270569e+02
1.505689636146908867e+02
1.519847203283815986e+02
1.522235213087404304e+02
1.552651264124735349e+02
1.566034618468258373e+02
1.551047327352539185e+02
1.533831058258506346e+02
1.524039032699143945e+02
1.518155754780442521e+02
1.530982403016327567e+02
1.535437704003564932e+02
1.557351338857801295e+02
1.578974862774996382e+02
1.581470085348368855e+02
1.584029400226309008e+02
1.605435639576926690e+02
1.624147760558144284e+02
1.640609327868214393e+02
1.657645089639666196e+02
1.629578664192652582e+02
1.653900066108302838e+02
1.640656010972755041e+02
1.652775991740782047e+02
1.658296053019315650e+02
1.644676292977371475e+02
1.686275589523805252e+02
1.666355228691749062e+02
1.650779111387613796e+02
1.648562556805746624e+02
1.648935249121619790e+02
1.660329637910795668e+02
1.668823367499682604e+02
1.659437994719655478e+02
1.661963739073640625e+02
1.652274340965608985e+02
1.640946567380000261e+02
1.670520876225264999e+02
1.644736853150687921e+02
1.612398079101911321e+02
1.578051353603659948e+02
1.612996835089071226e+02
1.615875483327093889e+02
1.622728380385161131e+02
1.620915246424179088e+02
1.608932500894119926e+02
1.599546936344918038e+02
1.598684185885538511e+02
1.564618289969855880e+02
1.581314722251197793e+02
1.589063919459093484e+02
1.621608799810903747e+02
1.637278514186261873e+02
1.633643846898127094e+02
1.627218911848762275e+02
1.649355295657217653e+02
1.661407749020465872e+02
1.670095939508034348e+02
1.663101386216461037e+02
1.632214976403344906e+02
1.634613895706949336e+02
1.657609109653316182e+02
1.664529102087115859e+02
1.633346637451080881e+02
1.632592973934746396e+02
1.603223777448861540e+02
1.585245578364503558e+02
1.605270493184362408e+02
1.613539289147477120e+02
1.608759031527283696e+02
1.620001771337680623e+02
1.617931019644658477e+02
1.640212855006312793e+02
1.615541096535852432e+02
1.594177623501944367e+02
1.589935904783115177e+02
1.578198027297351587e+02
1.601867090998358094e+02
1.633551140408338256e+02
1.622477659622669250e+02
1.614437944932809614e+02
1.631867927176281512e+02
1.654880519538774024e+02
1.621713456957025130e+02
1.629996093660868155e+02
1.652072378717055869e+02
1.670025159267338779e+02
1.660770054894369707e+02
1.681348437497491659e+02
1.681116383708070430e+02
1.636709407090806963e+02
1.652584545525850217e+02
1.659250213135814818e+02
1.662124210988688731e+02
1.650200604024860240e+02
1.659570747490654412e+02
1.659554947099231867e+02
1.681800853973766436e+02
1.703333298216049627e+02
1.715294499509101342e+02
1.659017811715697519e+02
1.606526566944938850e+02
1.647852645865116870e+02
1.640885108377480606e+02
1.641302597206279472e+02
1.630613430686549066e+02
1.633817772521035749e+02
1.629881856896730028e+02
1.623613838065483037e+02
1.623642521122192761e+02
1.610064165311304976e+02
1.627197558843091656e+02
1.645014808539301612e+02
1.668660026596888315e+02
1.677780478012417404e+02
1.688031859597297739e+02
1.697628861164720036e+02
1.714552926654250484e+02
1.689574179984585385e+02
1.703694179839241372e+02
1.666515714112505862e+02
1.635342232334939752e+02
1.646591345120091603e+02
1.649867579192680296e+02
1.637435061928336779e+02
1.656165219234407289e+02
1.620236660119926171e+02
1.646844389709666245e+02
1.663217649645254141e+02
1.669874665326293268e+02
1.660846366217730576e+02
1.650992237799816564e+02
1.672824765530947388e+02
1.690744517746508393e+02
1.705812039399624211e+02
1.703789185712993515e+02
1.694199554889960666e+02
1.669430445272786869e+02
1.657207284663205655e+02
1.645444759431835564e+02
1.651873195464929154e+02
1.646621105126532711e+02
1.655962109581124935e+02
1.662090110085526646e+02
1.680125424334167974e+02
1.686930776190363019e+02
1.715002403671241780e+02
1.728898387449543463e+02
1.718598978858575776e+02
1.716046010322684765e+02
1.726840284707981823e+02
1.731680261058784538e+02
1.707589845235954158e+02
