-5.971775897926661969e+01
-6.395189994442971226e+01
-6.392004972368940940e+01
-6.266151579931751314e+01
-5.953674147897599767e+01
-5.896700156411629479e+01
-5.906105932312777895e+01
-5.880831921483186164e+01
-5.810182677858163913e+01
-5.807529321047928761e+01
-5.759036212467222526e+01
-5.706615589510821707e+01
-5.577032377664612284e+01
-5.511959299644805554e+01
-5.443649078697702492e+01
-5.403918135336994055e+01
-5.339513194387576078e+01
-5.249856757062011070e+01
-5.221343145703855271e+01
-5.151213945759241142e+01
-5.053494572695264964e+01
-4.999040498787867648e+01
-4.962908433083018878e+01
-4.916443148330939295e+01
-4.851495497651222166e+01
-4.783466770451983763e+01
-4.736225926120204122e+01
-4.683264994234656342e+01
-4.625365341902162442e+01
-4.571408154778200128e+01
-4.513937681940775803e+01
-4.465889358926177266e+01
-4.411446513875343101e+01
-4.352905253872481950e+01
-4.285665692671477700e+01
-4.209670860283804217e+01
-4.143485498121510346e+01
-4.078289942522449252e+01
-4.005050809242899845e+01
-3.929219810681005498e+01
-3.854502265234567915e+01
-3.742054720532087231e+01
-3.674297124353957855e+01
-3.592410049596362143e+01
-3.504253886343472146e+01
-3.412287327721518437e+01
-3.316694564629671049e+01
-3.213712602603299473e+01
-3.108505791705310983e+01
-2.955020859028812907e+01
-2.763561826601543459e+01
-2.596109977280356773e+01
-2.418011613239574586e+01
-2.259452900233620198e+01
-2.086564692188853343e+01
-1.898266851010636103e+01
-1.723377735910728248e+01
-1.550297360638796818e+01
-1.369078518589929061e+01
-1.181421863051774679e+01
-9.935185100453951534e+00
-8.341397970123701100e+00
-5.712511988746671321e+00
-3.844718811456933061e+00
-2.146331548873812167e+00
-5.248550135960432517e-01
1.309499665556244752e+00
3.182078358862363565e+00
4.948133817937637957e+00
6.796593608933934938e+00
8.649152412235382670e+00
1.047434947341748668e+01
1.227910028662195785e+01
1.402796616452605427e+01
1.574801655606504980e+01
1.762720909802422753e+01
1.928666587790532816e+01
2.105657755063925407e+01
2.286550531017267573e+01
2.470658641321234583e+01
2.658411498446086085e+01
2.846148977481023223e+01
3.031076301697230946e+01
3.288671368575616327e+01
3.455230089914552138e+01
3.628871480000739780e+01
3.777857425927063417e+01
3.951482205119203428e+01
4.104193732945253714e+01
4.257122665677932360e+01
4.420039153626616013e+01
4.567008794612394951e+01
4.712219388500532347e+01
4.844851285369359317e+01
4.974325863160400019e+01
5.098927379033810325e+01
5.216457130020530997e+01
5.320862950834799676e+01
5.422236283111109856e+01
5.521808228171368427e+01
5.634897727486083596e+01
5.730912875116498384e+01
5.820119651609360290e+01
5.903876074844271216e+01
6.029814293734625608e+01
6.130566775916550881e+01
6.222213492665532897e+01
6.314318303299692303e+01
6.388594918915707410e+01
6.463445335555135784e+01
6.549386376409343313e+01
6.608987700558770939e+01
6.685539800576860614e+01
6.762751536560304544e+01
6.849592345801363535e+01
6.919208397692726464e+01
6.981982716347687301e+01
7.023900981940246879e+01
7.098618893961645426e+01
7.170476181928499670e+01
7.235304216664867738e+01
7.309168199103586971e+01
7.371527200207481201e+01
7.429820789707878248e+01
7.524194124888120427e+01
7.588255149912561137e+01
7.647864355412028203e+01
7.679514672843244227e+01
7.629972031517182529e+01
7.679594257925185730e+01
7.723115887757678877e+01
7.753255413050759159e+01
7.802140081395154425e+01
7.836971173522648826e+01
7.873466421130351023e+01
7.943802340252592842e+01
7.971082376013642090e+01
8.012271441966372265e+01
8.054190886103197045e+01
8.088178877086295415e+01
8.128553666066932237e+01
8.170056767102019535e+01
8.222388615701244419e+01
8.260118312560700815e+01
8.291526375982839170e+01
8.322757191842318036e+01
8.386052605590437281e+01
8.414949388853074197e+01
8.452754475976544768e+01
8.484534193187933226e+01
8.507151210991801804e+01
8.535226536758226246e+01
8.455117010743465755e+01
8.480795088244649094e+01
8.500748889616802728e+01
8.530224428209858445e+01
8.543751574504912583e+01
8.564463187854703108e+01
8.577737733161865208e+01
8.495029234989826250e+01
8.534119687979949731e+01
8.562531600922460484e+01
8.590217954957586244e+01
8.612049259676979318e+01
8.640355289502734593e+01
8.664010561301550695e+01
8.706192930564282051e+01
8.716544927973245649e+01
8.742110374705821130e+01
8.748134140598135389e+01
8.758857912988960948e+01
8.777415541087572137e+01
8.808744759004481750e+01
8.827442901355072991e+01
8.845721313133391561e+01
8.869869789890434220e+01
8.895020164285634223e+01
9.019860675309200815e+01
9.033390676023500987e+01
9.055162184628723310e+01
9.082793156587148076e+01
9.101874394279110447e+01
9.125940053810921881e+01
9.130655970092998075e+01
9.137360932718748074e+01
9.148096977249878137e+01
9.138508316924391295e+01
9.142132616870860318e+01
9.172226677809298678e+01
9.176462725421262689e+01
9.189746866742669340e+01
9.201247865664331016e+01
9.226763917261654058e+01
9.259029829593683303e+01
9.288255853641864235e+01
9.295011114544875852e+01
9.322864692090655581e+01
9.341387725103417949e+01
9.358570475838091340e+01
9.388927534149154042e+01
9.403461049547459538e+01
9.541409215550186218e+01
9.406550494601380308e+01
9.415471288805434824e+01
9.284070627739116333e+01
9.310582284272987863e+01
9.183057696276111415e+01
9.212335673212001552e+01
9.337981202678875547e+01
9.343352490902823604e+01
9.349531344848765002e+01
9.357555606291052186e+01
9.366082282795061076e+01
9.379720827882427159e+01
9.404619233318854299e+01
9.406762405213548561e+01
9.430697467916043308e+01
9.434323899930274138e+01
9.452963640838926551e+01
9.477923681530786837e+01
9.482145071253088986e+01
9.492842574509097631e+01
9.496795564258530931e+01
9.506404101196680756e+01
9.513554794913591195e+01
9.240816946333437443e+01
9.239536933931141505e+01
9.255125312154189032e+01
9.106149078016055398e+01
9.120741953089641640e+01
9.138233558407355872e+01
9.156302148340436986e+01
9.171030313729359307e+01
9.180898989517629616e+01
9.222302429978890359e+01
9.228294809436840751e+01
9.250201500584120140e+01
9.238301686278229852e+01
9.255235641727536233e+01
9.249153048565044344e+01
9.264292272004351503e+01
9.261223962130435439e+01
9.272589349695577710e+01
9.269694615607981802e+01
9.258769388089818619e+01
9.252400587261330145e+01
9.246268096490183552e+01
9.242793437311419780e+01
9.240991969231275505e+01
9.252596741047317153e+01
9.269433197568910998e+01
9.434090192080455495e+01
9.433082887059501331e+01
9.579731709169010401e+01
9.737480281077134237e+01
9.747713491794712581e+01
9.758413952900477284e+01
9.755743193387097278e+01
9.763219275885462878e+01
9.776560604809913002e+01
9.778957225059777159e+01
9.791282115466465541e+01
9.790970495006713747e+01
9.789356258945768730e+01
9.780659445498584148e+01
9.780397618773100987e+01
9.793548540403752156e+01
9.804341934081554655e+01
9.796927279105172204e+01
9.806167261422368142e+01
9.807004537523235399e+01
9.818036004463394306e+01
9.816440890676929598e+01
9.965923713313480903e+01
1.011208962274628504e+02
1.012199460947780238e+02
1.012586243393850083e+02
1.027410166902167248e+02
1.027694404589931878e+02
1.027677571267209657e+02
1.028693018691225234e+02
1.029524573453490177e+02
1.030342100682561295e+02
1.031196441810986499e+02
1.031326282690654637e+02
1.032150744963615949e+02
1.033887612827156204e+02
1.035017927478881745e+02
1.036477746507995334e+02
1.036767447972838028e+02
1.038005824796759811e+02
1.037899573688479222e+02
1.039962443371550052e+02
1.040837704335968965e+02
1.042037161105072158e+02
1.043583165845418250e+02
1.044298299038112816e+02
1.045526943254387930e+02
1.046787099946497790e+02
1.047233713113834028e+02
1.047628178644303034e+02
1.048717371178164797e+02
1.049922056963010988e+02
1.050209596956407267e+02
1.051068826360984900e+02
1.051235337226166990e+02
1.052780164782571291e+02
1.053605986221187294e+02
1.054949038541948738e+02
1.056245263225310964e+02
1.055655467458896908e+02
1.056026447032484299e+02
1.056060322323440914e+02
1.058696227023496306e+02
1.058740115366415182e+02
1.058395173000079552e+02
1.059122782096825972e+02
1.060211238077147016e+02
1.061376742094644783e+02
1.062597288586942739e+02
1.063173075388179285e+02
1.065156614195022087e+02
1.065569986162238223e+02
1.066502189679303427e+02
1.067635739608267471e+02
1.067312934148052221e+02
1.067946494781404709e+02
1.068323908088840284e+02
1.069000365658605318e+02
1.068844160721179435e+02
1.069634964412711753e+02
1.069506699569074755e+02
1.070138411536003105e+02
1.071945284730757919e+02
1.071478646173225542e+02
1.071568699919451291e+02
1.072379230798864000e+02
1.073517337367749320e+02
1.073174259247641800e+02
1.072819211947724369e+02
1.074439043634136510e+02
1.074821738748390487e+02
1.076749596726154437e+02
1.077033959496202300e+02
1.062215379471721945e+02
1.062516605786737642e+02
1.061823566791726137e+02
1.061632514403636804e+02
1.061549992730570864e+02
1.061170087877738837e+02
1.062313197743783206e+02
1.062055514493714696e+02
1.062148373481871317e+02
1.061468810239246210e+02
1.063608696822429920e+02
1.063882840579667999e+02
1.048229878083092927e+02
1.047772393954006702e+02
1.048245472012646076e+02
1.047915587983463581e+02
1.033347902998294927e+02
1.036144442419968783e+02
1.036287097132891120e+02
1.036759340942477650e+02
1.037692792461378701e+02
1.038463693574082924e+02
1.038611739737995947e+02
1.039490380414350454e+02
1.023897513070716627e+02
1.024292203912379478e+02
1.025244271018369915e+02
1.025723158731479145e+02
1.025871095760495137e+02
1.025291684194493058e+02
1.025763290507358221e+02
1.026879072289356003e+02
1.027842964624046687e+02
1.028408960084717876e+02
1.029481513291068779e+02
1.030491412968605829e+02
1.031179278708845715e+02
1.031688120142879797e+02
1.032919340226099791e+02
1.034667009970299461e+02
1.034453030637766062e+02
1.034428162523256134e+02
1.033259412765827818e+02
1.033920867005569590e+02
1.033157096800872807e+02
1.032480960787437709e+02
1.032097123167052075e+02
1.028106865131034056e+02
1.029008721085908178e+02
1.043625808613444264e+02
1.044709402370727673e+02
1.046274649186545389e+02
1.045825293924508514e+02
1.048316968895154844e+02
1.047677014120756098e+02
1.048116121118141706e+02
1.048933122424006825e+02
1.050365552332955161e+02
1.050096311333961552e+02
1.050042244004579572e+02
1.050330308790714327e+02
1.066678976727042425e+02
1.066765603200890951e+02
1.067062026406108401e+02
1.066904024620135374e+02
1.082074647197046602e+02
1.079999436356516043e+02
1.079574086922921765e+02
1.080501517098319653e+02
1.080457907489506511e+02
1.079754050849099087e+02
1.080226760054261490e+02
1.094649190707253013e+02
1.094813973087422738e+02
1.093768019437205083e+02
1.092296012257777988e+02
1.092913600458868473e+02
1.076609829958794222e+02
1.075606278332087697e+02
1.076225156992250902e+02
1.075196868202511382e+02
1.073845981832006942e+02
1.074012741171590335e+02
1.074121653762353219e+02
1.073794083655328393e+02
1.057888270642768873e+02
1.056697011087164526e+02
1.056174937178939359e+02
1.055643657891708074e+02
1.057329050812148807e+02
1.057534605659323432e+02
1.057598074008652702e+02
1.058605191331851927e+02
1.060345167675101266e+02
1.062442789837408981e+02
1.062744491638598845e+02
1.064232506336400377e+02
1.064193040503827632e+02
1.064053635833603835e+02
1.064064929899371066e+02
1.063676121235782261e+02
1.064421731859875990e+02
1.062833489260950586e+02
1.063446888409990834e+02
1.063827479853798792e+02
1.046875841444713302e+02
1.047274683745740731e+02
1.047012583552424303e+02
1.045826422398002933e+02
1.045979079358327510e+02
1.045855931316430514e+02
1.046021884253001559e+02
1.046314622624423265e+02
1.047575317223587206e+02
1.048702119380469640e+02
1.049488456385287947e+02
1.049671337834283236e+02
1.048717758734746042e+02
1.049579342554766868e+02
1.050030865962226159e+02
1.033464562823486403e+02
1.034427292189083829e+02
1.018662889452926521e+02
1.002159234933696865e+02
1.002779540208381093e+02
1.002560641410264566e+02
1.019976463978465659e+02
1.020282574978550230e+02
1.020087552451586959e+02
1.020330652588768459e+02
1.021366594468512119e+02
1.005548340535235781e+02
1.004910770107212699e+02
1.004903965035355213e+02
1.020655390780439120e+02
1.021950485989466699e+02
1.020593710912158656e+02
1.020492519732418231e+02
1.020958299273324883e+02
1.021521412532070059e+02
1.021813471635775699e+02
1.021822160127679666e+02
1.021727532017042535e+02
1.019831783021995335e+02
1.019144397024465292e+02
1.019261006129162155e+02
1.018607995229929060e+02
1.018838300449358769e+02
1.018146292298221169e+02
1.019212604983141119e+02
1.019813887019075054e+02
1.021256994307566970e+02
1.021148941078077428e+02
1.020635226958369515e+02
1.037794674175751908e+02
1.036897882167819063e+02
1.036847218299647437e+02
1.037317392462671819e+02
1.036850454556805943e+02
1.021937091339493122e+02
1.023328463896754101e+02
1.023314635676738504e+02
1.023180030475792961e+02
1.022233708165739898e+02
1.022305943679451161e+02
1.021926320768653937e+02
1.022375533526493712e+02
1.021494701851024161e+02
1.021792234498387160e+02
1.039008091783951784e+02
1.023700450485535356e+02
1.038925883353769990e+02
1.055036718628453087e+02
1.040337782888280458e+02
1.041034658183915838e+02
1.041042580967022388e+02
1.042502242491690652e+02
1.043564252145448279e+02
1.044983372062281006e+02
1.059531726337319384e+02
1.060363871600792152e+02
1.060163762544864881e+02
1.059873007419872408e+02
1.060187911006419057e+02
1.060163333432174682e+02
1.060152679414450034e+02
1.058972733413077520e+02
1.058058359019396306e+02
1.058063779932547561e+02
1.042872465927269161e+02
1.042759514563734342e+02
1.042732700739765050e+02
1.044106981717543334e+02
1.043805434630456830e+02
1.045092773494791629e+02
1.030479626727372704e+02
1.030559537539077013e+02
1.031586684894500223e+02
1.031170591869960305e+02
1.031252130425501718e+02
1.030803888026059951e+02
1.031645437269959018e+02
1.031089987360302587e+02
1.031756689031244747e+02
1.032744812350216108e+02
1.033319120349954687e+02
1.034728312140949669e+02
1.035965214164630055e+02
1.051132530991507821e+02
1.051039782778154006e+02
1.051849918002739344e+02
1.053271500653746813e+02
1.054156349314765038e+02
1.054512261614982123e+02
1.054534951749958793e+02
1.054713903313774637e+02
1.056949151347073865e+02
1.058396594879418871e+02
1.074092803532760030e+02
1.074568678033351006e+02
1.076108969074508650e+02
1.092369470063112686e+02
1.092974764479738354e+02
1.093101390615698278e+02
1.078028218356228933e+02
1.078156368964921228e+02
1.078787746326914316e+02
1.078775949096658024e+02
1.080114851944680368e+02
1.080199259518714143e+02
1.080500787679644219e+02
1.081018586003679474e+02
1.081287700985816826e+02
1.082551426495746796e+02
1.084759051860767016e+02
1.085565551032482290e+02
1.087127342393084461e+02
1.088387098749474688e+02
1.103874852488500125e+02
1.088022575716129694e+02
1.087393039747005758e+02
1.089168805189596583e+02
1.088396648129413791e+02
1.103916770139936716e+02
1.105372652761338514e+02
1.105470829348010682e+02
1.089813311679195778e+02
1.090006223790938265e+02
1.089553422491600543e+02
1.090788664759216573e+02
1.090909462809233474e+02
1.091831161778331278e+02
1.092019408825670723e+02
1.090869394857564885e+02
1.089758494240189464e+02
1.089377707832975943e+02
1.087355478237362689e+02
1.087718918737496239e+02
1.088070455090935837e+02
1.072081698556155800e+02
1.072941613539079242e+02
1.074055083139033542e+02
1.074349663311410410e+02
1.074942567623455574e+02
1.075686139465600490e+02
1.074111917481491787e+02
1.074841945121477380e+02
1.057877340474537107e+02
1.057880776119964565e+02
1.058544114517227399e+02
1.059034478034139255e+02
1.058927102644503577e+02
1.058883456741167493e+02
1.073997069341121886e+02
1.058041355598723499e+02
1.056908231928817230e+02
1.056178335710307010e+02
1.056356470296784948e+02
1.056524432994854692e+02
1.057745010248061703e+02
1.059303812618984182e+02
1.059980211735954185e+02
1.058713327123746382e+02
1.059207274662364995e+02
1.059964881075405287e+02
1.058394286868378771e+02
1.058647440741749648e+02
1.058516053636513448e+02
1.060794325108594478e+02
1.060714661150002769e+02
1.061852929840029134e+02
1.063300451411913343e+02
1.063439109626526431e+02
1.062731635169468944e+02
1.063312258639594745e+02
1.079322107936848312e+02
1.080081433213444342e+02
1.082221398035485862e+02
1.082457350920063845e+02
1.082934508113706755e+02
1.066329164601421127e+02
1.066363772541608768e+02
1.067182888482932697e+02
1.068636495931382200e+02
1.069849632452990988e+02
1.072094283585120280e+02
1.070976158634231012e+02
1.086126413905549413e+02
1.086176630285806226e+02
1.085535600019192515e+02
1.085908033102212471e+02
1.086632425384475198e+02
1.070205518094498132e+02
1.068609864018586109e+02
1.068671933871907100e+02
1.068382935139313332e+02
1.085242820008579088e+02
1.086212743203380455e+02
1.085943370654458704e+02
1.085170730221771578e+02
1.086306066828025365e+02
1.086151287993173327e+02
1.087343063100642411e+02
1.087182298989623632e+02
1.086658085585595330e+02
1.088194380644908392e+02
1.088712782596177533e+02
1.088333848170528597e+02
1.087877762733529607e+02
1.088324933451623480e+02
1.087535407077466374e+02
1.088724873295548576e+02
1.089159349877346159e+02
1.088282532261940787e+02
1.089096424426292344e+02
1.088916530209132532e+02
1.105006147075875589e+02
1.105254733131221769e+02
1.105399109812710208e+02
1.104835614532985915e+02
1.104304176160970599e+02
1.104598963434625460e+02
1.105947043402381382e+02
1.105045637771014242e+02
1.105398901531598881e+02
1.104563193670201713e+02
1.103585878923933166e+02
1.103572343750495008e+02
1.119884719871628107e+02
1.120320700886623371e+02
1.120375758164440043e+02
1.119410952038128073e+02
1.118860430527947045e+02
1.119857522129966299e+02
1.119776150746699415e+02
1.119817279972605490e+02
1.121503712702247384e+02
1.120967503225843558e+02
1.122047349147341748e+02
1.122234703562263007e+02
1.122557766206512184e+02
1.139376342520486958e+02
1.140280513613274849e+02
1.141540686321540790e+02
1.141418518549231749e+02
1.141093519796971094e+02
1.140165497869475502e+02
1.140740532158247476e+02
1.141350871575089201e+02
1.140493770389762034e+02
1.156374606570460344e+02
1.155679098221901739e+02
1.156619584986921438e+02
1.157193018016280774e+02
1.155958128465550914e+02
1.156360659114419462e+02
1.157595280812587220e+02
1.157223930806752321e+02
1.156882822997392992e+02
1.157298379242602664e+02
1.156543746269723556e+02
1.155718414896798265e+02
1.156697587747903100e+02
1.157681298777876009e+02
1.159284554884689555e+02
1.158623476474714664e+02
1.159443368252147479e+02
1.159418844451437707e+02
1.160361477733238615e+02
1.159973115751768091e+02
1.159420233444446211e+02
1.159004096530419474e+02
1.159058533619734277e+02
1.159052321335713032e+02
1.158926966663434683e+02
1.158605090458075324e+02
1.156549559762225954e+02
1.156631997847374294e+02
1.157032965970534093e+02
1.157533045875714492e+02
1.158559877299760643e+02
1.157798165770984156e+02
1.156721894774099013e+02
1.156154246800738861e+02
1.156545139845154040e+02
1.157006176766263366e+02
1.155526261406758550e+02
1.155822257002072178e+02
1.155971238694601624e+02
1.155361146703893951e+02
1.155550748924544706e+02
1.155141660675268156e+02
1.155166974046545363e+02
1.154745190047860177e+02
1.154959211511197879e+02
1.154745919118010846e+02
1.153837952485294807e+02
1.153227788855543565e+02
1.153807211943619961e+02
1.154449648285925889e+02
1.139479945403229664e+02
1.138810779036300858e+02
1.138891684590795990e+02
1.139791935875244633e+02
1.139406905406284807e+02
1.139266561199193717e+02
1.138569411621790408e+02
1.137754448547631227e+02
1.138530326996836806e+02
1.137718186215933400e+02
1.138037080865516941e+02
1.137309529810007547e+02
1.136264826656031062e+02
1.136699973702821325e+02
1.136043740103204129e+02
1.135971680660661747e+02
1.136355541319343700e+02
1.136787772966380601e+02
1.136982304978813829e+02
1.136438644497529253e+02
1.136493177450286254e+02
1.120514299642646279e+02
1.120962859381789940e+02
1.122348643509219386e+02
1.106311442938282994e+02
1.108684950312371740e+02
1.108797393604345984e+02
1.107817804875798942e+02
1.107744383984881296e+02
1.108484622482801996e+02
1.108997370551551285e+02
1.108625685030207251e+02
1.108671836293108157e+02
1.108299036402320468e+02
1.108633278551488388e+02
1.109438702623447881e+02
1.108226387769205274e+02
1.108622337063124377e+02
1.109094562777874700e+02
1.108854779174582319e+02
1.109962317400976701e+02
1.109548956616173996e+02
1.109821989446342201e+02
1.110321077801731349e+02
1.110598674127522116e+02
1.110125670373361260e+02
1.109673964329843159e+02
1.110160200087320277e+02
1.110632227486150043e+02
1.109548729391021311e+02
1.110375133414443525e+02
1.110386970153068944e+02
1.110788642666598207e+02
1.110396649380012661e+02
1.110574341810572321e+02
1.110397650528029203e+02
1.111350349632209173e+02
1.110562964643204253e+02
1.094972791171085049e+02
1.094467646942640613e+02
1.094818383552413081e+02
1.094795257175688903e+02
1.095215698777436444e+02
1.095102655031174095e+02
1.094714819418121294e+02
1.094313343291011051e+02
1.093930177367513750e+02
1.094743975992229963e+02
1.095981967606440577e+02
1.112643241952405901e+02
1.112799657327722400e+02
1.113254160368640839e+02
1.114015985343929174e+02
1.130190526214865372e+02
1.129894197258413868e+02
1.131328358997542409e+02
1.132127944059100457e+02
1.132738354274271728e+02
1.132454475449534641e+02
1.133700037213212681e+02
1.134557919170470797e+02
1.134822806758934206e+02
1.134692047867922469e+02
1.135036608522901389e+02
1.135244146353191894e+02
1.136043075750351221e+02
1.136432822595021577e+02
1.135377041384168706e+02
1.135591932293819326e+02
1.136313249308647642e+02
1.136865642828263105e+02
1.137785655973236629e+02
1.137415071926927510e+02
1.138694559674015210e+02
1.140324594699577574e+02
1.140168919267231615e+02
1.139821527572460553e+02
1.155471834687741222e+02
1.155917821252581916e+02
1.156771780838357699e+02
1.156703692092833080e+02
1.156086432272354472e+02
1.156948160805595052e+02
1.156837971383599353e+02
1.156838402919680249e+02
1.157448631496742166e+02
1.158948632652823534e+02
1.175153294225731884e+02
1.175357662283336992e+02
1.176469139569697120e+02
1.176891558082628819e+02
1.175833774003331769e+02
1.176460546923622559e+02
1.177303832926980789e+02
1.176400459903507567e+02
1.177096000101657012e+02
1.176312453404254796e+02
1.175782144340019784e+02
1.175295074023198367e+02
1.175589160777694957e+02
1.173694514428514992e+02
1.172300100776986795e+02
1.155209096059614353e+02
1.155822880848978684e+02
1.155072436845839547e+02
1.155746940415024397e+02
1.154934170041578483e+02
1.155013228375145786e+02
1.154626856187411050e+02
1.155052618805270157e+02
1.155262343060809940e+02
1.154972370279775333e+02
1.155824732321970600e+02
1.155714839875994215e+02
1.155286316020927018e+02
1.155121339798776603e+02
1.155874528728609363e+02
1.154491863786756767e+02
1.154234862912674657e+02
1.153504458053429289e+02
1.153676051237232798e+02
1.154561636231819222e+02
1.154408599122516534e+02
1.153665047985893608e+02
1.154937662112391763e+02
1.155543447450609591e+02
1.155390486911696399e+02
1.156160452418334899e+02
1.156256559357871510e+02
1.156502598050527695e+02
1.156644447957773991e+02
1.156921053687590870e+02
1.157948545333251076e+02
1.157235643291080294e+02
1.157254222058550681e+02
1.156983298232398738e+02
1.156984081198653627e+02
1.156502851271712871e+02
1.155850043562787732e+02
1.155902412900460519e+02
1.156590157677654105e+02
1.156036081925824135e+02
1.156878647373640518e+02
1.156904953366423854e+02
1.156479165305359089e+02
1.156881286936442308e+02
1.156262641961279343e+02
1.156280254392662954e+02
1.155685093566848423e+02
1.156753510238276306e+02
1.157540393353811652e+02
1.174970908859695413e+02
1.174400515107055867e+02
1.175164381126857904e+02
1.175186941177054791e+02
1.175217048302743450e+02
1.176033040365808091e+02
1.175062971639378731e+02
1.175939696866115014e+02
1.176583026365836702e+02
1.176645971483349626e+02
1.177405573874280407e+02
1.177413484996525881e+02
1.177689378284764672e+02
1.178443800152012528e+02
1.178298115979766436e+02
1.178899020641818112e+02
1.178930017876983811e+02
1.179053739752622505e+02
1.178397522455672117e+02
1.178432536411199720e+02
1.179182222038513999e+02
1.178736457724244957e+02
1.178245368218652516e+02
1.177213668466849299e+02
1.178143827799004839e+02
1.177246869575395181e+02
1.177294537686470903e+02
1.178102108348451793e+02
1.177104524527137102e+02
1.177180382189178260e+02
1.176563819632409462e+02
1.177281009959359039e+02
1.161096008781009061e+02
1.160834175479583195e+02
1.161043665472677873e+02
1.161869097543722944e+02
1.161069596478628796e+02
1.160093510328713222e+02
1.158890644222380786e+02
1.159101828843716930e+02
1.158614257896390711e+02
1.158437034718905494e+02
