1.988000000000000000e+03
3.586000000000000000e+03
5.689000000000000000e+03
8.088000000000000000e+03
1.015300000000000000e+04
1.226600000000000000e+04
1.430500000000000000e+04
1.546600000000000000e+04
1.842200000000000000e+04
2.046200000000000000e+04
2.228200000000000000e+04
2.457400000000000000e+04
2.662000000000000000e+04
2.865600000000000000e+04
2.985000000000000000e+04
3.198700000000000000e+04
3.460400000000000000e+04
3.686400000000000000e+04
3.890400000000000000e+04
4.070400000000000000e+04
4.300300000000000000e+04
4.461500000000000000e+04
4.707500000000000000e+04
4.848800000000000000e+04
5.026600000000000000e+04
5.323100000000000000e+04
5.527600000000000000e+04
5.649300000000000000e+04
5.934500000000000000e+04
6.143300000000000000e+04
6.342200000000000000e+04
6.474500000000000000e+04
6.753700000000000000e+04
6.906200000000000000e+04
7.166200000000000000e+04
7.322700000000000000e+04
7.572300000000000000e+04
7.777400000000000000e+04
7.983500000000000000e+04
8.190700000000000000e+04
8.370400000000000000e+04
8.555600000000000000e+04
8.803200000000000000e+04
9.003200000000000000e+04
9.214200000000000000e+04
9.417200000000000000e+04
9.619500000000000000e+04
9.764900000000000000e+04
1.002200000000000000e+05
1.023850000000000000e+05
1.044140000000000000e+05
1.062960000000000000e+05
1.085340000000000000e+05
1.105830000000000000e+05
1.125340000000000000e+05
1.144540000000000000e+05
1.167140000000000000e+05
1.181190000000000000e+05
1.207850000000000000e+05
1.223990000000000000e+05
1.248560000000000000e+05
1.264480000000000000e+05
1.289120000000000000e+05
1.300990000000000000e+05
1.330150000000000000e+05
1.351410000000000000e+05
1.370800000000000000e+05
1.391740000000000000e+05
1.412490000000000000e+05
1.433060000000000000e+05
1.448040000000000000e+05
1.474260000000000000e+05
1.494780000000000000e+05
1.511940000000000000e+05
1.535920000000000000e+05
1.556210000000000000e+05
1.576770000000000000e+05
1.597280000000000000e+05
1.617900000000000000e+05
1.638110000000000000e+05
1.658730000000000000e+05
1.678490000000000000e+05
1.697220000000000000e+05
1.719400000000000000e+05
1.740800000000000000e+05
1.757580000000000000e+05
1.781410000000000000e+05
1.802240000000000000e+05
1.820760000000000000e+05
1.836010000000000000e+05
1.859130000000000000e+05
1.878600000000000000e+05
1.904290000000000000e+05
1.924740000000000000e+05
1.945410000000000000e+05
1.962250000000000000e+05
1.986290000000000000e+05
2.000000000000000000e+05
2.021280000000000000e+05
2.047880000000000000e+05
2.068400000000000000e+05
2.087210000000000000e+05
2.099730000000000000e+05
2.129580000000000000e+05
2.150010000000000000e+05
2.169240000000000000e+05
2.184870000000000000e+05
2.210630000000000000e+05
2.231550000000000000e+05
2.247810000000000000e+05
2.272870000000000000e+05
2.293160000000000000e+05
2.312650000000000000e+05
2.334270000000000000e+05
2.355010000000000000e+05
2.368390000000000000e+05
2.395910000000000000e+05
2.410370000000000000e+05
2.436850000000000000e+05
2.457100000000000000e+05
2.477940000000000000e+05
2.498320000000000000e+05
2.514650000000000000e+05
2.539420000000000000e+05
2.550890000000000000e+05
2.574030000000000000e+05
2.594230000000000000e+05
2.621150000000000000e+05
2.641760000000000000e+05
2.661950000000000000e+05
2.679700000000000000e+05
2.703070000000000000e+05
2.720370000000000000e+05
2.744110000000000000e+05
2.764540000000000000e+05
2.781860000000000000e+05
2.804940000000000000e+05
2.816630000000000000e+05
2.841480000000000000e+05
2.866670000000000000e+05
2.879630000000000000e+05
2.905270000000000000e+05
2.928470000000000000e+05
2.944210000000000000e+05
2.967930000000000000e+05
2.988450000000000000e+05
3.004270000000000000e+05
3.029650000000000000e+05
3.050910000000000000e+05
3.071830000000000000e+05
3.091060000000000000e+05
3.112860000000000000e+05
3.124520000000000000e+05
3.152700000000000000e+05
3.173400000000000000e+05
3.194480000000000000e+05
3.210280000000000000e+05
3.230630000000000000e+05
3.253250000000000000e+05
3.274880000000000000e+05
3.294940000000000000e+05
3.317400000000000000e+05
3.338130000000000000e+05
3.356640000000000000e+05
3.378660000000000000e+05
3.399310000000000000e+05
3.414010000000000000e+05
3.440410000000000000e+05
3.455500000000000000e+05
3.477880000000000000e+05
3.500630000000000000e+05
3.517040000000000000e+05
3.541820000000000000e+05
3.563360000000000000e+05
3.578800000000000000e+05
3.604260000000000000e+05
3.624760000000000000e+05
3.645170000000000000e+05
3.664080000000000000e+05
3.682110000000000000e+05
3.703640000000000000e+05
3.722350000000000000e+05
3.744650000000000000e+05
3.762710000000000000e+05
3.783520000000000000e+05
3.806670000000000000e+05
3.822830000000000000e+05
3.842850000000000000e+05
3.865480000000000000e+05
3.884330000000000000e+05
3.909840000000000000e+05
3.932000000000000000e+05
3.945740000000000000e+05
3.971350000000000000e+05
3.992190000000000000e+05
4.012660000000000000e+05
4.032920000000000000e+05
4.053380000000000000e+05
4.071770000000000000e+05
4.095450000000000000e+05
4.115410000000000000e+05
4.132780000000000000e+05
4.147660000000000000e+05
4.176910000000000000e+05
4.197660000000000000e+05
4.209440000000000000e+05
4.235220000000000000e+05
4.259590000000000000e+05
4.277530000000000000e+05
4.300580000000000000e+05
4.317380000000000000e+05
4.338060000000000000e+05
4.355600000000000000e+05
4.381920000000000000e+05
4.402870000000000000e+05
4.423610000000000000e+05
4.443600000000000000e+05
4.463600000000000000e+05
4.484830000000000000e+05
4.505500000000000000e+05
4.525920000000000000e+05
4.545790000000000000e+05
4.564340000000000000e+05
4.579800000000000000e+05
4.607370000000000000e+05
4.622680000000000000e+05
4.648650000000000000e+05
4.668640000000000000e+05
4.688990000000000000e+05
4.704250000000000000e+05
4.721740000000000000e+05
4.750780000000000000e+05
4.763090000000000000e+05
4.790810000000000000e+05
4.809930000000000000e+05
4.823880000000000000e+05
4.853120000000000000e+05
4.867760000000000000e+05
4.885530000000000000e+05
4.905280000000000000e+05
4.928890000000000000e+05
4.954580000000000000e+05
4.967610000000000000e+05
4.996250000000000000e+05
5.016780000000000000e+05
5.036780000000000000e+05
5.050780000000000000e+05
5.070780000000000000e+05
5.093690000000000000e+05
5.115100000000000000e+05
5.133360000000000000e+05
5.160320000000000000e+05
5.171690000000000000e+05
5.201690000000000000e+05
5.217600000000000000e+05
5.241940000000000000e+05
5.262720000000000000e+05
5.283680000000000000e+05
5.302760000000000000e+05
5.316160000000000000e+05
5.340450000000000000e+05
5.361370000000000000e+05
5.383420000000000000e+05
5.401780000000000000e+05
5.418030000000000000e+05
5.442010000000000000e+05
5.463030000000000000e+05
5.479320000000000000e+05
5.499270000000000000e+05
5.521730000000000000e+05
5.540440000000000000e+05
5.569530000000000000e+05
5.585570000000000000e+05
5.610420000000000000e+05
5.630700000000000000e+05
5.651040000000000000e+05
5.670920000000000000e+05
5.690420000000000000e+05
5.712970000000000000e+05
5.729540000000000000e+05
5.754490000000000000e+05
5.772540000000000000e+05
5.794900000000000000e+05
5.815370000000000000e+05
5.830040000000000000e+05
5.856050000000000000e+05
5.876050000000000000e+05
5.894070000000000000e+05
5.918470000000000000e+05
5.932630000000000000e+05
5.953020000000000000e+05
5.979060000000000000e+05
6.000510000000000000e+05
6.016500000000000000e+05
6.040850000000000000e+05
6.053350000000000000e+05
6.081120000000000000e+05
6.095460000000000000e+05
6.117470000000000000e+05
6.140420000000000000e+05
6.158810000000000000e+05
6.183180000000000000e+05
6.203180000000000000e+05
6.224570000000000000e+05
6.243810000000000000e+05
6.258770000000000000e+05
6.283320000000000000e+05
6.304670000000000000e+05
6.325820000000000000e+05
6.344860000000000000e+05
6.368280000000000000e+05
6.389150000000000000e+05
6.405510000000000000e+05
6.429800000000000000e+05
6.448210000000000000e+05
6.469100000000000000e+05
6.491510000000000000e+05
6.512190000000000000e+05
6.526980000000000000e+05
6.551120000000000000e+05
6.569200000000000000e+05
6.587600000000000000e+05
6.613260000000000000e+05
6.630150000000000000e+05
6.647730000000000000e+05
6.671300000000000000e+05
6.695260000000000000e+05
6.707530000000000000e+05
6.732210000000000000e+05
6.749860000000000000e+05
6.770340000000000000e+05
6.796910000000000000e+05
6.811540000000000000e+05
6.840130000000000000e+05
6.855310000000000000e+05
6.876030000000000000e+05
6.899550000000000000e+05
6.913430000000000000e+05
6.941800000000000000e+05
6.957450000000000000e+05
6.983160000000000000e+05
7.003980000000000000e+05
7.019830000000000000e+05
7.041130000000000000e+05
7.064310000000000000e+05
7.082730000000000000e+05
7.097980000000000000e+05
7.123530000000000000e+05
7.144460000000000000e+05
7.159820000000000000e+05
7.187750000000000000e+05
7.207750000000000000e+05
7.226500000000000000e+05
7.248110000000000000e+05
7.268930000000000000e+05
7.285460000000000000e+05
7.309560000000000000e+05
7.327560000000000000e+05
7.352130000000000000e+05
7.363050000000000000e+05
7.388790000000000000e+05
7.413180000000000000e+05
7.428300000000000000e+05
7.454040000000000000e+05
7.474990000000000000e+05
7.491040000000000000e+05
7.509980000000000000e+05
7.533580000000000000e+05
7.554890000000000000e+05
7.569140000000000000e+05
7.594330000000000000e+05
7.616870000000000000e+05
7.629880000000000000e+05
7.652640000000000000e+05
7.673940000000000000e+05
7.698380000000000000e+05
7.719740000000000000e+05
7.739120000000000000e+05
7.752960000000000000e+05
7.779080000000000000e+05
7.793890000000000000e+05
7.817870000000000000e+05
7.840370000000000000e+05
7.860890000000000000e+05
7.882780000000000000e+05
7.904600000000000000e+05
7.924030000000000000e+05
7.945910000000000000e+05
7.960740000000000000e+05
7.980740000000000000e+05
7.998970000000000000e+05
8.023110000000000000e+05
8.041720000000000000e+05
8.061720000000000000e+05
8.088120000000000000e+05
8.107700000000000000e+05
8.124160000000000000e+05
8.144260000000000000e+05
8.170840000000000000e+05
8.191700000000000000e+05
8.211490000000000000e+05
8.224330000000000000e+05
8.244330000000000000e+05
8.273700000000000000e+05
8.292080000000000000e+05
8.311210000000000000e+05
8.329280000000000000e+05
8.350060000000000000e+05
8.374160000000000000e+05
8.396750000000000000e+05
8.407390000000000000e+05
8.437390000000000000e+05
8.457960000000000000e+05
8.470510000000000000e+05
8.497190000000000000e+05
8.513430000000000000e+05
8.538260000000000000e+05
8.552440000000000000e+05
8.579070000000000000e+05
8.593110000000000000e+05
8.617860000000000000e+05
8.642500000000000000e+05
8.654490000000000000e+05
8.682320000000000000e+05
8.696580000000000000e+05
8.722920000000000000e+05
8.740470000000000000e+05
8.757140000000000000e+05
8.780840000000000000e+05
8.803650000000000000e+05
8.826320000000000000e+05
8.837890000000000000e+05
8.857890000000000000e+05
8.887990000000000000e+05
8.907990000000000000e+05
8.924040000000000000e+05
8.944040000000000000e+05
8.966840000000000000e+05
8.989050000000000000e+05
9.008520000000000000e+05
9.029310000000000000e+05
9.049120000000000000e+05
9.070980000000000000e+05
9.090010000000000000e+05
9.113340000000000000e+05
9.125120000000000000e+05
9.154170000000000000e+05
9.167260000000000000e+05
9.185560000000000000e+05
9.209840000000000000e+05
9.235190000000000000e+05
9.255190000000000000e+05
9.277280000000000000e+05
9.290510000000000000e+05
9.310510000000000000e+05
9.338400000000000000e+05
9.350980000000000000e+05
9.374760000000000000e+05
9.395390000000000000e+05
9.420800000000000000e+05
9.441130000000000000e+05
9.461350000000000000e+05
9.479010000000000000e+05
9.502240000000000000e+05
9.522240000000000000e+05
9.540440000000000000e+05
9.564050000000000000e+05
9.582150000000000000e+05
9.602150000000000000e+05
9.618690000000000000e+05
9.645680000000000000e+05
9.664170000000000000e+05
9.684920000000000000e+05
9.704920000000000000e+05
9.723650000000000000e+05
9.748420000000000000e+05
9.768810000000000000e+05
9.787340000000000000e+05
9.808340000000000000e+05
9.829360000000000000e+05
9.843080000000000000e+05
9.866410000000000000e+05
9.887670000000000000e+05
9.908150000000000000e+05
9.932160000000000000e+05
9.952160000000000000e+05
9.969240000000000000e+05
9.991240000000000000e+05
1.001124000000000000e+06
1.003499000000000000e+06
1.005499000000000000e+06
1.007606000000000000e+06
1.009529000000000000e+06
1.011548000000000000e+06
1.013049000000000000e+06
1.015049000000000000e+06
1.017049000000000000e+06
1.019568000000000000e+06
1.021859000000000000e+06
1.023613000000000000e+06
1.025379000000000000e+06
1.027680000000000000e+06
1.029898000000000000e+06
1.031942000000000000e+06
1.033942000000000000e+06
1.036002000000000000e+06
1.038066000000000000e+06
1.039529000000000000e+06
1.041519000000000000e+06
1.043870000000000000e+06
1.046101000000000000e+06
1.047880000000000000e+06
1.049880000000000000e+06
1.052420000000000000e+06
1.054420000000000000e+06
1.056036000000000000e+06
1.058253000000000000e+06
1.060680000000000000e+06
1.062839000000000000e+06
1.064382000000000000e+06
1.066382000000000000e+06
1.068230000000000000e+06
1.070251000000000000e+06
1.072494000000000000e+06
1.074715000000000000e+06
1.076755000000000000e+06
1.079179000000000000e+06
1.081179000000000000e+06
1.082437000000000000e+06
1.085437000000000000e+06
1.087077000000000000e+06
1.088629000000000000e+06
1.091097000000000000e+06
1.093324000000000000e+06
1.095336000000000000e+06
1.097147000000000000e+06
1.099600000000000000e+06
1.101541000000000000e+06
1.103849000000000000e+06
1.105849000000000000e+06
1.107293000000000000e+06
1.109293000000000000e+06
1.111293000000000000e+06
1.114067000000000000e+06
1.115926000000000000e+06
1.117466000000000000e+06
1.120247000000000000e+06
1.121493000000000000e+06
1.123464000000000000e+06
1.125675000000000000e+06
1.127862000000000000e+06
1.130280000000000000e+06
1.132280000000000000e+06
1.134224000000000000e+06
1.136427000000000000e+06
1.138410000000000000e+06
1.140410000000000000e+06
1.142125000000000000e+06
1.144064000000000000e+06
1.146767000000000000e+06
1.148549000000000000e+06
1.150371000000000000e+06
1.152371000000000000e+06
1.154495000000000000e+06
1.156830000000000000e+06
1.158830000000000000e+06
1.160830000000000000e+06
1.163221000000000000e+06
1.164684000000000000e+06
1.167006000000000000e+06
1.169006000000000000e+06
1.170487000000000000e+06
1.172732000000000000e+06
1.175060000000000000e+06
1.176679000000000000e+06
1.179303000000000000e+06
1.181345000000000000e+06
1.183511000000000000e+06
1.184910000000000000e+06
1.187731000000000000e+06
1.188991000000000000e+06
1.191174000000000000e+06
1.193639000000000000e+06
1.195254000000000000e+06
1.197254000000000000e+06
1.199199000000000000e+06
1.201932000000000000e+06
1.203932000000000000e+06
1.205901000000000000e+06
1.208297000000000000e+06
1.209768000000000000e+06
1.211768000000000000e+06
1.214142000000000000e+06
1.215638000000000000e+06
1.218550000000000000e+06
1.219958000000000000e+06
1.222545000000000000e+06
1.224234000000000000e+06
1.226234000000000000e+06
1.228234000000000000e+06
1.230440000000000000e+06
1.232238000000000000e+06
1.234601000000000000e+06
1.236952000000000000e+06
1.238941000000000000e+06
1.240941000000000000e+06
1.242539000000000000e+06
1.244416000000000000e+06
1.246416000000000000e+06
1.248936000000000000e+06
1.250506000000000000e+06
1.252843000000000000e+06
1.254840000000000000e+06
1.257115000000000000e+06
1.259115000000000000e+06
1.261209000000000000e+06
1.263565000000000000e+06
1.264853000000000000e+06
1.267481000000000000e+06
1.269481000000000000e+06
1.271481000000000000e+06
1.273742000000000000e+06
1.275065000000000000e+06
1.277106000000000000e+06
1.279756000000000000e+06
1.281467000000000000e+06
1.283991000000000000e+06
1.286135000000000000e+06
1.287626000000000000e+06
1.289626000000000000e+06
1.291416000000000000e+06
1.293482000000000000e+06
1.295615000000000000e+06
1.297615000000000000e+06
1.300038000000000000e+06
1.302026000000000000e+06
1.304243000000000000e+06
1.306243000000000000e+06
1.308590000000000000e+06
1.310314000000000000e+06
1.312314000000000000e+06
1.314433000000000000e+06
1.315978000000000000e+06
1.318217000000000000e+06
1.320217000000000000e+06
1.322467000000000000e+06
1.324467000000000000e+06
1.326467000000000000e+06
1.328761000000000000e+06
1.330395000000000000e+06
1.332608000000000000e+06
1.335017000000000000e+06
1.336822000000000000e+06
1.338616000000000000e+06
1.341382000000000000e+06
1.343240000000000000e+06
1.344630000000000000e+06
1.346630000000000000e+06
1.349630000000000000e+06
1.351430000000000000e+06
1.353638000000000000e+06
1.355612000000000000e+06
1.357612000000000000e+06
1.359824000000000000e+06
1.361388000000000000e+06
1.363577000000000000e+06
1.365684000000000000e+06
1.367201000000000000e+06
1.369848000000000000e+06
1.371971000000000000e+06
1.373478000000000000e+06
1.375920000000000000e+06
1.377701000000000000e+06
1.380249000000000000e+06
1.381899000000000000e+06
1.383899000000000000e+06
1.386257000000000000e+06
1.388478000000000000e+06
1.389814000000000000e+06
1.392116000000000000e+06
1.394445000000000000e+06
1.396624000000000000e+06
1.398250000000000000e+06
1.400101000000000000e+06
1.402101000000000000e+06
1.404474000000000000e+06
1.406717000000000000e+06
1.408659000000000000e+06
1.410108000000000000e+06
1.412967000000000000e+06
1.414967000000000000e+06
1.416983000000000000e+06
1.419075000000000000e+06
1.420714000000000000e+06
1.422714000000000000e+06
1.424559000000000000e+06
1.426658000000000000e+06
1.429028000000000000e+06
1.431167000000000000e+06
1.433274000000000000e+06
1.435201000000000000e+06
1.437201000000000000e+06
1.439341000000000000e+06
1.441582000000000000e+06
1.442932000000000000e+06
1.445792000000000000e+06
1.447096000000000000e+06
1.449012000000000000e+06
1.452012000000000000e+06
1.453637000000000000e+06
1.455448000000000000e+06
1.457448000000000000e+06
1.460095000000000000e+06
1.461365000000000000e+06
1.463425000000000000e+06
1.466008000000000000e+06
1.468069000000000000e+06
1.470334000000000000e+06
1.471620000000000000e+06
1.473620000000000000e+06
1.476344000000000000e+06
1.478595000000000000e+06
1.480060000000000000e+06
1.482095000000000000e+06
1.484721000000000000e+06
1.486731000000000000e+06
1.488632000000000000e+06
1.490231000000000000e+06
1.492810000000000000e+06
1.494844000000000000e+06
1.496879000000000000e+06
1.498516000000000000e+06
1.500516000000000000e+06
1.502763000000000000e+06
1.504650000000000000e+06
1.507040000000000000e+06
1.508683000000000000e+06
1.510955000000000000e+06
1.512955000000000000e+06
1.515479000000000000e+06
1.517479000000000000e+06
1.519417000000000000e+06
1.520849000000000000e+06
1.523344000000000000e+06
1.525009000000000000e+06
1.527270000000000000e+06
1.529336000000000000e+06
1.531846000000000000e+06
1.533397000000000000e+06
1.535397000000000000e+06
1.537542000000000000e+06
1.539493000000000000e+06
1.541169000000000000e+06
1.544097000000000000e+06
1.546068000000000000e+06
1.548068000000000000e+06
1.550297000000000000e+06
1.552369000000000000e+06
1.553449000000000000e+06
1.556364000000000000e+06
1.558484000000000000e+06
1.560484000000000000e+06
1.562596000000000000e+06
1.563942000000000000e+06
1.565828000000000000e+06
1.568435000000000000e+06
1.570320000000000000e+06
1.572196000000000000e+06
1.574652000000000000e+06
1.576652000000000000e+06
1.578652000000000000e+06
1.580742000000000000e+06
1.582817000000000000e+06
1.584609000000000000e+06
1.586359000000000000e+06
1.588303000000000000e+06
1.590814000000000000e+06
1.593029000000000000e+06
1.594943000000000000e+06
1.597171000000000000e+06
1.599100000000000000e+06
1.600980000000000000e+06
1.602725000000000000e+06
1.604864000000000000e+06
1.607515000000000000e+06
1.609171000000000000e+06
1.611382000000000000e+06
1.613088000000000000e+06
1.615088000000000000e+06
1.617088000000000000e+06
1.619088000000000000e+06
1.621272000000000000e+06
1.623272000000000000e+06
1.625272000000000000e+06
1.627346000000000000e+06
1.629346000000000000e+06
1.631346000000000000e+06
1.633887000000000000e+06
1.635887000000000000e+06
1.637887000000000000e+06
1.639734000000000000e+06
1.642234000000000000e+06
1.643939000000000000e+06
1.646121000000000000e+06
1.647736000000000000e+06
1.649736000000000000e+06
1.652663000000000000e+06
1.654663000000000000e+06
1.656287000000000000e+06
1.658296000000000000e+06
1.660296000000000000e+06
1.662046000000000000e+06
1.664927000000000000e+06
1.666874000000000000e+06
1.668219000000000000e+06
1.670536000000000000e+06
1.672357000000000000e+06
1.674357000000000000e+06
1.676878000000000000e+06
1.678700000000000000e+06
1.680700000000000000e+06
1.682736000000000000e+06
1.684577000000000000e+06
1.687432000000000000e+06
1.689307000000000000e+06
1.691306000000000000e+06
1.693501000000000000e+06
1.694981000000000000e+06
1.697294000000000000e+06
1.699569000000000000e+06
1.701171000000000000e+06
1.703606000000000000e+06
1.705274000000000000e+06
1.707199000000000000e+06
1.709199000000000000e+06
1.711892000000000000e+06
1.713341000000000000e+06
1.715283000000000000e+06
1.717934000000000000e+06
1.720270000000000000e+06
1.722269000000000000e+06
1.724310000000000000e+06
1.726158000000000000e+06
1.727786000000000000e+06
1.729842000000000000e+06
1.732374000000000000e+06
1.734209000000000000e+06
1.736209000000000000e+06
1.737829000000000000e+06
1.739829000000000000e+06
1.742543000000000000e+06
1.744647000000000000e+06
1.746533000000000000e+06
1.748185000000000000e+06
1.750812000000000000e+06
1.752812000000000000e+06
1.754740000000000000e+06
1.757050000000000000e+06
1.759167000000000000e+06
1.760983000000000000e+06
1.762983000000000000e+06
1.765127000000000000e+06
1.766647000000000000e+06
1.768647000000000000e+06
1.771199000000000000e+06
1.772795000000000000e+06
1.774795000000000000e+06
1.777458000000000000e+06
1.779498000000000000e+06
1.781498000000000000e+06
1.782969000000000000e+06
1.785393000000000000e+06
1.787714000000000000e+06
1.789714000000000000e+06
1.791504000000000000e+06
1.793131000000000000e+06
1.795131000000000000e+06
1.798131000000000000e+06
1.799410000000000000e+06
1.801755000000000000e+06
1.803564000000000000e+06
1.806069000000000000e+06
1.808279000000000000e+06
1.809451000000000000e+06
1.812473000000000000e+06
1.814342000000000000e+06
1.816225000000000000e+06
1.817897000000000000e+06
1.820008000000000000e+06
1.822008000000000000e+06
1.824104000000000000e+06
1.826104000000000000e+06
1.828142000000000000e+06
1.830142000000000000e+06
1.832142000000000000e+06
1.834015000000000000e+06
1.836349000000000000e+06
1.838604000000000000e+06
1.840408000000000000e+06
1.842579000000000000e+06
1.844579000000000000e+06
1.846958000000000000e+06
1.848440000000000000e+06
1.850440000000000000e+06
1.852492000000000000e+06
1.854492000000000000e+06
1.856973000000000000e+06
1.858973000000000000e+06
1.861407000000000000e+06
1.863622000000000000e+06
1.865610000000000000e+06
1.867610000000000000e+06
1.869465000000000000e+06
1.871862000000000000e+06
1.873002000000000000e+06
1.875002000000000000e+06
1.878002000000000000e+06
1.879176000000000000e+06
1.881335000000000000e+06
1.883578000000000000e+06
1.885367000000000000e+06
1.887806000000000000e+06
1.889806000000000000e+06
1.892059000000000000e+06
1.894094000000000000e+06
1.896094000000000000e+06
1.898094000000000000e+06
1.900140000000000000e+06
1.902140000000000000e+06
1.904434000000000000e+06
1.906681000000000000e+06
1.908068000000000000e+06
1.910068000000000000e+06
1.912068000000000000e+06
1.914593000000000000e+06
1.916593000000000000e+06
1.918593000000000000e+06
1.920593000000000000e+06
1.922935000000000000e+06
1.924935000000000000e+06
1.926560000000000000e+06
1.928374000000000000e+06
1.930810000000000000e+06
1.932778000000000000e+06
1.935206000000000000e+06
1.937206000000000000e+06
1.939206000000000000e+06
1.941206000000000000e+06
1.943384000000000000e+06
1.944801000000000000e+06
1.947536000000000000e+06
1.949536000000000000e+06
1.951536000000000000e+06
1.953536000000000000e+06
1.955833000000000000e+06
1.957736000000000000e+06
1.959540000000000000e+06
1.961031000000000000e+06
1.964031000000000000e+06
1.965414000000000000e+06
1.967414000000000000e+06
1.969414000000000000e+06
1.971414000000000000e+06
1.973657000000000000e+06
1.975586000000000000e+06
1.977707000000000000e+06
1.980309000000000000e+06
1.981975000000000000e+06
1.984357000000000000e+06
1.985902000000000000e+06
1.987995000000000000e+06
1.990266000000000000e+06
1.992266000000000000e+06
1.994461000000000000e+06
1.996021000000000000e+06
1.998021000000000000e+06
2.000764000000000000e+06
