2.046000000000000000e+03
4.007000000000000000e+03
6.092000000000000000e+03
8.107000000000000000e+03
1.019300000000000000e+04
1.227700000000000000e+04
1.335800000000000000e+04
1.587300000000000000e+04
1.839200000000000000e+04
2.036300000000000000e+04
2.167700000000000000e+04
2.456200000000000000e+04
2.654200000000000000e+04
2.771400000000000000e+04
3.072000000000000000e+04
3.270700000000000000e+04
3.477300000000000000e+04
3.685100000000000000e+04
3.829600000000000000e+04
4.091000000000000000e+04
4.269300000000000000e+04
4.497600000000000000e+04
4.706200000000000000e+04
4.892800000000000000e+04
5.023500000000000000e+04
5.272200000000000000e+04
5.528700000000000000e+04
5.663700000000000000e+04
5.873100000000000000e+04
6.140900000000000000e+04
6.348300000000000000e+04
6.545100000000000000e+04
6.757100000000000000e+04
6.878700000000000000e+04
7.160000000000000000e+04
7.364400000000000000e+04
7.577400000000000000e+04
7.776700000000000000e+04
7.984300000000000000e+04
8.189800000000000000e+04
8.394300000000000000e+04
8.601600000000000000e+04
8.801900000000000000e+04
9.010100000000000000e+04
9.140000000000000000e+04
9.417000000000000000e+04
9.624600000000000000e+04
9.781600000000000000e+04
1.003520000000000000e+05
1.023500000000000000e+05
1.039500000000000000e+05
1.064520000000000000e+05
1.084800000000000000e+05
1.105420000000000000e+05
1.120650000000000000e+05
1.144950000000000000e+05
1.167320000000000000e+05
1.187680000000000000e+05
1.208150000000000000e+05
1.228630000000000000e+05
1.249110000000000000e+05
1.268280000000000000e+05
1.289750000000000000e+05
1.310110000000000000e+05
1.331170000000000000e+05
1.351340000000000000e+05
1.371080000000000000e+05
1.391680000000000000e+05
1.412890000000000000e+05
1.425910000000000000e+05
1.454010000000000000e+05
1.468190000000000000e+05
1.493770000000000000e+05
1.510800000000000000e+05
1.535700000000000000e+05
1.552770000000000000e+05
1.576360000000000000e+05
1.595710000000000000e+05
1.612440000000000000e+05
1.638320000000000000e+05
1.658690000000000000e+05
1.678460000000000000e+05
1.699520000000000000e+05
1.720030000000000000e+05
1.735000000000000000e+05
1.761030000000000000e+05
1.779700000000000000e+05
1.802180000000000000e+05
1.816960000000000000e+05
1.840530000000000000e+05
1.863220000000000000e+05
1.881090000000000000e+05
1.901000000000000000e+05
1.922700000000000000e+05
1.943830000000000000e+05
1.960960000000000000e+05
1.985410000000000000e+05
2.000490000000000000e+05
2.023430000000000000e+05
2.047400000000000000e+05
2.066060000000000000e+05
2.088810000000000000e+05
2.109370000000000000e+05
2.129910000000000000e+05
2.141520000000000000e+05
2.164300000000000000e+05
2.190210000000000000e+05
2.203060000000000000e+05
2.230970000000000000e+05
2.252530000000000000e+05
2.266880000000000000e+05
2.291620000000000000e+05
2.311620000000000000e+05
2.325970000000000000e+05
2.355080000000000000e+05
2.372970000000000000e+05
2.395120000000000000e+05
2.414910000000000000e+05
2.435890000000000000e+05
2.451490000000000000e+05
2.477980000000000000e+05
2.491540000000000000e+05
2.517350000000000000e+05
2.532690000000000000e+05
2.557390000000000000e+05
2.575800000000000000e+05
2.600170000000000000e+05
2.613490000000000000e+05
2.634060000000000000e+05
2.660220000000000000e+05
2.679730000000000000e+05
2.701950000000000000e+05
2.723560000000000000e+05
2.742130000000000000e+05
2.760740000000000000e+05
2.781420000000000000e+05
2.802930000000000000e+05
2.822930000000000000e+05
2.842360000000000000e+05
2.865580000000000000e+05
2.878640000000000000e+05
2.905090000000000000e+05
2.928590000000000000e+05
2.940590000000000000e+05
2.968350000000000000e+05
2.986200000000000000e+05
3.003860000000000000e+05
3.027560000000000000e+05
3.041700000000000000e+05
3.068090000000000000e+05
3.084520000000000000e+05
3.103890000000000000e+05
3.123890000000000000e+05
3.146130000000000000e+05
3.173460000000000000e+05
3.192700000000000000e+05
3.211730000000000000e+05
3.226180000000000000e+05
3.251630000000000000e+05
3.274000000000000000e+05
3.287560000000000000e+05
3.314420000000000000e+05
3.335260000000000000e+05
3.350120000000000000e+05
3.369890000000000000e+05
3.398550000000000000e+05
3.410310000000000000e+05
3.437270000000000000e+05
3.458150000000000000e+05
3.480420000000000000e+05
3.499650000000000000e+05
3.520990000000000000e+05
3.536660000000000000e+05
3.561910000000000000e+05
3.579090000000000000e+05
3.602440000000000000e+05
3.616630000000000000e+05
3.644210000000000000e+05
3.656210000000000000e+05
3.682920000000000000e+05
3.703170000000000000e+05
3.724940000000000000e+05
3.747280000000000000e+05
3.765000000000000000e+05
3.787820000000000000e+05
3.799710000000000000e+05
3.829260000000000000e+05
3.844490000000000000e+05
3.869290000000000000e+05
3.889800000000000000e+05
3.910310000000000000e+05
3.931810000000000000e+05
3.949530000000000000e+05
3.972560000000000000e+05
3.992210000000000000e+05
4.014010000000000000e+05
4.028210000000000000e+05
4.053800000000000000e+05
4.066160000000000000e+05
4.095010000000000000e+05
4.114090000000000000e+05
4.135740000000000000e+05
4.156770000000000000e+05
4.176790000000000000e+05
4.196800000000000000e+05
4.210230000000000000e+05
4.233610000000000000e+05
4.256480000000000000e+05
4.280000000000000000e+05
4.295150000000000000e+05
4.315970000000000000e+05
4.335740000000000000e+05
4.355740000000000000e+05
4.380090000000000000e+05
4.402690000000000000e+05
4.417910000000000000e+05
4.440170000000000000e+05
4.463270000000000000e+05
4.484030000000000000e+05
4.505420000000000000e+05
4.518810000000000000e+05
4.540370000000000000e+05
4.559740000000000000e+05
4.585600000000000000e+05
4.606790000000000000e+05
4.624080000000000000e+05
4.639720000000000000e+05
4.659720000000000000e+05
4.680150000000000000e+05
4.703350000000000000e+05
4.729550000000000000e+05
4.750320000000000000e+05
4.764940000000000000e+05
4.787140000000000000e+05
4.807140000000000000e+05
4.831810000000000000e+05
4.852980000000000000e+05
4.869720000000000000e+05
4.891700000000000000e+05
4.914580000000000000e+05
4.931450000000000000e+05
4.946380000000000000e+05
4.969010000000000000e+05
4.989220000000000000e+05
5.016940000000000000e+05
5.036940000000000000e+05
5.051250000000000000e+05
5.077590000000000000e+05
5.089790000000000000e+05
5.116220000000000000e+05
5.135720000000000000e+05
5.156910000000000000e+05
5.177320000000000000e+05
5.198440000000000000e+05
5.216300000000000000e+05
5.240410000000000000e+05
5.261860000000000000e+05
5.281210000000000000e+05
5.296500000000000000e+05
5.321440000000000000e+05
5.342750000000000000e+05
5.364470000000000000e+05
5.377290000000000000e+05
5.404670000000000000e+05
5.427160000000000000e+05
5.447160000000000000e+05
5.458560000000000000e+05
5.487250000000000000e+05
5.501700000000000000e+05
5.527570000000000000e+05
5.547570000000000000e+05
5.567980000000000000e+05
5.585820000000000000e+05
5.605820000000000000e+05
5.630170000000000000e+05
5.649070000000000000e+05
5.669070000000000000e+05
5.685080000000000000e+05
5.710110000000000000e+05
5.728260000000000000e+05
5.754520000000000000e+05
5.774870000000000000e+05
5.795740000000000000e+05
5.813970000000000000e+05
5.827760000000000000e+05
5.854530000000000000e+05
5.871210000000000000e+05
5.897360000000000000e+05
5.917740000000000000e+05
5.937740000000000000e+05
5.949970000000000000e+05
5.971060000000000000e+05
5.998750000000000000e+05
6.018690000000000000e+05
6.036500000000000000e+05
6.056470000000000000e+05
6.079120000000000000e+05
6.095270000000000000e+05
6.120900000000000000e+05
6.139620000000000000e+05
6.163440000000000000e+05
6.181570000000000000e+05
6.200070000000000000e+05
6.219360000000000000e+05
6.241660000000000000e+05
6.263480000000000000e+05
6.286990000000000000e+05
6.307700000000000000e+05
6.326150000000000000e+05
6.346880000000000000e+05
6.359390000000000000e+05
6.389390000000000000e+05
6.407720000000000000e+05
6.422350000000000000e+05
6.447600000000000000e+05
6.470220000000000000e+05
6.485320000000000000e+05
6.509420000000000000e+05
6.532620000000000000e+05
6.551290000000000000e+05
6.572690000000000000e+05
6.591380000000000000e+05
6.608860000000000000e+05
6.634820000000000000e+05
6.655850000000000000e+05
6.669030000000000000e+05
6.690790000000000000e+05
6.710790000000000000e+05
6.730790000000000000e+05
6.757220000000000000e+05
6.772000000000000000e+05
6.791170000000000000e+05
6.810080000000000000e+05
6.836720000000000000e+05
6.859840000000000000e+05
6.881010000000000000e+05
6.896440000000000000e+05
6.922150000000000000e+05
6.942150000000000000e+05
6.960520000000000000e+05
6.980520000000000000e+05
6.997240000000000000e+05
7.022080000000000000e+05
7.039270000000000000e+05
7.065080000000000000e+05
7.082830000000000000e+05
7.099990000000000000e+05
7.124800000000000000e+05
7.143470000000000000e+05
7.163470000000000000e+05
7.188450000000000000e+05
7.208450000000000000e+05
7.225740000000000000e+05
7.247630000000000000e+05
7.260850000000000000e+05
7.288670000000000000e+05
7.310830000000000000e+05
7.329430000000000000e+05
7.343240000000000000e+05
7.369770000000000000e+05
7.387670000000000000e+05
7.412500000000000000e+05
7.432650000000000000e+05
7.452650000000000000e+05
7.469330000000000000e+05
7.490210000000000000e+05
7.514130000000000000e+05
7.529390000000000000e+05
7.549390000000000000e+05
7.577030000000000000e+05
7.589620000000000000e+05
7.609620000000000000e+05
7.638420000000000000e+05
7.652290000000000000e+05
7.678880000000000000e+05
7.691720000000000000e+05
7.712540000000000000e+05
7.732540000000000000e+05
7.758690000000000000e+05
7.782190000000000000e+05
7.802620000000000000e+05
7.822620000000000000e+05
7.842620000000000000e+05
7.862240000000000000e+05
7.882240000000000000e+05
7.903720000000000000e+05
7.923720000000000000e+05
7.945340000000000000e+05
7.965470000000000000e+05
7.984020000000000000e+05
8.001890000000000000e+05
8.027250000000000000e+05
8.044950000000000000e+05
8.068320000000000000e+05
8.085720000000000000e+05
8.105720000000000000e+05
8.123330000000000000e+05
8.149450000000000000e+05
8.169450000000000000e+05
8.183570000000000000e+05
8.206780000000000000e+05
8.231640000000000000e+05
8.247350000000000000e+05
8.270520000000000000e+05
8.290130000000000000e+05
8.305150000000000000e+05
8.334820000000000000e+05
8.353840000000000000e+05
8.367280000000000000e+05
8.394630000000000000e+05
8.409220000000000000e+05
8.437140000000000000e+05
8.455730000000000000e+05
8.478470000000000000e+05
8.494020000000000000e+05
8.519460000000000000e+05
8.530910000000000000e+05
8.558940000000000000e+05
8.576980000000000000e+05
8.600100000000000000e+05
8.616630000000000000e+05
8.642250000000000000e+05
8.661890000000000000e+05
8.681890000000000000e+05
8.701890000000000000e+05
8.721270000000000000e+05
8.740410000000000000e+05
8.757350000000000000e+05
8.777350000000000000e+05
8.797350000000000000e+05
8.818210000000000000e+05
8.838210000000000000e+05
8.858630000000000000e+05
8.886410000000000000e+05
8.899260000000000000e+05
8.920180000000000000e+05
8.945390000000000000e+05
8.965390000000000000e+05
8.985390000000000000e+05
9.011010000000000000e+05
9.031420000000000000e+05
9.042260000000000000e+05
9.063480000000000000e+05
9.091880000000000000e+05
9.112160000000000000e+05
9.129480000000000000e+05
9.153750000000000000e+05
9.165700000000000000e+05
9.189900000000000000e+05
9.215860000000000000e+05
9.230240000000000000e+05
9.255210000000000000e+05
9.277040000000000000e+05
9.297040000000000000e+05
9.310310000000000000e+05
9.331260000000000000e+05
9.349520000000000000e+05
9.372700000000000000e+05
9.393030000000000000e+05
9.412280000000000000e+05
9.441190000000000000e+05
9.461190000000000000e+05
9.476920000000000000e+05
9.501320000000000000e+05
9.521320000000000000e+05
9.539840000000000000e+05
9.562400000000000000e+05
9.581680000000000000e+05
9.596760000000000000e+05
9.625090000000000000e+05
9.636320000000000000e+05
9.664750000000000000e+05
9.686870000000000000e+05
9.706870000000000000e+05
9.718750000000000000e+05
9.748320000000000000e+05
9.768320000000000000e+05
9.787660000000000000e+05
9.807660000000000000e+05
9.823240000000000000e+05
9.844760000000000000e+05
9.869610000000000000e+05
9.888620000000000000e+05
9.908620000000000000e+05
9.928620000000000000e+05
9.948620000000000000e+05
9.970280000000000000e+05
9.986060000000000000e+05
1.000706000000000000e+06
1.003456000000000000e+06
1.005456000000000000e+06
1.007433000000000000e+06
1.009376000000000000e+06
1.011376000000000000e+06
1.013706000000000000e+06
1.015673000000000000e+06
1.017673000000000000e+06
1.019865000000000000e+06
1.021138000000000000e+06
1.023563000000000000e+06
1.025563000000000000e+06
1.028083000000000000e+06
1.029948000000000000e+06
1.031502000000000000e+06
1.033910000000000000e+06
1.036211000000000000e+06
1.037644000000000000e+06
1.039828000000000000e+06
1.041564000000000000e+06
1.043770000000000000e+06
1.045693000000000000e+06
1.047693000000000000e+06
1.050386000000000000e+06
1.052584000000000000e+06
1.054432000000000000e+06
1.056062000000000000e+06
1.058722000000000000e+06
1.060722000000000000e+06
1.062832000000000000e+06
1.064235000000000000e+06
1.066451000000000000e+06
1.068883000000000000e+06
1.070883000000000000e+06
1.072416000000000000e+06
1.074342000000000000e+06
1.076433000000000000e+06
1.078433000000000000e+06
1.080694000000000000e+06
1.082694000000000000e+06
1.085290000000000000e+06
1.086652000000000000e+06
1.089074000000000000e+06
1.091228000000000000e+06
1.093228000000000000e+06
1.095228000000000000e+06
1.097441000000000000e+06
1.099441000000000000e+06
1.101476000000000000e+06
1.103537000000000000e+06
1.105433000000000000e+06
1.107507000000000000e+06
1.109560000000000000e+06
1.111626000000000000e+06
1.113794000000000000e+06
1.115586000000000000e+06
1.117713000000000000e+06
1.119713000000000000e+06
1.121713000000000000e+06
1.123875000000000000e+06
1.125899000000000000e+06
1.128158000000000000e+06
1.130158000000000000e+06
1.132147000000000000e+06
1.134576000000000000e+06
1.136085000000000000e+06
1.138184000000000000e+06
1.140244000000000000e+06
1.142244000000000000e+06
1.144025000000000000e+06
1.146122000000000000e+06
1.148122000000000000e+06
1.150944000000000000e+06
1.152996000000000000e+06
1.154996000000000000e+06
1.157012000000000000e+06
1.159120000000000000e+06
1.160471000000000000e+06
1.162492000000000000e+06
1.164492000000000000e+06
1.166543000000000000e+06
1.169125000000000000e+06
1.171431000000000000e+06
1.172629000000000000e+06
1.175548000000000000e+06
1.177166000000000000e+06
1.179275000000000000e+06
1.181021000000000000e+06
1.183021000000000000e+06
1.185021000000000000e+06
1.187454000000000000e+06
1.189205000000000000e+06
1.191205000000000000e+06
1.193205000000000000e+06
1.195334000000000000e+06
1.197695000000000000e+06
1.200095000000000000e+06
1.201755000000000000e+06
1.203567000000000000e+06
1.205567000000000000e+06
1.207946000000000000e+06
1.210092000000000000e+06
1.212092000000000000e+06
1.214255000000000000e+06
1.216225000000000000e+06
1.218144000000000000e+06
1.220448000000000000e+06
1.222283000000000000e+06
1.223793000000000000e+06
1.226389000000000000e+06
1.228223000000000000e+06
1.230831000000000000e+06
1.232629000000000000e+06
1.234892000000000000e+06
1.236892000000000000e+06
1.238885000000000000e+06
1.240948000000000000e+06
1.242629000000000000e+06
1.244332000000000000e+06
1.246668000000000000e+06
1.248908000000000000e+06
1.250737000000000000e+06
1.253328000000000000e+06
1.255055000000000000e+06
1.256873000000000000e+06
1.258949000000000000e+06
1.260949000000000000e+06
1.262820000000000000e+06
1.264820000000000000e+06
1.267548000000000000e+06
1.269475000000000000e+06
1.271530000000000000e+06
1.273694000000000000e+06
1.275817000000000000e+06
1.277685000000000000e+06
1.279681000000000000e+06
1.281710000000000000e+06
1.283611000000000000e+06
1.285611000000000000e+06
1.287699000000000000e+06
1.289699000000000000e+06
1.291699000000000000e+06
1.293954000000000000e+06
1.295573000000000000e+06
1.297651000000000000e+06
1.300085000000000000e+06
1.302384000000000000e+06
1.304272000000000000e+06
1.306372000000000000e+06
1.308637000000000000e+06
1.309762000000000000e+06
1.312522000000000000e+06
1.313893000000000000e+06
1.316299000000000000e+06
1.318015000000000000e+06
1.320785000000000000e+06
1.322695000000000000e+06
1.325027000000000000e+06
1.326646000000000000e+06
1.328646000000000000e+06
1.330837000000000000e+06
1.332336000000000000e+06
1.334818000000000000e+06
1.336762000000000000e+06
1.338696000000000000e+06
1.341023000000000000e+06
1.342658000000000000e+06
1.344658000000000000e+06
1.347187000000000000e+06
1.349014000000000000e+06
1.351513000000000000e+06
1.352970000000000000e+06
1.355637000000000000e+06
1.357268000000000000e+06
1.359268000000000000e+06
1.361506000000000000e+06
1.363615000000000000e+06
1.365925000000000000e+06
1.367995000000000000e+06
1.369995000000000000e+06
1.372105000000000000e+06
1.373505000000000000e+06
1.375505000000000000e+06
1.377505000000000000e+06
1.379996000000000000e+06
1.381996000000000000e+06
1.383990000000000000e+06
1.385571000000000000e+06
1.387733000000000000e+06
1.390065000000000000e+06
1.392265000000000000e+06
1.394265000000000000e+06
1.396674000000000000e+06
1.398590000000000000e+06
1.400590000000000000e+06
1.402534000000000000e+06
1.404328000000000000e+06
1.406270000000000000e+06
1.408270000000000000e+06
1.410718000000000000e+06
1.412140000000000000e+06
1.415130000000000000e+06
1.416764000000000000e+06
1.418764000000000000e+06
1.420315000000000000e+06
1.423315000000000000e+06
1.425083000000000000e+06
1.427126000000000000e+06
1.429126000000000000e+06
1.431422000000000000e+06
1.432932000000000000e+06
1.435388000000000000e+06
1.437045000000000000e+06
1.439449000000000000e+06
1.441110000000000000e+06
1.443795000000000000e+06
1.445795000000000000e+06
1.447842000000000000e+06
1.449543000000000000e+06
1.451397000000000000e+06
1.453151000000000000e+06
1.455966000000000000e+06
1.458160000000000000e+06
1.459633000000000000e+06
1.461302000000000000e+06
1.463982000000000000e+06
1.465525000000000000e+06
1.467890000000000000e+06
1.469636000000000000e+06
1.471914000000000000e+06
1.473982000000000000e+06
1.475982000000000000e+06
1.478318000000000000e+06
1.480344000000000000e+06
1.482344000000000000e+06
1.484661000000000000e+06
1.486572000000000000e+06
1.488823000000000000e+06
1.490818000000000000e+06
1.492818000000000000e+06
1.494870000000000000e+06
1.496870000000000000e+06
1.498727000000000000e+06
1.501174000000000000e+06
1.502688000000000000e+06
1.504821000000000000e+06
1.507015000000000000e+06
1.509328000000000000e+06
1.511328000000000000e+06
1.513205000000000000e+06
1.515368000000000000e+06
1.517033000000000000e+06
1.518850000000000000e+06
1.521135000000000000e+06
1.523135000000000000e+06
1.525366000000000000e+06
1.526809000000000000e+06
1.529563000000000000e+06
1.531563000000000000e+06
1.533839000000000000e+06
1.535347000000000000e+06
1.537347000000000000e+06
1.539651000000000000e+06
1.541442000000000000e+06
1.543442000000000000e+06
1.546153000000000000e+06
1.547933000000000000e+06
1.549540000000000000e+06
1.552057000000000000e+06
1.553696000000000000e+06
1.556177000000000000e+06
1.558177000000000000e+06
1.560274000000000000e+06
1.561721000000000000e+06
1.563901000000000000e+06
1.566179000000000000e+06
1.568179000000000000e+06
1.570236000000000000e+06
1.572236000000000000e+06
1.574457000000000000e+06
1.576827000000000000e+06
1.579006000000000000e+06
1.581047000000000000e+06
1.582283000000000000e+06
1.584283000000000000e+06
1.587113000000000000e+06
1.589011000000000000e+06
1.590465000000000000e+06
1.592758000000000000e+06
1.595115000000000000e+06
1.597305000000000000e+06
1.599305000000000000e+06
1.601168000000000000e+06
1.603436000000000000e+06
1.605201000000000000e+06
1.607085000000000000e+06
1.608996000000000000e+06
1.611453000000000000e+06
1.613645000000000000e+06
1.614981000000000000e+06
1.616981000000000000e+06
1.618981000000000000e+06
1.621981000000000000e+06
1.623779000000000000e+06
1.625629000000000000e+06
1.627843000000000000e+06
1.629843000000000000e+06
1.631843000000000000e+06
1.633460000000000000e+06
1.636155000000000000e+06
1.638151000000000000e+06
1.640103000000000000e+06
1.641824000000000000e+06
1.643625000000000000e+06
1.645625000000000000e+06
1.648531000000000000e+06
1.650531000000000000e+06
1.652669000000000000e+06
1.654443000000000000e+06
1.656270000000000000e+06
1.658625000000000000e+06
1.660286000000000000e+06
1.662202000000000000e+06
1.664202000000000000e+06
1.666754000000000000e+06
1.668417000000000000e+06
1.670643000000000000e+06
1.672911000000000000e+06
1.674453000000000000e+06
1.677281000000000000e+06
1.679268000000000000e+06
1.681107000000000000e+06
1.682863000000000000e+06
1.684563000000000000e+06
1.686563000000000000e+06
1.689537000000000000e+06
1.691505000000000000e+06
1.692921000000000000e+06
1.695299000000000000e+06
1.697490000000000000e+06
1.698919000000000000e+06
1.701444000000000000e+06
1.703392000000000000e+06
1.705763000000000000e+06
1.707763000000000000e+06
1.709885000000000000e+06
1.711533000000000000e+06
1.713716000000000000e+06
1.715716000000000000e+06
1.718263000000000000e+06
1.720202000000000000e+06
1.721581000000000000e+06
1.724046000000000000e+06
1.725672000000000000e+06
1.728224000000000000e+06
1.730276000000000000e+06
1.732276000000000000e+06
1.734403000000000000e+06
1.736403000000000000e+06
1.738083000000000000e+06
1.740730000000000000e+06
1.742358000000000000e+06
1.744264000000000000e+06
1.746130000000000000e+06
1.748738000000000000e+06
1.750738000000000000e+06
1.752967000000000000e+06
1.754158000000000000e+06
1.757034000000000000e+06
1.759034000000000000e+06
1.760854000000000000e+06
1.763074000000000000e+06
1.764645000000000000e+06
1.766597000000000000e+06
1.769202000000000000e+06
1.770595000000000000e+06
1.772814000000000000e+06
1.775287000000000000e+06
1.777531000000000000e+06
1.778878000000000000e+06
1.780878000000000000e+06
1.782878000000000000e+06
1.785585000000000000e+06
1.787725000000000000e+06
1.789424000000000000e+06
1.791424000000000000e+06
1.793949000000000000e+06
1.795644000000000000e+06
1.797770000000000000e+06
1.800055000000000000e+06
1.802017000000000000e+06
1.804017000000000000e+06
1.806017000000000000e+06
1.808056000000000000e+06
1.810056000000000000e+06
1.812319000000000000e+06
1.814391000000000000e+06
1.815612000000000000e+06
1.818010000000000000e+06
1.820246000000000000e+06
1.822636000000000000e+06
1.824215000000000000e+06
1.826808000000000000e+06
1.828472000000000000e+06
1.830472000000000000e+06
1.832948000000000000e+06
1.834349000000000000e+06
1.836349000000000000e+06
1.838329000000000000e+06
1.840733000000000000e+06
1.842685000000000000e+06
1.845052000000000000e+06
1.847225000000000000e+06
1.849225000000000000e+06
1.850402000000000000e+06
1.853402000000000000e+06
1.855402000000000000e+06
1.857402000000000000e+06
1.859317000000000000e+06
1.861453000000000000e+06
1.863622000000000000e+06
1.865622000000000000e+06
1.867483000000000000e+06
1.869483000000000000e+06
1.871483000000000000e+06
1.873620000000000000e+06
1.875343000000000000e+06
1.877343000000000000e+06
1.879231000000000000e+06
1.881425000000000000e+06
1.883425000000000000e+06
1.885814000000000000e+06
1.888143000000000000e+06
1.890143000000000000e+06
1.892143000000000000e+06
1.894097000000000000e+06
1.896097000000000000e+06
1.897831000000000000e+06
1.899784000000000000e+06
1.902167000000000000e+06
1.904439000000000000e+06
1.906439000000000000e+06
1.907825000000000000e+06
1.909791000000000000e+06
1.912586000000000000e+06
1.914802000000000000e+06
1.916876000000000000e+06
1.918102000000000000e+06
1.920102000000000000e+06
1.922297000000000000e+06
1.925105000000000000e+06
1.927105000000000000e+06
1.929105000000000000e+06
1.930789000000000000e+06
1.933054000000000000e+06
1.935054000000000000e+06
1.936481000000000000e+06
1.938481000000000000e+06
1.941023000000000000e+06
1.943125000000000000e+06
1.945161000000000000e+06
1.947161000000000000e+06
1.949161000000000000e+06
1.951160000000000000e+06
1.952934000000000000e+06
1.954934000000000000e+06
1.957634000000000000e+06
1.959718000000000000e+06
1.961929000000000000e+06
1.963348000000000000e+06
1.965348000000000000e+06
1.967916000000000000e+06
1.969835000000000000e+06
1.971856000000000000e+06
1.973856000000000000e+06
1.975950000000000000e+06
1.978013000000000000e+06
1.980215000000000000e+06
1.982438000000000000e+06
1.984016000000000000e+06
1.986016000000000000e+06
1.988555000000000000e+06
1.990145000000000000e+06
1.992603000000000000e+06
1.994603000000000000e+06
1.996492000000000000e+06
1.998673000000000000e+06
2.000560000000000000e+06
