-6.872993498163080517e+01
-6.313284108163430375e+01
-6.184594834592117962e+01
-6.166881213265588002e+01
-6.162607162100373159e+01
-6.098783570232844653e+01
-6.031576271093789643e+01
-6.030177644329152287e+01
-5.934171120966027502e+01
-5.884917440889230278e+01
-5.792869966896664380e+01
-5.650982879599882125e+01
-5.589008467719667550e+01
-5.516415210952452952e+01
-5.441113796591633189e+01
-5.357644823976244197e+01
-5.286057446683758343e+01
-5.223441017994502289e+01
-5.157971718377486781e+01
-5.106203713897627949e+01
-5.007746412946895731e+01
-4.933547017197669504e+01
-4.827677404851404219e+01
-4.765084498356754494e+01
-4.671207334110555109e+01
-4.607051415863670485e+01
-4.520558866451364111e+01
-4.447010575547725608e+01
-4.363040134308647566e+01
-4.293270087071162067e+01
-4.215615535642079692e+01
-4.146929722369630866e+01
-4.094711830207084802e+01
-4.043131787373604169e+01
-3.979463088598442511e+01
-3.886547217520515574e+01
-3.799707756946192205e+01
-3.727174920505338207e+01
-3.647743779165989508e+01
-3.575159870486559299e+01
-3.492356063033485469e+01
-3.378127493891349786e+01
-3.298259123162090845e+01
-3.202091861364792180e+01
-3.108611610670389780e+01
-3.020443449449922113e+01
-2.921113871386258154e+01
-2.835868090754687643e+01
-2.731082538131590809e+01
-2.559143307392257327e+01
-2.410163947997011391e+01
-2.227537131758028366e+01
-2.057080786595940936e+01
-1.856621913281738756e+01
-1.703447390130632044e+01
-1.533577263563577908e+01
-1.337167741363991169e+01
-1.142346030124941514e+01
-9.576936852801024358e+00
-7.693414585520249815e+00
-6.038734526241486655e+00
-4.048063287313717673e+00
-1.315281486632394303e+00
3.988759008244830984e-01
2.161499273724856618e+00
3.940325943257696917e+00
5.669555575546079140e+00
7.579660855649581919e+00
9.516285965659541546e+00
1.134353044423845880e+01
1.298549798116235188e+01
1.466545068220906600e+01
1.652638170446587651e+01
1.820258080907619913e+01
2.002768735052198679e+01
2.171215950530175576e+01
2.334503022042170528e+01
2.489993748166477516e+01
2.658671054338664774e+01
2.831074131665468840e+01
3.008207386425168295e+01
3.193248988474110206e+01
3.387008738382302653e+01
3.649003361204384532e+01
3.797067816425165176e+01
3.970098191849911728e+01
4.130073110149423599e+01
4.281421854816088768e+01
4.429859911092873404e+01
4.583890776931538369e+01
4.718739378667739715e+01
4.865538753628197099e+01
4.986116032331649706e+01
5.106016238565844390e+01
5.233812061711378050e+01
5.344300176228639288e+01
5.462869042115897855e+01
5.568507375365837220e+01
5.681368773723207255e+01
5.804056095688915917e+01
5.896376983600036681e+01
5.998712377683143160e+01
6.082069371226064192e+01
6.198572823370922436e+01
6.332393475921507786e+01
6.400903108271030817e+01
6.505578964170841516e+01
6.570232236318550179e+01
6.657861537305126376e+01
6.731796207937813392e+01
6.804974458767655676e+01
6.885649511328070105e+01
6.975982264840459379e+01
7.055568452026277271e+01
7.139417117875801466e+01
7.213959511236421918e+01
7.266462258021775256e+01
7.316124182395559217e+01
7.380699514187297439e+01
7.455616880931916057e+01
7.512999838107479889e+01
7.558426744911098183e+01
7.594263307176410649e+01
7.642821806424764475e+01
7.718691102742148757e+01
7.769113875856979234e+01
7.825326390812674049e+01
7.859055761910660465e+01
7.887833141770769885e+01
7.929377088594542045e+01
7.947432957135077913e+01
7.983955671767611761e+01
8.019596933584026033e+01
8.057229397075850841e+01
8.076879446479367175e+01
8.102635362380073047e+01
8.143030909486134306e+01
8.186223106134342231e+01
8.233803701991737967e+01
8.276144138108642778e+01
8.293672124208394791e+01
8.335146107522683678e+01
8.371347575220831061e+01
8.359161509088771425e+01
8.399182327189157604e+01
8.450293546797922772e+01
8.321741828559014209e+01
8.352893706613421898e+01
8.371028413696980408e+01
8.411674581481430835e+01
8.426622138170145604e+01
8.437900988834319094e+01
8.471362772051601553e+01
8.480107515042580246e+01
8.516613425318057295e+01
8.520510149400328714e+01
8.556126636848526346e+01
8.556223595391817582e+01
8.565568581407920590e+01
8.584058322260597151e+01
8.598033186690055629e+01
8.608787224695007012e+01
8.618405246040869372e+01
8.632151086911922278e+01
8.625829687803248191e+01
8.659295806601907941e+01
8.533969871563154186e+01
8.551746202921950157e+01
8.406520014149913322e+01
8.428801521225314275e+01
8.449820652980061197e+01
8.476683796273545113e+01
8.493109352337184248e+01
8.500331203341856678e+01
8.519346423498804199e+01
8.543500331082961452e+01
8.561539128669808463e+01
8.583844455805184737e+01
8.593489827182300189e+01
8.628623394177850514e+01
8.624971082176931247e+01
8.632121000834678171e+01
8.650240345971891998e+01
8.663356760922037836e+01
8.686773135182096439e+01
8.693935839880731464e+01
8.684511052793541808e+01
8.685883924100510001e+01
8.702172277162638636e+01
8.706851153271806254e+01
8.582621608125774060e+01
8.641952069250238821e+01
8.639183123007249776e+01
8.650499337180040982e+01
8.652876389557148684e+01
8.807755987293988653e+01
8.833856543454592725e+01
8.849548586093190750e+01
8.864521152935151349e+01
8.879617072023791025e+01
8.897677487944993402e+01
8.888653191093891337e+01
8.900115539478889559e+01
8.896510505831378168e+01
8.910990279124661129e+01
8.906684026763977613e+01
8.932280429886895945e+01
8.802152563489229919e+01
8.800408407767807262e+01
8.801572740831532826e+01
8.672009635367103897e+01
8.537834413843997083e+01
8.562714805493398273e+01
8.585121333413479761e+01
8.592333778304031000e+01
8.750563963858675720e+01
8.759452621264655647e+01
8.921621523156426292e+01
8.928755643540412734e+01
8.943629060629787375e+01
8.952631128341947431e+01
8.960587476344203139e+01
8.977196079171562815e+01
8.986940138379927134e+01
8.999815682218641655e+01
9.021693027484299421e+01
9.034476142417479139e+01
9.057258537432157652e+01
9.059298459205534471e+01
9.077989771225247750e+01
8.947889257808715513e+01
8.962899671925033829e+01
8.821545774437150556e+01
8.691682604673583512e+01
8.705330460317749441e+01
8.730625815024195902e+01
8.747572111310554988e+01
8.623729212045033421e+01
8.495093014322998215e+01
8.638650016628608341e+01
8.503236249551113701e+01
8.519843554609397529e+01
8.528899225523646521e+01
8.554565084639783379e+01
8.413819303584764953e+01
8.411891436688918589e+01
8.415758671237536248e+01
8.421078043683739622e+01
8.419736456740193375e+01
8.431836961993991508e+01
8.471415210109189786e+01
8.469222762242019087e+01
8.479244351541825608e+01
8.501107428929734056e+01
8.510479175248245554e+01
8.522162490646061883e+01
8.672393281793345921e+01
8.701392714549319862e+01
8.665165567247088063e+01
8.816381356454178331e+01
8.958276331053995989e+01
8.949167482559414566e+01
8.909701208738695755e+01
8.905199806199949819e+01
8.894317997955015187e+01
8.898932162889936137e+01
8.908124998361836333e+01
8.908901341934375750e+01
8.914302508236234246e+01
8.921615112990056673e+01
8.931885681490604156e+01
8.928730396781011791e+01
8.941164294073988117e+01
8.935900829980779747e+01
8.933045087811154872e+01
8.947221040820964788e+01
8.941737378662726599e+01
8.958087733694907229e+01
8.964237637552697890e+01
9.106271772700574729e+01
9.111873090477348569e+01
9.252312424572605210e+01
9.402468141938676638e+01
9.371661498449631722e+01
9.366069804549221089e+01
9.358185043767852562e+01
9.503592435377700554e+01
9.642212591106324737e+01
9.658551124593826387e+01
9.806538084399861077e+01
9.801951948058669473e+01
9.817658603999164768e+01
9.831283729470963806e+01
9.839649795442666402e+01
9.847679359723593961e+01
9.852742133367299004e+01
9.858650548917836431e+01
9.855199710784316380e+01
9.867035194682102883e+01
9.877215896493186165e+01
9.884123218778854891e+01
9.899016029976952780e+01
9.894600153210102178e+01
9.889106274392347018e+01
9.897583326316032526e+01
9.907235041770053385e+01
9.871919553180586604e+01
9.936136081611175541e+01
9.884459274746062363e+01
9.693528540646777003e+01
9.566091905587714450e+01
9.371126122009275150e+01
9.267752754527728598e+01
9.019900055171235920e+01
8.892814538025366744e+01
8.782225219113003334e+01
8.794552549491838533e+01
8.674704820123733384e+01
8.558795046549352037e+01
8.437765441353192841e+01
8.442790105579635451e+01
8.312494723740765323e+01
8.295222144488087679e+01
8.265119228935678564e+01
8.221804372032291042e+01
8.237113702478518462e+01
8.226499785886930738e+01
8.232907880097080522e+01
8.187356811629894082e+01
8.211922816115789203e+01
8.203801944360175469e+01
8.117277516343212085e+01
8.141770988402068099e+01
8.186504231555969113e+01
8.193060983326599001e+01
8.223098367170425149e+01
8.185860741685979747e+01
8.189858138543289101e+01
8.194803042040796015e+01
8.223487127524529683e+01
8.204825224261310268e+01
8.198617619459980688e+01
8.350220230012193667e+01
8.350262396623074324e+01
8.354132482742249977e+01
8.363097438097534564e+01
8.378872910822924780e+01
8.395861938691319892e+01
8.404293624839297649e+01
8.413586451573283398e+01
8.416517417786315036e+01
8.437456435552621770e+01
8.462904747948419981e+01
8.377913931692397398e+01
8.420537862797988282e+01
8.418525921248023280e+01
8.420685821436958918e+01
8.544321889228417888e+01
8.785201626398566077e+01
8.898476080203026584e+01
9.042557123170914224e+01
9.182012048966218742e+01
9.453323329510472206e+01
9.588951645834478654e+01
9.720714937581689696e+01
9.724325132802114524e+01
9.866741901478067689e+01
9.998443427993036892e+01
1.013189974050510358e+02
1.014760816752927326e+02
1.028086549716282150e+02
1.032024282654425633e+02
1.035913054026241866e+02
1.040335827165602467e+02
1.042658106735126751e+02
1.040525229613021310e+02
1.041102425722809812e+02
1.044624009070631701e+02
1.044618670021508962e+02
1.053798423743543822e+02
1.054013395478410899e+02
1.055770165547622810e+02
1.054721448699287976e+02
1.054744954906066994e+02
1.052748731768255652e+02
1.056834611838697526e+02
1.056787551390311819e+02
1.056697992786083944e+02
1.056519586080993207e+02
1.057160337175048994e+02
1.057938557233757990e+02
1.058503222239460371e+02
1.059568777180498955e+02
1.060693702896728752e+02
1.061050787424377830e+02
1.060881874589570941e+02
1.061338527131890572e+02
1.061554581212500352e+02
1.062173582914176535e+02
1.061788402381295384e+02
1.061350445185736078e+02
1.069310373071565721e+02
1.070029881658444566e+02
1.070318841022145051e+02
1.069996303387178500e+02
1.070201772351149003e+02
1.069930142947028457e+02
1.075590180415025117e+02
1.075562886476884188e+02
1.074791924253034097e+02
1.075532329732383516e+02
1.076152677845096264e+02
1.076882604120946354e+02
1.071056839511801684e+02
1.065984519227711047e+02
1.065323770251969648e+02
1.066668101272458955e+02
1.067653877535205709e+02
1.067902510455149780e+02
1.067920921798025518e+02
1.068201420566684163e+02
1.068603530961103161e+02
1.069759685920383561e+02
1.070492500366787283e+02
1.073707807484879453e+02
1.072957672038619847e+02
1.075726425578931753e+02
1.079479136532060721e+02
1.079507819287940436e+02
1.080569421315277907e+02
1.080947313539902694e+02
1.083240034696892451e+02
1.076669111838188684e+02
1.064776470912614741e+02
1.065893421123692093e+02
1.067424702957184621e+02
1.067917161607230838e+02
1.066967521969791903e+02
1.068912680340215360e+02
1.067669732716745585e+02
1.068226201348785764e+02
1.067072860254176021e+02
1.068194714171799973e+02
1.068475578160915092e+02
1.069384903060560674e+02
1.070478577387957415e+02
1.069743809921511115e+02
1.069295750118263868e+02
1.069909575820886261e+02
1.070651456498971612e+02
1.071285314965470405e+02
1.070860064872342576e+02
1.071799559390908456e+02
1.072199566086958242e+02
1.072941581101167259e+02
1.072782097096375935e+02
1.072740773008656276e+02
1.074500087088446350e+02
1.075323478582636767e+02
1.075786459509121471e+02
1.075832658572929290e+02
1.075020033053942257e+02
1.081969130155085423e+02
1.086856457020780908e+02
1.085551682832870881e+02
1.085715754393018102e+02
1.084515097633873637e+02
1.084531090651766618e+02
1.085436406713654094e+02
1.085316808495507530e+02
1.084600333250445345e+02
1.084555567549104893e+02
1.084418345058961108e+02
1.082843123902399185e+02
1.084707039126358694e+02
1.084259944392862423e+02
1.083477034729502719e+02
1.083722237234345016e+02
1.083215918753646179e+02
1.083228432938837216e+02
1.090453105858334482e+02
1.103943504605735910e+02
1.103999991569251335e+02
1.104253737234342623e+02
1.104609064130148965e+02
1.106125920067062793e+02
1.108389916033283527e+02
1.108076201323824108e+02
1.111077009411374945e+02
1.111294155201728984e+02
1.112627330761654036e+02
1.113168197713628018e+02
1.113550072016258667e+02
1.112811955487803175e+02
1.111209803944942678e+02
1.111743281288558194e+02
1.112009425629806856e+02
1.111067984648908293e+02
1.111188336484867278e+02
1.112305085066592483e+02
1.106172222254432143e+02
1.105020138793214386e+02
1.105075932591740298e+02
1.105210928549651754e+02
1.106845944392813124e+02
1.107118084999375185e+02
1.107261200350544499e+02
1.107936557511564075e+02
1.107570806251102056e+02
1.107873326938901357e+02
1.109212869893163571e+02
1.108643821312090267e+02
1.110303351179381082e+02
1.109947416457868741e+02
1.109239908045253316e+02
1.110181380648136411e+02
1.110204096975744363e+02
1.111264065781016370e+02
1.111743159568819834e+02
1.112765208365853908e+02
1.109480070311595057e+02
1.110432458581283015e+02
1.110120319022425406e+02
1.110049841932674610e+02
1.109393326782398788e+02
1.109935533582556531e+02
1.110565508428226167e+02
1.110331618207487736e+02
1.109422718521645237e+02
1.109035606906174110e+02
1.109858086194403626e+02
1.107729730571009128e+02
1.106478810896337137e+02
1.105289754545941889e+02
1.103007568554717182e+02
1.103199513456815453e+02
1.104853239160048020e+02
1.104490183675914921e+02
1.102654560493754303e+02
1.103277236593008297e+02
1.102367351988647926e+02
1.102831127518373364e+02
1.103047568402957808e+02
1.104283699596024206e+02
1.104056438287773148e+02
1.106394832843798781e+02
1.106593421208513917e+02
1.107106942776601102e+02
1.107476765236765601e+02
1.114309982929431300e+02
1.115701401495683740e+02
1.114534722565760632e+02
1.115192295016102406e+02
1.114255576488824602e+02
1.113361523512989635e+02
1.112924470785287525e+02
1.112719203844583689e+02
1.112115711402468179e+02
1.112057714993155173e+02
1.111231743785747881e+02
1.111588001101750507e+02
1.110893809248753286e+02
1.112982106886923219e+02
1.113664789092631366e+02
1.112731417530517319e+02
1.111405630673283156e+02
1.110664950928969859e+02
1.110591669220609390e+02
1.110099905084152709e+02
1.113143174390513366e+02
1.113246422937357636e+02
1.113490043398227698e+02
1.111711264893452551e+02
1.112363561940435233e+02
1.112528112339963258e+02
1.112699431351530563e+02
1.113446115360141988e+02
1.114470587514848319e+02
1.113837818451314661e+02
1.113097681231195537e+02
1.113977226085333854e+02
1.114802990469582653e+02
1.115715603637460873e+02
1.116250746700405330e+02
1.114915021805870197e+02
1.114837481093066032e+02
1.115548186675076749e+02
1.117289202946270734e+02
1.116995467142393466e+02
1.117689192405778726e+02
1.116635152552066614e+02
1.115592885175871061e+02
1.114906839067441240e+02
1.115193406753537460e+02
1.114039861906230868e+02
1.113705289102698259e+02
1.113571172581342239e+02
1.113778052464141552e+02
1.108377414221892536e+02
1.109242820951999562e+02
1.109586700742019758e+02
1.109408523610995729e+02
1.110934613491301377e+02
1.111593794983607069e+02
1.111176536736624030e+02
1.111021022216022516e+02
1.111698850547175255e+02
1.111144160033568937e+02
1.110765360307519245e+02
1.110623024739927160e+02
1.111083253438334708e+02
1.110397866209166011e+02
1.110448946066376692e+02
1.111530536505631943e+02
1.109785250728285604e+02
1.109261091175030600e+02
1.108539246215227507e+02
1.108505930802716506e+02
1.108556251063348981e+02
1.107344928169397633e+02
1.107223577331032374e+02
1.108550580447916616e+02
1.109343102137861905e+02
1.109675981693180375e+02
1.108677318716281661e+02
1.108507845770954958e+02
1.108877160448531356e+02
1.108778955961301875e+02
1.110816588398586333e+02
1.110758689416580296e+02
1.110564501057710771e+02
1.112344239488754312e+02
1.111455357488037947e+02
1.111173704712744268e+02
1.110896760466962263e+02
1.111699894343287696e+02
1.111077526413192800e+02
1.111098998170158154e+02
1.110629042987796851e+02
1.110468011505699906e+02
1.111653939458696669e+02
1.111960298187350276e+02
1.111629906902610685e+02
1.112665573506161252e+02
1.112868607862353088e+02
1.112697350798422065e+02
1.118139067656983769e+02
1.117384214787478527e+02
1.116830822586978371e+02
1.116397049326423314e+02
1.115093629013164218e+02
1.115191631754022126e+02
1.115831879361016377e+02
1.116519511093799366e+02
1.115835959444517869e+02
1.116657588906498688e+02
1.117694014006095529e+02
1.118163395383672878e+02
1.118517952830608522e+02
1.117272229190269002e+02
1.117678436567794193e+02
1.116940981814323521e+02
1.117767412641964029e+02
1.119051374444495508e+02
1.119977590890037362e+02
1.120661777964904076e+02
1.122274016831076011e+02
1.123651668715805698e+02
1.123445868772839873e+02
1.123817324702006601e+02
1.124412737289073050e+02
1.124551327766471331e+02
1.124944605014235606e+02
1.125976203564827074e+02
1.126512797690099603e+02
1.126465218325870978e+02
1.127531453588231614e+02
1.128737801719524043e+02
1.128747325383394013e+02
1.129959044353588666e+02
1.130125601549494405e+02
1.130255578029253343e+02
1.131397468166838678e+02
1.130995157665437745e+02
1.131107829596483469e+02
1.131474960785941022e+02
1.131580937931538813e+02
1.132454220218568537e+02
1.133445969460883163e+02
1.134781688348386837e+02
1.136538592707767918e+02
1.136439377113138818e+02
1.137390572529981370e+02
1.136894766425475183e+02
1.135466727123083928e+02
1.136164266261207985e+02
1.136633495070665276e+02
1.137462308171260901e+02
1.139211346098036302e+02
1.139902602195879950e+02
1.140443194364130477e+02
1.140637501318910125e+02
1.140491993673400799e+02
1.142032802734862571e+02
1.141920750927357915e+02
1.142880679551280849e+02
1.143191632544797756e+02
1.143240706551976871e+02
1.145468820821809288e+02
1.145129759291800724e+02
1.145674051683892714e+02
1.146362313185215385e+02
1.147861621505511920e+02
1.148694207600040471e+02
1.147560783655754904e+02
1.130680557130576318e+02
1.130833980315188683e+02
1.131983782644987713e+02
1.132031265402635256e+02
1.130174546985849275e+02
1.130434187399462616e+02
1.128819734033075974e+02
1.128731564798128488e+02
1.129926618285487194e+02
1.130398112927924785e+02
1.130589175291389665e+02
1.129432203040213238e+02
1.129189153455894967e+02
1.128295579122719943e+02
1.128577447583633528e+02
1.128945401471004999e+02
1.128383475810966416e+02
1.129438336875058866e+02
1.128640635754812251e+02
1.128730997107679599e+02
1.128394516203934614e+02
1.129797728204118243e+02
1.130682463406336353e+02
1.130065606791664692e+02
1.130063362243046186e+02
1.129420118032173690e+02
1.129496896900072045e+02
1.130538415668981429e+02
1.130754750477305208e+02
1.130926592831214776e+02
1.132075671760167239e+02
1.132541150249376898e+02
1.133035822163846404e+02
1.134512165244353668e+02
1.133616407392668606e+02
1.133737445526876826e+02
1.133411067819091471e+02
1.134057196974450505e+02
1.133610717525662750e+02
1.133567442334444308e+02
1.133187056420607774e+02
1.133032153537933056e+02
1.132991358951447722e+02
1.131983430650956279e+02
1.132998684270989003e+02
1.133241101274083462e+02
1.133648016136422711e+02
1.135179349964221842e+02
1.136174942598798623e+02
1.153287152973712324e+02
1.153768818621655328e+02
1.153299530545044007e+02
1.153269277744785484e+02
1.154256172422777098e+02
1.154761281431089230e+02
1.155850504199749054e+02
1.156354774854656711e+02
1.156276321001492420e+02
1.156315789335885569e+02
1.156232875296437470e+02
1.156752861417743787e+02
1.157466103817155698e+02
1.156993600057372191e+02
1.157483279454560829e+02
1.156240627138771941e+02
1.155937931111535306e+02
1.155461349224746357e+02
1.155516235353130696e+02
1.154410513403309295e+02
1.155610033627780950e+02
1.154722852766312258e+02
1.153986819455352020e+02
1.153830362239154823e+02
1.153315707112332404e+02
1.153511168658885140e+02
1.154334164454318312e+02
1.155023559023535000e+02
1.155509551827986314e+02
1.153586980284414096e+02
1.153225410719176693e+02
1.153033609752698823e+02
1.152294622386979626e+02
1.151868701638532713e+02
1.151797711940227202e+02
1.150679182059173229e+02
1.150136590990624228e+02
1.150479661574808574e+02
1.151117490676038813e+02
1.151880251235413084e+02
1.152077091875192707e+02
1.152131339729031367e+02
1.151394011638407164e+02
1.153684111653000457e+02
1.153138499851263248e+02
1.153820128915292713e+02
1.153505791346200908e+02
1.152155235053979823e+02
1.152856796901142076e+02
1.152086334094499733e+02
1.151575976158215013e+02
1.151240602209316819e+02
1.152569740480192735e+02
1.152953910686549364e+02
1.154189152562941985e+02
1.154109257997788660e+02
1.154243720933472872e+02
1.154251778453485286e+02
1.154018035965269462e+02
1.154140487284450671e+02
1.154270605707093154e+02
1.153860856008332547e+02
1.155294446502345949e+02
1.154388714483603309e+02
1.156533442052305531e+02
1.156271981525206343e+02
1.156878740778113723e+02
1.158460497582446607e+02
1.161154464756423437e+02
1.160005510454210906e+02
1.160085181723653420e+02
1.161117752229062035e+02
1.160535834934507164e+02
1.161435215334308708e+02
1.161796303393046372e+02
1.160970483443719559e+02
1.160965740775046413e+02
1.160188046893683236e+02
1.161295938871400040e+02
1.161509568279700062e+02
1.160682396400816998e+02
1.160582623093043679e+02
1.162161606559946279e+02
1.161746172721098844e+02
1.162744994398908744e+02
1.164062983749424660e+02
1.164247023812927893e+02
1.163970845821970386e+02
1.164176821152655208e+02
1.165205159923959428e+02
1.164794448875983477e+02
1.164654121683101380e+02
1.164626451548029991e+02
1.164009206296223198e+02
1.164702373229851418e+02
1.164753010545624221e+02
1.164784933049142666e+02
1.164708711139114712e+02
1.164375387607018126e+02
1.165415879764903764e+02
1.167645398966470225e+02
1.167348193423305531e+02
1.167923229147485245e+02
1.167634449323324759e+02
1.167763971828371723e+02
1.167895048672421723e+02
1.168465307369288126e+02
1.168908213745211668e+02
1.169065336502990817e+02
1.169759920052677558e+02
1.169910816140175456e+02
1.170410171490774474e+02
1.171625130186733088e+02
1.172394264714292262e+02
1.172883301889445136e+02
1.172453655372237478e+02
1.172416898828381449e+02
1.171128556566812335e+02
1.173555555081116779e+02
1.173689078240888790e+02
1.174281246907664524e+02
1.174415262478753590e+02
1.173304312607043158e+02
1.172971809268287018e+02
1.172479387953394507e+02
1.173093175091264015e+02
1.173422216347616285e+02
1.174542858251460586e+02
1.174157457510771394e+02
1.174391544653250463e+02
1.175048732353454568e+02
1.174229998473015399e+02
1.174764876092342263e+02
1.175044500544291424e+02
1.174577292765416558e+02
1.174138885680903854e+02
1.173645853122913820e+02
1.172837125782809409e+02
1.173066607629925926e+02
1.173269337456759018e+02
1.174252403718988944e+02
1.174123605500400345e+02
1.174109210527120979e+02
1.173909369364952937e+02
1.174200516655239568e+02
1.174542469742818014e+02
1.175054165634647347e+02
1.175594971809908884e+02
1.175565999733281757e+02
1.174331290571203681e+02
1.174023916632925477e+02
1.172237937841814528e+02
1.171807373275690622e+02
1.171772380457552458e+02
1.170839341923436052e+02
1.170500662037550370e+02
1.170199487969006071e+02
1.169854246737267687e+02
1.169552798954594834e+02
1.169146000064235693e+02
1.168933729310159322e+02
1.168803079319817471e+02
1.170073728074651314e+02
1.170522768797776223e+02
1.170798861842303324e+02
1.169804835937576684e+02
1.171070026736790055e+02
1.169321324718339810e+02
1.169191467985386197e+02
1.168732708576126953e+02
1.169850973026053538e+02
1.170667969671464874e+02
1.170883751650097082e+02
1.171982967460074008e+02
1.171806945634842805e+02
1.171569133702494980e+02
1.171163806826341016e+02
1.171436768436758911e+02
1.170450609320443078e+02
1.171004210415333233e+02
1.170506997838116661e+02
1.169570165063501435e+02
1.169031905985459900e+02
1.169489548631419211e+02
1.170101423847013393e+02
1.170875648048208433e+02
1.170382330433956071e+02
1.170346409580322273e+02
1.171319177479259395e+02
1.170779653718034865e+02
1.170922224873009725e+02
1.171785820392911432e+02
1.172705096371269491e+02
1.172004370568279654e+02
1.171460974072431753e+02
1.171643642051779182e+02
1.170460995739610581e+02
1.170853352016758038e+02
1.170599006564917346e+02
1.171170469743486677e+02
1.171775709270275030e+02
1.170911241956170841e+02
1.171472720916073058e+02
1.172253461959150798e+02
1.172331987807443312e+02
1.172577666926908364e+02
1.172287840862330199e+02
1.172683784026110914e+02
1.173286481145998863e+02
1.172952389254368484e+02
1.172730165808149820e+02
1.173120508699120705e+02
1.172609037441497293e+02
