-6.381069162785856861e+02
-7.085102812151432090e+02
-7.159201694034312595e+02
-6.761000607598218721e+02
-6.457670913356232631e+02
-6.446855667644674668e+02
-6.161276619040066862e+02
-6.047210668731038368e+02
-5.943884099426917373e+02
-5.810729053077971002e+02
-5.681760671461851189e+02
-5.587849515536012177e+02
-5.443706284775590802e+02
-5.347566560996217504e+02
-5.244590957919450602e+02
-5.130507148830402002e+02
-5.076039618526457957e+02
-4.986963222322493721e+02
-4.912678390015112768e+02
-4.824659378318350491e+02
-4.741648078082331494e+02
-4.652029581181461708e+02
-4.578859525675482018e+02
-4.514056141889612377e+02
-4.468356657331945030e+02
-4.401717394145836124e+02
-4.323266183856609359e+02
-4.246229610247106052e+02
-4.195559318668972537e+02
-4.139130095740183037e+02
-4.081246389278034599e+02
-4.016600903941296679e+02
-3.959476311758331235e+02
-3.895094722401946115e+02
-3.836539915478566627e+02
-3.777809214491184662e+02
-3.704782262020638655e+02
-3.638837704120571743e+02
-3.580677886827280645e+02
-3.531911570624500314e+02
-3.460366869725791048e+02
-3.357687048475499978e+02
-3.284057477223312276e+02
-3.198048420992414549e+02
-3.117757333403851590e+02
-3.056586351953703229e+02
-2.969339640251268975e+02
-2.879568986008120532e+02
-2.784313697495625206e+02
-2.615132861058573894e+02
-2.420486732557955349e+02
-2.224368281115517334e+02
-2.061199244161593356e+02
-1.902645128503856427e+02
-1.714136229559752280e+02
-1.626665737264730751e+02
-1.451864882815262661e+02
-1.286611933459008696e+02
-1.168776690727402610e+02
-1.004520105414399467e+02
-8.032204848775477046e+01
-6.296084177960456429e+01
-3.802647985349574355e+01
-1.991917476966424871e+01
-1.259803234748819456e+01
3.918872264214405821e+00
2.129061360541051684e+01
3.680386828325691795e+01
5.427273423826427745e+01
7.566918196270877672e+01
9.451857609502013702e+01
9.901613012870132025e+01
1.144810647551685179e+02
1.324339242636298479e+02
1.437655600081268403e+02
1.559541370533487168e+02
1.756886014978444734e+02
1.990106543434358457e+02
2.095184206566314913e+02
2.269263937214570888e+02
2.351572046809128267e+02
2.470190177544568826e+02
2.688547244864710137e+02
2.925084320822493282e+02
3.045022300477139652e+02
3.260188943420205874e+02
3.316574459091212930e+02
3.551285011207885418e+02
3.721962751541403236e+02
3.927107864576053657e+02
4.058288444447355801e+02
4.252991758904959170e+02
4.471186909047872859e+02
4.645870103059076541e+02
4.891037704218497879e+02
5.125841937793542229e+02
5.311127971572003617e+02
5.471515432522326137e+02
5.534889391461821333e+02
5.623702825712248341e+02
5.827290445646571015e+02
6.032525082493637001e+02
6.185686621467502846e+02
6.253256622555433069e+02
6.625235207039254419e+02
6.716757487576743415e+02
6.929895034539559902e+02
7.053170991126728495e+02
7.245245587669430734e+02
7.434600223152165199e+02
7.651457655138228802e+02
7.707012758139180733e+02
7.867723165710615376e+02
8.053232344161771152e+02
8.136502108345910074e+02
8.328422371692931847e+02
8.540964747559463603e+02
8.757839880674620190e+02
8.923803347967063928e+02
9.070938548255430760e+02
9.391427460029464100e+02
9.409154406953800844e+02
9.653040562550329469e+02
9.777797113268860585e+02
9.935492956655267562e+02
1.006203929341140451e+03
1.029426133017347411e+03
1.039206540428309609e+03
1.049192675920832244e+03
1.058010000912608120e+03
1.081964998639195983e+03
1.088969426649147181e+03
1.104425618145039152e+03
1.131804382365196034e+03
1.150200803498420328e+03
1.167953907538459589e+03
1.185838262944847884e+03
1.196471584366601974e+03
1.209653716619140368e+03
1.229225388289813054e+03
1.234463364565914617e+03
1.248381900777608053e+03
1.265203280030448695e+03
1.279327228427868249e+03
1.272420215920057899e+03
1.299602972005493257e+03
1.326025949585952731e+03
1.329524275100137402e+03
1.329099646778364558e+03
1.340439338521812260e+03
1.355981310559384610e+03
1.356796123823663720e+03
1.371441971517896263e+03
1.381859625195437729e+03
1.390451695966155967e+03
1.400115058661320973e+03
1.402967620914153031e+03
1.375190411307600925e+03
1.385015092383390311e+03
1.396429943623818190e+03
1.423634054721333086e+03
1.441022302437010012e+03
1.465939360520816081e+03
1.488677524905423525e+03
1.502205141339827378e+03
1.510287374508736548e+03
1.519018378974523785e+03
1.519825147828179752e+03
1.532171989223820674e+03
1.556256866997867519e+03
1.568627823049808512e+03
1.570553499025055544e+03
1.599636938862949364e+03
1.590603148857050883e+03
1.588317832708986316e+03
1.604514081244329191e+03
1.621450114903146414e+03
1.621943613122400620e+03
1.640042005359567611e+03
1.627324876116771748e+03
1.653272890220975114e+03
1.647317438253921182e+03
1.641573029577806210e+03
1.621695644818503297e+03
1.645693711301996700e+03
1.651815199336997694e+03
1.664775560562782402e+03
1.675042434737954181e+03
1.679574182736609146e+03
1.683206803745829347e+03
1.691801007794088036e+03
1.680612840257970902e+03
1.683729871884620707e+03
1.711669925064275731e+03
1.718858142859248574e+03
1.706811738427752516e+03
1.711323180971544616e+03
1.738239866735753594e+03
1.749121564932129786e+03
1.755758877521557451e+03
1.759041175014056762e+03
1.774115602942622900e+03
1.784555413925651465e+03
1.806626740952321597e+03
1.817275715925205077e+03
1.830352266446721615e+03
1.849678060849686062e+03
1.832950099902672264e+03
1.838079425156670823e+03
1.841033761837129759e+03
1.831107780385478918e+03
1.831452701637830387e+03
1.813095160227916722e+03
1.810423235196234600e+03
1.785130737719853414e+03
1.791216533822231213e+03
1.777164434547833025e+03
1.768607659110609575e+03
1.754246112213968672e+03
1.745229831312225997e+03
1.736780489635069898e+03
1.746442025363555331e+03
1.777686705407382078e+03
1.775919368022269964e+03
1.752718821263003974e+03
1.755960675059219056e+03
1.765852369193495633e+03
1.760284417996954517e+03
1.789879378850789863e+03
1.817004456835661586e+03
1.811194505657610762e+03
1.837644124804969806e+03
1.819139871351216243e+03
1.822713461790964629e+03
1.829285159765750223e+03
1.840552908429200215e+03
1.820156106964050650e+03
1.834400164607828856e+03
1.824537355671536716e+03
1.806796231385431838e+03
1.806848540158793412e+03
1.814578728090504683e+03
1.798260317285773453e+03
1.803013401947410784e+03
1.803820268153697270e+03
1.827921184417690938e+03
1.833448315857682019e+03
1.808128607116096873e+03
1.794792556355768284e+03
1.799146900251791521e+03
1.793890826670017532e+03
1.768848912764927036e+03
1.747692218451984445e+03
1.759514409718739898e+03
1.773910540766596341e+03
1.794879521401114971e+03
1.809851918508163180e+03
1.791756153514857942e+03
1.794100848346013208e+03
1.800059125292691078e+03
1.793824400690911034e+03
1.817564045566994992e+03
1.825391802341274342e+03
1.860620069670930206e+03
1.840663897140492054e+03
1.875111006755193785e+03
1.887191149698975551e+03
1.897605790387095794e+03
1.913733634232505892e+03
1.934759481472001880e+03
1.917641765209881214e+03
1.931492832228233510e+03
1.915036874149309369e+03
1.919572419386327056e+03
1.907769520291456956e+03
1.916209465351346353e+03
1.917039464488115300e+03
1.919927918844170563e+03
1.921043469350813893e+03
1.936413561589905385e+03
1.936751814865264350e+03
1.946426315816104761e+03
1.933514977491892978e+03
1.903322866073653586e+03
1.906658939162236720e+03
1.911819546600411513e+03
1.914551442290369096e+03
1.944395060560346792e+03
1.946895223543694328e+03
1.946879752333856004e+03
1.933331660738235314e+03
1.929066136192948306e+03
1.921577099362861873e+03
1.944010439205914054e+03
1.946923648997417558e+03
1.963376757068275083e+03
1.963339426764362997e+03
1.945825784064213622e+03
1.970254069096602962e+03
1.966798756866968461e+03
1.986304338598390359e+03
2.011640764273771765e+03
2.014750171882944414e+03
2.017944716063931992e+03
2.024764193587005366e+03
2.020036119258531244e+03
2.023682668745299452e+03
2.018676594564738252e+03
2.007870133809335584e+03
2.021437578935358943e+03
2.011184887011480441e+03
2.008761689736476001e+03
1.998363628350983845e+03
2.012216855182660993e+03
2.000266599162511966e+03
2.011376468642752343e+03
2.013323948781438730e+03
2.006717422264085144e+03
2.011059834032162598e+03
2.033003163542526408e+03
2.014394335846029662e+03
2.043396661868819137e+03
2.030679784252861509e+03
2.045846044217345707e+03
2.044475654354506787e+03
2.063479297756754477e+03
2.063957771701920137e+03
2.052594738634573787e+03
2.049437653636172854e+03
2.029427783625421398e+03
2.066449082871566134e+03
2.054879938823645716e+03
2.081632094037915067e+03
2.063988189387297098e+03
2.058063680752012715e+03
2.054537119071905181e+03
2.079925299746548717e+03
2.090501704837333364e+03
2.085396663719312528e+03
2.100041185284090261e+03
2.123918469771553191e+03
2.118529017029717579e+03
2.121077753783453772e+03
2.091264005079050548e+03
2.090803892090967111e+03
2.113729351283023789e+03
2.125918270681058857e+03
2.123681096774622347e+03
2.115271261766462885e+03
2.125581789314879643e+03
2.124549573584681184e+03
2.108715035632932995e+03
2.106142915466838076e+03
2.106532807649964980e+03
2.132550598788510797e+03
2.135605764606541925e+03
2.148533054033147437e+03
2.166765041157128962e+03
2.164177223055751710e+03
2.180700518099225974e+03
2.186389412548405744e+03
2.183439738089438833e+03
2.171165297466021457e+03
2.187000520308997238e+03
2.167691720889087264e+03
2.160037049323172596e+03
2.171551558034156642e+03
2.176444573636235873e+03
2.178791640436032139e+03
2.189036721769550695e+03
2.201983834364261384e+03
2.227258665430922520e+03
2.208697372942618131e+03
2.220481485761292788e+03
2.184804507228651346e+03
2.198507218711607038e+03
2.189896900002474467e+03
2.196184729965716542e+03
2.182114063425285622e+03
2.199881530679252592e+03
2.211676809601745845e+03
2.221604716564849696e+03
2.219348942026388158e+03
2.226375967520382346e+03
2.227877761987143458e+03
2.231334945207171131e+03
2.233310787003229052e+03
2.236196861432089008e+03
2.241263386564483426e+03
2.230642508539125174e+03
2.246230924214210972e+03
2.245422029921099238e+03
2.273854276896596730e+03
2.273749872908456837e+03
2.270875697797988323e+03
2.292055660382742190e+03
2.307861257945077796e+03
2.299923321826024676e+03
2.301416815207515810e+03
2.308700941369031625e+03
2.292117605279529926e+03
2.294999160627869514e+03
2.302900232880037493e+03
2.307470491095904890e+03
2.307765360984801191e+03
2.308474930087059874e+03
2.285466470491103337e+03
2.291289893999657124e+03
2.284467844734382652e+03
2.293692373588191458e+03
2.305924409093633585e+03
2.290503211708809431e+03
2.288640037185848541e+03
2.311156346486215625e+03
2.327210254565927244e+03
2.325178410379453453e+03
2.326287315993494303e+03
2.323491120161729214e+03
2.308124119624736977e+03
2.300376868450684469e+03
2.317514415779085084e+03
2.320100241042994185e+03
2.312289205517977734e+03
2.329445402116356945e+03
2.333084638915942378e+03
2.346998006441864618e+03
2.365358488294603376e+03
2.379558255816603832e+03
2.380732551016727029e+03
2.381976255201908771e+03
2.393286997516425345e+03
2.416792382237331822e+03
2.400127831718291418e+03
2.390665342015663100e+03
2.392104518070509585e+03
2.398359836405033548e+03
2.406908591754268400e+03
2.390094967475668454e+03
2.387771519831071600e+03
2.392621901781629276e+03
2.397235887605147127e+03
2.407795392610677027e+03
2.396122545531239666e+03
2.358458839335096854e+03
2.339473766218502533e+03
2.312940130562231388e+03
2.320200327925842885e+03
2.322629007116316643e+03
2.339576695055207892e+03
2.360099160865507656e+03
2.346357187349764899e+03
2.343501235307844581e+03
2.344186639532517347e+03
2.326559899637515173e+03
2.328593194998871240e+03
2.345013409712754765e+03
2.347914096458530366e+03
2.369511011842237167e+03
2.370305697201342355e+03
2.384549419978905917e+03
2.390764694598975893e+03
2.399381523607882173e+03
2.407010820351830716e+03
2.383563953834523545e+03
2.385181940551362459e+03
2.387286076251566556e+03
2.411034163862851983e+03
2.427372452386409805e+03
2.422329423027331814e+03
2.431817159748897666e+03
2.428463988110119317e+03
2.450172908498637753e+03
2.471051760756562999e+03
2.456992890482551502e+03
2.456567128855419014e+03
2.459503598449973651e+03
2.463841355651645699e+03
2.463457236423024824e+03
2.442887330986691723e+03
2.438728351077598290e+03
2.440414003269327168e+03
2.450330476231372813e+03
2.452943766710745876e+03
2.452797795774656606e+03
2.465092322828220858e+03
2.453010799768216202e+03
2.472591376786425371e+03
2.497480253617035942e+03
2.472288659019657644e+03
2.472059395581954050e+03
2.472220741349332002e+03
2.492195044845572284e+03
2.537554550469114474e+03
2.548621415913527926e+03
2.585429165986357930e+03
2.594276089342914474e+03
2.598498311049179847e+03
2.594912898239768310e+03
2.586647406174567095e+03
2.604291698718167481e+03
2.607106305648017951e+03
2.630819265137483399e+03
2.613365520257331809e+03
2.626973403282682284e+03
2.610425217629152030e+03
2.612736097558693928e+03
2.630396610094932839e+03
2.631944112177484840e+03
2.627254856364090756e+03
2.645879387313252209e+03
2.648766396096449625e+03
2.602236086800299745e+03
2.629250954218251081e+03
2.615504439935859864e+03
2.619356334864880409e+03
2.620193855506196996e+03
2.619663556155609058e+03
2.620417994283545795e+03
2.576143094584792379e+03
2.540346454432579776e+03
2.540595568986736907e+03
2.561445033290681749e+03
2.556995598726647131e+03
2.558171784227843091e+03
2.557199343764701553e+03
2.555779037664470252e+03
2.549774898292089802e+03
2.571151911271890185e+03
2.581956254514830562e+03
2.603622431137024250e+03
2.610765288213754502e+03
2.610328564284310232e+03
2.612800672118215971e+03
2.612361380538322464e+03
2.622888581883330062e+03
2.628429075938398455e+03
2.603158872640639402e+03
2.628681183611096913e+03
2.631595846328649259e+03
2.615846046843382283e+03
2.611756528452277053e+03
2.600047211257897743e+03
2.616507408751309413e+03
2.597431947614768433e+03
2.599138445729157411e+03
2.577366086987993185e+03
2.572463819609322400e+03
2.576154626367295805e+03
2.556991549964532624e+03
2.532304563580323247e+03
2.513206160123736026e+03
2.515924107783390355e+03
2.500742378264562831e+03
2.519201572182923883e+03
2.510241366811569151e+03
2.511872817369571749e+03
2.491014148151790323e+03
2.493494514609604266e+03
2.490409670147973884e+03
2.488423721450551966e+03
2.522279948305870221e+03
2.507918249467868463e+03
2.521939817217913514e+03
2.520861544740815134e+03
2.500760339868868869e+03
2.515765274074332410e+03
2.532371022025510683e+03
2.555315065748014149e+03
2.560800476841935506e+03
2.562130710158439342e+03
2.557978470509572162e+03
2.567574234441453427e+03
2.568455846166129049e+03
2.541823723646740746e+03
2.532113935146947824e+03
2.524667104450177703e+03
2.505570819514761752e+03
2.520367082696151556e+03
2.521954166834025727e+03
2.511480421357935029e+03
2.511635880676084071e+03
2.515301498580511634e+03
2.514732895493921660e+03
2.520801211304416483e+03
2.528199772354256766e+03
2.515482876169665360e+03
2.484764389432662483e+03
2.476406624983047095e+03
2.473352364296453288e+03
2.477476333001284274e+03
2.487628093908907886e+03
2.489173433667580412e+03
2.489609353331474722e+03
2.484466762161205224e+03
2.515520822778534239e+03
2.533679071055357781e+03
2.533422264015991459e+03
2.562036239742617454e+03
2.586480628749765856e+03
2.583388289528960286e+03
2.600693228746712066e+03
2.619703490983255506e+03
2.610110811822660253e+03
2.615873836019853115e+03
2.619228973331232737e+03
2.620538989992726329e+03
2.608283723790064869e+03
2.606761501182309985e+03
2.623435134284442938e+03
2.635880997681807912e+03
2.638620860557976357e+03
2.634244903793643971e+03
2.599239372634414394e+03
2.624546065082449331e+03
2.609736650137988818e+03
2.593380653659340169e+03
2.583016693764588126e+03
2.584928828090897696e+03
2.562895526834067823e+03
2.570672862469336451e+03
2.549281977139466107e+03
2.552360866363243076e+03
2.580091649137975310e+03
2.595383649393368614e+03
2.597720153960494372e+03
2.603567452762107223e+03
2.601136028904466912e+03
2.578928176817044914e+03
2.578669328047095405e+03
2.560132484033731089e+03
2.552515221414941152e+03
2.551577535443453598e+03
2.510378631189480984e+03
2.525054916758519084e+03
2.541285547282612697e+03
2.567514316534258342e+03
2.570393050372224934e+03
2.575831962166149424e+03
2.570455084244611953e+03
2.573713165113377727e+03
2.571301878728123484e+03
2.591079935305508570e+03
2.597928675024634231e+03
2.561719138075866340e+03
2.560445553808082877e+03
2.538491164810255668e+03
2.535468141066008684e+03
2.555168509804092537e+03
2.540014329023070786e+03
2.540944005325110538e+03
2.515287521590307733e+03
2.495793240464849987e+03
2.507804774827421170e+03
2.513204989295544237e+03
2.472523815617204036e+03
2.472013111046469930e+03
2.478419647027048995e+03
2.465131693637385524e+03
2.467267323983503957e+03
2.431390262957351297e+03
2.435889810752478752e+03
2.465542115866400763e+03
2.428092133001176535e+03
2.450271140987245872e+03
2.451273997910333946e+03
2.493420877218142323e+03
2.505596607392336864e+03
2.531071832686998277e+03
2.530369548950922763e+03
2.504393190967114606e+03
2.485077133490466622e+03
2.489064319929786507e+03
2.489652692203270362e+03
2.470139832658061096e+03
2.489680215466474237e+03
2.494538052141952903e+03
2.506449820178919254e+03
2.505164896567947380e+03
2.522070592901460259e+03
2.535855099081297340e+03
2.525669331122264339e+03
2.568166709820769483e+03
2.571741648285428710e+03
2.530496464875846414e+03
2.525994662977017015e+03
2.542849147755560807e+03
2.541686810476033770e+03
2.540222379787880982e+03
2.543273657858754177e+03
2.544184957653293168e+03
2.520673569290884643e+03
2.531822777099135692e+03
2.547162947465649268e+03
2.535023231930805650e+03
2.549466607966653555e+03
2.513645949335339992e+03
2.493903214053069860e+03
2.502930930799575890e+03
2.508521184857234402e+03
2.521828882211999371e+03
2.546909972964833742e+03
2.530844430962656133e+03
2.505662807361972227e+03
2.550372549950398479e+03
2.521436068115864600e+03
2.511226026972295131e+03
2.526098599603692492e+03
2.524977925965330087e+03
2.563507475304107629e+03
2.567673455153552823e+03
2.583830462827294468e+03
2.590797803625462166e+03
2.598632830616226329e+03
2.592149892053984331e+03
2.592315287726781207e+03
2.567466211581564949e+03
2.545422725362497658e+03
2.549961525222851833e+03
2.542639755626025817e+03
2.564875202466331302e+03
2.533286030805778410e+03
2.525749289263203082e+03
2.536129726027282686e+03
2.524113509800382417e+03
2.504843589904542114e+03
2.512968796628726523e+03
2.523090529049093675e+03
2.525455766584995217e+03
2.522031829134091822e+03
2.507286728233803842e+03
2.491172067082589365e+03
2.517441989799973726e+03
2.548603435135952168e+03
2.548346129611223205e+03
2.559401231286205075e+03
2.559158972604092469e+03
2.563601050587450118e+03
2.563509047405163074e+03
2.541902594643708198e+03
2.567957589103962164e+03
2.578369484429628301e+03
2.580687605453908418e+03
2.572270407192126640e+03
2.566799628016924089e+03
2.590336648781203621e+03
2.610305892199046866e+03
2.628599594335139955e+03
2.584233947270781300e+03
2.593111669963043369e+03
2.598153242320267054e+03
2.623630014460113216e+03
2.622538786346087363e+03
2.646831104571945616e+03
2.684703700196114823e+03
2.660360620577961527e+03
2.657999687077981434e+03
2.658074782158675589e+03
2.659261850970144224e+03
2.620284404872006689e+03
2.640208756459211145e+03
2.631027830044980419e+03
2.619068377597759081e+03
2.631136706855576904e+03
2.596747579537068759e+03
2.610351324067190490e+03
2.597566089071671286e+03
2.614689306137881431e+03
2.628865449677928154e+03
2.606914280260586565e+03
2.622402452806781639e+03
2.645366642376512573e+03
2.651665697144485421e+03
2.645738104298907729e+03
2.618141079030834590e+03
2.634358620949898977e+03
2.616549094801958290e+03
2.620055201046660386e+03
2.644470383502660752e+03
2.649469332941329867e+03
2.656123861912658413e+03
2.654527802271965811e+03
2.657429340616941317e+03
2.640136062450210375e+03
2.640906300704360547e+03
2.643039629868580505e+03
2.648664532697649520e+03
2.636208478216647563e+03
2.634975947451960110e+03
2.636390179941216047e+03
2.637563703778305808e+03
2.633126512711665782e+03
2.671781022848758312e+03
2.642219727193674771e+03
2.605821450022290719e+03
2.592795366544798071e+03
2.587196507829053644e+03
2.572902391201215778e+03
2.553553465485409106e+03
2.567504884812911769e+03
2.556816505791298823e+03
2.535965641473901087e+03
2.538902682074761742e+03
2.531576166267341250e+03
2.545633280321219900e+03
2.535088815115163015e+03
2.518843119429327089e+03
2.518266896961289603e+03
2.556567647909847437e+03
2.555945280943679791e+03
2.568740045663090314e+03
2.581810390731604457e+03
2.574105722816513207e+03
2.608924889970039203e+03
2.599133948932673775e+03
2.606388929753697084e+03
2.581325191477068529e+03
2.625967755640950145e+03
2.601508708403451692e+03
2.615605227376853691e+03
2.597713659966936120e+03
2.602897301920215796e+03
2.620102090757291535e+03
2.633272210789355540e+03
2.609297581847187757e+03
2.612705901357334824e+03
2.611067489631248918e+03
2.611600475337165335e+03
2.604342585837537172e+03
2.614369314855649009e+03
2.616581800859816667e+03
2.612922959107988390e+03
2.629604540447547151e+03
2.618028353459586924e+03
2.606584242210943103e+03
2.595566138301106548e+03
2.630534728083890968e+03
2.627271908557483130e+03
2.623339224848598406e+03
2.599394261639451543e+03
2.584422604198797217e+03
2.585441665161967194e+03
2.608514443945715811e+03
2.625021843895018264e+03
2.620165800558583669e+03
2.645352552968769032e+03
2.665124396971759325e+03
2.701697764419300256e+03
2.702685535014284596e+03
2.690432805315004771e+03
2.703575898978425357e+03
2.699781994785974348e+03
2.666924705220681517e+03
2.681297295863885211e+03
2.694632379384909200e+03
2.709027319493564391e+03
2.715441717984450406e+03
2.689881655950147433e+03
2.664520548863395106e+03
2.665916893081858234e+03
2.676799089937942426e+03
2.655454256914774305e+03
2.638520113497086186e+03
2.679570280633597122e+03
2.693103964674556664e+03
2.687789976526365081e+03
2.686075161941575516e+03
2.708477951641259097e+03
2.709968943304015738e+03
2.727956386574476710e+03
2.733309792086366087e+03
2.745972245952233152e+03
2.736187993252671276e+03
2.759334106213353152e+03
2.775419007649929426e+03
2.777757340089177433e+03
2.751378907576076472e+03
2.754226611208834129e+03
2.750088049546684488e+03
2.740996441349620000e+03
2.729494180286211304e+03
2.742520959575419056e+03
2.726514912931728304e+03
2.724866866593668874e+03
2.732893028550895451e+03
2.712262535201495211e+03
2.719861348663215267e+03
2.723798701640020226e+03
2.722398915617772218e+03
2.739137033843906465e+03
2.740282575590673332e+03
2.757222952208175684e+03
2.780607661622414071e+03
2.794494135066035142e+03
2.796559503171900815e+03
2.793223531575536981e+03
2.782909935769466301e+03
2.794673428260075070e+03
2.790682370061865640e+03
2.780393856599220726e+03
2.797477047404010591e+03
2.818279637798329532e+03
2.817260796844178913e+03
2.821130925168105932e+03
2.806649416242640200e+03
2.801543029766509790e+03
2.822739987827676941e+03
2.852474644801165596e+03
2.849781581373737026e+03
2.836752432600695556e+03
2.857071008397474543e+03
2.860737944144430912e+03
2.861544312290804100e+03
2.861764313237118131e+03
2.873235445762065865e+03
2.874083717482452812e+03
2.882366587178081318e+03
2.884204735512655589e+03
2.870678826213402317e+03
2.866652812381197691e+03
2.896424065261780470e+03
2.878355988835212884e+03
2.879178397490655698e+03
2.879757677156232148e+03
2.879064033035560442e+03
2.907128805778095739e+03
2.898321471878165084e+03
2.879892423028361918e+03
2.890891194857024402e+03
2.905672250878634713e+03
2.905556723328429598e+03
2.934512651669921070e+03
2.936447553058791073e+03
2.922438495419031369e+03
2.904637334017307239e+03
2.892720644004630230e+03
2.874814055694235321e+03
2.870734299234306491e+03
2.871584975334008504e+03
2.875949557686095886e+03
2.872677710260149524e+03
2.872096337893673535e+03
2.878672282080285186e+03
2.899291677993847770e+03
2.885203624396784107e+03
2.898728099031417059e+03
2.902316181657225115e+03
2.912872689553786586e+03
2.921626889876023142e+03
2.925087759719403493e+03
2.880542261051479727e+03
2.861734391322004285e+03
2.835066422477579181e+03
2.852733554695701514e+03
2.856287813136373188e+03
2.854701096802890333e+03
2.834361569461426825e+03
2.834811463720495340e+03
2.842648149634087986e+03
2.852550848380223215e+03
2.854362439866676141e+03
2.850649467070525134e+03
2.845471058878200893e+03
2.820920193326256594e+03
2.794236778020658676e+03
2.791372093492362183e+03
2.791845546988011847e+03
2.777840924541691038e+03
2.789672218480915035e+03
2.785569529916785086e+03
2.803223292364385543e+03
2.800632546388687842e+03
2.798344410858717765e+03
2.798283160094894811e+03
2.768928358861513516e+03
2.782323822718732572e+03
2.805057017671044377e+03
2.805397501720130094e+03
