1.718274026476066751e+00
2.471719222486155942e+00
3.641720542610554112e+00
5.991825075733046013e+00
8.740402906126423233e+00
1.145122222737930962e+01
1.378962898066399845e+01
1.573354876425291415e+01
1.786885076528193750e+01
1.975610576939117990e+01
2.146741939081492490e+01
2.252059770366211922e+01
2.368813003067192469e+01
2.468374138377128446e+01
2.533849836630027852e+01
2.605719524714914215e+01
2.670108300350659647e+01
2.724230956620195698e+01
2.776120768355583479e+01
2.877195307464205243e+01
2.966806049677728296e+01
3.047916448156516367e+01
3.075599755263195689e+01
3.129719087410592238e+01
3.197818358579695541e+01
3.269727447119640829e+01
3.283946759612076960e+01
3.352314519681785754e+01
3.376904137929366101e+01
3.506102467506945430e+01
3.624263680501761797e+01
3.700045286495243602e+01
3.849959271543382044e+01
3.983074425576187139e+01
4.146826952759959539e+01
4.314554437176694535e+01
4.527016699628948970e+01
4.666200605561609649e+01
4.830165640321973086e+01
5.023528486204499188e+01
5.209622086487590309e+01
5.377647929084814393e+01
5.549594056374169071e+01
5.734430072161759284e+01
5.822127574611835144e+01
5.958649437475556709e+01
6.104294531358365816e+01
6.179072693652953774e+01
6.261327928985708979e+01
6.363943000718904131e+01
6.401956616022017954e+01
6.481154234916483858e+01
6.511177376359110269e+01
6.522996597220218007e+01
6.620230729637108880e+01
6.717442594100022291e+01
6.798163253410112361e+01
6.801595073801952651e+01
6.913939752648776960e+01
6.797399216580942038e+01
6.751375283841485953e+01
6.721463766253089034e+01
6.726341120060658341e+01
6.760673675362284030e+01
6.818675102172360880e+01
6.844743127861502785e+01
6.771854599112313622e+01
6.831926007195902173e+01
6.878222294193696484e+01
6.855825476993480549e+01
6.946086015428315363e+01
7.103995006273096635e+01
7.123986057665098315e+01
7.171133214276585477e+01
7.198579461048541361e+01
7.155876097638719102e+01
7.144546201729059476e+01
7.242061908419822203e+01
7.216212014292091226e+01
7.261357177509579230e+01
7.379188675145626064e+01
7.513219176272659183e+01
7.517882300413552343e+01
7.665455418635134777e+01
7.605551409873156388e+01
7.563495543163973878e+01
7.601153895746806199e+01
7.609982796927721438e+01
7.499629635721568377e+01
7.490884409140817013e+01
7.474258601526257451e+01
7.494759010053562065e+01
7.477041139939309744e+01
7.565685118390776154e+01
7.581041342916267922e+01
7.673498640902111845e+01
7.819153197408746792e+01
7.951032846481112415e+01
8.041368162102831718e+01
8.090680269983519679e+01
8.205182213116064815e+01
8.359625778995552992e+01
8.459936907515728421e+01
8.502833757934580206e+01
8.600997697413794185e+01
8.640911963658145112e+01
8.685908348618606567e+01
8.657175321075951047e+01
8.687165720873528585e+01
8.737127885146169604e+01
8.665025764105581629e+01
8.681326744742564472e+01
8.665822000776729794e+01
8.599907060057030606e+01
8.575978369865305240e+01
8.605434641116757177e+01
8.483922811770871419e+01
8.518002980417146830e+01
8.550911306111089516e+01
8.564815745158620075e+01
8.526525186017136093e+01
8.367147771819320212e+01
8.357577251202036450e+01
8.341581584767448021e+01
8.416816548280147003e+01
8.400880167235955298e+01
8.425878037332714143e+01
8.449041804154738600e+01
8.496208080995822343e+01
8.566109281948574505e+01
8.574314019561690259e+01
8.489463115296216245e+01
8.467150329104677553e+01
8.534982996471737238e+01
8.655811672479927665e+01
8.643738440567467762e+01
8.580597501396852067e+01
8.610873615133246517e+01
8.778935375651974482e+01
8.920496285136150050e+01
8.916106961068955172e+01
8.952419926425609731e+01
8.980675889381166144e+01
8.948796395083535060e+01
8.965692043937420408e+01
9.022373704829847441e+01
9.185414547018112330e+01
9.185244507653818857e+01
9.201801544653784504e+01
9.419960526566428882e+01
9.504860638057586186e+01
9.642264110760714857e+01
9.577614256117919922e+01
9.517066430672828403e+01
9.513260620105238274e+01
9.605114822722153178e+01
9.767124643265231043e+01
9.878854112738866888e+01
1.000615778538990099e+02
1.027807980563257644e+02
1.031551400578072446e+02
1.042792264193583236e+02
1.050918372248737427e+02
1.055434039959056491e+02
1.062280749152189685e+02
1.070058130502268909e+02
1.076716469330372519e+02
1.085477980236117901e+02
1.094099537095657979e+02
1.104862697442023602e+02
1.114093040764513347e+02
1.126020269965466696e+02
1.118866783207893718e+02
1.124082650860587620e+02
1.140259564312407150e+02
1.149731103676209045e+02
1.161132553696963612e+02
1.167267208954555997e+02
1.164188192406564610e+02
1.195074429398961939e+02
1.204395655339996551e+02
1.228173663099496338e+02
1.239444979317140536e+02
1.263297983021427200e+02
1.280103545570242147e+02
1.277178275490959294e+02
1.289424448669640526e+02
1.297814818649603410e+02
1.311783058359359586e+02
1.332101450248802905e+02
1.330833524030920501e+02
1.365872971521325496e+02
1.387045194427936394e+02
1.398741235233923419e+02
1.406586754426149923e+02
1.454785431187434597e+02
1.460148228332951987e+02
1.478961836397904790e+02
1.514846480142801681e+02
1.536344044865947467e+02
1.513890369886289307e+02
1.536012791716433412e+02
1.566876806875555701e+02
1.584797517767455020e+02
1.605931892639094940e+02
1.622853850986376187e+02
1.631223941307149516e+02
1.650014729391051560e+02
1.655919731075384220e+02
1.687487005317277635e+02
1.694983942353220243e+02
1.702692772513069883e+02
1.706338439426711489e+02
1.697282212543219657e+02
1.674318406509393071e+02
1.654946350178034606e+02
1.654170195564443304e+02
1.616881355051737330e+02
1.599576207512917847e+02
1.570632164348328388e+02
1.558818357409550401e+02
1.562907079526877396e+02
1.563221015401421710e+02
1.566341691008943542e+02
1.534361321846599537e+02
1.544417891662729687e+02
1.512010367942072548e+02
1.479025128917610630e+02
1.491541886368234486e+02
1.473423577070132922e+02
1.473606305631912505e+02
1.469801968490141633e+02
1.460528411115197116e+02
1.494283041677896620e+02
1.493287421144713676e+02
1.532543886853612776e+02
1.525368286784047029e+02
1.491807023409478461e+02
1.496978447278380884e+02
1.526921551591129003e+02
1.525176249228431118e+02
1.531402834490456257e+02
1.524774944767643490e+02
1.540549925788934047e+02
1.576422350540469211e+02
1.559552731380683781e+02
1.563870058515239236e+02
1.539692667300483038e+02
1.538126571932709226e+02
1.551222398342925999e+02
1.543894483648099367e+02
1.573081117567253102e+02
1.601012910012451300e+02
1.599821582464855680e+02
1.638921583056446991e+02
1.600121830902978957e+02
1.603422180056109312e+02
1.620092835276483072e+02
1.606601304339324372e+02
1.649232114151684527e+02
1.678613400216730156e+02
1.707151355847863385e+02
1.723222645834260902e+02
1.720532199206610642e+02
1.709112754365423825e+02
1.738947039260632437e+02
1.726702136444635869e+02
1.745992955584402182e+02
1.744376354987357729e+02
1.777490697833560205e+02
1.817304140775301562e+02
1.836170765647324856e+02
1.844933925986990175e+02
1.851695447689710932e+02
1.849057769721231637e+02
1.829432884964976154e+02
1.821021108365798966e+02
1.802280141289592450e+02
1.822365573470874267e+02
1.831394896043800600e+02
1.831429628975265302e+02
1.843392452763226856e+02
1.866486088130410224e+02
1.882577102898477790e+02
1.890973956973457746e+02
1.893084482526705301e+02
1.909012351140481485e+02
1.924603266936465218e+02
1.907831464664122620e+02
1.919341729223988011e+02
1.949356802917262996e+02
1.978975248871829535e+02
1.983761944514450306e+02
1.963504880947451738e+02
1.987970515269003613e+02
1.967130006064735142e+02
1.922216617726184325e+02
1.901630465189288088e+02
1.887900651663897520e+02
1.896276728833147445e+02
1.928249844839522495e+02
1.923665718953139105e+02
1.947075846454193879e+02
1.959190812348987549e+02
1.969848793413459873e+02
2.006085538343963037e+02
2.000550797561695902e+02
2.014927760573417288e+02
2.028664092495324098e+02
2.049194043435171295e+02
1.988054829200889912e+02
1.985775905436809126e+02
1.993055403947799391e+02
2.004372483243688521e+02
1.954704865903473205e+02
1.934894685628366915e+02
1.913920520041748432e+02
1.882530955418777125e+02
1.874302336858629587e+02
1.886874700095549997e+02
1.850551657939078325e+02
1.874576352127287180e+02
1.853527124432544610e+02
1.829956851582190893e+02
1.816654921181204259e+02
1.808152667140431049e+02
1.802500851963463049e+02
1.731933555535594849e+02
1.733618442553646730e+02
1.688255528897082343e+02
1.686294525707951379e+02
1.658306329903397227e+02
1.643878794552246063e+02
1.657431310653944365e+02
1.629226494431421770e+02
1.628707418701968948e+02
1.594297812479893537e+02
1.648807839966265192e+02
1.695918006220819052e+02
1.686360892668535314e+02
1.653318438226349087e+02
1.649767474430231573e+02
1.644017164166426994e+02
1.629050778472625893e+02
1.633099003411057311e+02
1.646891275068092000e+02
1.668016780838677278e+02
1.666613303698362643e+02
1.668209817578656953e+02
1.653343341091664911e+02
1.649011108304064805e+02
1.682445778888589132e+02
1.686065612679394690e+02
1.692098313598800132e+02
1.710225932631718422e+02
1.702691431162215281e+02
1.679424160019633803e+02
1.694443976225450115e+02
1.685179630304104990e+02
1.685084081943526257e+02
1.650192670548086653e+02
1.643728406772380310e+02
1.640240819677632942e+02
1.684142678457171201e+02
1.671452213122068429e+02
1.658750201464483212e+02
1.638539055750890725e+02
1.651991354307367885e+02
1.671493986507936995e+02
1.613385432438646774e+02
1.642605986383591130e+02
1.629128272319501605e+02
1.658783878794396287e+02
1.701116135921816408e+02
1.692797405060241260e+02
1.699514603993468427e+02
1.674225151902940354e+02
1.652870470660045612e+02
1.670817122791522706e+02
1.712169802338814861e+02
1.763419368334644730e+02
1.759346523465068515e+02
1.798405734990184897e+02
1.797086581755457928e+02
1.817146047658169437e+02
1.810131484926635608e+02
1.813130246299756152e+02
1.879016685243342693e+02
1.819152619349203519e+02
1.837258510561222238e+02
1.823882606385569716e+02
1.850958867036671052e+02
1.866414967968529766e+02
1.854445039002632143e+02
1.885937714488975701e+02
1.921504682528494357e+02
1.926662417053615002e+02
1.954241650845218885e+02
1.973547341142169103e+02
1.911381880443107377e+02
1.951720161538159743e+02
1.956789764206908444e+02
1.947915114486389143e+02
1.931498142747872180e+02
1.938672552632528152e+02
1.877569137466240932e+02
1.897099861359535566e+02
1.878409872625366575e+02
1.888507928830873368e+02
1.913290384016673613e+02
1.910820475254618600e+02
1.874438947202710892e+02
1.823568684899045138e+02
1.873452845423086899e+02
1.913204505750483406e+02
1.940139405530894976e+02
1.973020687545914598e+02
1.980390906260977033e+02
2.031908335786773421e+02
2.010501765926455846e+02
2.044374493092561522e+02
2.059245351949579401e+02
2.051043481124761172e+02
2.034942147512350061e+02
2.033304895634501008e+02
1.984888391925619828e+02
2.001212547371848132e+02
2.055426755111506054e+02
2.021506571103881242e+02
2.068460625700486446e+02
2.068304719570455177e+02
2.070982179707075943e+02
2.056500248472499379e+02
2.070561647200262314e+02
2.057467025067073223e+02
2.096808362675713511e+02
2.105997962904403664e+02
2.081857381706236367e+02
2.052455083606364497e+02
2.085772217448194965e+02
2.105982174466795129e+02
2.110256880740918177e+02
2.109164730714230700e+02
2.120902201822966902e+02
2.124582142367775361e+02
2.107777141498301035e+02
2.097963254593649935e+02
2.082146014649648578e+02
2.092920974794802191e+02
2.069682641165647397e+02
2.086874311850209835e+02
2.033603801248869445e+02
2.066294913491069849e+02
2.102830159227075342e+02
2.112550144632735964e+02
2.128191503810652989e+02
2.091337781000705149e+02
2.050002253615861605e+02
2.055076637377696898e+02
2.094777590589111753e+02
2.106848430793851605e+02
2.091769303747724678e+02
2.085846682773603504e+02
2.090958135067436388e+02
2.095046168487311320e+02
2.067345002750794549e+02
2.084872424683762802e+02
2.105446482053057196e+02
2.085149633083492517e+02
2.099175771838837932e+02
2.095426650486186873e+02
2.043224445168165744e+02
2.056206306747943415e+02
2.075649107834601921e+02
2.075607286958465920e+02
2.045750525552995498e+02
2.032096930800655059e+02
1.997842521123582173e+02
2.016755860443451809e+02
1.978823577248797960e+02
1.958598998873282824e+02
1.914313161950222764e+02
1.931608103210025433e+02
1.953285896265379904e+02
1.907525402684489677e+02
1.904179282882569169e+02
1.901097170105721261e+02
1.879520821716792511e+02
1.893102204489310338e+02
1.868566164390923632e+02
1.887457962651519097e+02
1.910034480947532245e+02
1.878812053218136100e+02
1.806619437152351395e+02
1.807932613632300161e+02
1.781095495864871054e+02
1.743143252890886572e+02
1.756268392043878350e+02
1.758085268889217616e+02
1.786568657466598324e+02
1.835246669543764426e+02
1.781911850730131448e+02
1.802401984378773818e+02
1.789980729928091705e+02
1.757186039978253120e+02
1.761462532668107315e+02
1.753343687880043831e+02
1.758318121291713680e+02
1.782739618503460122e+02
1.806204538953895451e+02
1.836556580054289896e+02
1.835118274163599494e+02
1.833472393710642052e+02
1.845336521090376891e+02
1.857180601925422252e+02
1.867628184414064947e+02
1.857936798763392403e+02
1.845322287713172500e+02
1.879073960264639140e+02
1.913998605662271757e+02
1.933821433741207159e+02
1.953760724232751897e+02
1.975573052943717869e+02
2.015966510071835387e+02
1.990656242584255722e+02
1.960933041278525764e+02
1.895062076151900783e+02
1.908409980067287393e+02
1.915392023450648367e+02
1.949014463953382403e+02
1.991761041730963200e+02
2.012184321892442540e+02
2.027377472144574426e+02
2.030779421416319508e+02
2.046815324875451552e+02
2.062218504896489719e+02
2.063611610629783115e+02
2.068926192309641579e+02
2.114037221068702763e+02
2.111869964315595212e+02
2.087562243867176619e+02
2.093757671792539554e+02
2.101876864912295844e+02
2.073339311298104803e+02
2.077139142932313121e+02
2.097068406340770821e+02
2.144869651864924265e+02
2.165183333257533320e+02
2.161221189940617364e+02
2.185225045614448334e+02
2.183032594086373024e+02
2.192037439923127522e+02
2.148887435326632556e+02
2.178331206283333472e+02
2.147062779547697176e+02
2.152182858256578015e+02
2.202875645415903705e+02
2.180812158785905979e+02
2.154170756535000351e+02
2.154742735105078566e+02
2.121605854922911476e+02
2.129320270809979547e+02
2.172131761147944644e+02
2.147045451469493855e+02
2.136260161911599766e+02
2.071773297187125422e+02
2.077026959828274357e+02
2.076079671171956704e+02
2.074858923682306795e+02
2.080714437919011743e+02
2.102721024147977289e+02
2.070428078204667202e+02
2.036652319967534197e+02
1.960807343013797777e+02
1.960069412035404923e+02
1.970277550683500465e+02
1.891177514167189599e+02
1.887581857567965073e+02
1.933207227830500301e+02
1.895976834256824759e+02
1.920572870408684309e+02
1.888950695053855497e+02
1.907637432260556238e+02
1.945874577016305693e+02
1.980254953869893484e+02
1.975963655212244419e+02
1.980456494776971965e+02
1.974734138065930438e+02
1.993517326739141140e+02
1.952946100494748976e+02
1.999766766458428151e+02
1.996054095540439448e+02
1.985869950495830096e+02
2.008806355741794221e+02
1.986643155401592935e+02
2.010833874227958518e+02
1.975969790818477918e+02
1.948895662152864645e+02
1.980787360376221784e+02
1.993635112362332791e+02
2.038011913717464552e+02
2.074499624240678486e+02
2.053091677933695962e+02
2.067163240058011695e+02
2.080354428643971971e+02
2.093880432071998428e+02
2.073192068675321593e+02
2.096310966276959107e+02
2.064406782890778800e+02
2.093578214224203009e+02
2.069261297359650484e+02
2.057387465686376515e+02
2.058477684448188256e+02
2.098230635460807889e+02
2.082888203077178559e+02
2.061281659507753545e+02
2.088907817004331378e+02
2.118213943431197492e+02
2.089882534219692332e+02
2.132923538761205293e+02
2.137323402023420442e+02
2.167225760069236173e+02
2.139876997165743830e+02
2.160827154821676856e+02
2.139388318103760014e+02
2.174984894622772060e+02
2.205771170970625406e+02
2.268365984304097651e+02
2.241791405999791778e+02
2.212986518800691442e+02
2.205083546421065250e+02
2.137073927198091781e+02
2.147220404616093674e+02
2.163270246918187922e+02
2.129801897085260407e+02
2.132196180321004704e+02
2.140194789693000814e+02
2.118814827798729254e+02
2.139521641211937890e+02
2.185393733869858579e+02
2.172488578680944613e+02
2.205298544802079164e+02
2.179064007910406531e+02
2.180445131918709762e+02
2.159079134139050780e+02
2.128359950687951141e+02
2.111210250308893990e+02
2.136329458750301171e+02
2.125496759513607685e+02
2.149247255333233682e+02
2.126750778094022394e+02
2.112292495537489003e+02
2.138366033698191018e+02
2.158530023173560437e+02
2.152868124653672623e+02
2.134171266541292766e+02
2.152928880024344380e+02
2.137180279493375963e+02
2.192177945267621624e+02
2.212165914055556186e+02
2.205192416776166056e+02
2.225349545938893812e+02
2.187901933647040380e+02
2.193831246005052833e+02
2.216965435397814019e+02
2.218963861381988067e+02
2.221637700926367245e+02
2.275978225173186615e+02
2.310291018736762680e+02
2.282485452172362841e+02
2.253896140698916497e+02
2.217841199701228732e+02
2.183855453201763908e+02
2.219465994793085031e+02
2.263416097751586449e+02
2.302974174937994292e+02
2.314297485467205604e+02
2.291134958183899357e+02
2.286159750387325289e+02
2.264669464223180739e+02
2.279844357104538801e+02
2.264090932395381515e+02
2.265362143780810982e+02
2.227527582961664052e+02
2.203210456329845215e+02
2.159598591848660760e+02
2.149752889899001502e+02
2.168700668168711445e+02
2.135956681372537389e+02
2.140578575859957766e+02
2.123635734289317156e+02
2.144080650608106282e+02
2.190837740990627935e+02
2.159005354370651446e+02
2.195026305446554318e+02
2.229735155317866599e+02
2.265880640533413555e+02
2.267550326911819809e+02
2.190079122086241057e+02
2.196259902012037060e+02
2.203234966231328542e+02
2.238774144652719542e+02
2.247474211701520801e+02
2.225104934828728460e+02
2.179398184806182428e+02
2.214016610302709580e+02
2.213486626527851229e+02
2.204356200498334601e+02
2.187613802482518111e+02
2.207169661660984161e+02
2.211153715580625487e+02
2.228820261973247057e+02
2.229736552319783129e+02
2.241961557248946235e+02
2.266970265024495177e+02
2.303630307924744898e+02
2.313470992940104054e+02
2.340132892021560735e+02
2.356316567625009100e+02
2.323449471928327057e+02
2.387544801387176960e+02
2.405784887818905986e+02
2.427589475388609799e+02
2.425787688531007404e+02
2.439096686277908930e+02
2.451886306106254381e+02
2.476966090936207081e+02
2.475913556530262554e+02
2.472287053174869982e+02
2.478921745812097299e+02
2.457999101746242729e+02
2.448838097569373247e+02
2.434442351496755634e+02
2.408666055070768266e+02
2.418068240034315863e+02
2.435909426710651928e+02
2.453443294271597210e+02
2.402114661841402494e+02
2.412668811663753274e+02
2.406302981622325774e+02
2.394030863653963479e+02
2.369995793251464136e+02
2.347571641058966918e+02
2.333404104178665648e+02
2.369522428007049086e+02
2.361103111783635313e+02
2.389925703961458225e+02
2.410527988422871886e+02
2.395381582516635888e+02
2.398649168856688334e+02
2.391634043849723810e+02
2.385289135380043035e+02
2.306321156778785451e+02
2.310052497800120648e+02
2.310851224691233199e+02
2.331782173646453202e+02
2.310203621672179395e+02
2.279815489307765120e+02
2.308320920620981269e+02
2.251419043767838275e+02
2.224147628711328082e+02
2.243103958191927916e+02
2.285123968835279413e+02
2.309038718118048337e+02
2.361182077397064063e+02
2.363641721149503496e+02
2.362109404325158266e+02
2.396818226757154093e+02
2.412136188538786143e+02
2.404946993623603930e+02
2.424740342651395224e+02
2.409976450531030707e+02
2.420277044434478739e+02
2.432741940919801777e+02
2.465633479335648133e+02
2.442447660948464261e+02
2.491800027388660510e+02
2.489962898065712977e+02
2.413473467899770526e+02
2.360451359490648713e+02
2.346958137046278807e+02
2.289618640278873443e+02
2.296262924912999779e+02
2.290246983877887317e+02
2.342067780514817912e+02
2.365585744873988858e+02
2.381340823165588745e+02
2.369761677102866884e+02
2.345965927914026565e+02
2.326213253324005166e+02
2.338698800203449366e+02
2.329489142178846635e+02
2.373955644554781372e+02
2.374286528804381078e+02
2.401128827157226624e+02
2.398372449531691473e+02
2.387933388542025170e+02
2.388524004492445840e+02
2.401112920163724311e+02
2.405582709711248981e+02
2.401971693242436174e+02
2.379392511537263601e+02
2.373354261398432641e+02
2.410847662590022935e+02
2.415932945981310240e+02
2.410253591913294144e+02
2.342634116974139147e+02
2.382468054999187075e+02
2.347046562843767958e+02
2.366698273038068123e+02
2.366669407842020121e+02
2.428633548630996302e+02
2.449622764110015964e+02
2.473319304539927259e+02
2.478567783753627793e+02
2.501760923559739638e+02
2.502335928287890283e+02
2.536943319769940786e+02
2.531047240991842671e+02
2.452652449816020521e+02
2.398234583144772500e+02
2.384521869972012666e+02
2.405881071383734024e+02
2.421789517596866403e+02
2.467992109390321502e+02
2.441505563350401644e+02
2.444876381478617873e+02
2.414969364557413485e+02
2.416226609544956716e+02
2.421318731010596821e+02
2.435269905456866013e+02
2.421828450699859729e+02
2.387270905952930775e+02
2.379809002800110420e+02
2.422199259221096099e+02
2.448026794313310290e+02
2.450184183774112512e+02
2.414456754744163618e+02
2.460232667610507633e+02
2.469471716935698282e+02
2.454305161258922396e+02
2.481572191984934079e+02
2.493578524771756122e+02
2.480645785832006709e+02
2.461759413158487177e+02
2.449511955054212251e+02
2.458494122753154443e+02
2.458397734300256445e+02
2.459869952165800271e+02
2.484065561891654852e+02
2.513048627405780735e+02
2.476287556071429492e+02
2.476954697847593252e+02
2.505486561473550751e+02
2.514473766977371270e+02
2.560206580458681742e+02
2.511895824894316434e+02
2.538158419053449961e+02
2.531718576596257719e+02
2.538183892959933701e+02
2.529080463262581588e+02
2.496842666430039799e+02
2.507135878760649348e+02
2.406231641885124191e+02
2.385246291912813774e+02
2.424789996736276692e+02
2.422075847395761343e+02
2.400904022717416240e+02
2.323749138463434178e+02
2.292604897183350090e+02
2.286167593514460918e+02
2.329074061649476164e+02
2.343496072693185965e+02
2.300720157679118643e+02
2.313358025561053068e+02
2.298115522939466189e+02
2.334380703879250234e+02
2.330663615109691023e+02
2.321815517769442465e+02
2.302265015159769348e+02
2.308644754669025474e+02
2.242958300398548204e+02
2.274909304673914221e+02
2.270720289496331361e+02
2.274460675858369427e+02
2.239087259655144351e+02
2.223374163049224137e+02
2.219317618961135565e+02
2.207819147220698142e+02
2.196612449226229273e+02
2.205407487409296436e+02
2.162458710365303318e+02
2.176439296590428114e+02
2.228639039187888216e+02
2.256951102000091396e+02
2.292510403878949035e+02
2.291436434372859594e+02
2.314607561648977878e+02
2.271680739284942661e+02
2.286295521987814823e+02
2.342821356687844911e+02
2.400085012905131236e+02
2.421562939180157343e+02
2.431016925403625635e+02
2.384587034647377664e+02
2.432693074796426913e+02
2.442065179492528841e+02
2.444891442771732954e+02
2.435840499593214190e+02
2.406993593001248541e+02
2.387799963317843037e+02
2.387825405667205132e+02
2.416786422975349069e+02
2.402709931265088699e+02
2.437370498427778784e+02
2.432119756636847967e+02
2.415562152998248280e+02
2.394022663780834819e+02
2.361942945583325582e+02
2.398112812214891392e+02
2.427947186035474090e+02
2.417750343921727563e+02
2.408449046925873347e+02
2.394058164073480555e+02
2.429463073384849565e+02
2.458990458320216135e+02
2.459798991056755710e+02
2.422979933297289108e+02
2.415130176112873244e+02
2.422166578372064123e+02
2.417602721685160247e+02
2.406992825511886736e+02
2.394859464927595525e+02
2.363656994876946840e+02
2.368590977275564740e+02
2.353390665528457930e+02
2.374201073709574246e+02
2.363827033046904376e+02
2.393304777667351573e+02
2.369818188088062811e+02
2.404779990344716794e+02
2.396469310352448758e+02
2.370931533195036138e+02
2.398175823769454951e+02
2.396973290087829582e+02
2.375786204130242822e+02
2.403979063394255320e+02
2.411382750089045999e+02
2.433719889486417856e+02
2.448093668576323694e+02
2.473555861612826732e+02
2.504669033928285273e+02
2.535889508201398996e+02
2.605177686979072860e+02
2.628669598899385278e+02
2.618802617668613948e+02
2.575882538041004750e+02
2.582865535256693192e+02
2.607270667010083685e+02
2.623141270238868401e+02
2.603533029597872996e+02
2.610146947657128749e+02
2.617860254397240851e+02
2.625205461537190672e+02
2.626043368321200546e+02
2.629035429393917980e+02
2.642147459925492967e+02
2.659659582469854513e+02
2.666329085461546242e+02
2.690203651080473151e+02
2.647474048401916207e+02
2.637282771204403389e+02
2.625437571108527095e+02
2.627319915146600806e+02
2.635296120774426640e+02
2.634085410542429031e+02
2.607958936936040004e+02
