2.039000000000000000e+03
4.081000000000000000e+03
6.143000000000000000e+03
8.164000000000000000e+03
1.021300000000000000e+04
1.226200000000000000e+04
1.429800000000000000e+04
1.637000000000000000e+04
1.842200000000000000e+04
2.041800000000000000e+04
2.248900000000000000e+04
2.454500000000000000e+04
2.658400000000000000e+04
2.857800000000000000e+04
3.066600000000000000e+04
3.269500000000000000e+04
3.475700000000000000e+04
3.680200000000000000e+04
3.887700000000000000e+04
4.087700000000000000e+04
4.298600000000000000e+04
4.503600000000000000e+04
4.710000000000000000e+04
4.908300000000000000e+04
5.117800000000000000e+04
5.324300000000000000e+04
5.528900000000000000e+04
5.732000000000000000e+04
5.928000000000000000e+04
6.139100000000000000e+04
6.339100000000000000e+04
6.550700000000000000e+04
6.749700000000000000e+04
6.961900000000000000e+04
7.158900000000000000e+04
7.364200000000000000e+04
7.571400000000000000e+04
7.779200000000000000e+04
7.982400000000000000e+04
8.192000000000000000e+04
8.393400000000000000e+04
8.596900000000000000e+04
8.792900000000000000e+04
8.998900000000000000e+04
9.214800000000000000e+04
9.414700000000000000e+04
9.615200000000000000e+04
9.816800000000000000e+04
1.003210000000000000e+05
1.023690000000000000e+05
1.042750000000000000e+05
1.063730000000000000e+05
1.083630000000000000e+05
1.105320000000000000e+05
1.124880000000000000e+05
1.145750000000000000e+05
1.166400000000000000e+05
1.186020000000000000e+05
1.207040000000000000e+05
1.227040000000000000e+05
1.248690000000000000e+05
1.268400000000000000e+05
1.289790000000000000e+05
1.309070000000000000e+05
1.329400000000000000e+05
1.351270000000000000e+05
1.371130000000000000e+05
1.391790000000000000e+05
1.412690000000000000e+05
1.432160000000000000e+05
1.452930000000000000e+05
1.472840000000000000e+05
1.494080000000000000e+05
1.515500000000000000e+05
1.535400000000000000e+05
1.555210000000000000e+05
1.575720000000000000e+05
1.596560000000000000e+05
1.616860000000000000e+05
1.636330000000000000e+05
1.658410000000000000e+05
1.678280000000000000e+05
1.699370000000000000e+05
1.719940000000000000e+05
1.738680000000000000e+05
1.759240000000000000e+05
1.781480000000000000e+05
1.800730000000000000e+05
1.821450000000000000e+05
1.840030000000000000e+05
1.861250000000000000e+05
1.882000000000000000e+05
1.902430000000000000e+05
1.924430000000000000e+05
1.945350000000000000e+05
1.965620000000000000e+05
1.986380000000000000e+05
2.005350000000000000e+05
2.025920000000000000e+05
2.046290000000000000e+05
2.067410000000000000e+05
2.086770000000000000e+05
2.109440000000000000e+05
2.129430000000000000e+05
2.150030000000000000e+05
2.170480000000000000e+05
2.191290000000000000e+05
2.210000000000000000e+05
2.231230000000000000e+05
2.250800000000000000e+05
2.271020000000000000e+05
2.291190000000000000e+05
2.312610000000000000e+05
2.332490000000000000e+05
2.354250000000000000e+05
2.374940000000000000e+05
2.394450000000000000e+05
2.415050000000000000e+05
2.436930000000000000e+05
2.456500000000000000e+05
2.477200000000000000e+05
2.497120000000000000e+05
2.518450000000000000e+05
2.537610000000000000e+05
2.558140000000000000e+05
2.578160000000000000e+05
2.600620000000000000e+05
2.620120000000000000e+05
2.640560000000000000e+05
2.660060000000000000e+05
2.680440000000000000e+05
2.703010000000000000e+05
2.722820000000000000e+05
2.743660000000000000e+05
2.764740000000000000e+05
2.784680000000000000e+05
2.805360000000000000e+05
2.824790000000000000e+05
2.845220000000000000e+05
2.866780000000000000e+05
2.885650000000000000e+05
2.905540000000000000e+05
2.927490000000000000e+05
2.948640000000000000e+05
2.967960000000000000e+05
2.989550000000000000e+05
3.010230000000000000e+05
3.028960000000000000e+05
3.050050000000000000e+05
3.069750000000000000e+05
3.091220000000000000e+05
3.108960000000000000e+05
3.133110000000000000e+05
3.151200000000000000e+05
3.174240000000000000e+05
3.193400000000000000e+05
3.212960000000000000e+05
3.234550000000000000e+05
3.255330000000000000e+05
3.274870000000000000e+05
3.295150000000000000e+05
3.317020000000000000e+05
3.338050000000000000e+05
3.358370000000000000e+05
3.377340000000000000e+05
3.398700000000000000e+05
3.420030000000000000e+05
3.438520000000000000e+05
3.459090000000000000e+05
3.480900000000000000e+05
3.499030000000000000e+05
3.521220000000000000e+05
3.542910000000000000e+05
3.562120000000000000e+05
3.583430000000000000e+05
3.604320000000000000e+05
3.623710000000000000e+05
3.643800000000000000e+05
3.663220000000000000e+05
3.683760000000000000e+05
3.705610000000000000e+05
3.727190000000000000e+05
3.745470000000000000e+05
3.767050000000000000e+05
3.788790000000000000e+05
3.808540000000000000e+05
3.828150000000000000e+05
3.848660000000000000e+05
3.867200000000000000e+05
3.888340000000000000e+05
3.910250000000000000e+05
3.931990000000000000e+05
3.951070000000000000e+05
3.972040000000000000e+05
3.992070000000000000e+05
4.011380000000000000e+05
4.034490000000000000e+05
4.053860000000000000e+05
4.074440000000000000e+05
4.093230000000000000e+05
4.114840000000000000e+05
4.135250000000000000e+05
4.155250000000000000e+05
4.175190000000000000e+05
4.198360000000000000e+05
4.216640000000000000e+05
4.237620000000000000e+05
4.258070000000000000e+05
4.278680000000000000e+05
4.299560000000000000e+05
4.317740000000000000e+05
4.341260000000000000e+05
4.360210000000000000e+05
4.382300000000000000e+05
4.402290000000000000e+05
4.423310000000000000e+05
4.443890000000000000e+05
4.462310000000000000e+05
4.484730000000000000e+05
4.505410000000000000e+05
4.525460000000000000e+05
4.545800000000000000e+05
4.563800000000000000e+05
4.585620000000000000e+05
4.606350000000000000e+05
4.626290000000000000e+05
4.647740000000000000e+05
4.663240000000000000e+05
4.688900000000000000e+05
4.709840000000000000e+05
4.730840000000000000e+05
4.750090000000000000e+05
4.770490000000000000e+05
4.792120000000000000e+05
4.811590000000000000e+05
4.831140000000000000e+05
4.851960000000000000e+05
4.873290000000000000e+05
4.893900000000000000e+05
4.910670000000000000e+05
4.934720000000000000e+05
4.955290000000000000e+05
4.976620000000000000e+05
4.996730000000000000e+05
5.017100000000000000e+05
5.035610000000000000e+05
5.056220000000000000e+05
5.077890000000000000e+05
5.097820000000000000e+05
5.116570000000000000e+05
5.139610000000000000e+05
5.160870000000000000e+05
5.180520000000000000e+05
5.201740000000000000e+05
5.217120000000000000e+05
5.239860000000000000e+05
5.262120000000000000e+05
5.281980000000000000e+05
5.303700000000000000e+05
5.323440000000000000e+05
5.342250000000000000e+05
5.363350000000000000e+05
5.385540000000000000e+05
5.403940000000000000e+05
5.426370000000000000e+05
5.444630000000000000e+05
5.466680000000000000e+05
5.487440000000000000e+05
5.507450000000000000e+05
5.526460000000000000e+05
5.550010000000000000e+05
5.570360000000000000e+05
5.588220000000000000e+05
5.609960000000000000e+05
5.629680000000000000e+05
5.651730000000000000e+05
5.672800000000000000e+05
5.693250000000000000e+05
5.712330000000000000e+05
5.732720000000000000e+05
5.753620000000000000e+05
5.773220000000000000e+05
5.792050000000000000e+05
5.815600000000000000e+05
5.834290000000000000e+05
5.857170000000000000e+05
5.877130000000000000e+05
5.895930000000000000e+05
5.916160000000000000e+05
5.938520000000000000e+05
5.955840000000000000e+05
5.978220000000000000e+05
5.996250000000000000e+05
6.020030000000000000e+05
6.040300000000000000e+05
6.060570000000000000e+05
6.080970000000000000e+05
6.102310000000000000e+05
6.119300000000000000e+05
6.140980000000000000e+05
6.162700000000000000e+05
6.183080000000000000e+05
6.202560000000000000e+05
6.222570000000000000e+05
6.244840000000000000e+05
6.266540000000000000e+05
6.285270000000000000e+05
6.307100000000000000e+05
6.327930000000000000e+05
6.344080000000000000e+05
6.366700000000000000e+05
6.387980000000000000e+05
6.409070000000000000e+05
6.428150000000000000e+05
6.448370000000000000e+05
6.468690000000000000e+05
6.491270000000000000e+05
6.512450000000000000e+05
6.529610000000000000e+05
6.548000000000000000e+05
6.573350000000000000e+05
6.594270000000000000e+05
6.612600000000000000e+05
6.634910000000000000e+05
6.653330000000000000e+05
6.675720000000000000e+05
6.695520000000000000e+05
6.716500000000000000e+05
6.737580000000000000e+05
6.755440000000000000e+05
6.778410000000000000e+05
6.796420000000000000e+05
6.816650000000000000e+05
6.836970000000000000e+05
6.857500000000000000e+05
6.876640000000000000e+05
6.894000000000000000e+05
6.921590000000000000e+05
6.942710000000000000e+05
6.960990000000000000e+05
6.983370000000000000e+05
7.000470000000000000e+05
7.022630000000000000e+05
7.045050000000000000e+05
7.061810000000000000e+05
7.085840000000000000e+05
7.105550000000000000e+05
7.126980000000000000e+05
7.141860000000000000e+05
7.164350000000000000e+05
7.186700000000000000e+05
7.206250000000000000e+05
7.227180000000000000e+05
7.249490000000000000e+05
7.266210000000000000e+05
7.289650000000000000e+05
7.308150000000000000e+05
7.325380000000000000e+05
7.342950000000000000e+05
7.372100000000000000e+05
7.392360000000000000e+05
7.408710000000000000e+05
7.431420000000000000e+05
7.451920000000000000e+05
7.471690000000000000e+05
7.494870000000000000e+05
7.513750000000000000e+05
7.534750000000000000e+05
7.552950000000000000e+05
7.575910000000000000e+05
7.595730000000000000e+05
7.617510000000000000e+05
7.635310000000000000e+05
7.656090000000000000e+05
7.677650000000000000e+05
7.691520000000000000e+05
7.719460000000000000e+05
7.739300000000000000e+05
7.758310000000000000e+05
7.781550000000000000e+05
7.801670000000000000e+05
7.820880000000000000e+05
7.843470000000000000e+05
7.863440000000000000e+05
7.881890000000000000e+05
7.903010000000000000e+05
7.925100000000000000e+05
7.943090000000000000e+05
7.966310000000000000e+05
7.987120000000000000e+05
8.005420000000000000e+05
8.025310000000000000e+05
8.046740000000000000e+05
8.066970000000000000e+05
8.086040000000000000e+05
8.108970000000000000e+05
8.126580000000000000e+05
8.150930000000000000e+05
8.171230000000000000e+05
8.191420000000000000e+05
8.208160000000000000e+05
8.232650000000000000e+05
8.251770000000000000e+05
8.272180000000000000e+05
8.291720000000000000e+05
8.314420000000000000e+05
8.331970000000000000e+05
8.351650000000000000e+05
8.374960000000000000e+05
8.395830000000000000e+05
8.411740000000000000e+05
8.437260000000000000e+05
8.456060000000000000e+05
8.476470000000000000e+05
8.497620000000000000e+05
8.518610000000000000e+05
8.539300000000000000e+05
8.557430000000000000e+05
8.579630000000000000e+05
8.599320000000000000e+05
8.621430000000000000e+05
8.640370000000000000e+05
8.662850000000000000e+05
8.681730000000000000e+05
8.700440000000000000e+05
8.720590000000000000e+05
8.743560000000000000e+05
8.763250000000000000e+05
8.785790000000000000e+05
8.803380000000000000e+05
8.825040000000000000e+05
8.844930000000000000e+05
8.867460000000000000e+05
8.888300000000000000e+05
8.907000000000000000e+05
8.926240000000000000e+05
8.946240000000000000e+05
8.964530000000000000e+05
8.989680000000000000e+05
9.009600000000000000e+05
9.022920000000000000e+05
9.051930000000000000e+05
9.069370000000000000e+05
9.087250000000000000e+05
9.112030000000000000e+05
9.133900000000000000e+05
9.151190000000000000e+05
9.171340000000000000e+05
9.192630000000000000e+05
9.213700000000000000e+05
9.234760000000000000e+05
9.256000000000000000e+05
9.274160000000000000e+05
9.294520000000000000e+05
9.315920000000000000e+05
9.334890000000000000e+05
9.356290000000000000e+05
9.374870000000000000e+05
9.398560000000000000e+05
9.416970000000000000e+05
9.440750000000000000e+05
9.460040000000000000e+05
9.481800000000000000e+05
9.500330000000000000e+05
9.519440000000000000e+05
9.542660000000000000e+05
9.562110000000000000e+05
9.583550000000000000e+05
9.604130000000000000e+05
9.624610000000000000e+05
9.645360000000000000e+05
9.662170000000000000e+05
9.682680000000000000e+05
9.704860000000000000e+05
9.722570000000000000e+05
9.744950000000000000e+05
9.764090000000000000e+05
9.789320000000000000e+05
9.806030000000000000e+05
9.830350000000000000e+05
9.850490000000000000e+05
9.870420000000000000e+05
9.891460000000000000e+05
9.911120000000000000e+05
9.930770000000000000e+05
9.950610000000000000e+05
9.973750000000000000e+05
9.993170000000000000e+05
1.000669000000000000e+06
1.002669000000000000e+06
1.005159000000000000e+06
1.007403000000000000e+06
1.009548000000000000e+06
1.011332000000000000e+06
1.013300000000000000e+06
1.015717000000000000e+06
1.017173000000000000e+06
1.019714000000000000e+06
1.021808000000000000e+06
1.023721000000000000e+06
1.025928000000000000e+06
1.027762000000000000e+06
1.029460000000000000e+06
1.031590000000000000e+06
1.034093000000000000e+06
1.035632000000000000e+06
1.038283000000000000e+06
1.040335000000000000e+06
1.042063000000000000e+06
1.044344000000000000e+06
1.046394000000000000e+06
1.048093000000000000e+06
1.050565000000000000e+06
1.052413000000000000e+06
1.054547000000000000e+06
1.056552000000000000e+06
1.058554000000000000e+06
1.060670000000000000e+06
1.062653000000000000e+06
1.064809000000000000e+06
1.066978000000000000e+06
1.068978000000000000e+06
1.071073000000000000e+06
1.072949000000000000e+06
1.075048000000000000e+06
1.077184000000000000e+06
1.078757000000000000e+06
1.080951000000000000e+06
1.083103000000000000e+06
1.085325000000000000e+06
1.087248000000000000e+06
1.089482000000000000e+06
1.091470000000000000e+06
1.093607000000000000e+06
1.095488000000000000e+06
1.097194000000000000e+06
1.099583000000000000e+06
1.100976000000000000e+06
1.103147000000000000e+06
1.105228000000000000e+06
1.107895000000000000e+06
1.109590000000000000e+06
1.111801000000000000e+06
1.113952000000000000e+06
1.115970000000000000e+06
1.117594000000000000e+06
1.119766000000000000e+06
1.122010000000000000e+06
1.124068000000000000e+06
1.126364000000000000e+06
1.128164000000000000e+06
1.130145000000000000e+06
1.132427000000000000e+06
1.134187000000000000e+06
1.136358000000000000e+06
1.138398000000000000e+06
1.139950000000000000e+06
1.142278000000000000e+06
1.144730000000000000e+06
1.146502000000000000e+06
1.148644000000000000e+06
1.150688000000000000e+06
1.152456000000000000e+06
1.154982000000000000e+06
1.156763000000000000e+06
1.159113000000000000e+06
1.161086000000000000e+06
1.163044000000000000e+06
1.165266000000000000e+06
1.167222000000000000e+06
1.169361000000000000e+06
1.171382000000000000e+06
1.173343000000000000e+06
1.175161000000000000e+06
1.176977000000000000e+06
1.179053000000000000e+06
1.181566000000000000e+06
1.183253000000000000e+06
1.184972000000000000e+06
1.187618000000000000e+06
1.189598000000000000e+06
1.191761000000000000e+06
1.193883000000000000e+06
1.195771000000000000e+06
1.197981000000000000e+06
1.199556000000000000e+06
1.201895000000000000e+06
1.204131000000000000e+06
1.206218000000000000e+06
1.208019000000000000e+06
1.210283000000000000e+06
1.212300000000000000e+06
1.213964000000000000e+06
1.216337000000000000e+06
1.218355000000000000e+06
1.220499000000000000e+06
1.222125000000000000e+06
1.224576000000000000e+06
1.226349000000000000e+06
1.228785000000000000e+06
1.230741000000000000e+06
1.232539000000000000e+06
1.234696000000000000e+06
1.236901000000000000e+06
1.238711000000000000e+06
1.241005000000000000e+06
1.242711000000000000e+06
1.245026000000000000e+06
1.247119000000000000e+06
1.249026000000000000e+06
1.251216000000000000e+06
1.253240000000000000e+06
1.255268000000000000e+06
1.257298000000000000e+06
1.258831000000000000e+06
1.261332000000000000e+06
1.263561000000000000e+06
1.265502000000000000e+06
1.267237000000000000e+06
1.269617000000000000e+06
1.271701000000000000e+06
1.273094000000000000e+06
1.275343000000000000e+06
1.277776000000000000e+06
1.279306000000000000e+06
1.281997000000000000e+06
1.283971000000000000e+06
1.285845000000000000e+06
1.287884000000000000e+06
1.290018000000000000e+06
1.292039000000000000e+06
1.294086000000000000e+06
1.295806000000000000e+06
1.298092000000000000e+06
1.300109000000000000e+06
1.302468000000000000e+06
1.304372000000000000e+06
1.306015000000000000e+06
1.308441000000000000e+06
1.309912000000000000e+06
1.312649000000000000e+06
1.314323000000000000e+06
1.316483000000000000e+06
1.318887000000000000e+06
1.320070000000000000e+06
1.322764000000000000e+06
1.324776000000000000e+06
1.326568000000000000e+06
1.328625000000000000e+06
1.331132000000000000e+06
1.333237000000000000e+06
1.335182000000000000e+06
1.337141000000000000e+06
1.339028000000000000e+06
1.340873000000000000e+06
1.343468000000000000e+06
1.345485000000000000e+06
1.347578000000000000e+06
1.349240000000000000e+06
1.351149000000000000e+06
1.353682000000000000e+06
1.355443000000000000e+06
1.357680000000000000e+06
1.359867000000000000e+06
1.361902000000000000e+06
1.363882000000000000e+06
1.365618000000000000e+06
1.367783000000000000e+06
1.370021000000000000e+06
1.372122000000000000e+06
1.373273000000000000e+06
1.376021000000000000e+06
1.378277000000000000e+06
1.379825000000000000e+06
1.382109000000000000e+06
1.384171000000000000e+06
1.386156000000000000e+06
1.388206000000000000e+06
1.390380000000000000e+06
1.392381000000000000e+06
1.394349000000000000e+06
1.396612000000000000e+06
1.398686000000000000e+06
1.400283000000000000e+06
1.402730000000000000e+06
1.404706000000000000e+06
1.406639000000000000e+06
1.408737000000000000e+06
1.410464000000000000e+06
1.412986000000000000e+06
1.415093000000000000e+06
1.416345000000000000e+06
1.418982000000000000e+06
1.421086000000000000e+06
1.422804000000000000e+06
1.425299000000000000e+06
1.427064000000000000e+06
1.429413000000000000e+06
1.430988000000000000e+06
1.433379000000000000e+06
1.435244000000000000e+06
1.437638000000000000e+06
1.439445000000000000e+06
1.441537000000000000e+06
1.443804000000000000e+06
1.445699000000000000e+06
1.447728000000000000e+06
1.449253000000000000e+06
1.451515000000000000e+06
1.453809000000000000e+06
1.455754000000000000e+06
1.457850000000000000e+06
1.459789000000000000e+06
1.461630000000000000e+06
1.463706000000000000e+06
1.465744000000000000e+06
1.468254000000000000e+06
1.469551000000000000e+06
1.471520000000000000e+06
1.473756000000000000e+06
1.476157000000000000e+06
1.478131000000000000e+06
1.480670000000000000e+06
1.482583000000000000e+06
1.484485000000000000e+06
1.486824000000000000e+06
1.488558000000000000e+06
1.490718000000000000e+06
1.492914000000000000e+06
1.494743000000000000e+06
1.496835000000000000e+06
1.498977000000000000e+06
1.501106000000000000e+06
1.502532000000000000e+06
1.505230000000000000e+06
1.506681000000000000e+06
1.508684000000000000e+06
1.510937000000000000e+06
1.513269000000000000e+06
1.515422000000000000e+06
1.517422000000000000e+06
1.519331000000000000e+06
1.521433000000000000e+06
1.523664000000000000e+06
1.525384000000000000e+06
1.527669000000000000e+06
1.529768000000000000e+06
1.531818000000000000e+06
1.532975000000000000e+06
1.535537000000000000e+06
1.537869000000000000e+06
1.539229000000000000e+06
1.541906000000000000e+06
1.543650000000000000e+06
1.546097000000000000e+06
1.548176000000000000e+06
1.549778000000000000e+06
1.552212000000000000e+06
1.554331000000000000e+06
1.556462000000000000e+06
1.558504000000000000e+06
1.560532000000000000e+06
1.561962000000000000e+06
1.564556000000000000e+06
1.566568000000000000e+06
1.568716000000000000e+06
1.570541000000000000e+06
1.572851000000000000e+06
1.574805000000000000e+06
1.576901000000000000e+06
1.578256000000000000e+06
1.581033000000000000e+06
1.582138000000000000e+06
1.585041000000000000e+06
1.586738000000000000e+06
1.589156000000000000e+06
1.590594000000000000e+06
1.593067000000000000e+06
1.595348000000000000e+06
1.597435000000000000e+06
1.599308000000000000e+06
1.600882000000000000e+06
1.603507000000000000e+06
1.605447000000000000e+06
1.607299000000000000e+06
1.609301000000000000e+06
1.611699000000000000e+06
1.613448000000000000e+06
1.615656000000000000e+06
1.617407000000000000e+06
1.619672000000000000e+06
1.622013000000000000e+06
1.623843000000000000e+06
1.625767000000000000e+06
1.628143000000000000e+06
1.630169000000000000e+06
1.631344000000000000e+06
1.634245000000000000e+06
1.635998000000000000e+06
1.638356000000000000e+06
1.640157000000000000e+06
1.642409000000000000e+06
1.643866000000000000e+06
1.646221000000000000e+06
1.648385000000000000e+06
1.649734000000000000e+06
1.652725000000000000e+06
1.654637000000000000e+06
1.656543000000000000e+06
1.658598000000000000e+06
1.660640000000000000e+06
1.662509000000000000e+06
1.664872000000000000e+06
1.666954000000000000e+06
1.668991000000000000e+06
1.670951000000000000e+06
1.673195000000000000e+06
1.674598000000000000e+06
1.677191000000000000e+06
1.679160000000000000e+06
1.681138000000000000e+06
1.682834000000000000e+06
1.684799000000000000e+06
1.687297000000000000e+06
1.689454000000000000e+06
1.691201000000000000e+06
1.693296000000000000e+06
1.695499000000000000e+06
1.697617000000000000e+06
1.699566000000000000e+06
1.701416000000000000e+06
1.703593000000000000e+06
1.705962000000000000e+06
1.707111000000000000e+06
1.709963000000000000e+06
1.711879000000000000e+06
1.713980000000000000e+06
1.716036000000000000e+06
1.717931000000000000e+06
1.720018000000000000e+06
1.722273000000000000e+06
1.723811000000000000e+06
1.726160000000000000e+06
1.728185000000000000e+06
1.730469000000000000e+06
1.731899000000000000e+06
1.734464000000000000e+06
1.736255000000000000e+06
1.738600000000000000e+06
1.740576000000000000e+06
1.742466000000000000e+06
1.744299000000000000e+06
1.746849000000000000e+06
1.748674000000000000e+06
1.750757000000000000e+06
1.752934000000000000e+06
1.754679000000000000e+06
1.756440000000000000e+06
1.758576000000000000e+06
1.760893000000000000e+06
1.763087000000000000e+06
1.764982000000000000e+06
1.767180000000000000e+06
1.769459000000000000e+06
1.771496000000000000e+06
1.772668000000000000e+06
1.775274000000000000e+06
1.776730000000000000e+06
1.779396000000000000e+06
1.781744000000000000e+06
1.783656000000000000e+06
1.785804000000000000e+06
1.787718000000000000e+06
1.789725000000000000e+06
1.791330000000000000e+06
1.794047000000000000e+06
1.795763000000000000e+06
1.797528000000000000e+06
1.800111000000000000e+06
1.802102000000000000e+06
1.803987000000000000e+06
1.806252000000000000e+06
1.808153000000000000e+06
1.810420000000000000e+06
1.812352000000000000e+06
1.814274000000000000e+06
1.816551000000000000e+06
1.818365000000000000e+06
1.820087000000000000e+06
1.822228000000000000e+06
1.824738000000000000e+06
1.826542000000000000e+06
1.828749000000000000e+06
1.830713000000000000e+06
1.832779000000000000e+06
1.834758000000000000e+06
1.836482000000000000e+06
1.838987000000000000e+06
1.840950000000000000e+06
1.843183000000000000e+06
1.845021000000000000e+06
1.847058000000000000e+06
1.849242000000000000e+06
1.850830000000000000e+06
1.853113000000000000e+06
1.855481000000000000e+06
1.857276000000000000e+06
1.859505000000000000e+06
1.861559000000000000e+06
1.863403000000000000e+06
1.865505000000000000e+06
1.867762000000000000e+06
1.869560000000000000e+06
1.871475000000000000e+06
1.873897000000000000e+06
1.875449000000000000e+06
1.877971000000000000e+06
1.879950000000000000e+06
1.882014000000000000e+06
1.884096000000000000e+06
1.886060000000000000e+06
1.887898000000000000e+06
1.889821000000000000e+06
1.891409000000000000e+06
1.894314000000000000e+06
1.896385000000000000e+06
1.898446000000000000e+06
1.900416000000000000e+06
1.901787000000000000e+06
1.904410000000000000e+06
1.906483000000000000e+06
1.908706000000000000e+06
1.910712000000000000e+06
1.912609000000000000e+06
1.914684000000000000e+06
1.916552000000000000e+06
1.918610000000000000e+06
1.920775000000000000e+06
1.922567000000000000e+06
1.924515000000000000e+06
1.926573000000000000e+06
1.928837000000000000e+06
1.930970000000000000e+06
1.933276000000000000e+06
1.935269000000000000e+06
1.937382000000000000e+06
1.939301000000000000e+06
1.941230000000000000e+06
1.943218000000000000e+06
1.945252000000000000e+06
1.947631000000000000e+06
1.949078000000000000e+06
1.951117000000000000e+06
1.953271000000000000e+06
1.955410000000000000e+06
1.957851000000000000e+06
1.959680000000000000e+06
1.961798000000000000e+06
1.963854000000000000e+06
1.965908000000000000e+06
1.967996000000000000e+06
1.969892000000000000e+06
1.971950000000000000e+06
1.974246000000000000e+06
1.976268000000000000e+06
1.977880000000000000e+06
1.980123000000000000e+06
1.981988000000000000e+06
1.984286000000000000e+06
1.986370000000000000e+06
1.988194000000000000e+06
1.990393000000000000e+06
1.992451000000000000e+06
1.994587000000000000e+06
1.996680000000000000e+06
1.998488000000000000e+06
2.000361000000000000e+06
