1.525028764529037772e+01
2.260588533491342034e+01
3.407154105502709740e+01
5.783623957051759845e+01
8.213169865242376488e+01
1.075195078739062637e+02
1.283391289641730566e+02
1.416244076130705309e+02
1.601135590476500852e+02
1.756061328773082550e+02
1.903003026482047915e+02
2.012452141942840171e+02
2.109442724836801801e+02
2.158830270785361449e+02
2.197789723238828401e+02
2.271350598455488523e+02
2.385359601722150842e+02
2.487679055312989931e+02
2.577682600062811957e+02
2.696066206458062311e+02
2.770339537752140018e+02
2.865619959063973283e+02
2.970988769948988306e+02
3.058974503797398370e+02
3.177723121144329639e+02
3.297620546129482477e+02
3.378553071320839649e+02
3.526054845498615009e+02
3.710038880980579279e+02
3.760053625636016932e+02
3.789976773698865600e+02
3.834757141243717911e+02
3.828322681943104726e+02
3.932800696311956017e+02
3.977537649646196201e+02
4.058557597353959068e+02
4.034196932455259912e+02
4.177229392516063626e+02
4.375265659583178603e+02
4.630767491655714707e+02
4.774529031697849746e+02
4.945454761121912384e+02
5.138435140746378238e+02
5.338899696495153648e+02
5.478286661635705741e+02
5.631146812778142703e+02
5.771699560025929259e+02
5.938641339140027640e+02
6.019798692171385710e+02
6.084535568975742308e+02
6.207533741205184015e+02
6.420562803301658050e+02
6.586912697087271908e+02
6.645821625953087732e+02
6.731873819732012407e+02
6.874750789313161476e+02
6.937408165469564665e+02
7.018315861665697639e+02
7.049109144912837337e+02
7.155012551106365208e+02
7.237572958362766258e+02
7.222271605124934695e+02
7.300399785216123973e+02
7.302050389404993211e+02
7.399380146655063299e+02
7.389325108084047997e+02
7.473374619069554683e+02
7.461425591612495509e+02
7.467660697203413065e+02
7.624501214656763750e+02
7.725857433214484900e+02
7.802350442259959209e+02
7.762321209441922747e+02
7.810417543198614112e+02
7.840054218990782147e+02
7.928158340512364930e+02
7.878605456187043501e+02
7.921862925600676135e+02
7.991659765183372883e+02
8.050209836683169442e+02
8.119976628630040523e+02
8.177182753992915423e+02
8.147729304262654750e+02
8.226496951074244635e+02
8.235627469048414468e+02
8.091439664377260215e+02
8.157797806033372581e+02
7.971159128771112137e+02
8.075588399307811187e+02
8.150245465176079733e+02
8.130136205881412934e+02
8.096841075055775718e+02
8.233704604165119463e+02
8.169696760275724046e+02
8.192196146406486150e+02
8.275298706076983990e+02
8.424131625816455653e+02
8.466896271801898592e+02
8.636305345667734628e+02
8.801893062067113078e+02
8.962983855019391513e+02
9.080150768065799411e+02
9.196586770562557831e+02
9.212549553323797227e+02
9.347254855157110569e+02
9.465729742823230026e+02
9.519045817422044138e+02
9.445665731570683192e+02
9.464987096141869642e+02
9.525358556104845320e+02
9.543107096050362088e+02
9.462054101402100059e+02
9.461990437174813451e+02
9.499907159670386818e+02
9.448750176760831891e+02
9.524766338803633516e+02
9.633630195784160151e+02
9.641524019296857659e+02
9.654768171868662421e+02
9.588408123141894066e+02
9.484724228527854848e+02
9.567466991291194063e+02
9.665106690760009087e+02
9.551360918307988186e+02
9.686383548563991326e+02
9.797121156424063884e+02
9.802449402768116897e+02
9.920725357141370750e+02
9.840172800036755234e+02
9.872193968276966416e+02
9.775660766965129369e+02
9.756678085548409172e+02
1.000558774792084478e+03
9.976199190491590798e+02
1.027436481258857839e+03
1.044571071448611065e+03
1.061793415403875770e+03
1.077546709326890777e+03
1.081017360489590146e+03
1.103204782660991668e+03
1.128564364649701702e+03
1.142887083149648788e+03
1.156229718049308758e+03
1.162744292623573529e+03
1.165825601521498129e+03
1.173380092356746900e+03
1.193632714211728398e+03
1.202820383809742907e+03
1.222484206953690773e+03
1.199068504841449112e+03
1.219713893062937814e+03
1.233619389985474754e+03
1.237255316418130633e+03
1.242051357221176431e+03
1.263909473172453318e+03
1.265020188805669022e+03
1.262914646900492016e+03
1.276295377100979067e+03
1.268581064717202480e+03
1.272747551774144313e+03
1.291493457529038551e+03
1.310309625265309478e+03
1.320277759324038016e+03
1.310702901141052735e+03
1.342945988613384316e+03
1.315190672531456585e+03
1.322070576050103682e+03
1.310735163556706993e+03
1.299409404671671382e+03
1.330586473671545946e+03
1.356120183260521117e+03
1.340322560448611284e+03
1.329805574753101382e+03
1.301262125993066320e+03
1.301140259896414136e+03
1.294366997167804129e+03
1.277573127592331502e+03
1.270144451361039728e+03
1.304751253902051303e+03
1.318941507482393718e+03
1.330567910023997001e+03
1.331350252563265940e+03
1.332744134505763441e+03
1.351827833522665060e+03
1.339608025269051041e+03
1.354858023754600936e+03
1.350476316102126248e+03
1.354658459570514196e+03
1.358941422961163425e+03
1.356038205497254012e+03
1.357553243684078325e+03
1.356328314908609855e+03
1.377572710696973672e+03
1.376912659592652744e+03
1.371606089299580390e+03
1.386851690539863966e+03
1.366125888137543825e+03
1.351328050829058157e+03
1.357208863214842040e+03
1.285630058226473238e+03
1.297497962579088835e+03
1.281681153255199661e+03
1.268723313480705656e+03
1.273103230543935979e+03
1.303362362115915403e+03
1.299554942041322420e+03
1.317625108634388653e+03
1.341942958854040853e+03
1.319114570346366008e+03
1.297879988310079398e+03
1.329453568603513077e+03
1.347485086776952585e+03
1.336173185412785642e+03
1.337922323281533409e+03
1.329021897558612636e+03
1.331429198494711954e+03
1.344253006813810771e+03
1.366460468951060875e+03
1.364552500896136962e+03
1.363732920076625305e+03
1.363826814153310806e+03
1.362981898488712432e+03
1.363114855286555212e+03
1.360840869910932042e+03
1.348353223015019239e+03
1.355525963813473936e+03
1.349776476989963840e+03
1.357443972850525824e+03
1.383033192322202694e+03
1.422557050994980727e+03
1.445760870291149786e+03
1.491498650651075877e+03
1.453535976314179607e+03
1.451121635902328308e+03
1.428802124286263052e+03
1.455270891976231042e+03
1.466679723707467247e+03
1.478852793230407315e+03
1.491610572004755113e+03
1.520721597759932820e+03
1.542062645894840898e+03
1.549622546315513318e+03
1.536129798128804850e+03
1.544899718937516127e+03
1.556119356995351836e+03
1.556218757244459766e+03
1.559492694678476255e+03
1.566646402786886256e+03
1.588029498664382345e+03
1.594367204880015606e+03
1.599882761042916400e+03
1.581489505207878892e+03
1.574886725554762506e+03
1.595968945278884121e+03
1.559345672671245438e+03
1.548971659013330054e+03
1.569280693400282871e+03
1.598560965944118152e+03
1.603708350045869565e+03
1.621960123460409704e+03
1.579508740324501105e+03
1.578413832965363781e+03
1.553279059002301892e+03
1.540653499780272796e+03
1.545598919470837018e+03
1.579053399930160595e+03
1.538677414375647686e+03
1.549045774413621757e+03
1.558958224775764393e+03
1.564249329922195102e+03
1.547994725588202982e+03
1.514359170985785113e+03
1.475518021952636445e+03
1.454356472659547308e+03
1.432496324117354334e+03
1.437309893414750150e+03
1.434350115034239934e+03
1.405916528503632208e+03
1.409734131188510446e+03
1.380399550988717010e+03
1.397868767126240527e+03
1.395047844215765735e+03
1.409370688028607901e+03
1.422130684741187679e+03
1.432296217632381968e+03
1.423525657948937805e+03
1.427064000594146592e+03
1.436828661008183872e+03
1.446565718882060992e+03
1.444301492555211780e+03
1.401178031914332450e+03
1.396079046321606938e+03
1.396081156246849787e+03
1.414270944314803955e+03
1.389990402426315313e+03
1.390041194248522288e+03
1.414015824412081201e+03
1.417170189645808705e+03
1.408233583868493497e+03
1.413079469315249298e+03
1.428521866065419090e+03
1.403546622218887478e+03
1.387451486650692459e+03
1.369393675665418641e+03
1.383381078676073457e+03
1.380906383903362439e+03
1.395684485116195674e+03
1.358444468503985263e+03
1.353135849259811721e+03
1.359662257147085711e+03
1.384636926395000955e+03
1.395157810542576499e+03
1.434792149405510827e+03
1.435453533272008599e+03
1.455848600085523458e+03
1.466682059021763507e+03
1.468981150011046793e+03
1.432093909661206453e+03
1.450790675898123027e+03
1.469181321748113533e+03
1.478196186115514820e+03
1.492181867153685062e+03
1.487549122116837225e+03
1.508633767969254450e+03
1.477159489365629042e+03
1.465569069944423973e+03
1.467536006863010698e+03
1.441665591072347524e+03
1.458321291581263040e+03
1.476654456751389944e+03
1.444021244012003308e+03
1.478216271122332273e+03
1.441130263857924774e+03
1.413601608046934416e+03
1.416323970681146420e+03
1.425299163343641567e+03
1.394695115297700113e+03
1.409255963931231918e+03
1.414877347482877667e+03
1.410459271338084136e+03
1.392347553704017400e+03
1.427859589317765540e+03
1.438465854464321183e+03
1.424426126894399658e+03
1.456469406363007465e+03
1.476615560626408524e+03
1.494051872901755814e+03
1.500445031510523449e+03
1.503610338279082498e+03
1.530285760389838515e+03
1.546015835049329098e+03
1.508275021780243151e+03
1.541685278323793682e+03
1.515770591677264065e+03
1.526045408230455450e+03
1.543683368011359335e+03
1.557595691350109064e+03
1.536924298274562716e+03
1.560764787472397074e+03
1.582490732824315501e+03
1.592475757856561131e+03
1.545226423789480123e+03
1.544788204153546531e+03
1.529906831284528380e+03
1.520379155583534384e+03
1.498033249340370276e+03
1.494181677819030028e+03
1.502395735382016483e+03
1.471944603677681016e+03
1.492554133429670401e+03
1.468732794320580751e+03
1.475842631748427493e+03
1.496367377138096799e+03
1.502328021247464903e+03
1.497691911985972865e+03
1.518046984147982812e+03
1.513511082085383805e+03
1.555328082723811576e+03
1.539231579292616743e+03
1.546076113181376058e+03
1.548713180343075464e+03
1.554621787053480602e+03
1.569707704777909157e+03
1.595063694131391003e+03
1.612439318196336444e+03
1.636874754352162199e+03
1.627610015396261815e+03
1.613935563389867639e+03
1.611065381349068957e+03
1.576699743174064679e+03
1.598438952015038922e+03
1.615028286369129773e+03
1.583430561697220810e+03
1.565023726874713020e+03
1.566053059837895034e+03
1.533298508361607446e+03
1.515927823960429578e+03
1.515306858918574562e+03
1.503761415934696515e+03
1.492666243243855206e+03
1.521859383759815273e+03
1.533035013542336628e+03
1.533274055212919166e+03
1.510319208359866707e+03
1.508397086644989258e+03
1.505190558781754589e+03
1.508196337523704187e+03
1.536877895047153970e+03
1.554031457732424315e+03
1.575284923056601883e+03
1.578695984420313835e+03
1.602512804519629753e+03
1.630007828386877463e+03
1.648198451455988788e+03
1.649836251292830639e+03
1.661462407156941254e+03
1.644404551221315842e+03
1.635818785490629352e+03
1.657153060717372909e+03
1.667709179868127876e+03
1.690766142482634677e+03
1.719541001499580261e+03
1.726231368481514892e+03
1.730935907502217560e+03
1.743021017584887431e+03
1.715989322388333449e+03
1.733829507185243074e+03
1.721438618755228845e+03
1.719727037821525073e+03
1.733907231254714816e+03
1.735640615919079664e+03
1.725329465089608902e+03
1.694122367556537029e+03
1.674933726953740688e+03
1.692391852898317666e+03
1.673229084538133520e+03
1.657786773882610532e+03
1.667571692044128213e+03
1.677802748891546571e+03
1.680930780250876296e+03
1.711966575648615162e+03
1.723361769009045020e+03
1.731212200987204596e+03
1.723142403878119694e+03
1.713183233832126689e+03
1.686869767680974064e+03
1.664656118512821877e+03
1.638840989338569671e+03
1.632956148063504088e+03
1.637137502812447110e+03
1.634002599020550178e+03
1.667584864131967834e+03
1.689652838640286745e+03
1.650081936395640696e+03
1.680811428136147924e+03
1.680868958536043465e+03
1.694837190754387393e+03
1.693304039401654109e+03
1.685281266620854694e+03
1.679397472003623307e+03
1.698765060383998843e+03
1.711720014095210672e+03
1.683311091964940942e+03
1.647408143374139627e+03
1.651932004493274917e+03
1.670983101760343970e+03
1.691249602818476660e+03
1.705396819320555551e+03
1.732121492491488425e+03
1.737274120647019799e+03
1.753440849754414558e+03
1.782913073073187206e+03
1.808806018512604169e+03
1.795285853811086326e+03
1.823814458564125516e+03
1.817992744807482268e+03
1.863183711426084528e+03
1.851935812226330199e+03
1.846813758947387669e+03
1.877496621177564975e+03
1.845208959523680051e+03
1.875037697171417221e+03
1.864638723773488209e+03
1.897349210424699095e+03
1.918612109973763609e+03
1.923047880107081937e+03
1.930069950409612147e+03
1.927686901561316063e+03
1.918192356054300944e+03
1.917803181287876214e+03
1.948414386381376289e+03
1.962627827533405707e+03
1.995314737478794996e+03
2.010135662626759085e+03
2.000065649766818979e+03
1.980639682366263514e+03
1.981031520887974466e+03
1.998215323836138396e+03
1.983780366385917887e+03
1.959916991974852635e+03
1.963484487347640652e+03
1.962616189066662628e+03
1.951466195386151639e+03
1.933800771238366451e+03
1.902299201911356704e+03
1.919598522635162453e+03
1.886443251029081694e+03
1.850473159989465103e+03
1.873594662867383477e+03
1.804595507634393925e+03
1.787826325145495957e+03
1.810304975864083190e+03
1.797596579755730545e+03
1.804152665284016393e+03
1.844467068374684686e+03
1.808540843592740202e+03
1.763264496079506671e+03
1.774101731186281768e+03
1.781962642384879928e+03
1.764211332987890728e+03
1.784853202875219495e+03
1.768095873495768956e+03
1.760395794732297418e+03
1.787318007776169679e+03
1.814777127904240388e+03
1.844385219825993317e+03
1.872794058338266950e+03
1.855750987479091464e+03
1.857760308079053857e+03
1.869671753024789496e+03
1.852507924229060336e+03
1.831043464021014415e+03
1.848902459233090440e+03
1.856442164564090490e+03
1.851700572422943878e+03
1.882427402055457151e+03
1.880562430310186073e+03
1.898212655475269457e+03
1.925574536763470405e+03
1.942549190004103593e+03
1.946357352856084162e+03
1.951599533353841935e+03
1.970793524685193916e+03
2.005326136883323443e+03
1.983651182477434531e+03
1.999664435450357587e+03
2.013812642021038073e+03
2.047243890603717546e+03
2.033848229546396169e+03
2.050743072786414359e+03
2.080213965347842532e+03
2.103847031601560957e+03
2.115766702516118130e+03
2.109887338071724571e+03
2.104941079440215162e+03
2.098027164692845417e+03
2.091655501243153594e+03
2.100531444737673155e+03
2.097047529357796975e+03
2.116031425586130354e+03
2.138243403704485900e+03
2.166388994740585531e+03
2.203035956966562935e+03
2.226427439944558046e+03
2.246830507121656410e+03
2.280246950189900417e+03
2.302536770944100681e+03
2.301347879217751142e+03
2.303515429595542173e+03
2.317470848495673636e+03
2.297299236469928474e+03
2.321364803310154912e+03
2.341328265953537539e+03
2.321026849892047267e+03
2.312447005710464509e+03
2.301644000853062153e+03
2.312660432822809526e+03
2.283741214618477898e+03
2.252862103817610659e+03
2.179357593704032297e+03
2.150325018246341642e+03
2.117938192187162258e+03
2.158075421533956160e+03
2.178016449087879664e+03
2.174288478719546220e+03
2.160044187166288339e+03
2.194308836159043949e+03
2.216352675418743274e+03
2.186918442911818602e+03
2.218471487664128745e+03
2.223586231242268241e+03
2.179728948897423379e+03
2.138549051740610594e+03
2.082089843843234121e+03
2.065146498414499547e+03
2.073087400455265652e+03
2.103773804165532511e+03
2.138303821744967991e+03
2.116414625143150261e+03
2.099686127588911404e+03
2.096030494204105707e+03
2.046504123845066943e+03
2.043562357280746255e+03
2.043807645678121389e+03
2.083885605319608658e+03
2.089398921486879317e+03
2.071412875865925798e+03
2.115185132411231280e+03
2.132066573225594311e+03
2.191848417187220093e+03
2.232542504745662882e+03
2.213354008988625537e+03
2.157158419541502099e+03
2.116261660412667425e+03
2.136285935844915912e+03
2.146336387557895705e+03
2.180456220493376350e+03
2.123438312707528439e+03
2.118802702665418565e+03
2.106188354280038766e+03
2.168347283100504683e+03
2.171233787928189031e+03
2.175325182761469932e+03
2.157568903608496839e+03
2.129654248662672671e+03
2.110712256420289577e+03
2.119012287157362152e+03
2.091432517281387391e+03
2.115852153373493820e+03
2.101525990666657890e+03
2.132503428748704209e+03
2.171673717491356456e+03
2.177875462492840143e+03
2.198173650193374669e+03
2.177888859170348496e+03
2.213219754493258733e+03
2.219273037697827476e+03
2.199580139944544953e+03
2.188103955222298282e+03
2.177162637476001692e+03
2.187312280629381803e+03
2.210746091405034804e+03
2.228167694392862359e+03
2.271029010762645157e+03
2.269969515315163790e+03
2.261705024593892176e+03
2.171231167210690273e+03
2.210137788515284683e+03
2.225966864110707320e+03
2.236901132312284517e+03
2.226093688460663088e+03
2.231103833914328789e+03
2.225228321923112162e+03
2.250313796482959333e+03
2.284498179563413942e+03
2.297673206445745109e+03
2.342910831275464261e+03
2.346843552578527124e+03
2.362022970881107995e+03
2.371522125392852558e+03
2.382137939247231770e+03
2.374347058848511551e+03
2.360698788218706795e+03
2.296894873807811109e+03
2.244245601820215597e+03
2.224482356375284326e+03
2.155224905833701996e+03
2.157457808442175065e+03
2.152258288696825730e+03
2.200856781603264608e+03
2.196098585926253691e+03
2.198750811159747627e+03
2.195920125371974336e+03
2.172540879622936700e+03
2.195857306363056523e+03
2.205830402751558722e+03
2.220208732603581666e+03
2.269701132115957080e+03
2.295881507500982480e+03
2.306997432244086667e+03
2.302565201673130105e+03
2.291711218763221495e+03
2.277221283190564009e+03
2.301287811514863733e+03
2.288575523269667883e+03
2.267242558785182609e+03
2.261417667841932143e+03
2.201991468920417901e+03
2.190286600870818802e+03
2.162945222107396603e+03
2.141655990396012839e+03
2.118345437541686806e+03
2.157405945495682772e+03
2.168818746501842270e+03
2.178941177950246583e+03
2.185682361438708085e+03
2.214077040416831551e+03
2.257159467116170617e+03
2.247014937974990971e+03
2.216348386101419237e+03
2.226018561459276043e+03
2.206517179480702453e+03
2.192881490578055036e+03
2.181901576211172141e+03
2.173179874584299796e+03
2.147992824160680357e+03
2.118860879484836005e+03
2.086152523756446044e+03
2.069092031428134305e+03
2.083927172773269376e+03
2.075740220252603649e+03
2.088327164520528640e+03
2.018510097750795921e+03
2.012873918967808322e+03
1.924729017182990901e+03
1.930287809243757692e+03
1.962127049152245945e+03
1.952596889768482470e+03
1.986748262023493226e+03
1.985029577484189986e+03
1.980100937330771785e+03
1.978829664950868164e+03
1.968153323622338121e+03
1.961607823838515515e+03
1.958697741577592751e+03
1.942410971689743519e+03
1.907072064182596705e+03
1.924919828748387772e+03
1.921882918387338805e+03
1.918050693406612936e+03
1.921828864053002690e+03
1.935620879317923709e+03
1.935768580758556482e+03
1.936484330722840014e+03
1.931141626509469916e+03
1.916862193946751404e+03
1.896498727909748595e+03
1.898089640774876216e+03
1.936192689671627022e+03
1.957742415480021918e+03
1.976135963698348860e+03
1.983267850995217259e+03
2.021922538844343990e+03
2.031013003598954811e+03
2.023764365435973104e+03
2.013228633613169450e+03
2.009449315857126976e+03
1.951852450583409336e+03
1.939684194992702714e+03
1.931316086490098769e+03
1.945237747739237420e+03
1.963693674531971283e+03
1.988527990782630241e+03
1.996575129431539381e+03
1.987004838166398940e+03
1.976199980774394135e+03
1.920897014070355908e+03
1.917901365178927108e+03
1.908010619327984841e+03
1.929412104007855532e+03
1.940782908115519376e+03
1.943013715832911203e+03
1.960709271088546984e+03
1.993016766458373695e+03
2.036389332549103074e+03
2.059914656783049395e+03
2.022632314619660974e+03
2.036030665426917494e+03
2.032184201500989957e+03
2.026883909078431316e+03
2.022024547761386884e+03
2.025668857347692210e+03
2.012510141615866814e+03
1.972311814964812584e+03
1.985589575446592562e+03
1.986655310386879819e+03
1.981866255234134087e+03
1.969313568262744866e+03
1.951606712316077846e+03
1.961280924730582001e+03
1.975763929189860846e+03
1.973735889109747404e+03
1.998190600545327470e+03
1.998985200077480613e+03
1.999011410571819624e+03
2.013251224134919084e+03
2.002907216354923548e+03
1.999067067813888798e+03
1.985671540243200980e+03
1.984514480340066939e+03
1.945708599434887901e+03
1.947794148525253377e+03
1.996626415143023451e+03
2.019742770797560524e+03
2.018944429275114771e+03
2.045713761161546927e+03
2.054508789829985290e+03
2.062129115822148833e+03
2.098178825380850412e+03
2.123695831330719102e+03
2.138736792968585632e+03
2.158927891019724939e+03
2.187789985211492876e+03
2.233582621584575463e+03
2.217609907484638370e+03
2.198631109393010320e+03
2.217389444583045133e+03
2.223366356708706917e+03
2.205228046673043082e+03
2.177678479265865462e+03
2.176997635699442071e+03
2.169834843322205415e+03
2.203143554289707481e+03
2.213402436325074177e+03
2.215746623470961822e+03
2.231157997474726471e+03
2.255040948406296138e+03
2.253180061084587578e+03
2.240997567916354456e+03
2.252726864487030525e+03
2.288971990814276978e+03
2.284685513264381370e+03
2.254084760215502683e+03
2.251910838215119838e+03
2.259571390707006685e+03
2.264405493751673475e+03
2.251455664283966598e+03
2.231027545858781195e+03
2.187191592495537861e+03
2.199671423363893609e+03
2.211584764154060849e+03
2.200111429250258425e+03
2.216423556055046902e+03
2.220971069323887605e+03
2.266717992508610678e+03
2.277680050725660294e+03
2.276821835990911495e+03
2.259648521930755123e+03
2.260962359438014573e+03
2.265176235840167919e+03
2.269894151348042669e+03
2.275171707173242339e+03
2.252805610506160974e+03
2.234924539180805368e+03
2.218508563391921598e+03
2.165119759811678250e+03
2.166376380019931730e+03
2.153065630643523946e+03
2.082450916825579952e+03
2.050532861669065824e+03
2.050919462007868788e+03
2.027161994301718323e+03
2.001732477009759805e+03
1.987113686676554607e+03
2.007096323340392473e+03
2.021965880710576812e+03
2.000172508389436643e+03
1.972705177796908629e+03
1.977440178160994037e+03
1.957941432079928745e+03
1.950311269317182223e+03
1.968819368703675536e+03
1.966953654235432623e+03
1.958408722708627465e+03
1.987919004984757294e+03
1.981469269448972682e+03
1.963832492454048179e+03
1.998443158855996444e+03
2.001882655616811235e+03
2.031030234696150501e+03
2.048398130498253977e+03
2.081639770595374102e+03
2.086318430933702530e+03
2.088619468489954215e+03
2.118688053328987735e+03
2.120517895622610013e+03
2.138372169393328477e+03
2.162360928584910653e+03
2.152638586950701210e+03
2.155604057409476354e+03
2.190773968103644165e+03
2.182825269827114425e+03
2.194153709114287267e+03
2.237426733148205585e+03
2.237323702348765892e+03
2.241406286919105241e+03
2.239732583964019341e+03
2.243835823211205479e+03
2.217383726230121738e+03
2.212419445404671478e+03
2.224845309070242365e+03
2.234447209626641325e+03
2.282625540700012152e+03
2.224046360533951884e+03
2.245322747964667997e+03
2.231174124729376672e+03
2.275515852694250952e+03
2.254095086235534836e+03
2.277073519360475530e+03
2.263823237300159690e+03
2.249916385972231637e+03
2.245648329637730058e+03
2.252281228659386215e+03
2.227842051056801665e+03
2.194972122384293471e+03
2.224706598027887594e+03
2.241024881388842914e+03
2.241473374809522284e+03
2.239408146240865335e+03
2.278769000325930392e+03
2.234220917998309233e+03
2.234279676440349249e+03
2.226721491360016898e+03
2.224933459526333536e+03
2.216715395229787646e+03
2.227957008792544457e+03
2.187028692550092728e+03
2.185559709594328069e+03
2.204023739066505641e+03
2.185603181590613076e+03
2.133974459810626740e+03
2.092184697819946905e+03
2.134788352624115760e+03
2.150302693103420097e+03
2.158504084694984613e+03
2.128878663770512958e+03
2.153653939204561084e+03
2.114402623670866888e+03
2.101898440954999387e+03
2.128260545930088938e+03
2.150869802936872020e+03
2.170704933037468891e+03
2.162843178623540553e+03
2.163549114994222691e+03
2.164406007549288461e+03
2.137895415781504198e+03
2.117975263495025501e+03
2.133707027399818344e+03
2.131943217192785596e+03
2.168955295326210489e+03
2.149718656687210114e+03
2.167185017415650236e+03
2.130377456428679579e+03
2.136241483826195690e+03
2.126511272993481725e+03
2.161972154625189887e+03
2.159439548145570370e+03
2.156446848147385026e+03
2.189886157995865233e+03
2.159891841800273141e+03
2.186706585451078809e+03
2.246426718367874400e+03
2.273215987419642261e+03
2.198326739460316276e+03
2.188165571951413767e+03
2.250854873599346320e+03
2.264143898516200807e+03
2.270288983503429790e+03
2.313590881615433773e+03
2.324303169250241808e+03
2.354950412892213080e+03
2.327654177133708799e+03
2.317244952374006516e+03
2.359212649114383112e+03
2.371654110547178789e+03
2.402652932756865539e+03
2.396010835571780262e+03
2.389243771008180374e+03
2.429617099242258519e+03
2.474752180515713007e+03
2.477442057879241020e+03
2.463216861009751028e+03
2.453184715744821460e+03
2.476200623326578352e+03
2.464274743055416820e+03
2.465908044011720449e+03
2.479573400343242156e+03
