7.950000000000000400e-01
8.240000000000000657e-01
1.306000000000000050e+00
2.307999999999999385e+00
3.291999999999998039e+00
4.517999999999995353e+00
6.110999999999994436e+00
7.791999999999998039e+00
9.541000000000007475e+00
1.122100000000001785e+01
1.247200000000000308e+01
1.440899999999997583e+01
1.627799999999994895e+01
1.818699999999991945e+01
2.015999999999989001e+01
2.211099999999986210e+01
2.404099999999983694e+01
2.598499999999980759e+01
2.793699999999978090e+01
2.981499999999974904e+01
3.257699999999970686e+01
3.440699999999967673e+01
3.624399999999965161e+01
3.816499999999962256e+01
4.006399999999959505e+01
4.191099999999956793e+01
4.383499999999952479e+01
4.575499999999949097e+01
4.761299999999946664e+01
4.952699999999944680e+01
5.132599999999941076e+01
5.325199999999939138e+01
5.500799999999935608e+01
5.689199999999933510e+01
5.871299999999930463e+01
6.055899999999927985e+01
6.232599999999925444e+01
6.408099999999922147e+01
6.561699999999919442e+01
6.748199999999917509e+01
7.014599999999911972e+01
7.198299999999909460e+01
7.375499999999907175e+01
7.553599999999903503e+01
7.722199999999902786e+01
7.874699999999899092e+01
8.024599999999895772e+01
8.198999999999892907e+01
8.376199999999889201e+01
8.540999999999887393e+01
8.704199999999883630e+01
8.875599999999882073e+01
9.013199999999878287e+01
9.195999999999875740e+01
9.339299999999872171e+01
9.505499999999868521e+01
9.628599999999867975e+01
9.784999999999865850e+01
9.852499999999861302e+01
9.916699999999862314e+01
9.999999999999859313e+01
9.999999999999859313e+01
9.999999999999859313e+01
9.999999999999859313e+01
9.999999999999859313e+01
9.999999999999859313e+01
9.999999999999859313e+01
9.999999999999859313e+01
9.999999999999859313e+01
9.999999999999859313e+01
9.999999999999859313e+01
9.999999999999859313e+01
9.999999999999859313e+01
9.999999999999859313e+01
9.999999999999859313e+01
9.999999999999859313e+01
9.999999999999859313e+01
9.999999999999859313e+01
9.999999999999859313e+01
9.999999999999859313e+01
9.999999999999859313e+01
9.999999999999859313e+01
9.999999999999859313e+01
9.999999999999859313e+01
9.999999999999859313e+01
9.999999999999859313e+01
9.999999999999859313e+01
9.999999999999859313e+01
9.999999999999859313e+01
9.999999999999859313e+01
9.999999999999859313e+01
9.999999999999859313e+01
9.999999999999859313e+01
9.999999999999859313e+01
9.999999999999859313e+01
9.999999999999859313e+01
9.999999999999859313e+01
9.999999999999859313e+01
9.999999999999859313e+01
9.999999999999859313e+01
9.999999999999859313e+01
9.999999999999859313e+01
9.999999999999859313e+01
9.999999999999859313e+01
9.999999999999859313e+01
9.999999999999859313e+01
9.999999999999859313e+01
9.999999999999859313e+01
9.999999999999859313e+01
9.999999999999859313e+01
9.999999999999859313e+01
9.999999999999859313e+01
9.999999999999859313e+01
9.999999999999859313e+01
9.999999999999859313e+01
9.999999999999859313e+01
9.999999999999859313e+01
9.999999999999859313e+01
9.999999999999859313e+01
9.999999999999859313e+01
9.999999999999859313e+01
9.999999999999859313e+01
9.999999999999859313e+01
9.999999999999859313e+01
9.999999999999859313e+01
9.999999999999859313e+01
9.999999999999859313e+01
9.999999999999859313e+01
9.999999999999859313e+01
9.999999999999859313e+01
9.999999999999859313e+01
9.999999999999859313e+01
9.999999999999859313e+01
9.999999999999859313e+01
9.999999999999859313e+01
9.999999999999859313e+01
9.999999999999859313e+01
9.999999999999859313e+01
9.999999999999859313e+01
9.999999999999859313e+01
9.999999999999859313e+01
9.999999999999859313e+01
9.999999999999859313e+01
9.999999999999859313e+01
9.999999999999859313e+01
9.999999999999859313e+01
9.999999999999859313e+01
9.999999999999859313e+01
9.999999999999859313e+01
9.999999999999859313e+01
9.999999999999859313e+01
9.999999999999859313e+01
9.999999999999859313e+01
9.999999999999859313e+01
9.999999999999859313e+01
9.999999999999859313e+01
9.999999999999859313e+01
9.999999999999859313e+01
9.999999999999859313e+01
9.999999999999859313e+01
9.999999999999859313e+01
9.999999999999859313e+01
9.999999999999859313e+01
9.999999999999859313e+01
9.999999999999859313e+01
9.999999999999859313e+01
9.999999999999859313e+01
9.999999999999859313e+01
9.999999999999859313e+01
9.999999999999859313e+01
9.999999999999859313e+01
9.999999999999859313e+01
9.999999999999859313e+01
9.999999999999859313e+01
9.999999999999859313e+01
9.999999999999859313e+01
9.999999999999859313e+01
9.999999999999859313e+01
9.999999999999859313e+01
9.999999999999859313e+01
9.999999999999859313e+01
9.999999999999859313e+01
9.999999999999859313e+01
9.999999999999859313e+01
9.999999999999859313e+01
9.999999999999859313e+01
9.999999999999859313e+01
9.999999999999859313e+01
9.999999999999859313e+01
9.999999999999859313e+01
9.999999999999859313e+01
9.999999999999859313e+01
9.999999999999859313e+01
9.999999999999859313e+01
9.999999999999859313e+01
9.999999999999859313e+01
9.999999999999859313e+01
9.999999999999859313e+01
9.999999999999859313e+01
9.999999999999859313e+01
9.999999999999859313e+01
9.999999999999859313e+01
9.999999999999859313e+01
9.999999999999859313e+01
9.999999999999859313e+01
9.999999999999859313e+01
9.999999999999859313e+01
9.999999999999859313e+01
9.999999999999859313e+01
9.999999999999859313e+01
9.999999999999859313e+01
9.999999999999859313e+01
9.999999999999859313e+01
9.999999999999859313e+01
9.999999999999859313e+01
9.999999999999859313e+01
9.999999999999859313e+01
9.999999999999859313e+01
9.999999999999859313e+01
9.999999999999859313e+01
9.999999999999859313e+01
9.999999999999859313e+01
9.999999999999859313e+01
9.999999999999859313e+01
9.999999999999859313e+01
9.999999999999859313e+01
9.999999999999859313e+01
9.999999999999859313e+01
9.999999999999859313e+01
9.999999999999859313e+01
9.999999999999859313e+01
9.999999999999859313e+01
9.999999999999859313e+01
9.999999999999859313e+01
9.999999999999859313e+01
9.999999999999859313e+01
9.999999999999859313e+01
9.999999999999859313e+01
9.999999999999859313e+01
9.999999999999859313e+01
9.999999999999859313e+01
9.999999999999859313e+01
9.999999999999859313e+01
9.999999999999859313e+01
9.999999999999859313e+01
9.999999999999859313e+01
9.999999999999859313e+01
9.999999999999859313e+01
9.999999999999859313e+01
9.999999999999859313e+01
9.999999999999859313e+01
9.999999999999859313e+01
9.999999999999859313e+01
9.999999999999859313e+01
9.999999999999859313e+01
9.999999999999859313e+01
9.999999999999859313e+01
9.999999999999859313e+01
9.999999999999859313e+01
9.999999999999859313e+01
9.999999999999859313e+01
9.999999999999859313e+01
9.999999999999859313e+01
9.999999999999859313e+01
9.999999999999859313e+01
9.999999999999859313e+01
9.999999999999859313e+01
9.999999999999859313e+01
9.999999999999859313e+01
9.999999999999859313e+01
9.999999999999859313e+01
9.999999999999859313e+01
9.999999999999859313e+01
9.999999999999859313e+01
9.999999999999859313e+01
9.999999999999859313e+01
9.999999999999859313e+01
9.999999999999859313e+01
9.999999999999859313e+01
9.999999999999859313e+01
9.999999999999859313e+01
9.999999999999859313e+01
9.999999999999859313e+01
9.999999999999859313e+01
9.999999999999859313e+01
9.999999999999859313e+01
9.999999999999859313e+01
9.999999999999859313e+01
9.999999999999859313e+01
9.999999999999859313e+01
9.999999999999859313e+01
9.999999999999859313e+01
9.999999999999859313e+01
9.999999999999859313e+01
9.999999999999859313e+01
9.999999999999859313e+01
9.999999999999859313e+01
9.999999999999859313e+01
9.999999999999859313e+01
9.999999999999859313e+01
9.999999999999859313e+01
9.999999999999859313e+01
9.999999999999859313e+01
9.999999999999859313e+01
9.999999999999859313e+01
9.999999999999859313e+01
9.999999999999859313e+01
9.999999999999859313e+01
9.999999999999859313e+01
9.999999999999859313e+01
9.999999999999859313e+01
9.999999999999859313e+01
9.999999999999859313e+01
9.999999999999859313e+01
9.999999999999859313e+01
9.999999999999859313e+01
9.999999999999859313e+01
9.999999999999859313e+01
9.999999999999859313e+01
9.999999999999859313e+01
9.999999999999859313e+01
9.999999999999859313e+01
9.999999999999859313e+01
9.999999999999859313e+01
9.999999999999859313e+01
9.999999999999859313e+01
9.999999999999859313e+01
9.999999999999859313e+01
9.999999999999859313e+01
9.999999999999859313e+01
9.999999999999859313e+01
9.999999999999859313e+01
9.999999999999859313e+01
9.999999999999859313e+01
9.999999999999859313e+01
9.999999999999859313e+01
9.999999999999859313e+01
9.999999999999859313e+01
9.999999999999859313e+01
9.999999999999859313e+01
9.999999999999859313e+01
9.999999999999859313e+01
9.999999999999859313e+01
9.999999999999859313e+01
9.999999999999859313e+01
9.999999999999859313e+01
9.999999999999859313e+01
9.999999999999859313e+01
9.999999999999859313e+01
9.999999999999859313e+01
9.999999999999859313e+01
9.999999999999859313e+01
9.999999999999859313e+01
9.914899999999860825e+01
9.914899999999860825e+01
9.914899999999859403e+01
9.914899999999859403e+01
9.914899999999859403e+01
9.914899999999859403e+01
9.914899999999859403e+01
9.914899999999859403e+01
9.914899999999859403e+01
9.884499999999862041e+01
9.884499999999862041e+01
9.884499999999862041e+01
9.884499999999862041e+01
9.771699999999866293e+01
9.771699999999866293e+01
9.771699999999866293e+01
9.771699999999866293e+01
9.771699999999866293e+01
9.661099999999869681e+01
9.645299999999869556e+01
9.555699999999870897e+01
9.529799999999873705e+01
9.529799999999873705e+01
9.529799999999873705e+01
9.529799999999873705e+01
9.529799999999873705e+01
9.529799999999872284e+01
9.529799999999872284e+01
9.529799999999872284e+01
9.529799999999872284e+01
9.529799999999872284e+01
9.529799999999872284e+01
9.529799999999872284e+01
9.529799999999872284e+01
9.529799999999872284e+01
9.529799999999872284e+01
9.529799999999872284e+01
9.529799999999872284e+01
9.529799999999872284e+01
9.529799999999872284e+01
9.529799999999872284e+01
9.529799999999872284e+01
9.529799999999872284e+01
9.529799999999872284e+01
9.529799999999872284e+01
9.529799999999872284e+01
9.529799999999872284e+01
9.614899999999870772e+01
9.614899999999870772e+01
9.614899999999870772e+01
9.614899999999870772e+01
9.614899999999870772e+01
9.614899999999870772e+01
9.614899999999870772e+01
9.614899999999870772e+01
9.614899999999870772e+01
9.549999999999870681e+01
9.549999999999870681e+01
9.549999999999870681e+01
9.549999999999870681e+01
9.662799999999867850e+01
9.662799999999867850e+01
9.662799999999867850e+01
9.662799999999867850e+01
9.662799999999867850e+01
9.689799999999866031e+01
9.773399999999863041e+01
9.789199999999864588e+01
9.789199999999863167e+01
9.904699999999861859e+01
9.904699999999861859e+01
9.904699999999861859e+01
9.904699999999861859e+01
9.904699999999861859e+01
9.904699999999861859e+01
9.904699999999861859e+01
9.904699999999861859e+01
9.904699999999861859e+01
9.904699999999861859e+01
9.904699999999861859e+01
9.904699999999861859e+01
9.904699999999861859e+01
9.904699999999861859e+01
9.904699999999861859e+01
9.904699999999861859e+01
9.904699999999861859e+01
9.904699999999861859e+01
9.904699999999861859e+01
9.904699999999861859e+01
9.904699999999861859e+01
9.904699999999861859e+01
9.904699999999861859e+01
9.904699999999861859e+01
9.904699999999861859e+01
9.904699999999861859e+01
9.904699999999861859e+01
9.904699999999861859e+01
9.904699999999861859e+01
9.904699999999861859e+01
9.896299999999862962e+01
9.896299999999862962e+01
9.896299999999861541e+01
9.896299999999861541e+01
9.896299999999861541e+01
9.896299999999861541e+01
9.991599999999860415e+01
9.991599999999860415e+01
9.991599999999860415e+01
9.991599999999860415e+01
9.991599999999860415e+01
9.991599999999860415e+01
9.991599999999860415e+01
9.991599999999860415e+01
9.991599999999860415e+01
9.991599999999860415e+01
9.991599999999860415e+01
9.991599999999860415e+01
9.991599999999860415e+01
9.991599999999860415e+01
9.991599999999860415e+01
9.991599999999860415e+01
9.991599999999860415e+01
9.991599999999860415e+01
9.991599999999860415e+01
9.991599999999860415e+01
9.991599999999860415e+01
9.991599999999860415e+01
9.991599999999860415e+01
9.991599999999860415e+01
9.991599999999860415e+01
9.991599999999860415e+01
9.991599999999860415e+01
9.991599999999860415e+01
9.991599999999860415e+01
9.991599999999860415e+01
9.991599999999860415e+01
9.991599999999860415e+01
9.991599999999860415e+01
9.991599999999860415e+01
9.991599999999860415e+01
9.991599999999860415e+01
9.991599999999860415e+01
9.991599999999860415e+01
9.991599999999860415e+01
9.991599999999860415e+01
9.991599999999860415e+01
9.991599999999860415e+01
9.991599999999860415e+01
9.999999999999859313e+01
9.999999999999859313e+01
9.999999999999859313e+01
9.999999999999859313e+01
9.999999999999859313e+01
9.999999999999859313e+01
9.999999999999859313e+01
9.999999999999859313e+01
9.999999999999859313e+01
9.999999999999859313e+01
9.999999999999859313e+01
9.999999999999859313e+01
9.999999999999859313e+01
9.999999999999859313e+01
9.999999999999859313e+01
9.999999999999859313e+01
9.999999999999859313e+01
9.999999999999859313e+01
9.999999999999859313e+01
9.999999999999859313e+01
9.999999999999859313e+01
9.999999999999859313e+01
9.999999999999859313e+01
9.999999999999859313e+01
9.999999999999859313e+01
9.999999999999859313e+01
9.999999999999859313e+01
9.999999999999859313e+01
9.999999999999859313e+01
9.999999999999859313e+01
9.999999999999859313e+01
9.999999999999859313e+01
9.999999999999859313e+01
9.999999999999859313e+01
9.999999999999859313e+01
9.999999999999859313e+01
9.999999999999859313e+01
9.999999999999859313e+01
9.999999999999859313e+01
9.999999999999859313e+01
9.999999999999859313e+01
9.999999999999859313e+01
9.999999999999859313e+01
9.999999999999859313e+01
9.999999999999859313e+01
9.999999999999859313e+01
9.999999999999859313e+01
9.999999999999859313e+01
9.999999999999859313e+01
9.999999999999859313e+01
9.999999999999859313e+01
9.999999999999859313e+01
9.999999999999859313e+01
9.999999999999859313e+01
9.999999999999859313e+01
9.999999999999859313e+01
9.999999999999859313e+01
9.999999999999859313e+01
9.999999999999859313e+01
9.999999999999859313e+01
9.999999999999859313e+01
9.999999999999859313e+01
9.999999999999859313e+01
9.999999999999859313e+01
9.999999999999859313e+01
9.999999999999859313e+01
9.999999999999859313e+01
9.999999999999859313e+01
9.999999999999859313e+01
9.999999999999859313e+01
9.999999999999859313e+01
9.999999999999859313e+01
9.999999999999859313e+01
9.999999999999859313e+01
9.999999999999859313e+01
9.999999999999859313e+01
9.999999999999859313e+01
9.999999999999859313e+01
9.999999999999859313e+01
9.999999999999859313e+01
9.999999999999859313e+01
9.999999999999859313e+01
9.999999999999859313e+01
9.999999999999859313e+01
9.999999999999859313e+01
9.999999999999859313e+01
9.999999999999859313e+01
9.999999999999859313e+01
9.999999999999859313e+01
9.999999999999859313e+01
9.999999999999859313e+01
9.999999999999859313e+01
9.999999999999859313e+01
9.999999999999859313e+01
9.999999999999859313e+01
9.999999999999859313e+01
9.999999999999859313e+01
9.999999999999859313e+01
9.999999999999859313e+01
9.999999999999859313e+01
9.999999999999859313e+01
9.999999999999859313e+01
9.999999999999859313e+01
9.999999999999859313e+01
9.999999999999859313e+01
9.999999999999859313e+01
9.999999999999859313e+01
9.999999999999859313e+01
9.999999999999859313e+01
9.999999999999859313e+01
9.999999999999859313e+01
9.999999999999859313e+01
9.999999999999859313e+01
9.999999999999859313e+01
9.999999999999859313e+01
9.999999999999859313e+01
9.999999999999859313e+01
9.999999999999859313e+01
9.999999999999859313e+01
9.999999999999859313e+01
9.999999999999859313e+01
9.999999999999859313e+01
9.999999999999859313e+01
9.999999999999859313e+01
9.999999999999859313e+01
9.999999999999859313e+01
9.999999999999859313e+01
9.999999999999859313e+01
9.999999999999859313e+01
9.999999999999859313e+01
9.999999999999859313e+01
9.999999999999859313e+01
9.999999999999859313e+01
9.999999999999859313e+01
9.999999999999859313e+01
9.999999999999859313e+01
9.999999999999859313e+01
9.999999999999859313e+01
9.999999999999859313e+01
9.999999999999859313e+01
9.999999999999859313e+01
9.999999999999859313e+01
9.999999999999859313e+01
9.999999999999859313e+01
9.999999999999859313e+01
9.999999999999859313e+01
9.999999999999859313e+01
9.999999999999859313e+01
9.999999999999859313e+01
9.999999999999859313e+01
9.999999999999859313e+01
9.999999999999859313e+01
9.999999999999859313e+01
9.999999999999859313e+01
9.999999999999859313e+01
9.999999999999859313e+01
9.999999999999859313e+01
9.999999999999859313e+01
9.999999999999859313e+01
9.999999999999859313e+01
9.999999999999859313e+01
9.999999999999859313e+01
9.999999999999859313e+01
9.999999999999859313e+01
9.999999999999859313e+01
9.999999999999859313e+01
9.999999999999859313e+01
9.999999999999859313e+01
9.999999999999859313e+01
9.999999999999859313e+01
9.999999999999859313e+01
9.999999999999859313e+01
9.999999999999859313e+01
9.999999999999859313e+01
9.999999999999859313e+01
9.999999999999859313e+01
9.999999999999859313e+01
9.999999999999859313e+01
9.999999999999859313e+01
9.999999999999859313e+01
9.999999999999859313e+01
9.999999999999859313e+01
9.999999999999859313e+01
9.999999999999859313e+01
9.999999999999859313e+01
9.999999999999859313e+01
9.999999999999859313e+01
9.999999999999859313e+01
9.999999999999859313e+01
9.999999999999859313e+01
9.999999999999859313e+01
9.999999999999859313e+01
9.999999999999859313e+01
9.999999999999859313e+01
9.999999999999859313e+01
9.999999999999859313e+01
9.999999999999859313e+01
9.999999999999859313e+01
9.999999999999859313e+01
9.999999999999859313e+01
9.999999999999859313e+01
9.999999999999859313e+01
9.999999999999859313e+01
9.999999999999859313e+01
9.999999999999859313e+01
9.999999999999859313e+01
9.999999999999859313e+01
9.999999999999859313e+01
9.999999999999859313e+01
9.999999999999859313e+01
9.999999999999859313e+01
9.999999999999859313e+01
9.999999999999859313e+01
9.999999999999859313e+01
9.999999999999859313e+01
9.999999999999859313e+01
9.999999999999859313e+01
9.999999999999859313e+01
9.999999999999859313e+01
9.999999999999859313e+01
9.999999999999859313e+01
9.999999999999859313e+01
9.999999999999859313e+01
9.999999999999859313e+01
9.999999999999859313e+01
9.999999999999859313e+01
9.999999999999859313e+01
9.999999999999859313e+01
9.999999999999859313e+01
9.999999999999859313e+01
9.999999999999859313e+01
9.999999999999859313e+01
9.999999999999859313e+01
9.999999999999859313e+01
9.999999999999859313e+01
9.999999999999859313e+01
9.999999999999859313e+01
9.999999999999859313e+01
9.999999999999859313e+01
9.999999999999859313e+01
9.999999999999859313e+01
9.999999999999859313e+01
9.999999999999859313e+01
9.999999999999859313e+01
9.999999999999859313e+01
9.999999999999859313e+01
9.999999999999859313e+01
9.999999999999859313e+01
9.999999999999859313e+01
9.999999999999859313e+01
9.999999999999859313e+01
9.999999999999859313e+01
9.999999999999859313e+01
9.999999999999859313e+01
9.999999999999859313e+01
9.999999999999859313e+01
9.999999999999859313e+01
9.999999999999859313e+01
9.999999999999859313e+01
9.999999999999859313e+01
9.999999999999859313e+01
9.999999999999859313e+01
9.999999999999859313e+01
9.999999999999859313e+01
9.999999999999859313e+01
9.999999999999859313e+01
9.999999999999859313e+01
9.999999999999859313e+01
9.999999999999859313e+01
9.999999999999859313e+01
9.999999999999859313e+01
9.999999999999859313e+01
9.999999999999859313e+01
9.999999999999859313e+01
9.999999999999859313e+01
9.999999999999859313e+01
9.999999999999859313e+01
9.999999999999859313e+01
9.999999999999859313e+01
9.999999999999859313e+01
9.999999999999859313e+01
9.999999999999859313e+01
9.999999999999859313e+01
9.999999999999859313e+01
9.999999999999859313e+01
9.999999999999859313e+01
9.999999999999859313e+01
9.999999999999859313e+01
9.999999999999859313e+01
9.999999999999859313e+01
9.999999999999859313e+01
9.999999999999859313e+01
9.999999999999859313e+01
9.999999999999859313e+01
9.999999999999859313e+01
9.999999999999859313e+01
9.999999999999859313e+01
9.999999999999859313e+01
9.999999999999859313e+01
9.999999999999859313e+01
9.999999999999859313e+01
9.999999999999859313e+01
9.999999999999859313e+01
9.999999999999859313e+01
9.999999999999859313e+01
9.999999999999859313e+01
9.999999999999859313e+01
9.999999999999859313e+01
9.999999999999859313e+01
9.999999999999859313e+01
9.999999999999859313e+01
9.999999999999859313e+01
9.999999999999859313e+01
9.999999999999859313e+01
9.999999999999859313e+01
9.999999999999859313e+01
9.999999999999859313e+01
9.999999999999859313e+01
9.999999999999859313e+01
9.999999999999859313e+01
9.999999999999859313e+01
9.999999999999859313e+01
9.999999999999859313e+01
9.999999999999859313e+01
9.999999999999859313e+01
9.999999999999859313e+01
9.999999999999859313e+01
9.999999999999859313e+01
9.999999999999859313e+01
9.999999999999859313e+01
9.999999999999859313e+01
9.999999999999859313e+01
9.999999999999859313e+01
9.999999999999859313e+01
9.999999999999859313e+01
9.999999999999859313e+01
9.999999999999859313e+01
9.999999999999859313e+01
9.999999999999859313e+01
9.999999999999859313e+01
9.999999999999859313e+01
9.999999999999859313e+01
9.999999999999859313e+01
9.999999999999859313e+01
9.999999999999859313e+01
9.999999999999859313e+01
9.999999999999859313e+01
9.999999999999859313e+01
9.999999999999859313e+01
9.999999999999859313e+01
9.999999999999859313e+01
9.999999999999859313e+01
9.999999999999859313e+01
9.999999999999859313e+01
9.999999999999859313e+01
9.999999999999859313e+01
9.999999999999859313e+01
9.999999999999859313e+01
9.999999999999859313e+01
9.999999999999859313e+01
9.999999999999859313e+01
9.999999999999859313e+01
9.999999999999859313e+01
9.999999999999859313e+01
9.999999999999859313e+01
9.999999999999859313e+01
9.999999999999859313e+01
9.999999999999859313e+01
9.999999999999859313e+01
9.999999999999859313e+01
9.999999999999859313e+01
9.999999999999859313e+01
9.999999999999859313e+01
9.999999999999859313e+01
9.999999999999859313e+01
9.999999999999859313e+01
9.999999999999859313e+01
9.999999999999859313e+01
9.999999999999859313e+01
9.999999999999859313e+01
9.999999999999859313e+01
9.999999999999859313e+01
9.999999999999859313e+01
9.999999999999859313e+01
9.999999999999859313e+01
9.999999999999859313e+01
9.999999999999859313e+01
9.999999999999859313e+01
9.999999999999859313e+01
9.999999999999859313e+01
9.999999999999859313e+01
9.999999999999859313e+01
9.999999999999859313e+01
9.999999999999859313e+01
9.999999999999859313e+01
9.999999999999859313e+01
9.999999999999859313e+01
9.999999999999859313e+01
9.999999999999859313e+01
9.999999999999859313e+01
9.999999999999859313e+01
9.999999999999859313e+01
9.999999999999859313e+01
9.999999999999859313e+01
9.999999999999859313e+01
9.999999999999859313e+01
9.999999999999859313e+01
9.999999999999859313e+01
9.999999999999859313e+01
9.999999999999859313e+01
9.999999999999859313e+01
9.999999999999859313e+01
9.999999999999859313e+01
9.999999999999859313e+01
9.999999999999859313e+01
9.999999999999859313e+01
9.999999999999859313e+01
9.999999999999859313e+01
9.999999999999859313e+01
9.999999999999859313e+01
9.999999999999859313e+01
9.999999999999859313e+01
9.999999999999859313e+01
9.999999999999859313e+01
9.999999999999859313e+01
9.999999999999859313e+01
9.999999999999859313e+01
9.999999999999859313e+01
9.999999999999859313e+01
9.999999999999859313e+01
9.999999999999859313e+01
9.999999999999859313e+01
9.999999999999859313e+01
9.999999999999859313e+01
9.999999999999859313e+01
9.999999999999859313e+01
9.999999999999859313e+01
9.999999999999859313e+01
9.999999999999859313e+01
9.999999999999859313e+01
9.999999999999859313e+01
9.999999999999859313e+01
9.999999999999859313e+01
9.999999999999859313e+01
9.999999999999859313e+01
9.999999999999859313e+01
9.999999999999859313e+01
9.999999999999859313e+01
9.999999999999859313e+01
9.999999999999859313e+01
9.999999999999859313e+01
9.999999999999859313e+01
9.999999999999859313e+01
9.999999999999859313e+01
9.999999999999859313e+01
9.999999999999859313e+01
9.999999999999859313e+01
9.999999999999859313e+01
9.999999999999859313e+01
9.999999999999859313e+01
9.999999999999859313e+01
9.999999999999859313e+01
9.999999999999859313e+01
9.999999999999859313e+01
9.999999999999859313e+01
9.999999999999859313e+01
9.999999999999859313e+01
9.999999999999859313e+01
9.999999999999859313e+01
9.999999999999859313e+01
9.999999999999859313e+01
9.999999999999859313e+01
9.999999999999859313e+01
9.999999999999859313e+01
9.999999999999859313e+01
9.999999999999859313e+01
