7.950000000000001510e-01
8.859999999999998987e-01
1.102000000000000091e+00
2.183000000000000274e+00
3.238999999999998547e+00
4.593999999999996753e+00
6.117999999999995886e+00
7.686999999999994948e+00
8.882999999999997343e+00
1.062600000000000122e+01
1.255199999999997296e+01
1.449699999999994837e+01
1.636799999999992039e+01
1.830299999999989424e+01
2.025599999999986167e+01
2.222599999999983567e+01
2.416999999999980275e+01
2.615599999999977499e+01
2.806299999999974659e+01
2.999799999999972044e+01
3.215999999999969106e+01
3.409599999999966258e+01
3.600699999999963552e+01
3.776899999999960755e+01
3.957899999999958141e+01
4.136599999999955202e+01
4.327099999999951052e+01
4.509899999999947795e+01
4.787999999999943412e+01
4.978099999999940906e+01
5.149599999999938404e+01
5.338799999999935864e+01
5.494699999999936324e+01
5.674299999999932709e+01
5.855299999999930094e+01
6.039199999999926405e+01
6.222899999999923892e+01
6.405199999999921090e+01
6.582799999999919294e+01
6.770299999999920715e+01
6.955099999999916349e+01
7.101999999999915758e+01
7.264499999999911495e+01
7.442099999999909699e+01
7.625599999999906231e+01
7.792199999999904492e+01
7.971899999999901354e+01
8.156699999999898409e+01
8.330399999999896465e+01
8.593499999999890804e+01
8.767299999999890758e+01
8.923499999999887677e+01
9.092399999999882709e+01
9.203399999999886916e+01
9.263799999999886836e+01
9.320399999999882823e+01
9.320399999999882823e+01
9.320399999999882823e+01
9.320399999999882823e+01
9.314899999999883562e+01
9.314899999999883562e+01
9.314899999999883562e+01
9.314899999999883562e+01
9.183099999999888041e+01
9.183099999999888041e+01
9.127199999999891133e+01
9.127199999999889712e+01
9.127199999999888291e+01
9.127199999999888291e+01
9.127199999999888291e+01
9.127199999999888291e+01
9.127199999999889712e+01
9.127199999999888291e+01
9.127199999999889712e+01
9.127199999999888291e+01
9.127199999999889712e+01
9.152799999999886893e+01
9.245599999999885199e+01
9.316499999999884096e+01
9.316499999999884096e+01
9.316499999999884096e+01
9.316499999999884096e+01
9.316499999999884096e+01
9.316499999999884096e+01
9.316499999999884096e+01
9.403699999999881243e+01
9.403699999999881243e+01
9.428899999999877934e+01
9.255899999999881800e+01
9.079199999999886472e+01
9.079199999999883630e+01
9.028899999999886461e+01
9.028899999999886461e+01
9.028899999999885040e+01
9.028899999999885040e+01
9.028899999999885040e+01
9.028899999999885040e+01
9.146699999999881925e+01
9.243899999999879924e+01
9.289599999999876445e+01
9.327899999999874581e+01
9.332299999999874274e+01
9.235399999999877707e+01
9.235399999999876286e+01
9.240899999999875547e+01
9.240899999999874126e+01
9.240899999999875547e+01
9.141799999999877002e+01
9.206199999999874706e+01
9.119299999999876150e+01
9.237699999999873057e+01
9.237699999999873057e+01
9.237699999999873057e+01
9.237699999999873057e+01
9.237699999999873057e+01
9.237699999999873057e+01
9.237699999999873057e+01
9.237699999999873057e+01
9.237699999999873057e+01
9.141099999999873660e+01
9.141099999999873660e+01
9.141099999999873660e+01
9.141099999999873660e+01
9.141099999999873660e+01
9.141099999999873660e+01
8.914899999999879299e+01
8.914899999999879299e+01
8.914899999999879299e+01
8.914899999999877878e+01
8.914899999999879299e+01
8.914899999999877878e+01
8.914899999999879299e+01
9.087899999999875433e+01
9.087899999999875433e+01
9.165299999999875524e+01
9.039999999999879776e+01
9.036499999999878696e+01
9.036499999999878696e+01
9.036499999999878696e+01
9.036499999999878696e+01
9.036499999999878696e+01
9.036499999999878696e+01
9.036499999999878696e+01
8.951999999999878810e+01
8.852799999999879788e+01
8.918199999999882266e+01
8.918199999999880845e+01
8.918199999999880845e+01
8.918199999999880845e+01
8.918199999999880845e+01
8.918199999999880845e+01
9.017299999999879390e+01
9.084699999999877207e+01
9.084699999999878628e+01
9.183599999999876218e+01
9.183599999999876218e+01
9.183599999999876218e+01
9.183599999999876218e+01
9.183599999999876218e+01
9.183599999999876218e+01
9.183599999999876218e+01
9.183599999999876218e+01
9.183599999999876218e+01
9.183599999999876218e+01
9.184499999999876252e+01
9.184499999999876252e+01
9.184499999999876252e+01
9.184499999999876252e+01
9.184499999999876252e+01
9.184499999999876252e+01
9.312699999999873057e+01
9.410699999999873455e+01
9.410699999999872034e+01
9.410699999999873455e+01
9.410699999999872034e+01
9.410699999999873455e+01
9.410699999999872034e+01
9.410699999999873455e+01
9.410699999999872034e+01
9.410699999999873455e+01
9.410699999999872034e+01
9.509999999999871534e+01
9.635299999999868703e+01
9.635299999999865861e+01
9.689099999999865531e+01
9.689099999999865531e+01
9.689099999999866952e+01
9.689099999999865531e+01
9.689099999999866952e+01
9.689099999999865531e+01
9.773599999999863996e+01
9.773599999999863996e+01
9.872799999999863019e+01
9.872799999999863019e+01
9.502199999999869817e+01
9.502199999999869817e+01
9.502199999999869817e+01
9.502199999999869817e+01
9.502199999999869817e+01
9.490899999999869863e+01
9.490899999999869863e+01
9.378699999999875558e+01
9.378699999999875558e+01
9.378699999999872716e+01
9.378699999999872716e+01
9.378699999999872716e+01
9.378699999999872716e+01
9.378699999999872716e+01
9.378699999999872716e+01
9.378699999999872716e+01
9.474399999999872080e+01
9.418999999999874717e+01
9.418999999999874717e+01
9.410999999999874888e+01
9.410999999999874888e+01
9.410999999999874888e+01
9.410999999999874888e+01
9.410999999999874888e+01
9.410999999999874888e+01
9.410999999999874888e+01
9.410999999999874888e+01
9.375399999999878276e+01
9.375399999999878276e+01
9.302199999999876923e+01
9.302199999999878344e+01
9.302199999999876923e+01
9.302199999999878344e+01
9.247299999999880527e+01
9.247299999999880527e+01
9.247299999999879105e+01
9.247299999999879105e+01
9.247299999999879105e+01
9.247299999999879105e+01
9.186799999999881550e+01
9.186799999999881550e+01
9.090599999999884062e+01
9.090599999999882641e+01
9.090599999999882641e+01
9.117899999999880833e+01
9.269299999999878992e+01
9.422999999999876763e+01
9.492699999999872773e+01
9.423999999999874433e+01
9.423999999999874433e+01
9.423999999999874433e+01
9.435299999999875808e+01
9.435299999999874387e+01
9.435299999999875808e+01
9.547499999999871534e+01
9.547499999999871534e+01
9.547499999999871534e+01
9.547499999999871534e+01
9.547499999999872955e+01
9.547499999999872955e+01
9.547499999999872955e+01
9.547499999999872955e+01
9.547499999999872955e+01
9.547499999999872955e+01
9.602899999999870317e+01
9.602899999999870317e+01
9.610899999999868726e+01
9.610899999999868726e+01
9.610899999999868726e+01
9.610899999999868726e+01
9.610899999999868726e+01
9.610899999999868726e+01
9.610899999999868726e+01
9.610899999999868726e+01
9.646499999999865338e+01
9.646499999999866759e+01
9.646499999999865338e+01
9.719699999999866691e+01
9.719699999999866691e+01
9.719699999999866691e+01
9.719699999999866691e+01
9.774599999999864508e+01
9.774599999999864508e+01
9.774599999999864508e+01
9.774599999999864508e+01
9.774599999999864508e+01
9.774599999999864508e+01
9.835099999999863485e+01
9.835099999999863485e+01
9.931299999999860972e+01
9.931299999999860972e+01
9.931299999999860972e+01
9.931299999999860972e+01
9.931299999999860972e+01
9.931299999999860972e+01
9.931299999999860972e+01
9.830799999999862848e+01
9.769099999999863826e+01
9.769099999999863826e+01
9.769099999999863826e+01
9.769099999999863826e+01
9.769099999999863826e+01
9.769099999999863826e+01
9.769099999999863826e+01
9.769099999999863826e+01
9.496699999999871977e+01
9.403899999999872250e+01
9.403899999999872250e+01
9.403899999999870829e+01
9.403899999999870829e+01
9.403899999999870829e+01
9.403899999999870829e+01
9.403899999999870829e+01
9.403899999999870829e+01
9.403899999999870829e+01
9.403899999999870829e+01
9.403899999999870829e+01
9.403899999999870829e+01
9.403899999999870829e+01
9.403899999999870829e+01
9.403899999999870829e+01
9.403899999999870829e+01
9.403899999999872250e+01
9.403899999999872250e+01
9.403899999999872250e+01
9.403899999999872250e+01
9.403899999999872250e+01
9.403899999999872250e+01
9.403899999999872250e+01
9.403899999999872250e+01
9.403899999999872250e+01
9.354399999999871795e+01
9.354399999999871795e+01
9.354399999999874638e+01
9.354399999999874638e+01
9.354399999999874638e+01
9.354399999999874638e+01
9.354399999999874638e+01
9.354399999999874638e+01
9.354399999999874638e+01
9.339299999999875013e+01
9.339299999999875013e+01
9.508499999999872898e+01
9.508499999999872898e+01
9.570199999999869078e+01
9.570199999999869078e+01
9.570199999999869078e+01
9.570199999999869078e+01
9.570199999999869078e+01
9.570199999999869078e+01
9.570199999999869078e+01
9.614599999999867919e+01
9.784299999999865349e+01
9.842599999999863769e+01
9.935399999999863496e+01
9.935399999999863496e+01
9.935399999999863496e+01
9.935399999999863496e+01
9.935399999999863496e+01
9.935399999999863496e+01
9.935399999999863496e+01
9.935399999999863496e+01
9.935399999999863496e+01
9.853099999999865588e+01
9.853099999999865588e+01
9.853099999999864167e+01
9.853099999999864167e+01
9.853099999999864167e+01
9.786099999999865418e+01
9.786099999999865418e+01
9.786099999999863996e+01
9.786099999999863996e+01
9.786099999999863996e+01
9.786099999999863996e+01
9.786099999999863996e+01
9.786099999999863996e+01
9.786099999999863996e+01
9.786099999999863996e+01
9.786099999999863996e+01
9.835599999999861609e+01
9.835599999999864451e+01
9.835599999999864451e+01
9.835599999999861609e+01
9.835599999999864451e+01
9.835599999999861609e+01
9.835599999999864451e+01
9.835599999999861609e+01
9.835599999999864451e+01
9.850699999999862655e+01
9.850699999999862655e+01
9.850699999999862655e+01
9.850699999999862655e+01
9.850699999999862655e+01
9.850699999999862655e+01
9.838799999999862678e+01
9.838799999999862678e+01
9.838799999999862678e+01
9.838799999999864099e+01
9.838799999999862678e+01
9.838799999999864099e+01
9.838799999999862678e+01
9.838799999999864099e+01
9.789999999999865565e+01
9.789999999999866986e+01
9.789999999999865565e+01
9.789999999999865565e+01
9.789999999999865565e+01
9.789999999999865565e+01
9.789999999999865565e+01
9.789999999999865565e+01
9.789999999999865565e+01
9.872299999999863473e+01
9.872299999999864895e+01
9.872299999999863473e+01
9.872299999999864895e+01
9.872299999999863473e+01
9.939299999999860802e+01
9.939299999999860802e+01
9.939299999999860802e+01
9.939299999999860802e+01
9.939299999999860802e+01
9.939299999999860802e+01
9.939299999999860802e+01
9.939299999999860802e+01
9.939299999999860802e+01
9.939299999999860802e+01
9.939299999999860802e+01
9.939299999999860802e+01
9.939299999999860802e+01
9.939299999999860802e+01
9.939299999999860802e+01
9.939299999999862223e+01
9.857199999999863849e+01
9.857199999999863849e+01
9.774399999999864974e+01
9.774399999999864974e+01
9.774399999999864974e+01
9.766799999999867055e+01
9.766799999999864212e+01
9.766799999999864212e+01
9.766799999999864212e+01
9.778699999999864190e+01
9.778699999999864190e+01
9.693799999999866657e+01
9.611399999999868271e+01
9.508199999999870045e+01
9.508199999999870045e+01
9.508199999999868623e+01
9.556999999999867157e+01
9.556999999999867157e+01
9.472999999999869658e+01
9.472999999999869658e+01
9.472999999999869658e+01
9.472999999999869658e+01
9.353899999999873671e+01
9.353899999999873671e+01
9.267299999999873705e+01
9.267299999999872284e+01
9.267299999999873705e+01
9.267299999999872284e+01
9.267299999999873705e+01
9.267299999999872284e+01
9.267299999999873705e+01
9.267299999999872284e+01
9.267299999999873705e+01
9.267299999999872284e+01
9.267299999999872284e+01
9.267299999999872284e+01
9.267299999999872284e+01
9.267299999999872284e+01
9.267299999999872284e+01
9.267299999999872284e+01
9.267299999999872284e+01
9.267299999999872284e+01
9.267299999999872284e+01
9.267299999999872284e+01
9.267299999999872284e+01
9.267299999999872284e+01
9.349399999999870658e+01
9.349399999999870658e+01
9.432199999999869533e+01
9.432199999999869533e+01
9.432199999999869533e+01
9.439799999999868874e+01
9.439799999999868874e+01
9.439799999999868874e+01
9.439799999999868874e+01
9.439799999999868874e+01
9.439799999999870295e+01
9.439799999999868874e+01
9.607099999999867634e+01
9.607099999999867634e+01
9.710299999999865861e+01
9.710299999999864440e+01
9.710299999999865861e+01
9.710299999999864440e+01
9.710299999999865861e+01
9.710299999999864440e+01
9.794299999999864781e+01
9.794299999999864781e+01
9.794299999999864781e+01
9.794299999999864781e+01
9.874299999999863076e+01
9.913399999999859347e+01
9.913399999999859347e+01
9.999999999999859313e+01
9.999999999999859313e+01
9.999999999999859313e+01
9.999999999999859313e+01
9.999999999999859313e+01
9.999999999999859313e+01
9.999999999999859313e+01
9.999999999999859313e+01
9.999999999999859313e+01
9.999999999999859313e+01
9.999999999999859313e+01
9.999999999999859313e+01
9.999999999999859313e+01
9.999999999999859313e+01
9.999999999999859313e+01
9.999999999999859313e+01
9.999999999999859313e+01
9.999999999999859313e+01
9.999999999999859313e+01
9.999999999999859313e+01
9.999999999999859313e+01
9.999999999999859313e+01
9.999999999999859313e+01
9.999999999999859313e+01
9.999999999999859313e+01
9.999999999999859313e+01
9.999999999999859313e+01
9.999999999999859313e+01
9.999999999999859313e+01
9.999999999999859313e+01
9.999999999999859313e+01
9.999999999999859313e+01
9.999999999999859313e+01
9.999999999999859313e+01
9.999999999999859313e+01
9.999999999999859313e+01
9.999999999999859313e+01
9.999999999999859313e+01
9.999999999999859313e+01
9.999999999999859313e+01
9.999999999999859313e+01
9.999999999999859313e+01
9.999999999999859313e+01
9.999999999999859313e+01
9.999999999999859313e+01
9.999999999999859313e+01
9.999999999999859313e+01
9.999999999999859313e+01
9.999999999999859313e+01
9.999999999999859313e+01
9.999999999999859313e+01
9.999999999999859313e+01
9.999999999999859313e+01
9.999999999999859313e+01
9.999999999999859313e+01
9.999999999999859313e+01
9.999999999999859313e+01
9.999999999999859313e+01
9.999999999999859313e+01
9.999999999999859313e+01
9.999999999999859313e+01
9.999999999999859313e+01
9.999999999999859313e+01
9.999999999999859313e+01
9.999999999999859313e+01
9.999999999999859313e+01
9.999999999999859313e+01
9.999999999999859313e+01
9.999999999999859313e+01
9.999999999999859313e+01
9.999999999999859313e+01
9.999999999999859313e+01
9.999999999999859313e+01
9.999999999999859313e+01
9.999999999999859313e+01
9.999999999999859313e+01
9.999999999999859313e+01
9.999999999999859313e+01
9.999999999999859313e+01
9.999999999999859313e+01
9.999999999999859313e+01
9.999999999999859313e+01
9.999999999999859313e+01
9.999999999999859313e+01
9.999999999999859313e+01
9.999999999999859313e+01
9.999999999999859313e+01
9.999999999999859313e+01
9.999999999999859313e+01
9.919399999999860995e+01
9.919399999999860995e+01
9.905599999999861893e+01
9.905599999999861893e+01
9.905599999999861893e+01
9.905599999999860472e+01
9.905599999999860472e+01
9.905599999999860472e+01
9.905599999999860472e+01
9.825799999999863132e+01
9.825799999999863132e+01
9.825799999999863132e+01
9.825799999999863132e+01
9.759299999999865349e+01
9.759299999999865349e+01
9.759299999999865349e+01
9.759299999999865349e+01
9.759299999999865349e+01
9.700999999999866930e+01
9.700999999999866930e+01
9.700999999999866930e+01
9.700999999999866930e+01
9.700999999999866930e+01
9.700999999999866930e+01
9.700999999999866930e+01
9.700999999999866930e+01
9.700999999999866930e+01
9.700999999999866930e+01
9.700999999999866930e+01
9.602499999999868407e+01
9.602499999999866986e+01
9.602499999999868407e+01
9.602499999999868407e+01
9.602499999999868407e+01
9.602499999999868407e+01
9.602499999999868407e+01
9.602499999999868407e+01
9.602499999999868407e+01
9.602499999999868407e+01
9.602499999999868407e+01
9.602499999999868407e+01
9.602499999999868407e+01
9.602499999999868407e+01
9.602499999999868407e+01
9.602499999999868407e+01
9.602499999999868407e+01
9.602499999999868407e+01
9.683099999999868146e+01
9.683099999999868146e+01
9.639199999999870272e+01
9.639199999999870272e+01
9.639199999999866009e+01
9.546399999999870545e+01
9.546399999999870545e+01
9.546399999999869124e+01
9.546399999999870545e+01
9.626199999999866463e+01
9.626199999999866463e+01
9.545499999999867669e+01
9.545499999999869090e+01
9.611999999999869715e+01
9.611999999999869715e+01
9.611999999999869715e+01
9.611999999999869715e+01
9.611999999999869715e+01
9.670299999999866714e+01
9.670299999999866714e+01
9.670299999999866714e+01
9.670299999999866714e+01
9.670299999999866714e+01
9.670299999999866714e+01
9.670299999999866714e+01
9.670299999999866714e+01
9.670299999999866714e+01
9.670299999999866714e+01
9.670299999999865292e+01
9.670299999999866714e+01
9.768799999999865236e+01
9.768799999999865236e+01
9.768799999999865236e+01
9.768799999999865236e+01
9.768799999999865236e+01
9.768799999999865236e+01
9.768799999999865236e+01
9.768799999999865236e+01
9.768799999999865236e+01
9.768799999999865236e+01
9.768799999999865236e+01
9.768799999999865236e+01
9.768799999999865236e+01
9.768799999999865236e+01
9.768799999999865236e+01
9.768799999999865236e+01
9.768799999999865236e+01
9.768799999999865236e+01
9.768799999999865236e+01
9.768799999999865236e+01
9.826499999999863633e+01
9.826499999999862212e+01
9.826499999999863633e+01
9.919299999999860518e+01
9.919299999999860518e+01
9.919299999999860518e+01
9.919299999999860518e+01
9.919299999999860518e+01
9.919299999999860518e+01
9.919299999999860518e+01
9.999999999999859313e+01
9.999999999999859313e+01
9.999999999999859313e+01
9.999999999999859313e+01
9.999999999999859313e+01
9.964799999999863189e+01
9.964799999999863189e+01
9.964799999999860347e+01
9.964799999999860347e+01
9.964799999999860347e+01
9.964799999999860347e+01
9.964799999999860347e+01
9.964799999999860347e+01
9.964799999999860347e+01
9.964799999999860347e+01
9.901699999999863167e+01
9.901699999999863167e+01
9.901699999999864588e+01
9.901699999999864588e+01
9.901699999999864588e+01
9.901699999999864588e+01
9.901699999999864588e+01
9.901699999999864588e+01
9.901699999999864588e+01
9.901699999999864588e+01
9.901699999999863167e+01
9.901699999999863167e+01
9.901699999999863167e+01
9.901699999999863167e+01
9.901699999999863167e+01
9.901699999999863167e+01
9.901699999999863167e+01
9.901699999999863167e+01
9.901699999999863167e+01
9.901699999999863167e+01
9.901699999999863167e+01
9.901699999999863167e+01
9.901699999999863167e+01
9.901699999999863167e+01
9.901699999999863167e+01
9.901699999999863167e+01
9.901699999999863167e+01
9.901699999999863167e+01
9.901699999999863167e+01
9.901699999999864588e+01
9.901699999999864588e+01
9.805099999999865190e+01
9.805099999999865190e+01
9.805099999999865190e+01
9.805099999999865190e+01
9.805099999999865190e+01
9.805099999999865190e+01
9.805099999999863769e+01
9.840299999999862735e+01
9.840299999999862735e+01
9.840299999999861313e+01
9.840299999999861313e+01
9.840299999999861313e+01
9.840299999999861313e+01
9.840299999999861313e+01
9.840299999999861313e+01
9.840299999999861313e+01
9.840299999999861313e+01
9.903399999999859915e+01
9.903399999999859915e+01
9.903399999999859915e+01
9.903399999999859915e+01
9.903399999999859915e+01
9.903399999999859915e+01
9.903399999999859915e+01
9.903399999999859915e+01
9.903399999999859915e+01
9.903399999999859915e+01
9.903399999999859915e+01
9.903399999999859915e+01
9.903399999999859915e+01
9.903399999999859915e+01
9.827399999999860825e+01
9.827399999999860825e+01
9.827399999999863667e+01
9.827399999999863667e+01
9.774599999999865929e+01
9.774599999999865929e+01
9.774599999999864508e+01
9.774599999999864508e+01
9.774599999999864508e+01
9.774599999999864508e+01
9.774599999999864508e+01
9.774599999999864508e+01
9.716699999999866577e+01
9.716699999999866577e+01
9.716699999999866577e+01
9.716699999999866577e+01
9.716699999999866577e+01
9.813299999999864554e+01
9.813299999999864554e+01
9.813299999999864554e+01
9.813299999999864554e+01
9.813299999999864554e+01
9.813299999999864554e+01
9.813299999999864554e+01
9.813299999999864554e+01
9.813299999999864554e+01
9.813299999999864554e+01
9.813299999999864554e+01
9.813299999999864554e+01
9.813299999999864554e+01
9.813299999999864554e+01
9.813299999999864554e+01
9.813299999999864554e+01
9.813299999999864554e+01
9.813299999999864554e+01
9.813299999999864554e+01
9.813299999999864554e+01
9.813299999999864554e+01
9.813299999999864554e+01
9.813299999999864554e+01
9.813299999999864554e+01
9.757699999999866236e+01
9.757699999999866236e+01
9.757699999999866236e+01
9.757699999999866236e+01
9.757699999999866236e+01
9.757699999999866236e+01
9.757699999999866236e+01
9.833699999999863905e+01
9.833699999999866748e+01
9.833699999999866748e+01
9.833699999999866748e+01
9.848799999999866372e+01
9.848799999999866372e+01
9.762799999999866429e+01
9.762799999999867850e+01
9.762799999999866429e+01
9.680399999999870886e+01
9.680399999999868044e+01
9.738299999999865975e+01
9.738299999999865975e+01
9.738299999999865975e+01
9.738299999999865975e+01
9.738299999999865975e+01
9.738299999999865975e+01
9.738299999999865975e+01
9.738299999999865975e+01
9.738299999999865975e+01
9.738299999999865975e+01
9.738299999999865975e+01
9.738299999999865975e+01
9.738299999999865975e+01
9.738299999999865975e+01
9.738299999999865975e+01
9.738299999999865975e+01
9.738299999999865975e+01
9.738299999999865975e+01
9.738299999999865975e+01
9.738299999999865975e+01
9.738299999999865975e+01
9.738299999999865975e+01
9.738299999999865975e+01
9.738299999999865975e+01
9.738299999999865975e+01
9.738299999999865975e+01
9.738299999999865975e+01
9.738299999999865975e+01
9.738299999999865975e+01
9.738299999999865975e+01
9.793899999999865713e+01
9.793899999999865713e+01
9.793899999999865713e+01
9.793899999999865713e+01
9.793899999999865713e+01
9.793899999999865713e+01
9.793899999999865713e+01
9.793899999999865713e+01
9.793899999999865713e+01
9.793899999999865713e+01
9.793899999999865713e+01
9.831599999999862405e+01
9.831599999999863826e+01
9.831599999999862405e+01
9.917599999999860927e+01
9.917599999999860927e+01
9.917599999999860927e+01
9.999999999999859313e+01
9.999999999999859313e+01
9.999999999999859313e+01
9.999999999999859313e+01
9.999999999999859313e+01
9.999999999999859313e+01
9.999999999999859313e+01
9.999999999999859313e+01
9.999999999999859313e+01
9.999999999999859313e+01
9.999999999999859313e+01
9.999999999999859313e+01
9.999999999999859313e+01
9.999999999999859313e+01
9.999999999999859313e+01
9.999999999999859313e+01
9.999999999999859313e+01
9.999999999999859313e+01
9.999999999999859313e+01
9.999999999999859313e+01
9.999999999999859313e+01
9.999999999999859313e+01
9.999999999999859313e+01
9.999999999999859313e+01
9.999999999999859313e+01
9.999999999999859313e+01
9.999999999999859313e+01
9.999999999999859313e+01
9.999999999999859313e+01
9.999999999999859313e+01
9.999999999999859313e+01
9.999999999999859313e+01
9.999999999999859313e+01
9.999999999999859313e+01
9.999999999999859313e+01
9.999999999999859313e+01
9.999999999999859313e+01
9.999999999999859313e+01
9.999999999999859313e+01
9.999999999999859313e+01
9.999999999999859313e+01
9.999999999999859313e+01
9.999999999999859313e+01
9.999999999999859313e+01
9.999999999999859313e+01
9.999999999999859313e+01
9.999999999999859313e+01
9.999999999999859313e+01
9.999999999999859313e+01
9.999999999999859313e+01
9.999999999999859313e+01
9.999999999999859313e+01
9.999999999999859313e+01
9.999999999999859313e+01
9.999999999999859313e+01
9.999999999999859313e+01
9.999999999999859313e+01
9.999999999999859313e+01
9.999999999999859313e+01
9.999999999999859313e+01
9.999999999999859313e+01
9.999999999999859313e+01
9.999999999999859313e+01
9.999999999999859313e+01
9.999999999999859313e+01
9.999999999999859313e+01
9.999999999999859313e+01
9.999999999999859313e+01
9.999999999999859313e+01
9.999999999999859313e+01
9.999999999999859313e+01
9.999999999999859313e+01
9.999999999999859313e+01
9.999999999999859313e+01
9.999999999999859313e+01
9.999999999999859313e+01
9.999999999999859313e+01
9.999999999999859313e+01
9.999999999999859313e+01
9.999999999999859313e+01
9.999999999999859313e+01
9.999999999999859313e+01
9.999999999999859313e+01
9.999999999999859313e+01
9.999999999999859313e+01
9.999999999999859313e+01
9.999999999999859313e+01
9.999999999999859313e+01
9.999999999999859313e+01
9.999999999999859313e+01
9.999999999999859313e+01
9.999999999999859313e+01
9.999999999999859313e+01
9.999999999999859313e+01
9.999999999999859313e+01
9.999999999999859313e+01
9.999999999999859313e+01
9.999999999999859313e+01
9.999999999999859313e+01
