7.479999999999997762e-01
9.070000000000000284e-01
1.272000000000000020e+00
2.371999999999999442e+00
3.602999999999997982e+00
4.783999999999995367e+00
6.304999999999993499e+00
7.674999999999990941e+00
9.041999999999994486e+00
1.086099999999999888e+01
1.287799999999998590e+01
1.484699999999995867e+01
1.673699999999993082e+01
1.865099999999990388e+01
2.030999999999988503e+01
2.221199999999985764e+01
2.410999999999983245e+01
2.596899999999980224e+01
2.785799999999977317e+01
2.971599999999974528e+01
3.160399999999971499e+01
3.352299999999969060e+01
3.544699999999966167e+01
3.730699999999963268e+01
3.919399999999959761e+01
4.090299999999957237e+01
4.363399999999952428e+01
4.554399999999948534e+01
4.740699999999946357e+01
4.927599999999944203e+01
5.114599999999940394e+01
5.305099999999938376e+01
5.485099999999934539e+01
5.654799999999931970e+01
5.836799999999929867e+01
6.018799999999926342e+01
6.192799999999924410e+01
6.373999999999922039e+01
6.559499999999918884e+01
6.737599999999916633e+01
6.923799999999913268e+01
7.097999999999910870e+01
7.266899999999907322e+01
7.438799999999905310e+01
7.644099999999903616e+01
7.816899999999900217e+01
8.004399999999897375e+01
8.190499999999894953e+01
8.375999999999892509e+01
8.539599999999889235e+01
8.704599999999885540e+01
8.873799999999883426e+01
9.024699999999880617e+01
9.192299999999877969e+01
9.358199999999872887e+01
9.553699999999869874e+01
9.705799999999868533e+01
9.829999999999864713e+01
9.917199999999861859e+01
9.917199999999861859e+01
9.904399999999863269e+01
9.904399999999863269e+01
9.924699999999862143e+01
9.924699999999862143e+01
9.924699999999862143e+01
9.924699999999862143e+01
9.924699999999862143e+01
9.924699999999862143e+01
9.924699999999862143e+01
9.924699999999862143e+01
9.924699999999862143e+01
9.924699999999862143e+01
9.836799999999864497e+01
9.836799999999864497e+01
9.836799999999864497e+01
9.836799999999863076e+01
9.836799999999864497e+01
9.836799999999864497e+01
9.836799999999864497e+01
9.741199999999865611e+01
9.741199999999864190e+01
9.741199999999865611e+01
9.741199999999864190e+01
9.741199999999865611e+01
9.741199999999864190e+01
9.741199999999864190e+01
9.741199999999864190e+01
9.741199999999864190e+01
9.741199999999864190e+01
9.741199999999864190e+01
9.696699999999866293e+01
9.696699999999866293e+01
9.759199999999864872e+01
9.759199999999866293e+01
9.759199999999864872e+01
9.759199999999866293e+01
9.759199999999864872e+01
9.759199999999866293e+01
9.759199999999864872e+01
9.759199999999866293e+01
9.759199999999864872e+01
9.759199999999866293e+01
9.759199999999864872e+01
9.759199999999866293e+01
9.759199999999864872e+01
9.759199999999866293e+01
9.759199999999864872e+01
9.759199999999866293e+01
9.771999999999863462e+01
9.771999999999864883e+01
9.769599999999866213e+01
9.769599999999866213e+01
9.769599999999863371e+01
9.769599999999863371e+01
9.755199999999864247e+01
9.755199999999864247e+01
9.755199999999865668e+01
9.692999999999867100e+01
9.692999999999868521e+01
9.780899999999864747e+01
9.780899999999866168e+01
9.780899999999864747e+01
9.780899999999866168e+01
9.780899999999864747e+01
9.780899999999866168e+01
9.780899999999864747e+01
9.780899999999866168e+01
9.780899999999864747e+01
9.876499999999865054e+01
9.876499999999863633e+01
9.876499999999865054e+01
9.876499999999863633e+01
9.876499999999865054e+01
9.876499999999863633e+01
9.876499999999865054e+01
9.876499999999865054e+01
9.876499999999865054e+01
9.876499999999865054e+01
9.876499999999865054e+01
9.920999999999861529e+01
9.920999999999862951e+01
9.920999999999861529e+01
9.920999999999862951e+01
9.920999999999861529e+01
9.920999999999862951e+01
9.920999999999861529e+01
9.740799999999867964e+01
9.740799999999870806e+01
9.740799999999867964e+01
9.660299999999870124e+01
9.660299999999868703e+01
9.660299999999868703e+01
9.660299999999868703e+01
9.660299999999868703e+01
9.660299999999868703e+01
9.660299999999868703e+01
9.660299999999868703e+01
9.660299999999868703e+01
9.662699999999867373e+01
9.662699999999867373e+01
9.662699999999867373e+01
9.677099999999867919e+01
9.677099999999867919e+01
9.677099999999867919e+01
9.739299999999866486e+01
9.739299999999865065e+01
9.739299999999866486e+01
9.739299999999865065e+01
9.739299999999866486e+01
9.739299999999865065e+01
9.739299999999866486e+01
9.739299999999865065e+01
9.739299999999866486e+01
9.739299999999865065e+01
9.739299999999866486e+01
9.739299999999866486e+01
9.739299999999866486e+01
9.739299999999866486e+01
9.739299999999866486e+01
9.739299999999866486e+01
9.739299999999866486e+01
9.739299999999866486e+01
9.739299999999866486e+01
9.739299999999865065e+01
9.739299999999865065e+01
9.739299999999866486e+01
9.739299999999865065e+01
9.739299999999866486e+01
9.739299999999865065e+01
9.739299999999866486e+01
9.739299999999865065e+01
9.739299999999866486e+01
9.739299999999865065e+01
9.771999999999864883e+01
9.914599999999860813e+01
9.919499999999861473e+01
9.919499999999861473e+01
9.919499999999861473e+01
9.999999999999859313e+01
9.999999999999859313e+01
9.999999999999859313e+01
9.999999999999859313e+01
9.999999999999859313e+01
9.999999999999859313e+01
9.999999999999859313e+01
9.999999999999859313e+01
9.999999999999859313e+01
9.999999999999859313e+01
9.999999999999859313e+01
9.999999999999859313e+01
9.999999999999859313e+01
9.999999999999859313e+01
9.999999999999859313e+01
9.999999999999859313e+01
9.999999999999859313e+01
9.999999999999859313e+01
9.999999999999859313e+01
9.999999999999859313e+01
9.999999999999859313e+01
9.999999999999859313e+01
9.999999999999859313e+01
9.999999999999859313e+01
9.999999999999859313e+01
9.999999999999859313e+01
9.999999999999859313e+01
9.999999999999859313e+01
9.999999999999859313e+01
9.999999999999859313e+01
9.999999999999859313e+01
9.999999999999859313e+01
9.999999999999859313e+01
9.999999999999859313e+01
9.999999999999859313e+01
9.999999999999859313e+01
9.999999999999859313e+01
9.999999999999859313e+01
9.999999999999859313e+01
9.999999999999859313e+01
9.999999999999859313e+01
9.999999999999859313e+01
9.999999999999859313e+01
9.999999999999859313e+01
9.999999999999859313e+01
9.999999999999859313e+01
9.970899999999861052e+01
9.970899999999861052e+01
9.970899999999863894e+01
9.970899999999863894e+01
9.918499999999865224e+01
9.918499999999865224e+01
9.918499999999862382e+01
9.785699999999866350e+01
9.785699999999866350e+01
9.785699999999866350e+01
9.785699999999866350e+01
9.785699999999866350e+01
9.785699999999866350e+01
9.785699999999866350e+01
9.785699999999866350e+01
9.785699999999866350e+01
9.785699999999866350e+01
9.785699999999866350e+01
9.785699999999866350e+01
9.785699999999866350e+01
9.785699999999866350e+01
9.785699999999866350e+01
9.785699999999866350e+01
9.785699999999866350e+01
9.785699999999866350e+01
9.785699999999866350e+01
9.697899999999869181e+01
9.697899999999869181e+01
9.697899999999866338e+01
9.697899999999866338e+01
9.697899999999866338e+01
9.697899999999866338e+01
9.697899999999866338e+01
9.661599999999869226e+01
9.661599999999869226e+01
9.661599999999870647e+01
9.661599999999869226e+01
9.661599999999870647e+01
9.588899999999870261e+01
9.588899999999871682e+01
9.588899999999870261e+01
9.588899999999871682e+01
9.588899999999871682e+01
9.588899999999870261e+01
9.588899999999871682e+01
9.588899999999870261e+01
9.588899999999871682e+01
9.617999999999868521e+01
9.617999999999868521e+01
9.617999999999868521e+01
9.617999999999868521e+01
9.670399999999867191e+01
9.670399999999868612e+01
9.670399999999867191e+01
9.758299999999866259e+01
9.803199999999866066e+01
9.803199999999864644e+01
9.803199999999866066e+01
9.803199999999864644e+01
9.803199999999866066e+01
9.803199999999864644e+01
9.803199999999866066e+01
9.803199999999864644e+01
9.803199999999864644e+01
9.803199999999866066e+01
9.803199999999864644e+01
9.803199999999866066e+01
9.803199999999864644e+01
9.803199999999866066e+01
9.803199999999864644e+01
9.803199999999866066e+01
9.803199999999864644e+01
9.803199999999866066e+01
9.803199999999864644e+01
9.890999999999863235e+01
9.890999999999863235e+01
9.890999999999863235e+01
9.890999999999863235e+01
9.890999999999863235e+01
9.890999999999863235e+01
9.890999999999863235e+01
9.927299999999860347e+01
9.927299999999860347e+01
9.927299999999860347e+01
9.927299999999860347e+01
9.927299999999860347e+01
9.999999999999859313e+01
9.999999999999859313e+01
9.999999999999859313e+01
9.999999999999859313e+01
9.999999999999859313e+01
9.999999999999859313e+01
9.999999999999859313e+01
9.999999999999859313e+01
9.999999999999859313e+01
9.999999999999859313e+01
9.999999999999859313e+01
9.999999999999859313e+01
9.999999999999859313e+01
9.999999999999859313e+01
9.999999999999859313e+01
9.999999999999859313e+01
9.999999999999859313e+01
9.999999999999859313e+01
9.999999999999859313e+01
9.999999999999859313e+01
9.999999999999859313e+01
9.999999999999859313e+01
9.999999999999859313e+01
9.999999999999859313e+01
9.999999999999859313e+01
9.999999999999859313e+01
9.999999999999859313e+01
9.999999999999859313e+01
9.999999999999859313e+01
9.999999999999859313e+01
9.999999999999859313e+01
9.999999999999859313e+01
9.999999999999859313e+01
9.999999999999859313e+01
9.999999999999859313e+01
9.999999999999859313e+01
9.999999999999859313e+01
9.999999999999859313e+01
9.999999999999859313e+01
9.999999999999859313e+01
9.999999999999859313e+01
9.999999999999859313e+01
9.999999999999859313e+01
9.999999999999859313e+01
9.910899999999861620e+01
9.910899999999861620e+01
9.910899999999860199e+01
9.910899999999860199e+01
9.910899999999860199e+01
9.910899999999860199e+01
9.910899999999860199e+01
9.910899999999860199e+01
9.910899999999860199e+01
9.910899999999860199e+01
9.910899999999860199e+01
9.910899999999860199e+01
9.910899999999860199e+01
9.910899999999860199e+01
9.877099999999862234e+01
9.877099999999862234e+01
9.877099999999862234e+01
9.877099999999862234e+01
9.877099999999862234e+01
9.877099999999862234e+01
9.877099999999862234e+01
9.877099999999862234e+01
9.877099999999862234e+01
9.877099999999862234e+01
9.877099999999862234e+01
9.877099999999862234e+01
9.877099999999862234e+01
9.877099999999862234e+01
9.877099999999862234e+01
9.877099999999862234e+01
9.877099999999862234e+01
9.877099999999862234e+01
9.877099999999862234e+01
9.877099999999863655e+01
9.877099999999862234e+01
9.877099999999863655e+01
9.832499999999863860e+01
9.832499999999865281e+01
9.832499999999865281e+01
9.832499999999865281e+01
9.832499999999865281e+01
9.832499999999865281e+01
9.832499999999865281e+01
9.832499999999865281e+01
9.832499999999865281e+01
9.832499999999865281e+01
9.832499999999865281e+01
9.832499999999865281e+01
9.766299999999868930e+01
9.855399999999866623e+01
9.855399999999865202e+01
9.855399999999866623e+01
9.855399999999865202e+01
9.855399999999866623e+01
9.855399999999865202e+01
9.855399999999866623e+01
9.855399999999865202e+01
9.855399999999866623e+01
9.855399999999865202e+01
9.855399999999866623e+01
9.855399999999865202e+01
9.855399999999866623e+01
9.855399999999865202e+01
9.889199999999864588e+01
9.889199999999863167e+01
9.794599999999863371e+01
9.794599999999866213e+01
9.794599999999863371e+01
9.720799999999867680e+01
9.720799999999866259e+01
9.646999999999867725e+01
9.622499999999868692e+01
9.622499999999868692e+01
9.622499999999868692e+01
9.622499999999868692e+01
9.622499999999868692e+01
9.622499999999868692e+01
9.622499999999868692e+01
9.622499999999868692e+01
9.622499999999868692e+01
9.622499999999868692e+01
9.622499999999868692e+01
9.622499999999868692e+01
9.667099999999867066e+01
9.667099999999867066e+01
9.667099999999867066e+01
9.667099999999867066e+01
9.667099999999867066e+01
9.667099999999867066e+01
9.667099999999867066e+01
9.667099999999867066e+01
9.667099999999867066e+01
9.667099999999867066e+01
9.667099999999867066e+01
9.667099999999867066e+01
9.667099999999867066e+01
9.733299999999864838e+01
9.733299999999864838e+01
9.733299999999864838e+01
9.733299999999864838e+01
9.733299999999864838e+01
9.733299999999864838e+01
9.733299999999864838e+01
9.733299999999864838e+01
9.733299999999864838e+01
9.733299999999864838e+01
9.733299999999864838e+01
9.733299999999864838e+01
9.733299999999864838e+01
9.733299999999864838e+01
9.733299999999864838e+01
9.733299999999864838e+01
9.733299999999864838e+01
9.827899999999864633e+01
9.827899999999863212e+01
9.827899999999864633e+01
9.901699999999863167e+01
9.901699999999863167e+01
9.901699999999863167e+01
9.975499999999861700e+01
9.999999999999859313e+01
9.999999999999859313e+01
9.999999999999859313e+01
9.999999999999859313e+01
9.999999999999859313e+01
9.999999999999859313e+01
9.999999999999859313e+01
9.999999999999859313e+01
9.999999999999859313e+01
9.999999999999859313e+01
9.984699999999860154e+01
9.984699999999860154e+01
9.984699999999860154e+01
9.984699999999860154e+01
9.984699999999860154e+01
9.984699999999860154e+01
9.984699999999860154e+01
9.984699999999860154e+01
9.984699999999860154e+01
9.984699999999860154e+01
9.984699999999860154e+01
9.984699999999860154e+01
9.984699999999860154e+01
9.984699999999860154e+01
9.984699999999860154e+01
9.984699999999860154e+01
9.984699999999860154e+01
9.984699999999860154e+01
9.984699999999860154e+01
9.984699999999860154e+01
9.984699999999860154e+01
9.984699999999860154e+01
9.984699999999860154e+01
9.984699999999860154e+01
9.984699999999860154e+01
9.984699999999860154e+01
9.984699999999860154e+01
9.984699999999860154e+01
9.984699999999860154e+01
9.984699999999860154e+01
9.984699999999860154e+01
9.984699999999860154e+01
9.984699999999860154e+01
9.984699999999860154e+01
9.984699999999860154e+01
9.984699999999860154e+01
9.984699999999860154e+01
9.984699999999860154e+01
9.984699999999860154e+01
9.984699999999860154e+01
9.984699999999860154e+01
9.984699999999860154e+01
9.984699999999860154e+01
9.984699999999860154e+01
9.984699999999860154e+01
9.984699999999860154e+01
9.984699999999860154e+01
9.984699999999860154e+01
9.984699999999860154e+01
9.999999999999859313e+01
9.999999999999859313e+01
9.999999999999859313e+01
9.999999999999859313e+01
9.999999999999859313e+01
9.999999999999859313e+01
9.999999999999859313e+01
9.999999999999859313e+01
9.999999999999859313e+01
9.999999999999859313e+01
9.999999999999859313e+01
9.999999999999859313e+01
9.999999999999859313e+01
9.999999999999859313e+01
9.999999999999859313e+01
9.999999999999859313e+01
9.999999999999859313e+01
9.999999999999859313e+01
9.999999999999859313e+01
9.999999999999859313e+01
9.999999999999859313e+01
9.999999999999859313e+01
9.999999999999859313e+01
9.999999999999859313e+01
9.999999999999859313e+01
9.999999999999859313e+01
9.999999999999859313e+01
9.999999999999859313e+01
9.999999999999859313e+01
9.999999999999859313e+01
9.999999999999859313e+01
9.999999999999859313e+01
9.999999999999859313e+01
9.999999999999859313e+01
9.999999999999859313e+01
9.999999999999859313e+01
9.999999999999859313e+01
9.999999999999859313e+01
9.999999999999859313e+01
9.999999999999859313e+01
9.999999999999859313e+01
9.999999999999859313e+01
9.999999999999859313e+01
9.999999999999859313e+01
9.999999999999859313e+01
9.999999999999859313e+01
9.999999999999859313e+01
9.999999999999859313e+01
9.999999999999859313e+01
9.999999999999859313e+01
9.999999999999859313e+01
9.999999999999859313e+01
9.999999999999859313e+01
9.999999999999859313e+01
9.999999999999859313e+01
9.999999999999859313e+01
9.999499999999859767e+01
9.999499999999859767e+01
9.999499999999859767e+01
9.999499999999859767e+01
9.999499999999859767e+01
9.999499999999859767e+01
9.999499999999859767e+01
9.999499999999859767e+01
9.999499999999859767e+01
9.999499999999859767e+01
9.999499999999859767e+01
9.999499999999859767e+01
9.999499999999859767e+01
9.999499999999859767e+01
9.999499999999859767e+01
9.999499999999859767e+01
9.999499999999859767e+01
9.999499999999859767e+01
9.999499999999859767e+01
9.999499999999859767e+01
9.999499999999859767e+01
9.893399999999863326e+01
9.893399999999861905e+01
9.893399999999863326e+01
9.893399999999861905e+01
9.893399999999863326e+01
9.893399999999861905e+01
9.893399999999863326e+01
9.893399999999861905e+01
9.893399999999863326e+01
9.893399999999861905e+01
9.893399999999863326e+01
9.818299999999864269e+01
9.818299999999862848e+01
9.818299999999864269e+01
9.818299999999862848e+01
9.818299999999864269e+01
9.818299999999862848e+01
9.723199999999866350e+01
9.723199999999864929e+01
9.723199999999866350e+01
9.723199999999864929e+01
9.723199999999866350e+01
9.723199999999864929e+01
9.723199999999864929e+01
9.723199999999864929e+01
9.723199999999864929e+01
9.723199999999864929e+01
9.723699999999864474e+01
9.723699999999864474e+01
9.723699999999864474e+01
9.723699999999864474e+01
9.663499999999866930e+01
9.663499999999868351e+01
9.663499999999865508e+01
9.663499999999866930e+01
9.663499999999865508e+01
9.663499999999866930e+01
9.663499999999865508e+01
9.663499999999866930e+01
9.663499999999865508e+01
9.663499999999866930e+01
9.606999999999867157e+01
9.606999999999867157e+01
9.606999999999868578e+01
9.606999999999868578e+01
9.606999999999868578e+01
9.606999999999868578e+01
9.627099999999867919e+01
9.713099999999866441e+01
9.713099999999866441e+01
9.713099999999866441e+01
9.713099999999866441e+01
9.713099999999863599e+01
9.713099999999866441e+01
9.713099999999863599e+01
9.713099999999866441e+01
9.713099999999863599e+01
9.713099999999866441e+01
9.788199999999862655e+01
9.788199999999864076e+01
9.632299999999868589e+01
9.561099999999872523e+01
9.561099999999872523e+01
9.561099999999871102e+01
9.561099999999871102e+01
9.656199999999870442e+01
9.656199999999870442e+01
9.656199999999870442e+01
9.656199999999870442e+01
9.656199999999870442e+01
9.656199999999870442e+01
9.656199999999870442e+01
9.578299999999872227e+01
9.578299999999872227e+01
9.578299999999870806e+01
9.578299999999872227e+01
9.578299999999870806e+01
9.578299999999872227e+01
9.638499999999868351e+01
9.638499999999868351e+01
9.638499999999868351e+01
9.638499999999868351e+01
9.597899999999872023e+01
9.597899999999872023e+01
9.597899999999870602e+01
9.597899999999870602e+01
9.597899999999870602e+01
9.597899999999870602e+01
9.654399999999870374e+01
9.654399999999870374e+01
9.654399999999870374e+01
9.654399999999870374e+01
9.654399999999870374e+01
9.654399999999870374e+01
9.654399999999870374e+01
9.654399999999870374e+01
9.654399999999870374e+01
9.654399999999870374e+01
9.654399999999870374e+01
9.654399999999870374e+01
9.654399999999870374e+01
9.654399999999870374e+01
9.654399999999870374e+01
9.654399999999870374e+01
9.654399999999870374e+01
9.654399999999870374e+01
9.654399999999870374e+01
9.716399999999867987e+01
9.810299999999868703e+01
9.881499999999863348e+01
9.881499999999863348e+01
9.807699999999866236e+01
9.807699999999864815e+01
9.807699999999864815e+01
9.807699999999864815e+01
9.807699999999864815e+01
9.807699999999864815e+01
9.807699999999864815e+01
9.807699999999864815e+01
9.807699999999864815e+01
9.885599999999864451e+01
9.810899999999864463e+01
9.810899999999864463e+01
9.810899999999864463e+01
9.810899999999864463e+01
9.810899999999864463e+01
9.810899999999864463e+01
9.810899999999864463e+01
9.810899999999864463e+01
9.810899999999864463e+01
9.851499999999863633e+01
9.851499999999863633e+01
9.851499999999863633e+01
9.833599999999866270e+01
9.826599999999864110e+01
9.826599999999864110e+01
9.826599999999864110e+01
9.826599999999864110e+01
9.826599999999864110e+01
9.826599999999864110e+01
9.826599999999864110e+01
9.826599999999864110e+01
9.826599999999864110e+01
9.826599999999864110e+01
9.826599999999864110e+01
9.826599999999864110e+01
9.826599999999864110e+01
9.826599999999864110e+01
9.826599999999864110e+01
9.826599999999864110e+01
9.826599999999864110e+01
9.826599999999864110e+01
9.826599999999864110e+01
9.826599999999864110e+01
9.826599999999864110e+01
9.826599999999864110e+01
9.826599999999864110e+01
9.826599999999864110e+01
9.826599999999864110e+01
9.826599999999864110e+01
9.900399999999862644e+01
9.900399999999862644e+01
9.900399999999862644e+01
9.900399999999862644e+01
9.900399999999862644e+01
9.900399999999862644e+01
9.900399999999862644e+01
9.900399999999862644e+01
9.900399999999862644e+01
9.900399999999862644e+01
9.975099999999859790e+01
9.975099999999859790e+01
9.975099999999862632e+01
9.975099999999859790e+01
9.975099999999862632e+01
9.975099999999859790e+01
9.975099999999862632e+01
9.975099999999859790e+01
9.975099999999862632e+01
9.975099999999859790e+01
9.975099999999862632e+01
9.975099999999859790e+01
9.992999999999861416e+01
9.999999999999859313e+01
9.999999999999859313e+01
9.999999999999859313e+01
9.999999999999859313e+01
9.999999999999859313e+01
9.999999999999859313e+01
9.999999999999859313e+01
9.999999999999859313e+01
9.999999999999859313e+01
9.999999999999859313e+01
9.999999999999859313e+01
9.999999999999859313e+01
9.999999999999859313e+01
9.999999999999859313e+01
9.999999999999859313e+01
9.999999999999859313e+01
9.999999999999859313e+01
9.999999999999859313e+01
9.999999999999859313e+01
9.999999999999859313e+01
9.999999999999859313e+01
9.999999999999859313e+01
9.999999999999859313e+01
9.999999999999859313e+01
9.999999999999859313e+01
9.999999999999859313e+01
9.999999999999859313e+01
9.999999999999859313e+01
9.999999999999859313e+01
9.999999999999859313e+01
9.999999999999859313e+01
9.999999999999859313e+01
9.999999999999859313e+01
9.999999999999859313e+01
9.999999999999859313e+01
9.999999999999859313e+01
9.999999999999859313e+01
9.999999999999859313e+01
9.999999999999859313e+01
9.999999999999859313e+01
9.999999999999859313e+01
9.999999999999859313e+01
9.999999999999859313e+01
9.999999999999859313e+01
9.999999999999859313e+01
9.999999999999859313e+01
9.999999999999859313e+01
9.999999999999859313e+01
9.999999999999859313e+01
9.999999999999859313e+01
9.999999999999859313e+01
9.999999999999859313e+01
9.999999999999859313e+01
9.999999999999859313e+01
9.999999999999859313e+01
9.999999999999859313e+01
9.999999999999859313e+01
9.999999999999859313e+01
9.999999999999859313e+01
9.999999999999859313e+01
9.999999999999859313e+01
9.999999999999859313e+01
9.999999999999859313e+01
9.999999999999859313e+01
9.999999999999859313e+01
9.999999999999859313e+01
9.999999999999859313e+01
9.999999999999859313e+01
9.999999999999859313e+01
9.999999999999859313e+01
9.999999999999859313e+01
9.999999999999859313e+01
9.999999999999859313e+01
9.999999999999859313e+01
9.999999999999859313e+01
9.999999999999859313e+01
9.999999999999859313e+01
9.999999999999859313e+01
9.999999999999859313e+01
9.999999999999859313e+01
9.999999999999859313e+01
9.999999999999859313e+01
9.999999999999859313e+01
9.999999999999859313e+01
9.999999999999859313e+01
9.999999999999859313e+01
9.999999999999859313e+01
9.999999999999859313e+01
9.999999999999859313e+01
9.999999999999859313e+01
9.999999999999859313e+01
9.999999999999859313e+01
9.999999999999859313e+01
9.999999999999859313e+01
9.999999999999859313e+01
9.999999999999859313e+01
9.999999999999859313e+01
9.999999999999859313e+01
9.999999999999859313e+01
9.999999999999859313e+01
9.999999999999859313e+01
9.999999999999859313e+01
9.999999999999859313e+01
9.999999999999859313e+01
9.999999999999859313e+01
9.999999999999859313e+01
9.999999999999859313e+01
9.999999999999859313e+01
9.999999999999859313e+01
9.999999999999859313e+01
9.999999999999859313e+01
9.999999999999859313e+01
9.999999999999859313e+01
9.999999999999859313e+01
9.999999999999859313e+01
9.999999999999859313e+01
9.999999999999859313e+01
9.999999999999859313e+01
9.999999999999859313e+01
9.999999999999859313e+01
9.999999999999859313e+01
9.999999999999859313e+01
9.999999999999859313e+01
9.999999999999859313e+01
9.999999999999859313e+01
9.999999999999859313e+01
9.999999999999859313e+01
9.999999999999859313e+01
9.999999999999859313e+01
9.999999999999859313e+01
9.999999999999859313e+01
9.999999999999859313e+01
9.999999999999859313e+01
9.999999999999859313e+01
9.999999999999859313e+01
9.999999999999859313e+01
9.999999999999859313e+01
9.999999999999859313e+01
9.999999999999859313e+01
9.999999999999859313e+01
9.999999999999859313e+01
9.999999999999859313e+01
9.999999999999859313e+01
9.999999999999859313e+01
9.999999999999859313e+01
9.999999999999859313e+01
9.999999999999859313e+01
9.999999999999859313e+01
9.999999999999859313e+01
9.999999999999859313e+01
9.999999999999859313e+01
9.999999999999859313e+01
9.999999999999859313e+01
9.929199999999862314e+01
9.929199999999862314e+01
9.929199999999862314e+01
9.929199999999862314e+01
9.929199999999862314e+01
9.929199999999862314e+01
9.929199999999862314e+01
9.929199999999862314e+01
9.929199999999862314e+01
9.929199999999862314e+01
9.929199999999862314e+01
