1.556081968084454559e+01
4.027614020354323365e+00
8.157834540477708174e+00
1.247145184199572476e+01
1.386680015925474763e+01
1.527728949647664614e+01
1.609417638904416847e+01
1.728812094488542783e+01
1.834143229234557282e+01
1.922161551697277915e+01
2.040426047841036805e+01
2.194402879596434630e+01
2.280278526459991539e+01
2.343968283453751411e+01
2.400823799605139897e+01
2.449592045079451452e+01
2.497600960964054551e+01
2.531683633014396406e+01
2.540158856138799237e+01
2.577996241487422679e+01
2.647419011072095785e+01
2.678418853777196418e+01
2.705376014160984965e+01
2.730342866399256607e+01
2.765029494951927447e+01
2.802889436105980181e+01
2.833584189994746083e+01
2.858840365309562159e+01
2.875631321868057810e+01
2.900149730720163177e+01
2.903491887860913678e+01
2.923792702697461365e+01
2.947447224807710242e+01
2.967065013528461748e+01
2.984729112629866776e+01
3.002519430887000951e+01
3.023215868833009168e+01
3.039727114110388229e+01
3.049931397007604517e+01
3.058601300577554127e+01
3.054807045505123142e+01
3.062245685506285398e+01
3.076811157289666099e+01
3.085609625028870795e+01
3.095650646972041997e+01
3.106692153605223439e+01
3.110164642802702062e+01
3.120633279545806005e+01
3.132088810627114128e+01
3.177095239851162489e+01
3.262805024512432794e+01
3.296204010102310633e+01
3.306039223808980410e+01
3.332342050903804420e+01
3.352248492898825560e+01
3.376673632869937336e+01
3.396850554364327479e+01
3.407282869200255249e+01
3.418936913443758385e+01
3.424148710867735446e+01
3.414253341347993143e+01
3.423861777677632290e+01
3.424518173516213437e+01
3.435798781880448161e+01
3.445868407296381264e+01
3.456393310154474108e+01
3.473229276893327722e+01
3.489540919243931683e+01
3.489991571476550547e+01
3.495853233906204593e+01
3.505878468713531504e+01
3.510811677231269812e+01
3.515706400467008308e+01
3.513837024273320964e+01
3.507963909179944295e+01
3.513553516777457730e+01
3.511503201801811258e+01
3.517287593082048147e+01
3.516820284317657297e+01
3.528396833180397607e+01
3.521171308487890883e+01
3.507413909891182868e+01
3.504182560201789443e+01
3.503890327012351236e+01
3.502390800135064808e+01
3.503879878514254642e+01
3.502196490582932853e+01
3.511581718814725406e+01
3.526364640220457147e+01
3.540003700593447888e+01
3.552304412648786069e+01
3.550699360888441447e+01
3.557688891596367142e+01
3.559100807983794112e+01
3.561699290445234567e+01
3.571349714587724833e+01
3.581494709988020730e+01
3.585649344002781902e+01
3.590034073109506352e+01
3.594687509258565683e+01
3.603080253432173663e+01
3.606261878813226218e+01
3.624928367068598334e+01
3.637242009285269972e+01
3.654249952864925888e+01
3.660295115328784732e+01
3.661693999930560750e+01
3.657779647957993063e+01
3.659924823736699295e+01
3.664119282749960149e+01
3.668319156533671332e+01
3.668906705569755644e+01
3.670807172315536349e+01
3.677978438146559625e+01
3.679665056053105587e+01
3.680631525097354029e+01
3.677433205841700214e+01
3.681815829904434167e+01
3.679234061119069565e+01
3.672852541166397344e+01
3.656766174518785562e+01
3.656713642577106071e+01
3.651937896971203656e+01
3.654195385282795172e+01
3.657002908956629028e+01
3.655759051994061082e+01
3.660854188386905861e+01
3.665151594664407497e+01
3.678345499493352833e+01
3.677308902542249314e+01
3.693508100529555804e+01
3.700831199722756537e+01
3.706006371083294937e+01
3.706556204942225463e+01
3.707897434885678933e+01
3.711520477179485766e+01
3.714155435588241261e+01
3.712133971797602783e+01
3.708453136069601186e+01
3.710096567750348129e+01
3.713572218688506155e+01
3.713513738626334515e+01
3.719153341541978364e+01
3.717957180413418428e+01
3.721298849040206846e+01
3.712713148048081280e+01
3.712184633220967100e+01
3.711846835757799568e+01
3.713010877408027000e+01
3.713922389732987739e+01
3.728680006604633235e+01
3.729046376483316294e+01
3.724208954393047577e+01
3.716232561707484194e+01
3.723048433879414176e+01
3.737764707108556905e+01
3.752525788489032266e+01
3.762085305459529394e+01
3.766593148563016058e+01
3.775937596763898085e+01
3.781957479045270532e+01
3.783255934720887836e+01
3.781617453987466604e+01
3.785086846252596615e+01
3.784280241308927373e+01
3.790164653091636637e+01
3.800009857612072750e+01
3.812482503774979392e+01
3.823293962445998773e+01
3.856361793084848699e+01
3.862503420053798919e+01
3.881978315820415304e+01
3.888125414518128764e+01
3.893669071374754509e+01
3.905565730928978496e+01
3.913967754055424564e+01
3.918523993326726895e+01
3.930005572458773599e+01
3.937237944430390257e+01
3.947363127356707224e+01
3.952040643771203321e+01
3.959428836939886054e+01
3.972982530004659907e+01
3.978723191773920576e+01
3.990677491706998126e+01
4.006019801911880762e+01
4.014992596729032925e+01
4.035401087835380451e+01
4.042967013924147324e+01
4.058538918784958582e+01
4.068358080431666934e+01
4.079923888614771954e+01
4.093838629399099460e+01
4.106981977172073073e+01
4.114166504602975749e+01
4.123908335742619613e+01
4.134957638337407104e+01
4.147806822255587633e+01
4.160561916867854393e+01
4.172172915545950644e+01
4.174882877374410839e+01
4.177882123518714508e+01
4.185028291085686902e+01
4.188437422568974711e+01
4.194994376252076052e+01
4.203143289837212393e+01
4.214025811059360649e+01
4.221078358776715334e+01
4.234900659170337178e+01
4.245181685423526119e+01
4.255801702262448316e+01
4.261913202890857377e+01
4.273080309513625963e+01
4.280166571353382921e+01
4.283701308913104100e+01
4.299508760341642954e+01
4.305806186592619866e+01
4.310608316626016290e+01
4.314698722176523660e+01
4.320416937329303408e+01
4.323587890233410036e+01
4.332079365253829906e+01
4.338455711309512708e+01
4.346101415378410593e+01
4.349088222094612632e+01
4.356044841796872191e+01
4.360628720902897015e+01
4.366089796117503141e+01
4.375483148443336745e+01
4.383374189303231816e+01
4.391454361877393353e+01
4.399576786956775010e+01
4.405195038326446877e+01
4.406033865620188550e+01
4.406282387899369724e+01
4.407493402400250204e+01
4.409548940358963875e+01
4.412110452326345467e+01
4.415520911281207361e+01
4.424573284629260428e+01
4.430123535610329100e+01
4.434189877116769907e+01
4.436275050105862761e+01
4.447416776969873098e+01
4.448600801535547333e+01
4.456111586013080483e+01
4.458630130709630635e+01
4.459935741069070758e+01
4.465795846377039879e+01
4.479877811196190152e+01
4.489198055332111892e+01
4.497610608241827634e+01
4.501176364194045476e+01
4.500021208857544508e+01
4.505572309250449337e+01
4.500793073652178578e+01
4.503605489020520736e+01
4.500484015407784710e+01
4.500524949258401364e+01
4.500331605945316227e+01
4.499859165819746210e+01
4.497856192325901503e+01
4.496256246227175524e+01
4.496547220466716510e+01
4.490806521858861800e+01
4.492651706813867207e+01
4.490434948724600872e+01
4.491019649889219068e+01
4.498867802504640423e+01
4.501133564608907278e+01
4.503786725001580749e+01
4.508812508811934094e+01
4.512349181570829160e+01
4.510550763411426800e+01
4.509529706242303604e+01
4.508380825199807873e+01
4.509134089751079699e+01
4.507053341332146346e+01
4.505424100594012060e+01
4.505016343268181345e+01
4.501087625296397476e+01
4.497512834058530018e+01
4.494827160578905989e+01
4.494103103178803593e+01
4.496710896911579880e+01
4.501803002220243854e+01
4.503297575144092946e+01
4.500409017745235474e+01
4.498655905484889672e+01
4.497115604515614251e+01
4.494906649980616464e+01
4.493684252428927550e+01
4.494797017966603647e+01
4.493817263277601626e+01
4.493354912454007888e+01
4.493270391300926292e+01
4.493027566740465062e+01
4.492747093127790947e+01
4.487616163851942730e+01
4.483716588770205647e+01
4.485049169030470040e+01
4.484862827733954305e+01
4.497052901701027849e+01
4.494313706574885003e+01
4.501159707787266484e+01
4.504438451889346595e+01
4.515623506571360934e+01
4.522272419930149567e+01
4.524682305172557051e+01
4.533050539722102457e+01
4.540059091160209448e+01
4.549788813078957617e+01
4.561599020523354397e+01
4.563831563104465516e+01
4.573054465796983692e+01
4.574775499848045968e+01
4.573940374465242087e+01
4.578941035016860184e+01
4.580999974970694666e+01
4.586177933715837440e+01
4.586857395494108403e+01
4.592145691815125019e+01
4.594920471830528896e+01
4.601005154197563485e+01
4.607773053075308667e+01
4.609007561270339437e+01
4.611993319515804046e+01
4.614409939006343109e+01
4.614315597590704954e+01
4.616990679318205082e+01
4.623445702630770882e+01
4.628379456786833401e+01
4.634536037568353350e+01
4.637926120650350725e+01
4.638149279648884971e+01
4.641169132010697496e+01
4.640153882481535419e+01
4.641096981778417785e+01
4.643216377875243950e+01
4.649559731117326322e+01
4.646986078369823048e+01
4.646613295568477753e+01
4.651542090333685309e+01
4.649569988763680328e+01
4.650716688253808684e+01
4.657215519242613766e+01
4.664447042170092317e+01
4.670951334139668631e+01
4.674301758824485375e+01
4.673760050809205779e+01
4.674211086360047318e+01
4.671435554280907354e+01
4.673384360479754207e+01
4.671095200552379367e+01
4.676988352285441408e+01
4.677234515439747753e+01
4.678050800519802266e+01
4.678105461084655303e+01
4.677068331304899118e+01
4.679047865888352931e+01
4.681986325577665298e+01
4.680296277545061656e+01
4.681656746686177684e+01
4.682734457253332039e+01
4.684399801677052722e+01
4.687106973637124696e+01
4.688750743590912151e+01
4.689638304936573121e+01
4.688146407260752113e+01
4.689987160966759205e+01
4.688024483646956497e+01
4.691645168865007065e+01
4.690970268205420979e+01
4.690369106379507969e+01
4.688834004669308086e+01
4.689246726097598383e+01
4.690908693147165565e+01
4.694065849437454574e+01
4.697577867420888964e+01
4.699467325974753606e+01
4.697728186985548859e+01
4.696059232404040529e+01
4.697846072008829310e+01
4.700810928020068502e+01
4.701069439267761396e+01
4.703047151517373692e+01
4.701117621828775839e+01
4.702164925076743884e+01
4.702079388373957869e+01
4.699966569172697461e+01
4.700424454191521306e+01
4.698926837587681860e+01
4.700030141223786018e+01
4.695722540339234286e+01
4.698735716064770429e+01
4.692681688808855966e+01
4.691380661692555520e+01
4.694948389826913626e+01
4.698526424058493234e+01
4.700753896687726296e+01
4.698837703558646695e+01
4.703965961018607089e+01
4.703242692685539339e+01
4.700837178331254051e+01
4.700282934895803777e+01
4.699712379925838235e+01
4.701123733621287926e+01
4.701501580349329856e+01
4.698379552530916214e+01
4.694703431440481722e+01
4.693553248451583215e+01
4.695325699565381683e+01
4.696517351754428660e+01
4.694409616629832982e+01
4.693359178749957294e+01
4.692134733691751336e+01
4.688086928312290524e+01
4.689975214713718543e+01
4.691617876130973741e+01
4.691000470171449876e+01
4.689396491315463322e+01
4.689989087442981486e+01
4.691003244052515697e+01
4.694939679161912238e+01
4.698053405654669490e+01
4.696840634432756190e+01
4.694463076076930719e+01
4.694527077993013364e+01
4.692969570508041244e+01
4.693414500996781413e+01
4.693351138308853621e+01
4.693005470525040579e+01
4.690007336401479421e+01
4.689177928852986810e+01
4.690486666689692186e+01
4.693272460955326153e+01
4.693086025725557420e+01
4.691355318807819685e+01
4.691823963515916773e+01
4.693789047018167082e+01
4.697558610305424054e+01
4.698606287372928847e+01
4.699982143336268336e+01
4.699702321816143780e+01
4.706434899630300350e+01
4.710140373181862117e+01
4.709423075573104001e+01
4.710505893720933557e+01
4.710361758352126316e+01
4.713622221377272581e+01
4.712665406905058063e+01
4.713749220270759110e+01
4.712615670827685932e+01
4.711811796762045645e+01
4.713446797975942104e+01
4.712862979327262991e+01
4.712855047628335114e+01
4.712998934065798551e+01
4.713399489572944390e+01
4.712081791367904771e+01
4.710631017652163166e+01
4.706390989466275698e+01
4.707247026214691488e+01
4.706211652461340122e+01
4.706522020995868871e+01
4.706884628568990792e+01
4.704072767558110257e+01
4.702165153495857197e+01
4.702401733747814205e+01
4.703219989129669898e+01
4.701078821060828972e+01
4.702916266361573605e+01
4.704492618159744666e+01
4.700412672196444674e+01
4.704171821957194055e+01
4.706154844935277026e+01
4.708114466902914330e+01
4.708129939992241475e+01
4.708470140484249100e+01
4.709056191450138584e+01
4.709567078376908000e+01
4.707859658408506220e+01
4.700512109650328796e+01
4.701759692096626253e+01
4.696249524718795243e+01
4.696978162453551420e+01
4.696525429152577402e+01
4.695182166720324801e+01
4.695696166106257863e+01
4.697223829339766610e+01
4.694848942141815940e+01
4.691996974332879233e+01
4.685158750512071180e+01
4.676780177679243877e+01
4.670690805233345344e+01
4.665768808866962303e+01
4.659370838842716722e+01
4.653400921699825687e+01
4.647222501918512449e+01
4.645268442331115466e+01
4.642051259388914985e+01
4.639087495489880553e+01
4.634228486275544157e+01
4.630509014519309829e+01
4.623194224030122257e+01
4.626476251206800328e+01
4.621496640174225234e+01
4.618361497803376636e+01
4.613986737474971278e+01
4.611814314860902186e+01
4.611363516937152696e+01
4.606480005209618156e+01
4.603924489854001223e+01
4.599818958552256731e+01
4.598669182047995463e+01
4.595721012448748866e+01
4.592927431234742386e+01
4.584881002343330891e+01
4.579721896783062363e+01
4.577211545294043304e+01
4.568891775444289038e+01
4.566622181927507285e+01
4.565465510220776224e+01
4.560484545225891395e+01
4.559728187232049379e+01
4.550259038521453192e+01
4.549945064088537805e+01
4.540346128350969934e+01
4.541829273743039153e+01
4.539291140943350911e+01
4.541526956334025300e+01
4.550278773881188243e+01
4.548585069446851747e+01
4.554419493891762727e+01
4.553374105812109462e+01
4.553763803344833150e+01
4.552740985838233456e+01
4.546660018281937710e+01
4.546024836844626549e+01
4.547748944784010661e+01
4.549614983481602337e+01
4.556810339528161080e+01
4.562283209362271919e+01
4.566604552097319925e+01
4.567302099997783671e+01
4.574006094824147084e+01
4.573603632268454078e+01
4.571102443221366229e+01
4.573982791364669254e+01
4.577828747979192769e+01
4.583016463579699717e+01
4.587723008549426851e+01
4.591342916475318958e+01
4.599639534882480518e+01
4.600958842998408471e+01
4.609581460754940707e+01
4.616499154409095240e+01
4.624995380970153747e+01
4.629057857875418591e+01
4.632721236832171741e+01
4.643694231255488347e+01
4.650437703580152515e+01
4.656246950157764530e+01
4.663040137829474929e+01
4.668290351754450995e+01
4.677601559076866522e+01
4.683866811224651627e+01
4.692721085986741514e+01
4.703065348508347654e+01
4.704987077568299014e+01
4.708009935914632393e+01
4.710991136230303766e+01
4.716474279071397291e+01
4.719427181228586932e+01
4.724884888872329469e+01
4.732374889944788521e+01
4.740486642161844344e+01
4.745168820654107833e+01
4.747419794937226811e+01
4.751020611849489228e+01
4.750047785779939602e+01
4.750771481278174235e+01
4.750902128364060673e+01
4.756279042302394089e+01
4.759104198971440525e+01
4.762512974440706870e+01
4.766860600172595497e+01
4.769882966476876618e+01
4.772727353312959764e+01
4.776705435394253385e+01
4.776797569036385482e+01
4.781133469579309292e+01
4.782542523456481831e+01
4.788395421930827922e+01
4.788205729745826744e+01
4.795305005865995440e+01
4.805047265632886422e+01
4.802977588095550487e+01
4.804495586348716074e+01
4.806537484090426915e+01
4.811715058924048805e+01
4.812059291572803232e+01
4.813119338774713185e+01
4.811592499870641149e+01
4.811271860715656601e+01
4.809527545834021112e+01
4.809508823515999154e+01
4.814130621411538158e+01
4.813356522709636209e+01
4.813783531245413627e+01
4.815352265685410771e+01
4.816004895604130809e+01
4.816256288840877176e+01
4.818096092658858964e+01
4.816968103240105847e+01
4.817962604640221969e+01
4.818158559365230076e+01
4.818245387354357234e+01
4.818497457986411092e+01
4.818638093468276651e+01
4.818959720441193184e+01
4.822100406161411001e+01
4.821197160680414839e+01
4.824762738099552450e+01
4.823311186096943715e+01
4.824267370436343327e+01
4.827006979117549434e+01
4.827858283650694204e+01
4.827941828781339950e+01
4.827184085477999531e+01
4.827907608062563583e+01
4.832988878260425736e+01
4.833595899346310887e+01
4.834812421253968040e+01
4.838060131488087734e+01
4.840800197856896148e+01
4.841035900318730256e+01
4.840552241708457615e+01
4.838571501530534391e+01
4.838298250691659064e+01
4.839026273244139986e+01
4.843638135060800209e+01
4.844239149989411430e+01
4.846272623644868105e+01
4.848893051193104498e+01
4.851222092284619691e+01
4.853012788195207605e+01
4.854027750423905019e+01
4.854011093918974495e+01
4.858828029389115954e+01
4.858032961934412697e+01
4.857464651128627509e+01
4.856674383477345458e+01
4.856421863653314830e+01
4.862203389854161628e+01
4.861215575245426379e+01
4.864055771060283462e+01
4.867554713458334703e+01
4.865748949040357729e+01
4.865985135726521804e+01
4.868009814252908996e+01
4.866026438243864760e+01
4.863936931400897379e+01
4.868100534506535837e+01
4.871691140880027859e+01
4.872518910006527193e+01
4.873749484487643002e+01
4.877044029441962181e+01
4.877726478062300686e+01
4.879316599650623942e+01
4.881592328921963286e+01
4.882026769058990823e+01
4.884156126631523875e+01
4.884425679153239486e+01
4.885265996541748024e+01
4.880025867255871930e+01
4.881290788915762846e+01
4.880507581824674190e+01
4.883665033558120427e+01
4.884553239146933379e+01
4.881551954288273265e+01
4.882670696485362072e+01
4.884844260101113633e+01
4.880812285816384843e+01
4.876826943910262457e+01
4.878877021585845597e+01
4.880529257526752218e+01
4.884890564254047263e+01
4.886196750599538774e+01
4.885361260538434891e+01
4.879844118917801410e+01
4.881028809718637262e+01
4.881369522316835230e+01
4.879271636427455405e+01
4.876845213385438882e+01
4.878092949240392073e+01
4.873546713329081115e+01
4.869325384468419315e+01
4.864874084131439957e+01
4.865452990694707580e+01
4.867502515241829286e+01
4.865742168743723539e+01
4.866419953032917078e+01
4.863504079794721946e+01
4.858579334846413644e+01
4.855644671170190918e+01
4.855367027059728002e+01
4.854948471222841988e+01
4.850007018568824435e+01
4.848303073535691254e+01
4.846892549110035020e+01
4.846485077099039529e+01
4.837182759930279730e+01
4.834297095704491198e+01
4.830237872119018050e+01
4.832605254971041120e+01
4.825474419190901187e+01
4.820541182884981168e+01
4.819904795138320708e+01
4.813586372200572328e+01
4.812121971482199712e+01
4.806693124708795750e+01
4.806686284691996747e+01
4.804446066311277974e+01
4.801353674683248585e+01
4.803888597560379026e+01
4.800358282290793710e+01
4.796019787579283644e+01
4.792288145320497961e+01
4.789986233924039993e+01
4.780276866116104628e+01
4.780018687647471864e+01
4.782621467610741206e+01
4.782547630508724268e+01
4.783078913414393440e+01
4.778961870333873208e+01
4.777833093805016063e+01
4.775949569841622377e+01
4.773532807076605167e+01
4.778142151010082728e+01
4.777288354343470189e+01
4.778160606061396720e+01
4.777853311182948914e+01
4.776775519591531349e+01
4.778388562770663128e+01
4.778559300843666335e+01
4.780850365953144632e+01
4.779731521940967554e+01
4.780284898811193983e+01
4.779315132857223603e+01
4.781681420077653399e+01
4.780232951490006599e+01
4.778486108798269782e+01
4.778594030168879669e+01
4.772159150324045385e+01
4.778318726983216891e+01
4.773682503746169203e+01
4.771879222345606308e+01
4.777870740381690950e+01
4.777533813402787644e+01
4.782182109281534110e+01
4.787111261245500771e+01
4.788337456106631862e+01
4.791707873234937409e+01
4.784917622672460880e+01
4.790125918287567686e+01
4.793563516535591873e+01
4.792922874115828336e+01
4.790732833840626625e+01
4.792078220023896051e+01
4.793835259305092222e+01
4.794991666991235491e+01
4.798844108285234711e+01
4.802229107384017937e+01
4.801432968327451789e+01
4.805040936053792677e+01
4.805765838391881317e+01
4.808563858849598205e+01
4.810703470684290295e+01
4.818602126811706654e+01
4.816275290424571409e+01
4.818121027403753232e+01
4.812358207669183940e+01
4.811253000333707064e+01
4.808484857604526752e+01
4.812408944318888615e+01
4.813321343770715544e+01
4.813594382848273057e+01
4.808904812980740928e+01
4.806872740791196463e+01
4.800462995334448379e+01
4.801663902393913474e+01
4.791087731901517088e+01
4.784512980564169737e+01
4.782602114992035069e+01
4.778687904543378551e+01
4.780194320948398001e+01
4.774016343732250789e+01
4.773896749121043115e+01
4.778091766863374801e+01
4.777550232797660357e+01
4.779612862404591311e+01
4.774421595663024220e+01
4.779972191508988288e+01
4.770480958581259756e+01
4.770752420811722772e+01
4.772891756704208888e+01
4.769551651631163480e+01
4.767509487460106499e+01
4.760228266147648668e+01
4.760660903415374179e+01
4.763588221674271495e+01
4.757149682601843921e+01
4.762686177403240606e+01
4.755501058760059152e+01
4.756933104620019748e+01
4.757120004750975539e+01
4.757679288488270686e+01
4.758657091948021645e+01
4.758106523029069024e+01
4.757147821086029893e+01
4.752216729910740156e+01
4.748673841381731364e+01
4.752500907223069504e+01
4.750850207562287153e+01
4.746028853162649597e+01
4.746150360249080791e+01
4.743173959862980382e+01
4.743833739131851246e+01
4.746157863627159657e+01
4.739753558217524443e+01
4.743021499135077335e+01
4.742030980702494247e+01
4.742347258417419908e+01
4.733111839729924952e+01
4.732280302526652349e+01
4.733549426202831256e+01
4.732959135950850538e+01
4.730268834189892146e+01
4.730446591488020402e+01
4.724167275207793892e+01
4.730454277346933623e+01
4.732449167095008136e+01
4.734015296568603048e+01
4.737185468794150722e+01
4.734634652791351783e+01
4.734128986317490018e+01
4.731155363179485107e+01
4.726974945677619644e+01
4.729159398429402472e+01
4.731120935052877741e+01
4.739237469564881167e+01
4.731296089081654799e+01
4.732321170519043108e+01
4.731365221522727893e+01
4.721605061055294783e+01
4.720528985615870710e+01
4.728306586364589492e+01
4.728551609167008962e+01
4.720429753181805665e+01
4.722578821131504867e+01
4.723844477430299804e+01
4.719240251693054944e+01
4.721922514505402546e+01
4.718949132356046761e+01
4.717657368618242231e+01
4.717138003635590593e+01
4.710724391105616604e+01
4.713005839274880771e+01
4.714243878551890532e+01
4.710373350710934659e+01
4.711247579017319254e+01
4.707710913351622395e+01
4.701973623677098857e+01
4.701928302406025040e+01
4.702044833201020424e+01
4.696422066469838796e+01
4.690264776120807255e+01
4.696633825338068391e+01
4.698025037561403394e+01
4.697701398273460427e+01
4.691227609839597079e+01
4.689678519358739095e+01
4.698192021256190998e+01
4.695754821353645525e+01
4.692369975147452266e+01
4.691529359202957750e+01
4.693150418947101343e+01
4.690957366966699027e+01
4.694361714728395185e+01
4.690451178972364943e+01
4.688827683953429215e+01
4.688511679930012832e+01
4.688336924155723295e+01
4.689791013115177520e+01
4.688430377220623768e+01
4.689910128189310967e+01
4.684891501833492811e+01
4.685179634011297622e+01
4.684185968102809028e+01
4.676779132098179304e+01
4.682103554017784575e+01
4.688769944154477542e+01
4.693284279862139385e+01
4.697769628548569187e+01
4.694429204228981689e+01
4.694800132617663024e+01
4.689876898501850633e+01
4.692533059904018700e+01
4.688143613102312912e+01
4.687204996960748815e+01
4.690596856485180410e+01
4.686335676917870074e+01
4.684308099863789465e+01
4.687011056878693438e+01
4.688349183609038562e+01
4.693302181479273827e+01
4.691989535134798928e+01
4.693851698010362128e+01
4.699673950752396934e+01
4.700367140830076096e+01
4.695560917463340900e+01
4.700092225971943094e+01
4.707941755297640896e+01
4.712291790033356875e+01
4.711665833227185374e+01
4.714686331275445497e+01
4.712842418169804404e+01
4.712408396783573750e+01
4.718389661215493192e+01
4.722176829708726586e+01
4.725555840865035151e+01
4.724635047142123767e+01
4.726976117892267837e+01
4.730520076629856874e+01
4.736579230949807595e+01
4.739933270537380139e+01
4.752552727511767472e+01
4.750937160947155746e+01
4.755909689051595990e+01
4.758379123054055526e+01
4.760867923799518309e+01
4.759348044680098866e+01
4.761521316972018525e+01
4.763483345403474090e+01
4.760880092623315107e+01
4.765769443106886882e+01
4.762175953705082065e+01
4.761529478228906243e+01
4.764854477119186527e+01
4.765447685639751541e+01
4.759210307852006849e+01
4.755632315366100471e+01
4.754185393079936262e+01
4.756634694820706244e+01
4.750536585414866408e+01
4.757294289408041266e+01
4.755875426516455917e+01
4.761228904764754333e+01
4.762481808382167259e+01
4.760668936755958214e+01
4.762452055028939668e+01
4.761600004466949798e+01
4.759458511212587695e+01
4.757844601678070973e+01
4.758646731830222620e+01
4.759084266701710675e+01
4.756638045974047913e+01
4.754306565227846448e+01
4.756284987949376841e+01
4.758703343646166672e+01
4.758007530738147750e+01
4.763210324247452832e+01
4.762881897495498151e+01
4.760970656323233641e+01
4.759946786282483799e+01
4.759262422541678461e+01
