7.046129739353926169e+00
8.591367836670727343e+00
1.140980520179932967e+01
1.057248130472093450e+01
1.476793336524912981e+01
1.710416066173963046e+01
1.830843929183078345e+01
1.919807560237722299e+01
1.941865513259658371e+01
1.952567855448198841e+01
2.023073947469691447e+01
2.085058086305639691e+01
2.130029174199673747e+01
2.162387708314862067e+01
2.233861102367776041e+01
2.302890713016884661e+01
2.352889391845626577e+01
2.374149669381103323e+01
2.404908953151515405e+01
2.450026975111007843e+01
2.518565205064654577e+01
2.549296082372840644e+01
2.598251262825069219e+01
2.638473060114525026e+01
2.663074255004154267e+01
2.687986455630894156e+01
2.710095571753189603e+01
2.745392468934571539e+01
2.778953571686930957e+01
2.793666816035660361e+01
2.815874639403320501e+01
2.839396351720407452e+01
2.868723134665231811e+01
2.891096713788337880e+01
2.919292922894144837e+01
2.942395270358736781e+01
2.960460303139321070e+01
2.982173426656675375e+01
3.002282936382650291e+01
3.017186020622528630e+01
3.027407881918957600e+01
3.049108146283777643e+01
3.053356826035011551e+01
3.055970165609497258e+01
3.061482638489176367e+01
3.069552138656777984e+01
3.079215470527764964e+01
3.086194058622210434e+01
3.095273309145527207e+01
3.151293900184746377e+01
3.200780254350860332e+01
3.234895857746819559e+01
3.293488771355665534e+01
3.298681270189299397e+01
3.305906651175677524e+01
3.316362696388455333e+01
3.339430265120160612e+01
3.371940049279662333e+01
3.402775345568720411e+01
3.421990422228741124e+01
3.440434995431781573e+01
3.465503774806039416e+01
3.490368084817703931e+01
3.489569586840949000e+01
3.488549366693225551e+01
3.507225548659561554e+01
3.513431141440025840e+01
3.495311546297411809e+01
3.501639450660042030e+01
3.497092115180880967e+01
3.499710475073896276e+01
3.474662354732874547e+01
3.461305496457853081e+01
3.467644017448775884e+01
3.467499038102912579e+01
3.477724552375208589e+01
3.469607428735648114e+01
3.464511532542758943e+01
3.463597929227012884e+01
3.455658469890543927e+01
3.454368360050551701e+01
3.445913885285140310e+01
3.444304751544922283e+01
3.425033267235068024e+01
3.415851133551242924e+01
3.413882321152346577e+01
3.407358358389949160e+01
3.405469764075218819e+01
3.402406322008152273e+01
3.405568002103614589e+01
3.405055419818658891e+01
3.417023573500195255e+01
3.424214614991826977e+01
3.429684087437598805e+01
3.432036582003080838e+01
3.434748169196156908e+01
3.440316028614839894e+01
3.443540748472130275e+01
3.447834760898173556e+01
3.446809270972827477e+01
3.455312197204391111e+01
3.454469839962498412e+01
3.462477325451115462e+01
3.471435786563208126e+01
3.481775024618745107e+01
3.476102562126249751e+01
3.471788859331811494e+01
3.469082561258967701e+01
3.462629633145906638e+01
3.458194255876104961e+01
3.452001999486017780e+01
3.464333273329119578e+01
3.471171293175698480e+01
3.479053141696670792e+01
3.476773370209907910e+01
3.486957195883562122e+01
3.514689351825418129e+01
3.518049116958796674e+01
3.527786844718615811e+01
3.537199537662966975e+01
3.565998087159548646e+01
3.582120997617668934e+01
3.584087066805193444e+01
3.593655992884112749e+01
3.589368071802852000e+01
3.598115667416045227e+01
3.599463740221705876e+01
3.617742611462774960e+01
3.622128542373508253e+01
3.627560097591537414e+01
3.632342700985449113e+01
3.646562784117222833e+01
3.651356008504739492e+01
3.655343386019889351e+01
3.667911413427670908e+01
3.676578152249672371e+01
3.679628069676477509e+01
3.690479275750838184e+01
3.691115958551198872e+01
3.694906643704921834e+01
3.695160856408469385e+01
3.700594119160865603e+01
3.704891397962146726e+01
3.704923663600315109e+01
3.709452623914057057e+01
3.707616721307112329e+01
3.706449835165238937e+01
3.709196010093508278e+01
3.719990119237263571e+01
3.717662095956146118e+01
3.724984612243361681e+01
3.722878736906125141e+01
3.731414248192213279e+01
3.735138220034887269e+01
3.742881377051399738e+01
3.750895074258436068e+01
3.759935939822287310e+01
3.777959103993700296e+01
3.780081266776642934e+01
3.783950445401791285e+01
3.783396972336879571e+01
3.790322285572254657e+01
3.793174934245413965e+01
3.802955981573656885e+01
3.818995292138561126e+01
3.820752946794915061e+01
3.828671642517007712e+01
3.835040753035553962e+01
3.842598082761318778e+01
3.854578390478891237e+01
3.864065147600426542e+01
3.867384328278323125e+01
3.872651950532127785e+01
3.893864356330453091e+01
3.903578632282102490e+01
3.904969525634325578e+01
3.911528013121757397e+01
3.920602557599949023e+01
3.928486389678869983e+01
3.937937522033350746e+01
3.952053814566536971e+01
3.957445471579024598e+01
3.966887041318570795e+01
3.968961534312393979e+01
3.970119898160147898e+01
3.984785478473282438e+01
3.990725405767839362e+01
4.000470453926583048e+01
4.003436990493285919e+01
4.010373623347233973e+01
4.018202368322717177e+01
4.031462610243937661e+01
4.045804822213263208e+01
4.062745092384299994e+01
4.083722618051506714e+01
4.100994180571981218e+01
4.113414070997681904e+01
4.117793785947705487e+01
4.137052251091070332e+01
4.137464471302225633e+01
4.141653074182252681e+01
4.147018473703359831e+01
4.159466194671944095e+01
4.169763594118646211e+01
4.177572257256423427e+01
4.176773667748773988e+01
4.181283491501449845e+01
4.192490213690782497e+01
4.202360751586694221e+01
4.207776086003883620e+01
4.212768740355053865e+01
4.215172552509417159e+01
4.219871038193439716e+01
4.227372760243066097e+01
4.233798848515341717e+01
4.238004094909901909e+01
4.239231144830195319e+01
4.237334216476233451e+01
4.243220048117087373e+01
4.246454264709462478e+01
4.253986611507493620e+01
4.266201087643237599e+01
4.270938952993688531e+01
4.277109248969131983e+01
4.283021338340466855e+01
4.294385810742631548e+01
4.306602306330215413e+01
4.308160102598539964e+01
4.311047531025479884e+01
4.295156161620375457e+01
4.296932054137526080e+01
4.292910524845640907e+01
4.300026111072134682e+01
4.300135514668303927e+01
4.299349569783875324e+01
4.299106547352447905e+01
4.298192066399114708e+01
4.300821376321793821e+01
4.302479166811261990e+01
4.304404065731494455e+01
4.300963161731735340e+01
4.299599216543759184e+01
4.273736775349668449e+01
4.262757536732014074e+01
4.255393901969548409e+01
4.248157205202360132e+01
4.243903007358052548e+01
4.234562097409542503e+01
4.236556653394313798e+01
4.241188345299435269e+01
4.238963867356235937e+01
4.239803168384342769e+01
4.244151172022901619e+01
4.240795670644249071e+01
4.245779481924306253e+01
4.249504157452313535e+01
4.253499189918650814e+01
4.254904427412164125e+01
4.252305888865058137e+01
4.259164265611964595e+01
4.263303622509160817e+01
4.265775357482204555e+01
4.267537925204168658e+01
4.264246201390464108e+01
4.267779360125914678e+01
4.261457145287885595e+01
4.263203190937765896e+01
4.254719882502765671e+01
4.250280049087102441e+01
4.248491363667765341e+01
4.235312448639021454e+01
4.226567179134170971e+01
4.226734485987530832e+01
4.224848300882013774e+01
4.211848484439452278e+01
4.207115825638656759e+01
4.209600346219954048e+01
4.223505587323234778e+01
4.228722476094949911e+01
4.229833052338627652e+01
4.231486834454471335e+01
4.230375150927245187e+01
4.233901000395913883e+01
4.236427717596572506e+01
4.239530162454044415e+01
4.246141461397025552e+01
4.244405528451787291e+01
4.246820413449813714e+01
4.249457067351188044e+01
4.248726087876451629e+01
4.247946643983701165e+01
4.273120163020133333e+01
4.275413154141322281e+01
4.276729320555234892e+01
4.284796738597382415e+01
4.290370567814161973e+01
4.295640851474649935e+01
4.296873678560060483e+01
4.295648442928280986e+01
4.299395693698193810e+01
4.299800871964768589e+01
4.293530209396536179e+01
4.295452651481770801e+01
4.292332467114675865e+01
4.288464054632378009e+01
4.286034497531351661e+01
4.290166235531594907e+01
4.293175749590286472e+01
4.290946494471801032e+01
4.293147141550700496e+01
4.291454417490822948e+01
4.288694439760273980e+01
4.292046844802459304e+01
4.297603169150747249e+01
4.302052076979135364e+01
4.302607949503910589e+01
4.302569297816734206e+01
4.293693529696533773e+01
4.292766703211916735e+01
4.295247095718180219e+01
4.297234999927975707e+01
4.293170685487141469e+01
4.287697185081833595e+01
4.279128098568020278e+01
4.273945193876780024e+01
4.271304945084759908e+01
4.263729395264768840e+01
4.252256807608110023e+01
4.243039608537374363e+01
4.240300454198236224e+01
4.238355725103007643e+01
4.232286728584099933e+01
4.225047503523284576e+01
4.222872666062900038e+01
4.222064134443921546e+01
4.224080463937978180e+01
4.221853744022591570e+01
4.219283925944573355e+01
4.215794422712553313e+01
4.212956920209576595e+01
4.213160575206803315e+01
4.212884336379426742e+01
4.210410404314852428e+01
4.207921151322369013e+01
4.204317187777294151e+01
4.202089517158405130e+01
4.200460943399706792e+01
4.196919687881914740e+01
4.193992276293554511e+01
4.189859677735428534e+01
4.187503017197761324e+01
4.182563494847730112e+01
4.179385160924174869e+01
4.177950378224753791e+01
4.174266177301106495e+01
4.176890694332384868e+01
4.170719721526122470e+01
4.166398952866171612e+01
4.162873216251894348e+01
4.160745364724638762e+01
4.161432921034494115e+01
4.158723516191775360e+01
4.157916564906467727e+01
4.156089512110924034e+01
4.154063089715916135e+01
4.157901136410624332e+01
4.162742579857432190e+01
4.169309332278605496e+01
4.171874411901325175e+01
4.170961094724186324e+01
4.172513774753329585e+01
4.176959828129037078e+01
4.189880740235457068e+01
4.193099979289507928e+01
4.206613313826979095e+01
4.211602335447267365e+01
4.222899507515782602e+01
4.225652226583734716e+01
4.232254487234608575e+01
4.235088986938490763e+01
4.241410087025799669e+01
4.241754762515345334e+01
4.239986975474574393e+01
4.240249595450654851e+01
4.236826648096322145e+01
4.234403688731371318e+01
4.233655878156593388e+01
4.233397245157739519e+01
4.230906994656166376e+01
4.226591315090581702e+01
4.221080732166426941e+01
4.224285865782499627e+01
4.217242831076803355e+01
4.218081298335290086e+01
4.204945997566139226e+01
4.191775079716359897e+01
4.188756806896287088e+01
4.178961447481380986e+01
4.176669036940305091e+01
4.171285251523207904e+01
4.172782932605299777e+01
4.165080810165709124e+01
4.155191670569671913e+01
4.154030590341368168e+01
4.139685040411559669e+01
4.135035031834559760e+01
4.130034898021887102e+01
4.126995709289733583e+01
4.126232953212495147e+01
4.125384177468146873e+01
4.125189037713417406e+01
4.120181220261987676e+01
4.121758751576437163e+01
4.117484542099425937e+01
4.113315413144282218e+01
4.111705913242593624e+01
4.103239434522448192e+01
4.097268556757152425e+01
4.094198851859103883e+01
4.093154550313271045e+01
4.088247539579215584e+01
4.092105202322775881e+01
4.089574017051179311e+01
4.078425196689246235e+01
4.075187368645858754e+01
4.071126943782531526e+01
4.071171050371660982e+01
4.064781837554380672e+01
4.057297856286233895e+01
4.054781133973448704e+01
4.058615931504848362e+01
4.060651194570061051e+01
4.061598072927448300e+01
4.061429289904484818e+01
4.071488861174641016e+01
4.072889278117528278e+01
4.077188642178015954e+01
4.078686281902004396e+01
4.081278035689292949e+01
4.076103506464210824e+01
4.074406734286022669e+01
4.084815594253720406e+01
4.087374474293914517e+01
4.098677602149788157e+01
4.103539017159615554e+01
4.106245810732029611e+01
4.112386849012379741e+01
4.112696503166243645e+01
4.119172624979998432e+01
4.118212448817592986e+01
4.122170346889482317e+01
4.132559524449600019e+01
4.138473467083733226e+01
4.154697051688821574e+01
4.157973927373733858e+01
4.158739492098690960e+01
4.162215651635983704e+01
4.159515558366726395e+01
4.159077988565997686e+01
4.161767872872054852e+01
4.158667086230508403e+01
4.164020554210010516e+01
4.171353721953707350e+01
4.179544682476200990e+01
4.177244120577532271e+01
4.184582107439726428e+01
4.191138717510767719e+01
4.196255406093427354e+01
4.195336828854064493e+01
4.202203445159524620e+01
4.197967964601438950e+01
4.203128137489265725e+01
4.207362009914926659e+01
4.215943819559657868e+01
4.216319964033294809e+01
4.218385620926211033e+01
4.223877764976386828e+01
4.230973212638834724e+01
4.231407424612929447e+01
4.231447422186719365e+01
4.229819742881522870e+01
4.224302881153756317e+01
4.226892041873725958e+01
4.225105756368521526e+01
4.226678423847202737e+01
4.230434379002669942e+01
4.237907018510268387e+01
4.240825489258976688e+01
4.252552649578795041e+01
4.255572084643676334e+01
4.257449798296706689e+01
4.268073561058886156e+01
4.271963795937968200e+01
4.281941767099522878e+01
4.290560710973161918e+01
4.300887610409518658e+01
4.309911414526477813e+01
4.316840287369908680e+01
4.326110978129934637e+01
4.341997351088511437e+01
4.349133098645214091e+01
4.351052043276263959e+01
4.358673024828733844e+01
4.371556990340696558e+01
4.377012152459103334e+01
4.383755498458612010e+01
4.388288159092164165e+01
4.398256883921703064e+01
4.402460216074460675e+01
4.412010265128039777e+01
4.414560744956686733e+01
4.418264513509010527e+01
4.419503894175939251e+01
4.429609279133617861e+01
4.433886506423712603e+01
4.440023846955760689e+01
4.447327944225882845e+01
4.455119661681828802e+01
4.461149818415353252e+01
4.465494296498241056e+01
4.472286105818972857e+01
4.479584674485263918e+01
4.483753984755755795e+01
4.491007146643373460e+01
4.495002703065330252e+01
4.500954354776472144e+01
4.509643000214779107e+01
4.514424799790761256e+01
4.519712937375524575e+01
4.529155075444743517e+01
4.536429379424004793e+01
4.543532260091075159e+01
4.548993981972586198e+01
4.552303512343681291e+01
4.555992219269023735e+01
4.556983263015044372e+01
4.562287355594275340e+01
4.563098924394225975e+01
4.569393672538564033e+01
4.568413681615250255e+01
4.570942971553058953e+01
4.572295034519100909e+01
4.575118432944238833e+01
4.578171939195921425e+01
4.579147720091476259e+01
4.583299463015902120e+01
4.585025566270719821e+01
4.584281706078022012e+01
4.585382566679859195e+01
4.586651925652667217e+01
4.587945404796975879e+01
4.584416361493148884e+01
4.588057916744151754e+01
4.593465552099601013e+01
4.595010934291496341e+01
4.596334064576157630e+01
4.597863144483640951e+01
4.598029445672054294e+01
4.599331025804540474e+01
4.600916285927093696e+01
4.603848501217025557e+01
4.605903637258445116e+01
4.606244692826933829e+01
4.608055197432133099e+01
4.608376404329838039e+01
4.611914946974855667e+01
4.611714170371383403e+01
4.612943501764682708e+01
4.615849180248549288e+01
4.618099929417499538e+01
4.619983026455183506e+01
4.623906782762811218e+01
4.624764320318432453e+01
4.628022707950265868e+01
4.629520640893991157e+01
4.631408051758987909e+01
4.634091990126744065e+01
4.635898607034011576e+01
4.635023737891133067e+01
4.636345142801176422e+01
4.635292990090803755e+01
4.636292984813400153e+01
4.639867976288424956e+01
4.641896855886508888e+01
4.643445135451169392e+01
4.645769855642284796e+01
4.649014695172867562e+01
4.648851777139862662e+01
4.651643860026588584e+01
4.651485151902453907e+01
4.652638613703487636e+01
4.653654912395958831e+01
4.656746561447406663e+01
4.658393953644902297e+01
4.656799291473515723e+01
4.657473061608136788e+01
4.661623517951341711e+01
4.664037373285786003e+01
4.665787504884962544e+01
4.668334681437519862e+01
4.674850591718256254e+01
4.676208748033877072e+01
4.674629017671508535e+01
4.674409637359154601e+01
4.682058234569419142e+01
4.689766375976790158e+01
4.691994173102431631e+01
4.695549579951133978e+01
4.698581203353845126e+01
4.698588328353398680e+01
4.699629975743992105e+01
4.703276501665472153e+01
4.704838672076532902e+01
4.709974784257015301e+01
4.711521660634878828e+01
4.714339786018938128e+01
4.714555060748200077e+01
4.718159869659228178e+01
4.728176105985684785e+01
4.731122149676130562e+01
4.732474721001201345e+01
4.735328971735467007e+01
4.740149252982363492e+01
4.741019694663133066e+01
4.749650425713794988e+01
4.749575610375144663e+01
4.754766125454403891e+01
4.758666085917352007e+01
4.761451937587400352e+01
4.765827862915520541e+01
4.767400646667649511e+01
4.770097931894585486e+01
4.775625285471092951e+01
4.777396979370682573e+01
4.780951569772622634e+01
4.780320651060629444e+01
4.783725966195436996e+01
4.786334056676332693e+01
4.787693968322565752e+01
4.788938858905325446e+01
4.790624789439614517e+01
4.792271216384864374e+01
4.795730593031436229e+01
4.797477202567718280e+01
4.800014875103686052e+01
4.801697815448625306e+01
4.801935592765298111e+01
4.804723131813938153e+01
4.803273494569594959e+01
4.800797423356002014e+01
4.801523051000598485e+01
4.804895271950000080e+01
4.804572247364395565e+01
4.803171825952713903e+01
4.801880655975424617e+01
4.801728204980921788e+01
4.800000965041972734e+01
4.800509228091525671e+01
4.803279540100968603e+01
4.802380062846278719e+01
4.805293261064910126e+01
4.805774822260719503e+01
4.803640327938497023e+01
4.800835575618182816e+01
4.802009832817297053e+01
4.806086022141161607e+01
4.799651191752741397e+01
4.794564194397317891e+01
4.794630213185318013e+01
4.791704295317942552e+01
4.788472570292912422e+01
4.788962694577699608e+01
4.790221887151885483e+01
4.787180066736343775e+01
4.786167906540056549e+01
4.787627450461059198e+01
4.785570987403852428e+01
4.785497752191371745e+01
4.786704521944925261e+01
4.787629190835810533e+01
4.786558120215659784e+01
4.788561386870608771e+01
4.789942694672751600e+01
4.790102495309339048e+01
4.792280795927641179e+01
4.790340483339280553e+01
4.792312705944971896e+01
4.797426281084300115e+01
4.800514744598046235e+01
4.800048216026476666e+01
4.802143209474805019e+01
4.802435414977224326e+01
4.801606621720669921e+01
4.807258360943072972e+01
4.807859454663011434e+01
4.808505070943453319e+01
4.810939182105980194e+01
4.815986981957981783e+01
4.821582998972624523e+01
4.825788279515053603e+01
4.828700671836288194e+01
4.831060616976884603e+01
4.833386497409255611e+01
4.834483683763122031e+01
4.839331861565675297e+01
4.845231375088367543e+01
4.850914706310319957e+01
4.853807122310062994e+01
4.858311545910084561e+01
4.861628291385281386e+01
4.864523837042536059e+01
4.865818619000914680e+01
4.869147761882577186e+01
4.873283178924332049e+01
4.876532971069045175e+01
4.879212107330602777e+01
4.881280124375326324e+01
4.885175716007080382e+01
4.890920229116047580e+01
4.896158216425048693e+01
4.897535929520854836e+01
4.902087512514923873e+01
4.904836812045178362e+01
4.909430815064148135e+01
4.913017310449276920e+01
4.917461771027689110e+01
4.923162175669482821e+01
4.923807183048329250e+01
4.930060974937544671e+01
4.937717149218838841e+01
4.941738792791819890e+01
4.943454118870627667e+01
4.947274715551904478e+01
4.949087254365603172e+01
4.956876825008816212e+01
4.958963678834681588e+01
4.961204803814646880e+01
4.962655100104866790e+01
4.969994276612699480e+01
4.968782031291681278e+01
4.972080453962762192e+01
4.977290899461010554e+01
4.977484326944269100e+01
4.979247830777870121e+01
4.983178699389987543e+01
4.976804185832708782e+01
4.974634230474267582e+01
4.977063843894629258e+01
4.981487169536610082e+01
4.981770486883997506e+01
4.984594083437200140e+01
4.984943355960689360e+01
4.990465699810975764e+01
4.992001181800180376e+01
4.992826207260289095e+01
4.990689020482762572e+01
4.990252192282977717e+01
4.989965899991492648e+01
4.992880217677690524e+01
4.995128942148281226e+01
5.001659488068607118e+01
5.000804255577420321e+01
5.002687204661954468e+01
5.002901003462218910e+01
5.003758451377032657e+01
5.004198122686759831e+01
5.001324386727203120e+01
5.000171404446375334e+01
4.997260724062542181e+01
4.996893909975181458e+01
4.992137853021976213e+01
4.997361455433473765e+01
4.995126544739585484e+01
4.994680017031711827e+01
4.994844876152690460e+01
4.994804118382280933e+01
4.995795631136213899e+01
4.989793116015172814e+01
4.987782013094974332e+01
4.983818081273179246e+01
4.982941051669988752e+01
4.981126142755854147e+01
4.980750992604517080e+01
4.982526788828813835e+01
4.981195846725778864e+01
4.980076859985290838e+01
4.982368392021155756e+01
4.974365244867194491e+01
4.976595564543386985e+01
4.971774489125427010e+01
4.964822549728569356e+01
4.956721890227695582e+01
4.956752809489409373e+01
4.957322531656232201e+01
4.956682727288141876e+01
4.952811957390814968e+01
4.947480551273458360e+01
4.944444207000957192e+01
4.944290019351553411e+01
4.942286244557251962e+01
4.940491197529993173e+01
4.935982529336588698e+01
4.933997269793192686e+01
4.926342209096064551e+01
4.923460929590643786e+01
4.923302992764958930e+01
4.923032123006698413e+01
4.917360218425549334e+01
4.913391586514508447e+01
4.906845342439471835e+01
4.889347675081888411e+01
4.887353713902243868e+01
4.884934000766774886e+01
4.884791679912665785e+01
4.884599798914311464e+01
4.885863280888675320e+01
4.888638725310180888e+01
4.887699032914935771e+01
4.884371439679966898e+01
4.882308299816057939e+01
4.877518456952014958e+01
4.875720234347640769e+01
4.870225245977353268e+01
4.868875394718583038e+01
4.864035168005150922e+01
4.859012243838589029e+01
4.859167319354138215e+01
4.856534886683522956e+01
4.855872167822953855e+01
4.854756422273323579e+01
4.852731350459047377e+01
4.850919718213442167e+01
4.846423437194758321e+01
4.845461754048762515e+01
4.839335037466357647e+01
4.841192108589699217e+01
4.843304447762847076e+01
4.840155557357334715e+01
4.844257592219910435e+01
4.848527279401338319e+01
4.851907488983615480e+01
4.852660342588881548e+01
4.853542488116663378e+01
4.855304798747729933e+01
4.861329399238693583e+01
4.862055904027039333e+01
4.864177185216983190e+01
4.861692158379513984e+01
4.859893026642752289e+01
4.856987591860141862e+01
4.856954746202971052e+01
4.856208208531851511e+01
4.857190372105972642e+01
4.860420701549988109e+01
4.862699466304147933e+01
4.862128878418015177e+01
4.864772613041336768e+01
4.866396822142456813e+01
4.882912739259350587e+01
4.883841979386742338e+01
4.883079819058548310e+01
4.885715252618190618e+01
4.886377947986606785e+01
4.885914114310687495e+01
4.886053477993897332e+01
4.884456217859372629e+01
4.884499154994242076e+01
4.885636481588452540e+01
4.890102967362999919e+01
4.895693857562385176e+01
4.895211373443886060e+01
4.899978536087265724e+01
4.898806230268974815e+01
4.899207601927777489e+01
4.903413960242307468e+01
4.902923287289103627e+01
4.905715291507674891e+01
4.905498859977856085e+01
4.907029711388223348e+01
4.909248130049691383e+01
4.914538124398544738e+01
4.914358438815847308e+01
4.912770475293621786e+01
4.913308863253878656e+01
4.910426115958050275e+01
4.907138587333977142e+01
4.910384603283182514e+01
4.908266493290366128e+01
4.906666123053413031e+01
4.907207620870931208e+01
4.908916054894141467e+01
4.907963005282174862e+01
4.912846222302859900e+01
4.907712381431780813e+01
4.908109658367655470e+01
4.902975811217752522e+01
4.903024449968699372e+01
4.900345823735141693e+01
4.903146959365682989e+01
4.902742019995330480e+01
4.900596617173488312e+01
4.901739977075680343e+01
4.897528042156952921e+01
4.898698727087430882e+01
4.897332540628576680e+01
4.897061710770699250e+01
4.899328131035879608e+01
4.900034625938715749e+01
4.898847882385542363e+01
4.896545832570938472e+01
4.895129576441914310e+01
4.899202943922549736e+01
4.896633822740052011e+01
4.895786456335222425e+01
4.895632640609953512e+01
4.896575158589313048e+01
4.895829892732999156e+01
4.892497376999666869e+01
4.891089913171795445e+01
4.892210286554914234e+01
4.892944548213930034e+01
4.894685094932691527e+01
4.895798747554591301e+01
4.893742271891814966e+01
4.896527562486550522e+01
4.895940006276786960e+01
4.899054110241623050e+01
4.897639240361806401e+01
4.894546844445127221e+01
4.889709012283767464e+01
4.889354764427363165e+01
4.890084372286848691e+01
4.892422488258482360e+01
4.893885362715872134e+01
4.896587831126702639e+01
4.893236012966239912e+01
4.894777798113150880e+01
4.895285015680318708e+01
4.895065409981688731e+01
4.895754308531114418e+01
4.895536809665571809e+01
4.893084969468314682e+01
4.889654468350716598e+01
4.892221715017159767e+01
4.893592597982521397e+01
4.895453183906190020e+01
4.897390154604887158e+01
4.895688272745687186e+01
4.897816795296100167e+01
4.900017372853800168e+01
4.900259154398317207e+01
4.899272635644155116e+01
4.896889428769571850e+01
4.897880310547661509e+01
4.897429176003246454e+01
4.893078660434710514e+01
4.891431911059254389e+01
4.894444268024554390e+01
4.892723364484293569e+01
4.890016922253826692e+01
4.893819547092558508e+01
4.895143917181874116e+01
4.896214185102748218e+01
4.891987225693241470e+01
4.890815790519416595e+01
4.889989008473585841e+01
4.892838934120586458e+01
4.890470857445270525e+01
4.891122733903852549e+01
4.890056239797223725e+01
4.893136591475746400e+01
4.892486741291349972e+01
4.892033476480345655e+01
4.888879833319751356e+01
4.890257927508060476e+01
4.889807885113870611e+01
4.891746693962884507e+01
