-2.659553562568491847e-01
6.836829165139617082e-02
1.071038051016650616e+00
1.137778314224052512e+00
1.417323258260255514e+00
1.536829813581714888e+00
1.646264757888847408e+00
1.753536584111752283e+00
1.791790298926985825e+00
1.830332423411783704e+00
1.915696970414436429e+00
1.992968265484916346e+00
2.069039687946393258e+00
2.134037173503770202e+00
2.164242418713156813e+00
2.254168880317950929e+00
2.288245582362923081e+00
2.355851086210329459e+00
2.385255506555160387e+00
2.414196204372397681e+00
2.437908953212753360e+00
2.471882705556573967e+00
2.498552066703432661e+00
2.525661260165302568e+00
2.564206749057131418e+00
2.590612319892588111e+00
2.618911572572897306e+00
2.646830897261399418e+00
2.666630643333437245e+00
2.703061448197998207e+00
2.718964374714725629e+00
2.719930990630174961e+00
2.733189496342470992e+00
2.758007168330372405e+00
2.753239080524248372e+00
2.779890146680527696e+00
2.804762025861562424e+00
2.821619081083464042e+00
2.823754854365469580e+00
2.841798170290253278e+00
2.855913008432727995e+00
2.887523479791839875e+00
2.897252974197879194e+00
2.915794122974652680e+00
2.930777759761462598e+00
2.939968144123188409e+00
2.952504253931838907e+00
2.965199056870578165e+00
2.974797314699046069e+00
3.055767533022021087e+00
3.119910429449214817e+00
3.130387712792520816e+00
3.170815507079625117e+00
3.186337584228013053e+00
3.216682674767300743e+00
3.240085414320840407e+00
3.261015845869128515e+00
3.293488444236713164e+00
3.319918945264676680e+00
3.333334428488494261e+00
3.347464876044933924e+00
3.354769515675539715e+00
3.369046450388528235e+00
3.375968482837332196e+00
3.375434541920985687e+00
3.382364425146985987e+00
3.393772310817634086e+00
3.408366511547516353e+00
3.421162184556082675e+00
3.433970998138147657e+00
3.431989665490528196e+00
3.433237275946306788e+00
3.445481847829021671e+00
3.449827328141464200e+00
3.454822404587805540e+00
3.450241852532593967e+00
3.447592654746782337e+00
3.446931019353661529e+00
3.445139676689178199e+00
3.454830693585626999e+00
3.475477583911139146e+00
3.483584130024132808e+00
3.477384399770111933e+00
3.485941847298523744e+00
3.482368441145026861e+00
3.477322805387893734e+00
3.483230807564805076e+00
3.486152907594282979e+00
3.492536757653797341e+00
3.482627112726214058e+00
3.472990861029985776e+00
3.479769707877575780e+00
3.479666584398386942e+00
3.485866392449702644e+00
3.485374966600065072e+00
3.485338535718343955e+00
3.490642354426587435e+00
3.492524343750484483e+00
3.482790633928154911e+00
3.480621817131967610e+00
3.481969659454790200e+00
3.486056172409556009e+00
3.486478445679334293e+00
3.479653257109784903e+00
3.476777902139925658e+00
3.476481192530065378e+00
3.481694749263982036e+00
3.480036148542617891e+00
3.479196111062104801e+00
3.483767532136047507e+00
3.491034543201062768e+00
3.497056236976314736e+00
3.499106140173932289e+00
3.501741734952460661e+00
3.507453483898048674e+00
3.503530951400239957e+00
3.500021022878535337e+00
3.500967275289335490e+00
3.503049770637919114e+00
3.514445273752566656e+00
3.518687118783874634e+00
3.507487042444310088e+00
3.505648747055771342e+00
3.499256193175712681e+00
3.508054069532168473e+00
3.513176643896307461e+00
3.513076946378312915e+00
3.513621315001636436e+00
3.505340535358852705e+00
3.505675029646963203e+00
3.509537562488870943e+00
3.513107855724419526e+00
3.513225338455467472e+00
3.511377202235939521e+00
3.517472622026522444e+00
3.512733566552503461e+00
3.517700339524263420e+00
3.505619102095613560e+00
3.514812464926786006e+00
3.520903025432812861e+00
3.516413839318880630e+00
3.512703661207970729e+00
3.504629975061269942e+00
3.507642613035593104e+00
3.510600820348170004e+00
3.506811641735574359e+00
3.511715514451223985e+00
3.511549913333510187e+00
3.513938333718885421e+00
3.516894424781805029e+00
3.524837773138037811e+00
3.533558202350400634e+00
3.539333634565977160e+00
3.540665489253179921e+00
3.542716279475430330e+00
3.539394718991776934e+00
3.548218839603486163e+00
3.553475018877118252e+00
3.557539949943116397e+00
3.557991152358674913e+00
3.556070454816303794e+00
3.562253152063982853e+00
3.570962940968816390e+00
3.568012312144548392e+00
3.573372666323366698e+00
3.585457453776958126e+00
3.588799884931014095e+00
3.595802189136484195e+00
3.593375888989423395e+00
3.603897818840672951e+00
3.615219996373562950e+00
3.617132364060649863e+00
3.629307435043017449e+00
3.638399930813623229e+00
3.641496494663428507e+00
3.648910183090113613e+00
3.647239880842359394e+00
3.653855145605845234e+00
3.658519608047042126e+00
3.664521699638317642e+00
3.675488147949757423e+00
3.690953828649953028e+00
3.700082074028289369e+00
3.709619759655436777e+00
3.722962344201553808e+00
3.732860513010518133e+00
3.749215506188853464e+00
3.762240116550636948e+00
3.769181514413733503e+00
3.772977192272525926e+00
3.776186971622893740e+00
3.782629551896643960e+00
3.781324081631627365e+00
3.778278004539386004e+00
3.781498779777845876e+00
3.788681423505494195e+00
3.784317910046562261e+00
3.791635179668255695e+00
3.799809557564342466e+00
3.791436684378153288e+00
3.800631134571775593e+00
3.786564806488227575e+00
3.793656578962795844e+00
3.802634882661159121e+00
3.811248338044217032e+00
3.814987150944311178e+00
3.805953355636184643e+00
3.810077798559380557e+00
3.821214519699816847e+00
3.833063545991505894e+00
3.841273388278004131e+00
3.846838233771206372e+00
3.857776196615195108e+00
3.873052335151656589e+00
3.883430953230489813e+00
3.889710896534287699e+00
3.897703938708859894e+00
3.907237029888928959e+00
3.913344303222670906e+00
3.927774385883570307e+00
3.944628844661378420e+00
3.952457311748941660e+00
3.957783329830280028e+00
3.970523894255946207e+00
3.973389392895974925e+00
3.986545879351250932e+00
3.996106820300823426e+00
3.996599547527915686e+00
4.003280059026874227e+00
4.006721894259666961e+00
4.007738015608614646e+00
4.014524708790777829e+00
4.022068561945585152e+00
4.026520556469449730e+00
4.030226381333061880e+00
4.036052448441930451e+00
4.037650917675785323e+00
4.038462342796965032e+00
4.051172658803048776e+00
4.073337391043254208e+00
4.084331822844843529e+00
4.105663720421927287e+00
4.125994975867061321e+00
4.131522872680919001e+00
4.137359670801967759e+00
4.152869439676202035e+00
4.160493034152763059e+00
4.164355818074143123e+00
4.183699429258103564e+00
4.204944431968005603e+00
4.223450223943802762e+00
4.224983830399187568e+00
4.236560866507686818e+00
4.239803781923128234e+00
4.244524967289510897e+00
4.262468680379654984e+00
4.270117568870672287e+00
4.279641302949278803e+00
4.285813918665899003e+00
4.286988263602562910e+00
4.290222748569290090e+00
4.297939577399354505e+00
4.294481121964126125e+00
4.293007117175805298e+00
4.301826665311437203e+00
4.300732831917048138e+00
4.305457689121789500e+00
4.313754221664401811e+00
4.309538964558197627e+00
4.311007059865632485e+00
4.320137494146067070e+00
4.324910511133658986e+00
4.329587433093707638e+00
4.335033184107556004e+00
4.340520159858339611e+00
4.349953577894416945e+00
4.358123048320296178e+00
4.370033965229725759e+00
4.377716372526396782e+00
4.382205682737446040e+00
4.388680661391291871e+00
4.390381632894014174e+00
4.398696424884433576e+00
4.406437014297392096e+00
4.409217728830303606e+00
4.406272342323072522e+00
4.406942170981352547e+00
4.396741045600585096e+00
4.379815261027034445e+00
4.375717754348050548e+00
4.372187209483453962e+00
4.368458413721941547e+00
4.371953284254868954e+00
4.382568818614449135e+00
4.385802398918736245e+00
4.392764808746799865e+00
4.398803786173065333e+00
4.400616086610896538e+00
4.395798133004448438e+00
4.399194198555297142e+00
4.401219694732547261e+00
4.383633333531984810e+00
4.388307767813507176e+00
4.389182904984506806e+00
4.385456905871027544e+00
4.388026348614188166e+00
4.386170364456358328e+00
4.387103358768885464e+00
4.389981501360553651e+00
4.392747266216673552e+00
4.394333242615574342e+00
4.396669784367202460e+00
4.408316258449533898e+00
4.407079976564845403e+00
4.407174162111060944e+00
4.410932986031649961e+00
4.400474187561613348e+00
4.360916235750551984e+00
4.348346657493808998e+00
4.341250525770223412e+00
4.331602550628416815e+00
4.313757107047760719e+00
4.287232219228912733e+00
4.271520517876152390e+00
4.272393351930627858e+00
4.272412754799653101e+00
4.257180122809549161e+00
4.253598875225353737e+00
4.253823125433454422e+00
4.248226902421687434e+00
4.248745741307823565e+00
4.247552312617651538e+00
4.251310178463910461e+00
4.248208537263176154e+00
4.260713326734889783e+00
4.279248283869680591e+00
4.278169640685772990e+00
4.288081871872527984e+00
4.291182139502943471e+00
4.290008417123495121e+00
4.306296952610360051e+00
4.306825943458673756e+00
4.301150208320116519e+00
4.295641187257612792e+00
4.292103459137698529e+00
4.278261529096916149e+00
4.277597061176136251e+00
4.251258667089046206e+00
4.252149955421724137e+00
4.243308352798378813e+00
4.234603657158096723e+00
4.205364331837724734e+00
4.205147427207635680e+00
4.212730890184986698e+00
4.199456077572358836e+00
4.192656111977027145e+00
4.183673486459380086e+00
4.180911805167800921e+00
4.177558823587226300e+00
4.177980131179395151e+00
4.165671673884181914e+00
4.154088626943941875e+00
4.158556714513549579e+00
4.134913338888285494e+00
4.133614587344456304e+00
4.144078042479404367e+00
4.184848596580445168e+00
4.201042013402480180e+00
4.182649370499423647e+00
4.196121837637948992e+00
4.201472631805835078e+00
4.233501513061233013e+00
4.249419610688160986e+00
4.251457020889046312e+00
4.252007433454024543e+00
4.270008957155741136e+00
4.275408812524078783e+00
4.279678950755413602e+00
4.282697109767970467e+00
4.281719133914875464e+00
4.283673117111971074e+00
4.288281680595035894e+00
4.293238566664197897e+00
4.295053169572637053e+00
4.294123696144900748e+00
4.312112089871767751e+00
4.313082788871414053e+00
4.315998574505622187e+00
4.319589937963552728e+00
4.318665732510486244e+00
4.320122124962715304e+00
4.325086359737288610e+00
4.330853082709388957e+00
4.336980142994318221e+00
4.350843912674148051e+00
4.361079565689362170e+00
4.379254969726678937e+00
4.390002586479921476e+00
4.408870060231055099e+00
4.452657800059250270e+00
4.458328316660423063e+00
4.464140096964063886e+00
4.464411484189892754e+00
4.477762796044191695e+00
4.490748664610252128e+00
4.502012026848253967e+00
4.506489373834530632e+00
4.510368009986020610e+00
4.513878923368882745e+00
4.524511079747864706e+00
4.535878935722795546e+00
4.534091202826789235e+00
4.546221501772182094e+00
4.512989159240603065e+00
4.506130093441463202e+00
4.501120398251953425e+00
4.502154353183139612e+00
4.520917625005322016e+00
4.531104920519777757e+00
4.524672514175470894e+00
4.516628175660758693e+00
4.493888295909687081e+00
4.461303758073142944e+00
4.430004294428434797e+00
4.399712115629269782e+00
4.389730305047661929e+00
4.385873288924046598e+00
4.319812361424179237e+00
4.235533940051971591e+00
4.214239457931561184e+00
4.181093277768963112e+00
4.126735840573542369e+00
4.059079143755141672e+00
3.975730248553227320e+00
3.887081418507557729e+00
3.829137901280230238e+00
3.827001229339232591e+00
3.811209157486916688e+00
3.765988128189535100e+00
3.732906380714408279e+00
3.732012965145176331e+00
3.702985514870567929e+00
3.697315805788955245e+00
3.691226951362414965e+00
3.695059078543055708e+00
3.691644928240704004e+00
3.671051446787239936e+00
3.667409093649611318e+00
3.653987018675710630e+00
3.630334125464869999e+00
3.607148222708625340e+00
3.569705142021505129e+00
3.539312172083130204e+00
3.495541866878668191e+00
3.433363048677938512e+00
3.394499729252029141e+00
3.320754825489058426e+00
3.258276522631122774e+00
3.186033786005891155e+00
3.116551076928174790e+00
3.078568786890413023e+00
3.086720625419670849e+00
3.037351342392442533e+00
3.032213078805010564e+00
2.966036812629928576e+00
2.916738962506324029e+00
2.867088802664142122e+00
2.864517443103559380e+00
2.829122757767669416e+00
2.764762625880146540e+00
2.776500113471827902e+00
2.799329071896696775e+00
2.822671019158772054e+00
2.834512907422312544e+00
2.838021842300894271e+00
2.822603882880755588e+00
2.864437830697700527e+00
2.929651208105886084e+00
2.908801181814116621e+00
2.918918459178165836e+00
2.994462338079523001e+00
3.014225806694834198e+00
3.083380749243577412e+00
3.142161413463765207e+00
3.139759318552191925e+00
3.136171142367111475e+00
3.142891639390207992e+00
3.185949468672955476e+00
3.188971298292965439e+00
3.191977975531694156e+00
3.216396181539306731e+00
3.201243017063761798e+00
3.202771775470206972e+00
3.210438492311417757e+00
3.183938688157654795e+00
3.197184273726341619e+00
3.195599818647531176e+00
3.207845315526803187e+00
3.225277253861014604e+00
3.215031459286556537e+00
3.245235290681322216e+00
3.273364332757014328e+00
3.313694512313531959e+00
3.352127560069148249e+00
3.416925109571461228e+00
3.481920638756625941e+00
3.518964690672826023e+00
3.572771913216156392e+00
3.616398765717899977e+00
3.672176061037636607e+00
3.695971848600636545e+00
3.744133343279886894e+00
3.756439311691345484e+00
3.791935613486119294e+00
3.798362106406909078e+00
3.844273302987013530e+00
3.814201034133749779e+00
3.849336023122022610e+00
3.919268250517638386e+00
3.892297886639116911e+00
3.903524752663541708e+00
3.914213791569548739e+00
3.922261586158866553e+00
3.922120493280382370e+00
3.963005914867899104e+00
3.982246448232757086e+00
3.989618316492115291e+00
3.957269487440710165e+00
3.979455105768233025e+00
3.961122911358496701e+00
3.977830115353287788e+00
3.956297255962242243e+00
3.958397598664518569e+00
4.001779993319686035e+00
3.990450412661643131e+00
3.966065696519382122e+00
3.966723907280977457e+00
3.993774352817552664e+00
3.992145099272423003e+00
3.990283312335026977e+00
4.007052360044110806e+00
4.016327114588221114e+00
4.041828012591207830e+00
4.046904695400051821e+00
3.992093758680954174e+00
3.994472456210993450e+00
3.998534505365910707e+00
4.001014057771510757e+00
4.042926887024809623e+00
4.044788562151702571e+00
4.044436172555477604e+00
4.060408405535792298e+00
4.060169450081213327e+00
4.061685969736756441e+00
4.061725843083442200e+00
4.034189353083228013e+00
4.033402613124586367e+00
4.053920257500314150e+00
4.051965696208911005e+00
4.051906045821511704e+00
4.053283899414856783e+00
4.051888280457369262e+00
4.083792021366931202e+00
4.125521282544676538e+00
4.124484445572398350e+00
4.138709288896629701e+00
4.141310540482352920e+00
4.142805052403745414e+00
4.174322650805415869e+00
4.169080439794800697e+00
4.165924012681851529e+00
4.166856120414394127e+00
4.169316201287919021e+00
4.163408224050336948e+00
4.164752382972252143e+00
4.192706891759144128e+00
4.233509952011376143e+00
4.230073197541442731e+00
4.256453870966918629e+00
4.285940670387138773e+00
4.321368033407017251e+00
4.324699962163433220e+00
4.325957182153109315e+00
4.363575864319493292e+00
4.364306801951994608e+00
4.364543393790738968e+00
4.363411144854939749e+00
4.366956611356204832e+00
4.366742113598796493e+00
4.365381540529115867e+00
4.360417075833810330e+00
4.353972149449637286e+00
4.354241681900917094e+00
4.405461345258976813e+00
4.405628830483933278e+00
4.402561281144565797e+00
4.404059236550116552e+00
4.409011311813242351e+00
4.412467812726727168e+00
4.414236409626433932e+00
4.405105505770034569e+00
4.405695260453701856e+00
4.404361249529803679e+00
4.404063635004676236e+00
4.426115973477797283e+00
4.432529365011434130e+00
4.437841558183375668e+00
4.437786452505787516e+00
4.433985770127068626e+00
4.431864783088144577e+00
4.430785665899842130e+00
4.437610925483362223e+00
4.442014046126098847e+00
4.430423205296539102e+00
4.448363294599794848e+00
4.446421224248382487e+00
4.448166293180579878e+00
4.449230798995980507e+00
4.450558738817823823e+00
4.452520570111532017e+00
4.454020855564392534e+00
4.454498618971527435e+00
4.457918664215460680e+00
4.457412059365061907e+00
4.463871875749885199e+00
4.464702490516708089e+00
4.461257232749889390e+00
4.459176770465430373e+00
4.458791390130944166e+00
4.456939219778620398e+00
4.455355388207208556e+00
4.451624159924967294e+00
4.452597301925260709e+00
4.454960005066355144e+00
4.451664474007172245e+00
4.455625364846810932e+00
4.456239389802920670e+00
4.456743986600204543e+00
4.455209994534579110e+00
4.458393454179044646e+00
4.459035713758626507e+00
4.456153554651661075e+00
4.460880903844788747e+00
4.463287485901870077e+00
4.464100729402983525e+00
4.463732187780742322e+00
4.459235748320452331e+00
4.457873031763305072e+00
4.467509348562299643e+00
4.462672907148264478e+00
4.465485172116467005e+00
4.462223380650494065e+00
4.470406693834138245e+00
4.472872153619521285e+00
4.471921931629305291e+00
4.469762510025529600e+00
4.471716627378955700e+00
4.476573984946492502e+00
4.483418929883739246e+00
4.488891215388909117e+00
4.488192613363005457e+00
4.480260836682595560e+00
4.493306284089054081e+00
4.493860009203821448e+00
4.496793765335167059e+00
4.493613776068070997e+00
4.490237784580668468e+00
4.494457364721638370e+00
4.496786650365329763e+00
4.499336679355847579e+00
4.490985864292174945e+00
4.492489225176883316e+00
4.493644470433059368e+00
4.490455977652224817e+00
4.483452688362437044e+00
4.478197586541368125e+00
4.483218749318000462e+00
4.479746866369731073e+00
4.476802275050828506e+00
4.478752924624342491e+00
4.477146238032005954e+00
4.482746178887961008e+00
4.480676487176970646e+00
4.480887995857804285e+00
4.472426758231001998e+00
4.469493292666680162e+00
4.468281975134996031e+00
4.473182962934563633e+00
4.476802276436437467e+00
4.483717681672291455e+00
4.486502118394466443e+00
4.486888065260346004e+00
4.486395662158281006e+00
4.485954347706976542e+00
4.487815960506516433e+00
4.489466865370276061e+00
4.489241019369926811e+00
4.489098745536804103e+00
4.496216999930322089e+00
4.499515557502272500e+00
4.505698739595612068e+00
4.508421843371611004e+00
4.506270823586050689e+00
4.494396140966289366e+00
4.493914483080622801e+00
4.493583644768417429e+00
4.495108854527074094e+00
4.483129159268913533e+00
4.482644500190461123e+00
4.489036922715448519e+00
4.486855926924852689e+00
4.485562914352419384e+00
4.486450331676420156e+00
4.485222073280294097e+00
4.495687013058251580e+00
4.494233532646794593e+00
4.496063395485166758e+00
4.497877360242188871e+00
4.496799065114693406e+00
4.487356341634578527e+00
4.489711733462264931e+00
4.490579793678253218e+00
4.492274907156573072e+00
4.496325865410402578e+00
4.506693771982678065e+00
4.504148347519096873e+00
4.506955221575975834e+00
4.501640685838344424e+00
4.499076358636278528e+00
4.501054857236626461e+00
4.505305538069423577e+00
4.507467327265597845e+00
4.511028703177686339e+00
4.513918842511652763e+00
4.515599940475826024e+00
4.511312793394629317e+00
4.514859148983531689e+00
4.509858830703029398e+00
4.508070421194410926e+00
4.506586014623527703e+00
4.504685931709491165e+00
4.506431776204939510e+00
4.502759607056090907e+00
4.498421211463809577e+00
4.501443785919470031e+00
4.501895202714857547e+00
4.508619168619355300e+00
4.505519228733964709e+00
4.504671024841999660e+00
4.504724893215111159e+00
4.505053912279481487e+00
4.512394805628058947e+00
4.521893351421355511e+00
4.523590759802997852e+00
4.525668213978817356e+00
4.537328710766488804e+00
4.537064850720335052e+00
4.537421870638127075e+00
4.535636212882442564e+00
4.536361908594698455e+00
4.537538102661106798e+00
4.540085025368988170e+00
4.542895809122107664e+00
4.542280467927998444e+00
4.541051226916807515e+00
4.537088110925662221e+00
4.532967316393246016e+00
4.537446076558507180e+00
4.554941822989646560e+00
4.554251091866698076e+00
4.557237777575054771e+00
4.558558616798298324e+00
4.559244039017867678e+00
4.564759337726556510e+00
4.564140518211748265e+00
4.562741613989092393e+00
4.572973569573752783e+00
4.573564959724865098e+00
4.571482151710162256e+00
4.570853296197567417e+00
4.571827689998539945e+00
4.573689840434751019e+00
4.571788196719682063e+00
4.573351732421222948e+00
4.570488987008777926e+00
4.572489120030958532e+00
4.573118528514578784e+00
4.577276882239304179e+00
4.580587302079955236e+00
4.581941644569068828e+00
4.582922617959527045e+00
4.592147707169269566e+00
4.591112667313658413e+00
4.591792906681119391e+00
4.586673567314009325e+00
4.590795652319659581e+00
4.590911038496721552e+00
4.585179274233070146e+00
4.578703935180092444e+00
4.580255889970286098e+00
4.581207329820179197e+00
4.579545275579160801e+00
4.580458258556168616e+00
4.579897462257426000e+00
4.577903866305425673e+00
4.576343831641820792e+00
4.579627158264605313e+00
4.578539978148111977e+00
4.581509700969443877e+00
4.584802417224105753e+00
4.584613202672569443e+00
4.584251608755996799e+00
4.586271597395167099e+00
4.588216887919527309e+00
4.589974407828041336e+00
4.592412207965201887e+00
4.590385191435124135e+00
4.594356644767020548e+00
4.591762846895598216e+00
4.590609724974934025e+00
4.591582656959518616e+00
4.591727216583027626e+00
4.588598284137326289e+00
4.587816054224956197e+00
4.587123067857134195e+00
4.586239578976829101e+00
4.588250330114205688e+00
4.592096064214571172e+00
4.587877955366782778e+00
4.585752756372619032e+00
4.581950822162924375e+00
4.586844044688856314e+00
4.589657643767639073e+00
4.590762010562872142e+00
4.588415483152357588e+00
4.584835638200577712e+00
4.586957175198864256e+00
4.588709541099279754e+00
4.585972481322528438e+00
4.583725060531925521e+00
4.584355731083729069e+00
4.585703014520458254e+00
4.587746254133601376e+00
4.589694785831254897e+00
4.584669622309107240e+00
4.584199068933375365e+00
4.588257254953026276e+00
4.596649881801228688e+00
4.597663568227520869e+00
4.598879978025413706e+00
4.598174494086872954e+00
4.599429769306214943e+00
4.598226996997895277e+00
4.595475025861853524e+00
4.597727346711401708e+00
4.595758128614124693e+00
4.597365513194299425e+00
4.596734740176454892e+00
4.592743064523094887e+00
4.586664215385322763e+00
4.586623371147937611e+00
4.590129293807695632e+00
4.591618291400020979e+00
4.590544287245077903e+00
4.589560273762669951e+00
4.590477722144865602e+00
4.586767748656507493e+00
4.585721807522485705e+00
4.586115328799738933e+00
4.586439819022683828e+00
4.588542906191563908e+00
4.583628799083643734e+00
4.585065798363285872e+00
4.585144024953368813e+00
4.589040625966969600e+00
4.587119427044725306e+00
4.592560921792520290e+00
4.595549665895563685e+00
4.599321312905036763e+00
4.599580286176902177e+00
4.596661503352323486e+00
4.596345981203168840e+00
4.597616498763849258e+00
4.598153520921953508e+00
4.598866813045669133e+00
4.592443948119342423e+00
4.592421287471983860e+00
4.595900180414584035e+00
4.595669963679672954e+00
4.596138551681307582e+00
4.595777481611949433e+00
4.593340588715930650e+00
4.596809861172156175e+00
4.597474141903025391e+00
4.596379974622202269e+00
4.596949291884085298e+00
4.597605741993862516e+00
4.597314896986821608e+00
4.597883413338278658e+00
4.599391408637605316e+00
4.604225669009709421e+00
4.605048543647660253e+00
4.605880335543691473e+00
4.604898075739519925e+00
4.606757725118378666e+00
4.605670751307274990e+00
4.606764920062604851e+00
4.609310408895669120e+00
4.613845638998864906e+00
4.617238933724216565e+00
4.611779878945804434e+00
4.610865724925821141e+00
4.609291150823392691e+00
4.608855273206732051e+00
4.608080321560111159e+00
4.607474907957254118e+00
4.610693204060243744e+00
4.611314860480465683e+00
4.606822049877402847e+00
4.611217129623295996e+00
4.612178670803976921e+00
4.611800726221209956e+00
4.614376907478427547e+00
4.611058704700162991e+00
4.611912569899358161e+00
4.607810744178316931e+00
4.606180596082074530e+00
4.604341694438832455e+00
4.607459144717505950e+00
4.603055646442013149e+00
4.603396737805883099e+00
4.600971282948832730e+00
4.602924881616592856e+00
4.602185202882623116e+00
4.602323856439610061e+00
4.602314994830360995e+00
4.599135675470024331e+00
4.599874906440703626e+00
4.603205628811893213e+00
4.603473287792617441e+00
4.604967295737352195e+00
4.605538138303256090e+00
4.606407565340779442e+00
4.607493118341449367e+00
4.609132833775944071e+00
4.603642273638479665e+00
4.602453922273690878e+00
4.603521875660535834e+00
4.598630059231529899e+00
4.593986965813608769e+00
4.594931235016582960e+00
4.597505027526759491e+00
4.596186055545191884e+00
4.593682566435074222e+00
4.599069484950143227e+00
4.599012676100813657e+00
4.597093154459098940e+00
4.599733762244627044e+00
4.603407929165747703e+00
4.604063979635140136e+00
4.603848668630110552e+00
4.609894649190929172e+00
4.607098475003645000e+00
4.607977110087922767e+00
4.611434307509759023e+00
4.607856659134008659e+00
4.609689460810542094e+00
4.611481640083322731e+00
4.607266350665520704e+00
4.609106017293422397e+00
4.606794718480234252e+00
4.605100459868890717e+00
4.606839491406351073e+00
4.604784026013065024e+00
4.607565933507480338e+00
4.612127931238434897e+00
4.610913054770073849e+00
