-7.294383806951830751e-01
1.054243263902441274e+00
2.526130538075499476e+00
5.941890826197937514e+00
9.511818322103271939e+00
1.647471707835000387e+01
2.261316858547182562e+01
3.210140780116061165e+01
4.323600835118214292e+01
5.308271251564544713e+01
6.331453941480771164e+01
7.353758181726334442e+01
8.117259780377057155e+01
9.106775720741192970e+01
1.009657595906898138e+02
1.089078602373101745e+02
1.120919234709763828e+02
1.125060625205463793e+02
1.198107556283919308e+02
1.219488091396786160e+02
1.234946618912631493e+02
1.264919696048388289e+02
1.275546649728565143e+02
1.269984036428973724e+02
1.302407526985666379e+02
1.302085221243814033e+02
1.334012062361160815e+02
1.372831124871276529e+02
1.375378950989018847e+02
1.392453655062859639e+02
1.445170242649967918e+02
1.432643138516220915e+02
1.433774508453744261e+02
1.426303737351418306e+02
1.437963008507586835e+02
1.431268637568747977e+02
1.423662259141064226e+02
1.464964119352186742e+02
1.478362927161235802e+02
1.520283131437101360e+02
1.549594352383020919e+02
1.584471669232402178e+02
1.626315674403774381e+02
1.626084894797558320e+02
1.652881672047833206e+02
1.679674095708072628e+02
1.672649515456867562e+02
1.662157918829416587e+02
1.653075450344941544e+02
1.642309984773694396e+02
1.640311865358393106e+02
1.650557337663750275e+02
1.630620727673912427e+02
1.620186819468753470e+02
1.624924619383654942e+02
1.623764902356982702e+02
1.635691209957583965e+02
1.645966414179003436e+02
1.667865430568043337e+02
1.679520427151656179e+02
1.691290190841300785e+02
1.713343437737789543e+02
1.721207426871495443e+02
1.723678056967066823e+02
1.732067810298930510e+02
1.736000697842433738e+02
1.762380756729713198e+02
1.766010630112472768e+02
1.786259364554882723e+02
1.809146339681087170e+02
1.824433139436633553e+02
1.836596415808271843e+02
1.829686683635884776e+02
1.822536224145052870e+02
1.826563309430816560e+02
1.827747604769859890e+02
1.829130706132719695e+02
1.821746745403941645e+02
1.813535006259105273e+02
1.796549269985018782e+02
1.817037058507208656e+02
1.845717666238263064e+02
1.875065625887138197e+02
1.888036862636056981e+02
1.891445841099849758e+02
1.911529423466101036e+02
1.924303304026749117e+02
1.969765268550637245e+02
1.972662811938899097e+02
2.015738563066510380e+02
2.037776611285652564e+02
2.037826810621099582e+02
2.036387572885155919e+02
2.051584596042033866e+02
2.044317733299051554e+02
2.071104792844629401e+02
2.063854652808624053e+02
2.048158273897047081e+02
2.042725704488890415e+02
2.069336040353622366e+02
2.099500413230412619e+02
2.123908376069390442e+02
2.155620802845735682e+02
2.196728038995655652e+02
2.180277499183511338e+02
2.224171940400981100e+02
2.261899835825115872e+02
2.267912808570086725e+02
2.296877607723809263e+02
2.295842898051789120e+02
2.303694853294515212e+02
2.354372795553470041e+02
2.337706486230330256e+02
2.363707222338166787e+02
2.392952961348929932e+02
2.399387420722427748e+02
2.396422042196828670e+02
2.440205983059851746e+02
2.425515219229224329e+02
2.454179604838541024e+02
2.416681938188233119e+02
2.468535620756679521e+02
2.503639712527049426e+02
2.542037267950278761e+02
2.587508114689933905e+02
2.656966792353583742e+02
2.747591375916354650e+02
2.745711019028196347e+02
2.809818147607462606e+02
2.890353765869040785e+02
2.977675402222582761e+02
3.077535830596910955e+02
3.143327834087092469e+02
3.227991300611802785e+02
3.268715452060978919e+02
3.322957152399100664e+02
3.362174508324811768e+02
3.448494439318466789e+02
3.502763844949843701e+02
3.527619676589932283e+02
3.646708094491428938e+02
3.733713042176943873e+02
3.811307967181818981e+02
3.805078572102430030e+02
3.824928333577468607e+02
3.877679417606585162e+02
3.882728954331176396e+02
3.932615119227322680e+02
3.976200329978719878e+02
4.135752571399479507e+02
4.135245332987088318e+02
4.252893543021135656e+02
4.320498153880216137e+02
4.359367925792196274e+02
4.417387034453723231e+02
4.542643025930073577e+02
4.648578896576274815e+02
4.700881527921333145e+02
4.753332706327135497e+02
4.808542071502811268e+02
4.857044384833540107e+02
4.997971473320183122e+02
4.922080916009861653e+02
5.034160648642338742e+02
5.066893178153191002e+02
5.084982252209192666e+02
5.147442551638253008e+02
5.070553623603105962e+02
5.103680983393681458e+02
5.126772677221000549e+02
5.087901462064326665e+02
5.104947443095598487e+02
5.129892644694174351e+02
5.112316914034365709e+02
5.073502979183264188e+02
5.080940810204564286e+02
5.136591785538621480e+02
5.180740278482251142e+02
5.255920995776939435e+02
5.348638368299210697e+02
5.372603961310102250e+02
5.524261150313209328e+02
5.439737738824936741e+02
5.587456588760397835e+02
5.688355712888030666e+02
5.766328820519602232e+02
5.779470973801434184e+02
5.815314192244549076e+02
5.798129312047034318e+02
5.813452565208334590e+02
5.917163246464293707e+02
6.054239988410599835e+02
6.079829961850988411e+02
6.290496058114084690e+02
6.269800617595388985e+02
6.357022450908859810e+02
6.368670353492213962e+02
6.532610021306270482e+02
6.530633354718129340e+02
6.489680831816298223e+02
6.615620498217728027e+02
6.645849842094125961e+02
6.565102358173609218e+02
6.663262013941208579e+02
6.726116900518525199e+02
6.694629384292450140e+02
6.658835555073227397e+02
6.644422604386012381e+02
6.669013196418643474e+02
6.766505774549279977e+02
6.773406474734989615e+02
6.864819677074450510e+02
6.821870535006906948e+02
6.645119641963860886e+02
6.678118759288028059e+02
6.676384393216701483e+02
6.705473936299860043e+02
6.746268732254208089e+02
6.609398722819216800e+02
6.493304169499267573e+02
6.455526553940111398e+02
6.589934350069045195e+02
6.520162349143998881e+02
6.560628438617343363e+02
6.606024963834080381e+02
6.574377650480587363e+02
6.505547797942847410e+02
6.588162101662501300e+02
6.754361065719436965e+02
6.801682760396527101e+02
6.849521808209190112e+02
7.029700344928735376e+02
6.975737990080120881e+02
6.938668799065598023e+02
7.043471996956548082e+02
7.049048328638413068e+02
7.201146968054330273e+02
7.347736632259818634e+02
7.245122309065309310e+02
7.295708670536738509e+02
7.394644418538505306e+02
7.393614963536855385e+02
7.475687569969061315e+02
7.710766541134419185e+02
7.734622703159751609e+02
7.699123191821464616e+02
7.602284361910592452e+02
7.513657672914922614e+02
7.622394232036047015e+02
7.779438541203122668e+02
7.893225474460731448e+02
7.991114928338555501e+02
8.006437690980039861e+02
7.806850009222508788e+02
7.889790188755147256e+02
7.917703833624261733e+02
8.027597716385853346e+02
8.207540383947849705e+02
8.397103540454018002e+02
8.529926124947828612e+02
8.611782363289180466e+02
8.722333064757987131e+02
8.953362127069347025e+02
9.128616718458212063e+02
9.304467290383661293e+02
9.172853112304937895e+02
9.187178528121555701e+02
9.190124146419367435e+02
9.196706494842841266e+02
9.389498876885612617e+02
9.376696594050011981e+02
9.575591129454400061e+02
9.422191116439942107e+02
9.626607465472379772e+02
9.690728954519270246e+02
9.782203789620501766e+02
9.911776847322478261e+02
1.003188373069282193e+03
1.006624598617354877e+03
1.021026745001845939e+03
1.022943310548012619e+03
1.009438346157332603e+03
9.927480749113984757e+02
1.007325528509641686e+03
1.002602082519714600e+03
1.008385381881621242e+03
1.004746195503046238e+03
9.956291582070206232e+02
1.012010811524666906e+03
1.011447970583523670e+03
1.001251519643381471e+03
1.012738047753509136e+03
9.908026031696651899e+02
9.884518759774176715e+02
9.764194568678624364e+02
9.925850997150486137e+02
1.006258330379649465e+03
9.984193213995214364e+02
9.946851395446401511e+02
9.911854621410020627e+02
9.913907330800644786e+02
9.964265694238657716e+02
9.785124084815876131e+02
9.809481640665394480e+02
9.807216180253038829e+02
9.797914715699721455e+02
9.896765256041799148e+02
9.708883210334264504e+02
9.731263909723354573e+02
9.807271719130397969e+02
9.942997128095699964e+02
1.012105086717004610e+03
1.022402099719816647e+03
1.034330427483610038e+03
1.042182519258185266e+03
1.047089905165317759e+03
1.034287850725580711e+03
1.030410406916394095e+03
1.025600700691494922e+03
1.009806052120372783e+03
1.008195938343911962e+03
1.022416959295160723e+03
1.012150370740715971e+03
1.021170090302843619e+03
1.002875626407298000e+03
9.938256449940095081e+02
9.805708309215286818e+02
9.884065268700450133e+02
1.002194327191566003e+03
1.004934868464050282e+03
1.008627734731115765e+03
1.028688511389803352e+03
1.037506774237318041e+03
1.040415300534591324e+03
1.054399934803880569e+03
1.064324259188876567e+03
1.080001390784936120e+03
1.071682707563782969e+03
1.087326215142928959e+03
1.099217229996154401e+03
1.098791487161634450e+03
1.100902859689473189e+03
1.112016142771369914e+03
1.125280506968319060e+03
1.137237643001129754e+03
1.142095992964993457e+03
1.144668959495500303e+03
1.162521509261303891e+03
1.150103263287103346e+03
1.167815437075872524e+03
1.180522777066712024e+03
1.176658828023426622e+03
1.161555415752121917e+03
1.181047838997130384e+03
1.200082714459244926e+03
1.212580271558035975e+03
1.208115578608930036e+03
1.212359588034419630e+03
1.222822173662338400e+03
1.219562179982121052e+03
1.244516940297301971e+03
1.261328115788046489e+03
1.282134087990576745e+03
1.296440150199450727e+03
1.315479908407587118e+03
1.320260691836818978e+03
1.325676160079976171e+03
1.315549693792194375e+03
1.315873315817730827e+03
1.286056229055913946e+03
1.291627179836721552e+03
1.293141680435573107e+03
1.286104446092794433e+03
1.277727183937387508e+03
1.295632360459323991e+03
1.303478387920832574e+03
1.296130288449793625e+03
1.295266985819454021e+03
1.282162352634406716e+03
1.257636638757364835e+03
1.265564923262151524e+03
1.259436398244257134e+03
1.261450990266133203e+03
1.248288062777418418e+03
1.235750880739079776e+03
1.227187152752100701e+03
1.224669263961362958e+03
1.218112399518257916e+03
1.213712660969453054e+03
1.214527004476852426e+03
1.207090878685827192e+03
1.199362291409360523e+03
1.176441505008266631e+03
1.187749218615610062e+03
1.183719368562627551e+03
1.183496116575567385e+03
1.184028789987192795e+03
1.183477755050580527e+03
1.197731083768359213e+03
1.206599385521935801e+03
1.213904818450698713e+03
1.217873358578019406e+03
1.224525063847783031e+03
1.230000145961661246e+03
1.232991211143748160e+03
1.249461555870408574e+03
1.235932699029996456e+03
1.240588870529625638e+03
1.247293069991071434e+03
1.222317415553573028e+03
1.239805402469340379e+03
1.252991945451861739e+03
1.269421559498188344e+03
1.280631233332068405e+03
1.296915211587277099e+03
1.291476629426157388e+03
1.302829377319849527e+03
1.291702954915299415e+03
1.296970738247962572e+03
1.303437695093214188e+03
1.318490478802304324e+03
1.332891868142022531e+03
1.336801814329332501e+03
1.353678172738672629e+03
1.356588697042390777e+03
1.364433908846181112e+03
1.384490951181461469e+03
1.383722653131356310e+03
1.371844806722449903e+03
1.381013901820080946e+03
1.378646503209149614e+03
1.372674771543148154e+03
1.388614988841937929e+03
1.397990551783741012e+03
1.379462761909438996e+03
1.387041847580208923e+03
1.387287629021662269e+03
1.386555983083033880e+03
1.387594711995458965e+03
1.393496518875902211e+03
1.363951068975645512e+03
1.372155061785465023e+03
1.381137595587073292e+03
1.388849109767471191e+03
1.371514421159062294e+03
1.372521285706364324e+03
1.366165913961996466e+03
1.374897268971873473e+03
1.379734227412147447e+03
1.382992724829938197e+03
1.377841401671638778e+03
1.377972869125847865e+03
1.374956919205815666e+03
1.379193545915994719e+03
1.386279608228645202e+03
1.372200902126302935e+03
1.392840847975984161e+03
1.390202897265938191e+03
1.398220734222660212e+03
1.393653153214283748e+03
1.394550138541693514e+03
1.404454483501337563e+03
1.410139263981438944e+03
1.409063606962462700e+03
1.396367924674003916e+03
1.411568967351777474e+03
1.411603740472474556e+03
1.400928158075239025e+03
1.394847602997428567e+03
1.402782602447954787e+03
1.411702697900959947e+03
1.436204118377888335e+03
1.412478528279272496e+03
1.421894953829603537e+03
1.398639602798640453e+03
1.406491614171394303e+03
1.405796702834026291e+03
1.405823516034257409e+03
1.402093069288104061e+03
1.415938646411595755e+03
1.415554657349145828e+03
1.415952860088665375e+03
1.421266180991516421e+03
1.426898823055892535e+03
1.443605132829553668e+03
1.448759676612206704e+03
1.447945727220110712e+03
1.452654130203961586e+03
1.452081060699005548e+03
1.450012590803342164e+03
1.447431021432239277e+03
1.449710590852944961e+03
1.428027017256617455e+03
1.422845501214668957e+03
1.428643705378232426e+03
1.433721268419038779e+03
1.407999227828503535e+03
1.392097717426058352e+03
1.336875014174771195e+03
1.309196213378029825e+03
1.305157556440338340e+03
1.319569625071935661e+03
1.307459584884517426e+03
1.313969116112804386e+03
1.323387007083763592e+03
1.341886942651831987e+03
1.318913888391336741e+03
1.325229249373392122e+03
1.325477836768919133e+03
1.326740854411002147e+03
1.327880912195188102e+03
1.337341867445425123e+03
1.316446399352177195e+03
1.308183843381463703e+03
1.292892146124274177e+03
1.291751881176827737e+03
1.294834223569453343e+03
1.270777730610995150e+03
1.263526987342359689e+03
1.269330592496593226e+03
1.258440474020521606e+03
1.251777737563030314e+03
1.268206961657899456e+03
1.256273402038641962e+03
1.257560908198030120e+03
1.252859114337205938e+03
1.256814326719584642e+03
1.274178371991806898e+03
1.263968531601770337e+03
1.264899010245277395e+03
1.252633594088410973e+03
1.244717888717807682e+03
1.277809462216623615e+03
1.272997842942913621e+03
1.296656736311708755e+03
1.314384465654976111e+03
1.296889341094557039e+03
1.295714175280467998e+03
1.298234487976377068e+03
1.298910267795324671e+03
1.274564217025289508e+03
1.281363652979107655e+03
1.263708434523142159e+03
1.271582575711966456e+03
1.273448884530341957e+03
1.281601503255863463e+03
1.281441786169172019e+03
1.288780059618343103e+03
1.306020898234508195e+03
1.303988626964745436e+03
1.322083499164314617e+03
1.317339471744906632e+03
1.331275143805841708e+03
1.339034895627939477e+03
1.350333969166859106e+03
1.357621314922046395e+03
1.341971728702558721e+03
1.344160277444034364e+03
1.349452165288591914e+03
1.343945324008267789e+03
1.343113828603583670e+03
1.316776479392415240e+03
1.284180535034694458e+03
1.295174722477650676e+03
1.306071526378048702e+03
1.307913853065746707e+03
1.326525689292937841e+03
1.318713629684586749e+03
1.307827997736815178e+03
1.314138358368429181e+03
1.326480438372597291e+03
1.313993699301942343e+03
1.327798537304569436e+03
1.329112113380960182e+03
1.324158636520528489e+03
1.346714818987654780e+03
1.349804243260152589e+03
1.347532746335570209e+03
1.364646004264504654e+03
1.371734972105688257e+03
1.395904129812879546e+03
1.395177817970346268e+03
1.409561643349823498e+03
1.407679169928584315e+03
1.405076587728161485e+03
1.397234491771762805e+03
1.398201776364418720e+03
1.408630904119291699e+03
1.406808715546824715e+03
1.410389361379183583e+03
1.412742331562390518e+03
1.407352128536517512e+03
1.390066107401403087e+03
1.373842307107493070e+03
1.385937671949542164e+03
1.361469760389008798e+03
1.361032980917639861e+03
1.373537080666536895e+03
1.392557085138309048e+03
1.417565463586678561e+03
1.436304968527097117e+03
1.427111304173350618e+03
1.423776898327993422e+03
1.423492232887116188e+03
1.437386703192740924e+03
1.423125439527713979e+03
1.418399245941717709e+03
1.401114347606838010e+03
1.413982375288810545e+03
1.431699131910034339e+03
1.419410828450188319e+03
1.412723173601040344e+03
1.418742233090480113e+03
1.425907491551226940e+03
1.446090635672076360e+03
1.429142904827857365e+03
1.425736709318106250e+03
1.422500059469091866e+03
1.410074068721311733e+03
1.413446226014254989e+03
1.404320792862630014e+03
1.397963928691261572e+03
1.389057655120805748e+03
1.370840938910766454e+03
1.375409895072566542e+03
1.346161424653264476e+03
1.327441225841078221e+03
1.329020860876707275e+03
1.336444666122430590e+03
1.354120840024161453e+03
1.351809843697027191e+03
1.341587271409676077e+03
1.360943269515618113e+03
1.342089941652906646e+03
1.327913417975007860e+03
1.308416130910739412e+03
1.320802141469553362e+03
1.339151407316243194e+03
1.339120239664711789e+03
1.328255359583981090e+03
1.343110332098044182e+03
1.338182393877485993e+03
1.350099616469207604e+03
1.349346666635429074e+03
1.348336731981665707e+03
1.354427296136436553e+03
1.358702071188680748e+03
1.371338772994990222e+03
1.369491086426639413e+03
1.378339672713700566e+03
1.379451343973337771e+03
1.379713202268038913e+03
1.394905563410313107e+03
1.409586452561654141e+03
1.402910701163427802e+03
1.400423258687405678e+03
1.390089722618347650e+03
1.386718254089350012e+03
1.380040365229356439e+03
1.395387820556438783e+03
1.395071256742899777e+03
1.393296181277170945e+03
1.408387379202096099e+03
1.428277581132243995e+03
1.439144060811954660e+03
1.441752441346088290e+03
1.448186825650639094e+03
1.449648268805531870e+03
1.464452206046261381e+03
1.452555456662090364e+03
1.471925804726703291e+03
1.453458085950606801e+03
1.474272138162668170e+03
1.477095795016398824e+03
1.469988850032586697e+03
1.464455911181390775e+03
1.473693835267873283e+03
1.459832637788171724e+03
1.488262883615361943e+03
1.472455325287087135e+03
1.499634575726913454e+03
1.491139576753345636e+03
1.496555686234604536e+03
1.508418430640324686e+03
1.523881785580064161e+03
1.528452568697653987e+03
1.516999330005093270e+03
1.516130013124884954e+03
1.512688981632768218e+03
1.498176843894633976e+03
1.479002118479590081e+03
1.439398301028341166e+03
1.442011011270177733e+03
1.448421707911051044e+03
1.461236826035373269e+03
1.445458365865188625e+03
1.439323407938807804e+03
1.461332472386459131e+03
1.456609275694073858e+03
1.465520412618741602e+03
1.460487017725048872e+03
1.446773677983978814e+03
1.453889023521905756e+03
1.442029869095666527e+03
1.446604656361362686e+03
1.429493390049134860e+03
1.428668312039814509e+03
1.434348082991051569e+03
1.432025227030475435e+03
1.440594974380830308e+03
1.440869244746615323e+03
1.446624440218330392e+03
1.442773056117667011e+03
1.456066661827570442e+03
1.468773219248803116e+03
1.450998494295899036e+03
1.471833322215416729e+03
1.472963930193473971e+03
1.479305129744864644e+03
1.475207093136950562e+03
1.479127101817100765e+03
1.485716055821454120e+03
1.481115457371010280e+03
1.480604759235999609e+03
1.470584086360399397e+03
1.483464480565776739e+03
1.488971978782740962e+03
1.481906087927679664e+03
1.471834166313300557e+03
1.483128778421056040e+03
1.483699377480010980e+03
1.480441735870959747e+03
1.484506597273695434e+03
1.477861173395656124e+03
1.485195380652852691e+03
1.485618340448491153e+03
1.507256591542222850e+03
1.511148055618144554e+03
1.507454730351422995e+03
1.504989332883237239e+03
1.509035455635838389e+03
1.522985119346582451e+03
1.521061788842346004e+03
1.528595047613751603e+03
1.530469525673808903e+03
1.518453389715567482e+03
1.528744589619075896e+03
1.547165792245132707e+03
1.528995285457816408e+03
1.518707782688817815e+03
1.520221108968340786e+03
1.520376663864655939e+03
1.512037040448395601e+03
1.501794697747225655e+03
1.509729965326079764e+03
1.530853448449004418e+03
1.530710617440918895e+03
1.530104131210079458e+03
1.524413270961739272e+03
1.514884419318889513e+03
1.504073506563870751e+03
1.500836221514075305e+03
1.483464433535170429e+03
1.475391488067388991e+03
1.473581054453968818e+03
1.471688491716028011e+03
1.483162757791332751e+03
1.488388661236399685e+03
1.495989895729456975e+03
1.502221117682311160e+03
1.506157483581285305e+03
1.510081647085673694e+03
1.511602491985075176e+03
1.496454051391871189e+03
1.492733352345426965e+03
1.491825881311499870e+03
1.493633799169506801e+03
1.500760013299764751e+03
1.507505336690576996e+03
1.521394862937026119e+03
1.521142748451120497e+03
1.496190751037179098e+03
1.489882901860356014e+03
1.497683631813567445e+03
1.499198564596291590e+03
1.494525484034273632e+03
1.485046860938376085e+03
1.503001044699646627e+03
1.503252178278048632e+03
1.518789026906037861e+03
1.529773873692535290e+03
1.511019361681427199e+03
1.492008113729184515e+03
1.492873021331777636e+03
1.472531397193622297e+03
1.457153640169480241e+03
1.437995987624546615e+03
1.435616818975033311e+03
1.442174275034938091e+03
1.449916339944516722e+03
1.448262214726800721e+03
1.452190162366440745e+03
1.433945440596830849e+03
1.440052108975397914e+03
1.441316396197685890e+03
1.458671956600191152e+03
1.442531421744480213e+03
1.445446809657297308e+03
1.458940514313609128e+03
1.462153689786479617e+03
1.459586138967503757e+03
1.455991033806999667e+03
1.458366335416820448e+03
1.461258621759857078e+03
1.462766411209247963e+03
1.463694578947609898e+03
1.448590908878576556e+03
1.440275658046093895e+03
1.439578283721680691e+03
1.437419808130498268e+03
1.448486030879913415e+03
1.424513799598173364e+03
1.400612718366375475e+03
1.401615666728022688e+03
1.398758894827730046e+03
1.388296260267889693e+03
1.362561433952536845e+03
1.368127417689223876e+03
1.378651332706907397e+03
1.402123821623505819e+03
1.403143388814695072e+03
1.390800058327845136e+03
1.399556982101570384e+03
1.405821105724731069e+03
1.432243628918850845e+03
1.437457327653888569e+03
1.436406347045376606e+03
1.424469006569958310e+03
1.420899873489707034e+03
1.438353086308932461e+03
1.442562791286605261e+03
1.445850503914474757e+03
1.438607878403999393e+03
1.432326738174586808e+03
1.428242656605607408e+03
1.426198679675242374e+03
1.430164017600675834e+03
1.429615057615094429e+03
1.440557699761105823e+03
1.448546988609532491e+03
1.457531163484744866e+03
1.464258174318230658e+03
1.464991255151217729e+03
1.465140422103028868e+03
1.463759732780506283e+03
1.466116050157873360e+03
1.454608338385246725e+03
1.470152488503925269e+03
1.469203167576185479e+03
1.478761618292235880e+03
1.502617898237007921e+03
1.510039036621323248e+03
1.529402508098906537e+03
1.523382068586076230e+03
1.520304530296241637e+03
1.533602735191109559e+03
1.528105914668507694e+03
1.539317327121304970e+03
1.549749488672926191e+03
1.548898925752968125e+03
1.534351557864542428e+03
1.538604877911460107e+03
1.538129994089174488e+03
1.537681103102397174e+03
1.545525046785094901e+03
1.550620714361747332e+03
1.527314582966119360e+03
1.545495325345494848e+03
1.556100921037474791e+03
1.564347882160347126e+03
1.563753315351607398e+03
1.575181766293961346e+03
1.573635837659432127e+03
1.580286122577074366e+03
1.580239398483463674e+03
1.595332954179355283e+03
1.607427508577915660e+03
1.610728821770000877e+03
1.609928039675701484e+03
1.602940929023995977e+03
1.601850375104636214e+03
1.607614374298516850e+03
1.601200037843776727e+03
1.606077650517449456e+03
1.600406956799829686e+03
1.613415428230607631e+03
1.612849780444021462e+03
1.623592310283748020e+03
1.618290716910068795e+03
1.597746113998246756e+03
1.611056703780667704e+03
1.604887850941609258e+03
1.597738401546485647e+03
1.593005372440658675e+03
1.605031694075173846e+03
1.612797909199258811e+03
1.612219033326906583e+03
1.595681461170544026e+03
1.614688325416129601e+03
1.616544966867909807e+03
1.624158285754080225e+03
1.625229427205473257e+03
1.637126298158415693e+03
1.633380973401270467e+03
1.637804287182488679e+03
1.651100752612235965e+03
1.650631124000258751e+03
1.633083518085310970e+03
1.620661968964500375e+03
1.634219161119426190e+03
1.617597528918062380e+03
1.620163727497411628e+03
1.621468777421454433e+03
1.612836929156132101e+03
1.613270274525068544e+03
1.601728086179287629e+03
1.596733503325329139e+03
1.596932881303019258e+03
1.589018029050437690e+03
1.559271381312751373e+03
1.570300861307367995e+03
1.554390791219695757e+03
1.539462314397597993e+03
1.550020511710691608e+03
1.541651432282711312e+03
1.529638931833353126e+03
1.512444626507187877e+03
1.504455373063262414e+03
1.521105080075733667e+03
1.524916801043006217e+03
1.527607455390274481e+03
1.536934274648739574e+03
1.540830013004138664e+03
1.512374054539903682e+03
1.492536479349867705e+03
1.507040088344872402e+03
1.510271239856419925e+03
1.510747630559753361e+03
1.500388589168622048e+03
1.493069893951352469e+03
1.485799632504392093e+03
1.478528725119294904e+03
1.490420615475343084e+03
1.487932566103630734e+03
1.463546768903946713e+03
1.473495293335501856e+03
1.461949298639351582e+03
1.462439533683383161e+03
1.454616477172325858e+03
1.453267996071334437e+03
1.426412254986609696e+03
1.435316432583690812e+03
1.437787216303706828e+03
1.415276356849849662e+03
1.414696931699035076e+03
1.416637543915650213e+03
1.421836710503136601e+03
1.440245267356976456e+03
1.439747934160021487e+03
1.428315511536693066e+03
1.443379962852044855e+03
1.428213575299930199e+03
1.431092689342405038e+03
1.443880709913874398e+03
1.448519088651357379e+03
1.473133046622892834e+03
1.454389296351891744e+03
1.455400243089404512e+03
