-4.603771112690582812e-02
2.034642632500375803e-01
5.311327312551550328e-01
1.055152049307710449e+00
1.884999170296256077e+00
2.528085343634833837e+00
4.458923591500513872e+00
5.729815622030954181e+00
7.859638922651282833e+00
1.021314984841238527e+01
1.243342441143833099e+01
1.443452107924275118e+01
1.655076108416342962e+01
1.864007585528146294e+01
2.038196992883120373e+01
2.263477817612337617e+01
2.305102917971890264e+01
2.386849798349801333e+01
2.480255133211905871e+01
2.490057071593711058e+01
2.487169964495189234e+01
2.508642395887223842e+01
2.590760230587315505e+01
2.642517025952766829e+01
2.677069304743854161e+01
2.816279584130381508e+01
2.888923547113238399e+01
2.959183540658325384e+01
3.034645859565572579e+01
3.110247349827581687e+01
3.179766025374369676e+01
3.334453922382917312e+01
3.392099187144897599e+01
3.412188950082364869e+01
3.440490647718349493e+01
3.430765646141556147e+01
3.469138473877759310e+01
3.525336299711099741e+01
3.577615867290028007e+01
3.619383369155113428e+01
3.711439281924705824e+01
3.727679725163989843e+01
3.734338019813034748e+01
3.815950194954506713e+01
3.936493863608607313e+01
3.914277983923886950e+01
3.877495488118197642e+01
3.884434192058265722e+01
3.874499497647568091e+01
3.864874637224296805e+01
3.866513524862725149e+01
3.853748905351712750e+01
3.839827391271138168e+01
3.790623752444334826e+01
3.809610782868051615e+01
3.796172877003562718e+01
3.870629092379035541e+01
3.958424636693579401e+01
3.973479968930109152e+01
3.904097450007143522e+01
3.970749366259340007e+01
3.973927072570554486e+01
3.947754188608640646e+01
3.907356622000779822e+01
3.852473017263544364e+01
3.900925317469038589e+01
3.967326124914623620e+01
3.947213513115383421e+01
3.951046068496511765e+01
3.963323558449926765e+01
3.990837007228295619e+01
3.937770232951756810e+01
4.024107042260500577e+01
4.158963227416015229e+01
4.156598095813793492e+01
4.251499198277262792e+01
4.260156671328243760e+01
4.355503432250387874e+01
4.414113222984751417e+01
4.534219843564541463e+01
4.642493071016261297e+01
4.752380313054807459e+01
4.954261432798325870e+01
4.989622915919597546e+01
5.083727330671194977e+01
5.158320754548699938e+01
5.308677360931402234e+01
5.412211119905219903e+01
5.474411132898315202e+01
5.617330643386499389e+01
5.765100138415407116e+01
5.782431182519235335e+01
5.811609083996712144e+01
5.870534029252303299e+01
6.017229661118751949e+01
6.089382517651507243e+01
6.216237703467276532e+01
6.487627231771784864e+01
6.679792289268830530e+01
6.846393895468568758e+01
6.988694260713739936e+01
7.176347735988424859e+01
7.245191521370730925e+01
7.378183981421371129e+01
7.429675995708969083e+01
7.549622596483845882e+01
7.748774583616301470e+01
7.823186236947738337e+01
7.894048979052328718e+01
8.103918904343275642e+01
8.192389138067623833e+01
8.282097736328105952e+01
8.317514961778314841e+01
8.387520434078193432e+01
8.438650909792683308e+01
8.527264015701166500e+01
8.617355060030375569e+01
8.658402865078394939e+01
8.591332922896434354e+01
8.738831705129112493e+01
8.868210170796862712e+01
8.768265969478562738e+01
8.654936189772257649e+01
8.757915148518696924e+01
8.807731146503452635e+01
9.008803438638351224e+01
9.055219211206163266e+01
9.081661949132396217e+01
9.185543425011272234e+01
9.266091400211470841e+01
9.255442213300692345e+01
9.259222131642380305e+01
9.041863549497674057e+01
9.144469371617124409e+01
9.252852451346083740e+01
9.501069803804062985e+01
9.561832341081304776e+01
9.614335269284345031e+01
9.608929622494017053e+01
9.799095492888707781e+01
9.973791051908565919e+01
9.997112312368361131e+01
1.000254908805677019e+02
1.002247981199650724e+02
1.009137227811589241e+02
1.013090160708041338e+02
1.012687933456757889e+02
1.018923353409935828e+02
1.031625544402642163e+02
1.040697275778465496e+02
1.054232119913900192e+02
1.056229298622125299e+02
1.060926752559425950e+02
1.042243506427709008e+02
1.056549090128299326e+02
1.049892535403465104e+02
1.049572308287042119e+02
1.047993136408875756e+02
1.043760739896893455e+02
1.048878161582800743e+02
1.052914496766161960e+02
1.038064125734788803e+02
1.030545850295225989e+02
1.027550026523261124e+02
1.013078724213055040e+02
1.012105748656776854e+02
1.017859673175420170e+02
1.022695132223670100e+02
1.020968967764768394e+02
1.010697080343664140e+02
1.030157123445444824e+02
1.012286156279398028e+02
1.024113105573738380e+02
1.045742410457628040e+02
1.050201798145169221e+02
1.061331589961546342e+02
1.063059505424492102e+02
1.069263903948976804e+02
1.063988797602283256e+02
1.088694547820709460e+02
1.084138716998062932e+02
1.090222095194572773e+02
1.099124935144119206e+02
1.101123793428994730e+02
1.105345442599784604e+02
1.111509555375626377e+02
1.122876444532561919e+02
1.119804463267832801e+02
1.114318028239974296e+02
1.122599371209698091e+02
1.125976468800489556e+02
1.119770829213444614e+02
1.133065612830822602e+02
1.136856684398122326e+02
1.133093482892993649e+02
1.127494806927684152e+02
1.145279874608366697e+02
1.162042792431803377e+02
1.174974414063357528e+02
1.211519875107741200e+02
1.219954004291642349e+02
1.237355318045445358e+02
1.243575595011415373e+02
1.256289346760861605e+02
1.257960035117674238e+02
1.285100831359878839e+02
1.294470784632547407e+02
1.285284835310399387e+02
1.287673961824963271e+02
1.287762734882090854e+02
1.293228732155560010e+02
1.313617123434909217e+02
1.319590487660842939e+02
1.329922548688162465e+02
1.344743923984354410e+02
1.361923774515262551e+02
1.392006082404062965e+02
1.414168050458951882e+02
1.431459390605875797e+02
1.439461463038901741e+02
1.454698727984214486e+02
1.437528127690938788e+02
1.423884645984196879e+02
1.431506794943049954e+02
1.454599105561035515e+02
1.472145602882884532e+02
1.468614523279460400e+02
1.443329023161271607e+02
1.461904525254368536e+02
1.463962549266432802e+02
1.460034066688419045e+02
1.472046653610458975e+02
1.474608108510789464e+02
1.477394425677380525e+02
1.475974346229810976e+02
1.440951192084739887e+02
1.455627979789714743e+02
1.447206086973760364e+02
1.446100752675161232e+02
1.449277565567335557e+02
1.462396425487230545e+02
1.442831966929615817e+02
1.410330663493345185e+02
1.413315704578222096e+02
1.443272891517855783e+02
1.478945162459584992e+02
1.496742447085528340e+02
1.501733922886429582e+02
1.504984149524201484e+02
1.505921731577254548e+02
1.519331061498359361e+02
1.490698474931687940e+02
1.481403131774313238e+02
1.487128942221229693e+02
1.513179722561193898e+02
1.511791601868279429e+02
1.532508095367821852e+02
1.550584111641693141e+02
1.571237181138333199e+02
1.606718312974404625e+02
1.599187501523943808e+02
1.598902293282057201e+02
1.589272533517906822e+02
1.595853320835762190e+02
1.569768176066794751e+02
1.590360416281967844e+02
1.580282782424336858e+02
1.590214163446801194e+02
1.572285894178074841e+02
1.549187142934697192e+02
1.520246354804980058e+02
1.531251193413461067e+02
1.577672168639679455e+02
1.588680978670498121e+02
1.598766411736446287e+02
1.597499628619500527e+02
1.632756976113703331e+02
1.637275929008675064e+02
1.628353483819793439e+02
1.651657675963076599e+02
1.647157089839682840e+02
1.660043388157533855e+02
1.664784601345943145e+02
1.669338834891127021e+02
1.660764702583466601e+02
1.714344382000225266e+02
1.731615575412355952e+02
1.753955326061453945e+02
1.788876789873516771e+02
1.787483286383001087e+02
1.812393966750798029e+02
1.819070081673701509e+02
1.859240081958679127e+02
1.859550985020979681e+02
1.867892765889259010e+02
1.863658931867231843e+02
1.860360728314790606e+02
1.844088063771658312e+02
1.857074488238938557e+02
1.825814996561793180e+02
1.828746333715988897e+02
1.827096258587933448e+02
1.829622511896525339e+02
1.844244774386512233e+02
1.847717673537737824e+02
1.884595538948990736e+02
1.881325011263199940e+02
1.851840919771933898e+02
1.872157376379647360e+02
1.869404306875610473e+02
1.855064670470009389e+02
1.860399857131890258e+02
1.834971313595389120e+02
1.837019477013629398e+02
1.820516400352093171e+02
1.838589208063675073e+02
1.815383602245508143e+02
1.760317741340893178e+02
1.746455509083611446e+02
1.761148774297171258e+02
1.792032509530345976e+02
1.785898122482596477e+02
1.782771907038919608e+02
1.790253763793722044e+02
1.773539064843784843e+02
1.741270822373462295e+02
1.751288452280963952e+02
1.738840763814364152e+02
1.736940116671748910e+02
1.772434854262460533e+02
1.778205979206796599e+02
1.799193788475649001e+02
1.805908742991508973e+02
1.815583334422452708e+02
1.784463975520889960e+02
1.729876233231699700e+02
1.731451126293049185e+02
1.757789440887380294e+02
1.745144601548664696e+02
1.753165028378919033e+02
1.736529094435225034e+02
1.736758977891869336e+02
1.747985856837194945e+02
1.777241203908823195e+02
1.791865161090745744e+02
1.794408767035995425e+02
1.799100483148907870e+02
1.801737992436788431e+02
1.808192505722689134e+02
1.839569211888027098e+02
1.853985394273841791e+02
1.866466412412400189e+02
1.877709200447096407e+02
1.888401809419869153e+02
1.921916648442442295e+02
1.943684941412491014e+02
1.954285209654008213e+02
1.875130711616529027e+02
1.853525349756299931e+02
1.853883760453574610e+02
1.860683506396293865e+02
1.868080900028987514e+02
1.892045329641990747e+02
1.898376354899881733e+02
1.869865016542346439e+02
1.861614906703357804e+02
1.804898021827729906e+02
1.820638916558496305e+02
1.856293169969906671e+02
1.859702290385459378e+02
1.845223614788899908e+02
1.864410625854319505e+02
1.871301050272240616e+02
1.839514252851892593e+02
1.837840777543411264e+02
1.844641135216793089e+02
1.837261012326180207e+02
1.821535411941625284e+02
1.815388679938898804e+02
1.810474766453504003e+02
1.806019869827509012e+02
1.795695367828552946e+02
1.768851110596958733e+02
1.794602873486881549e+02
1.834778291046931145e+02
1.865356791823264189e+02
1.879474982717555065e+02
1.889236304909993009e+02
1.914062501432841259e+02
1.936856197443995597e+02
1.951048059662903995e+02
1.942392395045140461e+02
1.964475116075868470e+02
1.982487654195267908e+02
2.021288302775363377e+02
2.010107440082974506e+02
1.985860331589279326e+02
1.993921053164065995e+02
2.017883238184425068e+02
2.020527091261908197e+02
2.000695082699764953e+02
1.992752636355952802e+02
2.035707078908066308e+02
2.046510668238326218e+02
2.084802630776695764e+02
2.110893940573489544e+02
2.119051851497395944e+02
2.112386099735160769e+02
2.126971108201755385e+02
2.150958252549737040e+02
2.129201898721742623e+02
2.126102475564268843e+02
2.152831091681520377e+02
2.211418083613289411e+02
2.177337648233108212e+02
2.167476204641481274e+02
2.146242514610574403e+02
2.127045444028286454e+02
2.095246942473398235e+02
2.095575044346564084e+02
2.101476143956025737e+02
2.091892810461996248e+02
2.083751417737390170e+02
2.050469452908338326e+02
2.053429962179659469e+02
2.060996834321755955e+02
2.057814631429569658e+02
2.006723262863413311e+02
1.985305979498866407e+02
2.022921455445578260e+02
1.988875803901462120e+02
1.947745619077113304e+02
1.898951923279966252e+02
1.889911067149536734e+02
1.921933785835167612e+02
1.909744604393322049e+02
1.912223193915781678e+02
1.932145392183339538e+02
1.947441057670452835e+02
1.934886481626491559e+02
1.896497063881646739e+02
1.919125758507183832e+02
1.875080667411338879e+02
1.852315196005295377e+02
1.874980184900578024e+02
1.872731765811345781e+02
1.876429905913314258e+02
1.873018804575374361e+02
1.861892990708516891e+02
1.879550001781578885e+02
1.903706010076049893e+02
1.930006576089006955e+02
1.926789864328489443e+02
1.934785692343344579e+02
1.941903303369819582e+02
1.950761958424051841e+02
1.952987400881791586e+02
1.935973671824596636e+02
1.967447725090741812e+02
1.968292822600870124e+02
2.017102305244772538e+02
1.997287791723080943e+02
1.962927964692254079e+02
1.981394457872909243e+02
2.005826698311065002e+02
2.007687689404949651e+02
2.014959007119857404e+02
2.058045028931705360e+02
2.031473995350498569e+02
2.037995393163766096e+02
2.036359178456298480e+02
2.048573598976750532e+02
2.065162016004408656e+02
2.052269336374048692e+02
2.019093360175728833e+02
2.036869194103378220e+02
2.040400486736976688e+02
2.054446496542116734e+02
2.028442589626648953e+02
1.990270052825137554e+02
2.031478036589682290e+02
2.021397714193375634e+02
2.027879332985443455e+02
2.065332205665966399e+02
2.072751681382000868e+02
2.079699910269998782e+02
2.077521303216470301e+02
2.084229670537013703e+02
2.062056545971291541e+02
2.063036542750195395e+02
2.072190975437546570e+02
2.077385365834322783e+02
2.020741051374983499e+02
2.059982981302541987e+02
2.072458420124101792e+02
1.995802697911636017e+02
2.005083002993143282e+02
2.002479378900091547e+02
2.039037971941870637e+02
2.069937139710285692e+02
2.088346366462094750e+02
2.087548625142367484e+02
2.093693193665281171e+02
2.104997288229989749e+02
2.119425349742352012e+02
2.111251943005690634e+02
2.135383943653854999e+02
2.167887298743526969e+02
2.183296010898714314e+02
2.207410207503252479e+02
2.228758477234529209e+02
2.248831081300352821e+02
2.239435202124288082e+02
2.183764089049991526e+02
2.156111796167203920e+02
2.161789372285940090e+02
2.203888787469676629e+02
2.238199736502151040e+02
2.261548095087506454e+02
2.270466265634374849e+02
2.273724740892377270e+02
2.297977712135445358e+02
2.310081336420110176e+02
2.338125391047138635e+02
2.348594966510694633e+02
2.401362120969117768e+02
2.419966281093448970e+02
2.398120362205120841e+02
2.380066773939356892e+02
2.425410509985562726e+02
2.405342188414448401e+02
2.438564225374906584e+02
2.431318191032111997e+02
2.408335536473580305e+02
2.384337389174528994e+02
2.357785676110208328e+02
2.369130219946383704e+02
2.408673265696042165e+02
2.407208185513684668e+02
2.450975234592357879e+02
2.474421054246508334e+02
2.467481039541991379e+02
2.446247523726129032e+02
2.436654960539572130e+02
2.462186485499346986e+02
2.393333088120761829e+02
2.426336312750899253e+02
2.439801782667705652e+02
2.462783336326323536e+02
2.471185000137187444e+02
2.504687341438963699e+02
2.457658470055599196e+02
2.457530025252990242e+02
2.463984481481351452e+02
2.453844553919214491e+02
2.480067116797815174e+02
2.464842897451548822e+02
2.467592927546926092e+02
2.473511356858223849e+02
2.486765142891439382e+02
2.469657117660483436e+02
2.474883309952617765e+02
2.441008796778604903e+02
2.426122639288315668e+02
2.423168678213024805e+02
2.406513736233378324e+02
2.425380896787513905e+02
2.418329572229462201e+02
2.440285275880795268e+02
2.469624489221675958e+02
2.437856322527221948e+02
2.400077514366975890e+02
2.384698261027773469e+02
2.328864711634639093e+02
2.309446563800986496e+02
2.277065581937040690e+02
2.263452821171889013e+02
2.280739853350710860e+02
2.299440950505238561e+02
2.302848758189291800e+02
2.284205009888817983e+02
2.259845026319981116e+02
2.277960386489355358e+02
2.298003128616479103e+02
2.285508224080309674e+02
2.243100041495107178e+02
2.262990731107155398e+02
2.252961075641668174e+02
2.252967486766201546e+02
2.211013864663340485e+02
2.204917492371226047e+02
2.206541217503387884e+02
2.241551267446504028e+02
2.268557892395868123e+02
2.269230993826531346e+02
2.282212509405151195e+02
2.242868981976107250e+02
2.245772339159841522e+02
2.267867741568047393e+02
2.234362517522678786e+02
2.232422817198373366e+02
2.250201824110927475e+02
2.251239355459601938e+02
2.268398021009917613e+02
2.298918193389007740e+02
2.349063508906620257e+02
2.352640727808530130e+02
2.360591446948081398e+02
2.339418778491743467e+02
2.337264444017078233e+02
2.328563268319763040e+02
2.343735231711262088e+02
2.347715138913318640e+02
2.331167844038123462e+02
2.289315468519929482e+02
2.309269696649221828e+02
2.287162356908576726e+02
2.277809250208741219e+02
2.218788292706945526e+02
2.216031431160633360e+02
2.175175436341702380e+02
2.169100971332092058e+02
2.165980812068272030e+02
2.208338113964947809e+02
2.205141501004450504e+02
2.240838811650050673e+02
2.241086466051906143e+02
2.224878750009863211e+02
2.231759496366930478e+02
2.233902414935344041e+02
2.262685822157288840e+02
2.277808391769689820e+02
2.298227408627041655e+02
2.336218095752380748e+02
2.316741123793200643e+02
2.316241720952201888e+02
2.323443016121272251e+02
2.344952944867384304e+02
2.345589294214773020e+02
2.379501986348878972e+02
2.384918710782428661e+02
2.366440984859858645e+02
2.364958092917576380e+02
2.386914143076075447e+02
2.392872034764710349e+02
2.410160840540991956e+02
2.426814244795482693e+02
2.405574331185806898e+02
2.410291212271199299e+02
2.455491675951051604e+02
2.431314434125641810e+02
2.473204417530321280e+02
2.473543527045606538e+02
2.510064985869063037e+02
2.563914044869823101e+02
2.582452135749985018e+02
2.572425436441213833e+02
2.565778969981046771e+02
2.547889224326096382e+02
2.574825716885877114e+02
2.563847723329117230e+02
2.571780393026581351e+02
2.626537258597726918e+02
2.644457563120996042e+02
2.673142973496462673e+02
2.690370225627355580e+02
2.684022743228402987e+02
2.685868183197587769e+02
2.692311730308949791e+02
2.702065585165755692e+02
2.736537724136578049e+02
2.758998142153187700e+02
2.759775294330823954e+02
2.766527576683429288e+02
2.762940585796202413e+02
2.780816421190085634e+02
2.801086623575288286e+02
2.778796678981220225e+02
2.790330848207580630e+02
2.805438345689077551e+02
2.793169748692068310e+02
2.769635907488092244e+02
2.746366385729498916e+02
2.736611686756270956e+02
2.781584331854476204e+02
2.792262850309825239e+02
2.784133396468690762e+02
2.816448339737160609e+02
2.821882647445758039e+02
2.814987950532111540e+02
2.856273040237296073e+02
2.856804849923001370e+02
2.875735759747330462e+02
2.876286555674340661e+02
2.866024774970198337e+02
2.855633562746970711e+02
2.888640961389899076e+02
2.913465447011662945e+02
2.934637701451229077e+02
2.919928804275977541e+02
2.952431131499174626e+02
2.945651946258370231e+02
2.929781666416459416e+02
2.927952636311676997e+02
2.954353908724904727e+02
2.950779305848047329e+02
2.951198704333576188e+02
2.942489473670159441e+02
2.932675512870068815e+02
2.929375233425620308e+02
2.887965861889082362e+02
2.892913563096201415e+02
2.851056404248987519e+02
2.868966315293891967e+02
2.880801765298612622e+02
2.865180518689418818e+02
2.884779940451771267e+02
2.939413909192010124e+02
2.952701872714119418e+02
2.913292750216249374e+02
2.935551244891180431e+02
2.970422750844084021e+02
3.006668252101816847e+02
3.033467990060058810e+02
3.045161683123110947e+02
3.042379302145005795e+02
3.076155237238352242e+02
3.092057461864289962e+02
3.110962205402456107e+02
3.110951423302977901e+02
3.103529348893458177e+02
3.134330228382738142e+02
3.134536786569181572e+02
3.104687331345149914e+02
3.093976292693492951e+02
3.083450315936484003e+02
3.084659794679275251e+02
3.047389085058516116e+02
3.038120989496902098e+02
3.013053521675089996e+02
2.950096636190177151e+02
2.976700277835311681e+02
2.977920816380300835e+02
2.963633008247156226e+02
2.965738055019165245e+02
2.938978122255246603e+02
2.931684741837312913e+02
2.931674729050401425e+02
2.935466545197196524e+02
2.936574773150272222e+02
2.921054449890347087e+02
2.946142212753154581e+02
2.977339640376264924e+02
2.983418463617821885e+02
2.930498316252065933e+02
2.923135856062947937e+02
2.871776576725231394e+02
2.902483555442468628e+02
2.912262653060845992e+02
2.898767270302608381e+02
2.928371141818581123e+02
2.929377654572227812e+02
2.924661774725786927e+02
2.918725604275331875e+02
2.886557503310064021e+02
2.889742660113103057e+02
2.837405390602743296e+02
2.851537319035321616e+02
2.846831522089221380e+02
2.849430549199649363e+02
2.848660568348581705e+02
2.863444444873268822e+02
2.887495955623673467e+02
2.862400294836062926e+02
2.886013053640916155e+02
2.901268918239389336e+02
2.936529535289396904e+02
2.880401538967729493e+02
2.896532435937488685e+02
2.891670579480269225e+02
2.904280906353609453e+02
2.855353820537914658e+02
2.901410061198881181e+02
2.890967134939903076e+02
2.894913208879640365e+02
2.922542180126819744e+02
2.889842314042022622e+02
2.872534745731932162e+02
2.874754208905891915e+02
2.863515842162881313e+02
2.865569859162815760e+02
2.885054303101995856e+02
2.905697613125904013e+02
2.904276099763397951e+02
2.895172762358548653e+02
2.916064497977853307e+02
2.909410312540935593e+02
2.917490544192878588e+02
2.885831936157256337e+02
2.887944649316323193e+02
2.872973834355039457e+02
2.876319135668068157e+02
2.906136482980544429e+02
2.939518420790559503e+02
2.910737292563788969e+02
2.928798549064728149e+02
2.931270636364864686e+02
2.929831047928955741e+02
2.930446944222460957e+02
2.904684625084392451e+02
2.918895924250288658e+02
2.904931486129516429e+02
2.863875181689834335e+02
2.890413953261753477e+02
2.867605282663212165e+02
2.881945940778676913e+02
2.874178887262141302e+02
2.835793840414649480e+02
2.789271342698099261e+02
2.770449988758348354e+02
2.769704890449353343e+02
2.780154894292934387e+02
2.779956798791059782e+02
2.703787198961460945e+02
2.717644567272529343e+02
2.740290032019082105e+02
2.711494811645433742e+02
2.709698489350975592e+02
2.656608356664652320e+02
2.658525520844043513e+02
2.677676299099300081e+02
2.687800968243820421e+02
2.677556170054618860e+02
2.675317702627099266e+02
2.675570022192079023e+02
2.673924835027555105e+02
2.617829059338652087e+02
2.543624642021769660e+02
2.542663383005931337e+02
2.510694262835829704e+02
2.484752666854753613e+02
2.463688664114846461e+02
2.467846531734170696e+02
2.468420489617953422e+02
2.473423301940687224e+02
2.501541381142516514e+02
2.509424433445972227e+02
2.490225139180562053e+02
2.465376414759841737e+02
2.487721164274467185e+02
2.526074469800142026e+02
2.550877318366387101e+02
2.566146666590700534e+02
2.562137239181480481e+02
2.551286474692083459e+02
2.554554930254235217e+02
2.567588118242595101e+02
2.567967820094747822e+02
2.615417070690647279e+02
2.650090233921912386e+02
2.559671468112996138e+02
2.556983098200630309e+02
2.561306654048640894e+02
2.603188415715389397e+02
2.593059387591565610e+02
2.600454508651275773e+02
2.641116671450930653e+02
2.611834993111264112e+02
2.627665738050835671e+02
2.628200942906850628e+02
2.658259085705576581e+02
2.662940786569205898e+02
2.680660297574218589e+02
2.707692170754391441e+02
2.700996451868049348e+02
2.721564221789168982e+02
2.730434923680089696e+02
2.758300858206652606e+02
2.782535475451423395e+02
2.794084062852393231e+02
2.749571345829382949e+02
2.703548387797997066e+02
2.702038633924362330e+02
2.754813349685095432e+02
2.747411545999007672e+02
2.787082838719889537e+02
2.761717200908764198e+02
2.766007922640849301e+02
2.756787906916369479e+02
2.771096171045735446e+02
2.777324689334820391e+02
2.800720534774738439e+02
2.778275264561500535e+02
2.711909605903954343e+02
2.711325766436725644e+02
2.729216580856326004e+02
2.738971061941537641e+02
2.732599590822850359e+02
2.709173083973814755e+02
2.739181098904555824e+02
2.722620002072758325e+02
2.709448167757825559e+02
2.680295827472832570e+02
2.703845768142720658e+02
2.680095109084665523e+02
2.675870035343988320e+02
2.678525094978793391e+02
2.689347960323074744e+02
2.703841816344108793e+02
2.707849602142291587e+02
2.731724955700755686e+02
2.724382156814783684e+02
2.714207379064532688e+02
2.707801532637024593e+02
2.694146891079545867e+02
2.668214397967524860e+02
2.702075973080613949e+02
2.697165023215729320e+02
2.699142607392170135e+02
2.716973349702500968e+02
2.679450963273471871e+02
2.672731727697221231e+02
2.695907225848614530e+02
2.715662279221276094e+02
2.749364254459757149e+02
2.735389624875679715e+02
2.712813025456985656e+02
2.645321402513671387e+02
2.669683728662649855e+02
2.704403861738654768e+02
2.682353899513199167e+02
2.705045248954265276e+02
2.720108669546710871e+02
2.731795407303890784e+02
2.733465955648338195e+02
2.701141251289483876e+02
2.696766391280155517e+02
2.670233163278758184e+02
2.664828418354524615e+02
2.664517488917701371e+02
2.625376628464319424e+02
2.622303869146508646e+02
2.553217168172727156e+02
2.542600431171446758e+02
2.548579867275174422e+02
2.569279419883794162e+02
2.556617849579644712e+02
2.577200916871390746e+02
2.606869951044259324e+02
2.589994043306055573e+02
2.617636901994844720e+02
2.585912757348253876e+02
2.606061595230619332e+02
2.596335537191530989e+02
2.566430845966427796e+02
2.564109260357215021e+02
2.518865285204328757e+02
2.499569023078762484e+02
2.502144735071493642e+02
2.520756328486071425e+02
2.527294714821593402e+02
2.555466751743803968e+02
2.594307269853148341e+02
2.646509750831228871e+02
2.656204011684239390e+02
2.615266834490932979e+02
2.620555963498699725e+02
2.619968801556549920e+02
2.609861274183324440e+02
2.669761595715159501e+02
2.730034904198728327e+02
2.676633179694271689e+02
2.693131340877066577e+02
2.717048716328315550e+02
2.750051841955062173e+02
2.730540699189875227e+02
2.716368069532824734e+02
