2.048000000000000000e+03
4.084000000000000000e+03
6.139000000000000000e+03
8.184000000000000000e+03
1.023400000000000000e+04
1.228600000000000000e+04
1.432200000000000000e+04
1.632200000000000000e+04
1.799700000000000000e+04
2.032500000000000000e+04
2.229700000000000000e+04
2.457100000000000000e+04
2.646000000000000000e+04
2.866300000000000000e+04
3.063600000000000000e+04
3.259200000000000000e+04
3.444300000000000000e+04
3.677300000000000000e+04
3.882200000000000000e+04
4.088200000000000000e+04
4.279800000000000000e+04
4.490200000000000000e+04
4.688100000000000000e+04
4.906800000000000000e+04
5.114400000000000000e+04
5.315900000000000000e+04
5.515600000000000000e+04
5.734300000000000000e+04
5.919100000000000000e+04
6.142100000000000000e+04
6.324100000000000000e+04
6.547300000000000000e+04
6.742100000000000000e+04
6.952400000000000000e+04
7.156100000000000000e+04
7.355800000000000000e+04
7.566600000000000000e+04
7.779100000000000000e+04
7.977900000000000000e+04
8.171000000000000000e+04
8.380300000000000000e+04
8.594900000000000000e+04
8.797400000000000000e+04
8.982600000000000000e+04
9.215700000000000000e+04
9.406500000000000000e+04
9.618600000000000000e+04
9.811300000000000000e+04
1.002600000000000000e+05
1.022720000000000000e+05
1.043860000000000000e+05
1.063020000000000000e+05
1.085200000000000000e+05
1.105790000000000000e+05
1.125720000000000000e+05
1.145260000000000000e+05
1.165750000000000000e+05
1.185760000000000000e+05
1.207650000000000000e+05
1.227580000000000000e+05
1.248500000000000000e+05
1.268710000000000000e+05
1.288020000000000000e+05
1.310210000000000000e+05
1.329870000000000000e+05
1.350080000000000000e+05
1.370760000000000000e+05
1.392550000000000000e+05
1.413060000000000000e+05
1.432980000000000000e+05
1.453060000000000000e+05
1.472720000000000000e+05
1.494790000000000000e+05
1.515250000000000000e+05
1.535330000000000000e+05
1.554930000000000000e+05
1.575900000000000000e+05
1.596040000000000000e+05
1.616430000000000000e+05
1.637730000000000000e+05
1.658220000000000000e+05
1.678480000000000000e+05
1.699450000000000000e+05
1.719400000000000000e+05
1.740020000000000000e+05
1.760360000000000000e+05
1.780820000000000000e+05
1.800920000000000000e+05
1.820910000000000000e+05
1.841680000000000000e+05
1.862330000000000000e+05
1.882480000000000000e+05
1.904280000000000000e+05
1.924330000000000000e+05
1.944310000000000000e+05
1.964320000000000000e+05
1.986000000000000000e+05
2.006620000000000000e+05
2.026340000000000000e+05
2.047740000000000000e+05
2.067570000000000000e+05
2.088300000000000000e+05
2.108940000000000000e+05
2.128460000000000000e+05
2.149500000000000000e+05
2.168840000000000000e+05
2.191320000000000000e+05
2.210740000000000000e+05
2.230090000000000000e+05
2.250780000000000000e+05
2.272370000000000000e+05
2.292570000000000000e+05
2.313860000000000000e+05
2.333150000000000000e+05
2.353640000000000000e+05
2.374790000000000000e+05
2.395170000000000000e+05
2.415340000000000000e+05
2.435510000000000000e+05
2.454780000000000000e+05
2.477710000000000000e+05
2.497470000000000000e+05
2.516500000000000000e+05
2.539360000000000000e+05
2.559390000000000000e+05
2.576760000000000000e+05
2.598140000000000000e+05
2.618110000000000000e+05
2.641400000000000000e+05
2.660120000000000000e+05
2.680260000000000000e+05
2.700700000000000000e+05
2.723670000000000000e+05
2.742640000000000000e+05
2.763450000000000000e+05
2.785160000000000000e+05
2.805510000000000000e+05
2.826040000000000000e+05
2.843710000000000000e+05
2.866030000000000000e+05
2.885380000000000000e+05
2.905610000000000000e+05
2.925910000000000000e+05
2.949090000000000000e+05
2.969030000000000000e+05
2.988670000000000000e+05
3.008390000000000000e+05
3.030880000000000000e+05
3.050260000000000000e+05
3.071090000000000000e+05
3.088730000000000000e+05
3.112460000000000000e+05
3.132590000000000000e+05
3.153380000000000000e+05
3.172480000000000000e+05
3.193840000000000000e+05
3.213480000000000000e+05
3.234050000000000000e+05
3.253180000000000000e+05
3.271220000000000000e+05
3.295860000000000000e+05
3.314900000000000000e+05
3.336780000000000000e+05
3.355580000000000000e+05
3.376620000000000000e+05
3.395570000000000000e+05
3.418970000000000000e+05
3.438280000000000000e+05
3.459440000000000000e+05
3.479340000000000000e+05
3.499500000000000000e+05
3.521100000000000000e+05
3.535390000000000000e+05
3.561820000000000000e+05
3.578740000000000000e+05
3.600480000000000000e+05
3.622800000000000000e+05
3.641820000000000000e+05
3.664290000000000000e+05
3.682710000000000000e+05
3.703880000000000000e+05
3.726590000000000000e+05
3.744480000000000000e+05
3.765540000000000000e+05
3.787570000000000000e+05
3.808690000000000000e+05
3.824900000000000000e+05
3.848430000000000000e+05
3.866880000000000000e+05
3.887640000000000000e+05
3.909780000000000000e+05
3.929090000000000000e+05
3.947560000000000000e+05
3.970790000000000000e+05
3.993010000000000000e+05
4.014060000000000000e+05
4.033820000000000000e+05
4.053820000000000000e+05
4.073110000000000000e+05
4.091710000000000000e+05
4.111710000000000000e+05
4.136570000000000000e+05
4.157330000000000000e+05
4.170680000000000000e+05
4.194880000000000000e+05
4.215160000000000000e+05
4.235760000000000000e+05
4.257620000000000000e+05
4.276970000000000000e+05
4.293310000000000000e+05
4.316430000000000000e+05
4.333250000000000000e+05
4.360910000000000000e+05
4.381900000000000000e+05
4.401900000000000000e+05
4.418210000000000000e+05
4.436020000000000000e+05
4.461990000000000000e+05
4.481990000000000000e+05
4.501990000000000000e+05
4.525590000000000000e+05
4.538630000000000000e+05
4.563460000000000000e+05
4.577550000000000000e+05
4.606210000000000000e+05
4.621490000000000000e+05
4.645030000000000000e+05
4.667290000000000000e+05
4.686600000000000000e+05
4.705430000000000000e+05
4.728920000000000000e+05
4.745030000000000000e+05
4.769890000000000000e+05
4.790050000000000000e+05
4.806680000000000000e+05
4.831990000000000000e+05
4.845250000000000000e+05
4.867700000000000000e+05
4.890910000000000000e+05
4.915030000000000000e+05
4.928110000000000000e+05
4.948110000000000000e+05
4.972960000000000000e+05
4.993810000000000000e+05
5.012130000000000000e+05
5.036640000000000000e+05
5.057100000000000000e+05
5.071850000000000000e+05
5.090990000000000000e+05
5.110240000000000000e+05
5.140460000000000000e+05
5.160460000000000000e+05
5.181050000000000000e+05
5.195780000000000000e+05
5.218860000000000000e+05
5.239730000000000000e+05
5.259730000000000000e+05
5.283660000000000000e+05
5.302020000000000000e+05
5.322020000000000000e+05
5.341310000000000000e+05
5.358910000000000000e+05
5.378910000000000000e+05
5.398910000000000000e+05
5.418910000000000000e+05
5.438910000000000000e+05
5.458720000000000000e+05
5.482120000000000000e+05
5.502140000000000000e+05
5.521190000000000000e+05
5.544070000000000000e+05
5.564240000000000000e+05
5.587030000000000000e+05
5.601780000000000000e+05
5.631780000000000000e+05
5.648500000000000000e+05
5.668500000000000000e+05
5.689060000000000000e+05
5.707910000000000000e+05
5.727910000000000000e+05
5.752820000000000000e+05
5.774500000000000000e+05
5.790070000000000000e+05
5.814990000000000000e+05
5.835080000000000000e+05
5.855770000000000000e+05
5.874230000000000000e+05
5.897040000000000000e+05
5.914270000000000000e+05
5.938310000000000000e+05
5.955550000000000000e+05
5.978410000000000000e+05
5.992610000000000000e+05
6.012610000000000000e+05
6.035100000000000000e+05
6.055100000000000000e+05
6.075100000000000000e+05
6.101090000000000000e+05
6.115120000000000000e+05
6.140740000000000000e+05
6.163210000000000000e+05
6.183210000000000000e+05
6.200930000000000000e+05
6.224610000000000000e+05
6.236830000000000000e+05
6.265880000000000000e+05
6.283490000000000000e+05
6.306490000000000000e+05
6.322870000000000000e+05
6.346050000000000000e+05
6.367360000000000000e+05
6.388040000000000000e+05
6.406820000000000000e+05
6.421970000000000000e+05
6.448720000000000000e+05
6.467920000000000000e+05
6.490860000000000000e+05
6.505810000000000000e+05
6.530100000000000000e+05
6.543660000000000000e+05
6.571240000000000000e+05
6.591090000000000000e+05
6.614000000000000000e+05
6.634000000000000000e+05
6.648850000000000000e+05
6.668010000000000000e+05
6.694490000000000000e+05
6.716700000000000000e+05
6.736790000000000000e+05
6.752130000000000000e+05
6.777090000000000000e+05
6.795760000000000000e+05
6.813470000000000000e+05
6.840270000000000000e+05
6.859030000000000000e+05
6.875820000000000000e+05
6.895770000000000000e+05
6.921200000000000000e+05
6.942630000000000000e+05
6.959260000000000000e+05
6.982440000000000000e+05
7.002610000000000000e+05
7.015090000000000000e+05
7.045090000000000000e+05
7.065090000000000000e+05
7.078550000000000000e+05
7.098550000000000000e+05
7.121590000000000000e+05
7.141590000000000000e+05
7.164080000000000000e+05
7.181500000000000000e+05
7.201500000000000000e+05
7.224400000000000000e+05
7.240230000000000000e+05
7.264790000000000000e+05
7.288050000000000000e+05
7.308050000000000000e+05
7.331190000000000000e+05
7.348660000000000000e+05
7.372680000000000000e+05
7.392680000000000000e+05
7.405280000000000000e+05
7.425280000000000000e+05
7.453770000000000000e+05
7.471380000000000000e+05
7.493470000000000000e+05
7.511660000000000000e+05
7.535660000000000000e+05
7.554410000000000000e+05
7.574300000000000000e+05
7.597700000000000000e+05
7.616730000000000000e+05
7.636730000000000000e+05
7.656730000000000000e+05
7.679860000000000000e+05
7.697430000000000000e+05
7.715350000000000000e+05
7.736820000000000000e+05
7.759020000000000000e+05
7.780570000000000000e+05
7.794010000000000000e+05
7.822010000000000000e+05
7.842010000000000000e+05
7.854530000000000000e+05
7.883320000000000000e+05
7.904800000000000000e+05
7.925400000000000000e+05
7.946040000000000000e+05
7.960250000000000000e+05
7.980450000000000000e+05
8.005630000000000000e+05
8.025820000000000000e+05
8.048610000000000000e+05
8.063940000000000000e+05
8.083940000000000000e+05
8.109560000000000000e+05
8.129560000000000000e+05
8.149560000000000000e+05
8.169270000000000000e+05
8.183920000000000000e+05
8.207620000000000000e+05
8.231910000000000000e+05
8.247710000000000000e+05
8.267710000000000000e+05
8.287710000000000000e+05
8.313000000000000000e+05
8.335260000000000000e+05
8.352590000000000000e+05
8.372070000000000000e+05
8.392590000000000000e+05
8.412540000000000000e+05
8.437640000000000000e+05
8.451920000000000000e+05
8.477880000000000000e+05
8.490610000000000000e+05
8.510610000000000000e+05
8.530610000000000000e+05
8.554240000000000000e+05
8.576750000000000000e+05
8.599600000000000000e+05
8.619600000000000000e+05
8.639600000000000000e+05
8.657990000000000000e+05
8.681580000000000000e+05
8.701580000000000000e+05
8.721580000000000000e+05
8.744450000000000000e+05
8.761840000000000000e+05
8.781840000000000000e+05
8.801840000000000000e+05
8.824740000000000000e+05
8.845830000000000000e+05
8.862060000000000000e+05
8.884970000000000000e+05
8.906400000000000000e+05
8.926280000000000000e+05
8.941200000000000000e+05
8.968220000000000000e+05
8.988220000000000000e+05
9.008220000000000000e+05
9.026540000000000000e+05
9.046540000000000000e+05
9.065250000000000000e+05
9.092080000000000000e+05
9.105840000000000000e+05
9.133460000000000000e+05
9.151510000000000000e+05
9.167240000000000000e+05
9.191310000000000000e+05
9.214350000000000000e+05
9.235940000000000000e+05
9.255650000000000000e+05
9.275620000000000000e+05
9.295870000000000000e+05
9.313560000000000000e+05
9.336310000000000000e+05
9.356340000000000000e+05
9.370230000000000000e+05
9.396410000000000000e+05
9.413640000000000000e+05
9.433640000000000000e+05
9.457630000000000000e+05
9.480580000000000000e+05
9.497020000000000000e+05
9.522240000000000000e+05
9.541430000000000000e+05
9.563730000000000000e+05
9.576500000000000000e+05
9.603020000000000000e+05
9.619930000000000000e+05
9.642590000000000000e+05
9.666010000000000000e+05
9.678810000000000000e+05
9.704640000000000000e+05
9.722670000000000000e+05
9.746910000000000000e+05
9.759380000000000000e+05
9.789050000000000000e+05
9.809050000000000000e+05
9.827490000000000000e+05
9.849010000000000000e+05
9.861430000000000000e+05
9.891430000000000000e+05
9.910220000000000000e+05
9.930220000000000000e+05
9.948830000000000000e+05
9.968830000000000000e+05
9.988530000000000000e+05
1.001456000000000000e+06
1.003456000000000000e+06
1.005100000000000000e+06
1.007562000000000000e+06
1.009531000000000000e+06
1.011482000000000000e+06
1.013344000000000000e+06
1.015344000000000000e+06
1.017099000000000000e+06
1.019822000000000000e+06
1.021525000000000000e+06
1.023956000000000000e+06
1.025881000000000000e+06
1.027881000000000000e+06
1.029804000000000000e+06
1.031490000000000000e+06
1.033543000000000000e+06
1.036239000000000000e+06
1.038008000000000000e+06
1.039835000000000000e+06
1.041810000000000000e+06
1.043531000000000000e+06
1.045880000000000000e+06
1.048460000000000000e+06
1.050460000000000000e+06
1.052121000000000000e+06
1.054545000000000000e+06
1.056545000000000000e+06
1.058545000000000000e+06
1.060488000000000000e+06
1.062884000000000000e+06
1.064800000000000000e+06
1.066800000000000000e+06
1.068867000000000000e+06
1.070493000000000000e+06
1.072493000000000000e+06
1.074685000000000000e+06
1.076432000000000000e+06
1.078432000000000000e+06
1.080959000000000000e+06
1.082579000000000000e+06
1.084579000000000000e+06
1.087115000000000000e+06
1.089115000000000000e+06
1.091115000000000000e+06
1.093432000000000000e+06
1.095334000000000000e+06
1.097331000000000000e+06
1.099331000000000000e+06
1.101795000000000000e+06
1.103795000000000000e+06
1.105209000000000000e+06
1.107209000000000000e+06
1.109811000000000000e+06
1.111811000000000000e+06
1.113860000000000000e+06
1.115715000000000000e+06
1.117715000000000000e+06
1.119715000000000000e+06
1.121662000000000000e+06
1.123662000000000000e+06
1.126233000000000000e+06
1.128233000000000000e+06
1.130304000000000000e+06
1.132293000000000000e+06
1.133886000000000000e+06
1.136369000000000000e+06
1.138658000000000000e+06
1.139868000000000000e+06
1.141915000000000000e+06
1.144027000000000000e+06
1.146138000000000000e+06
1.148413000000000000e+06
1.150879000000000000e+06
1.152896000000000000e+06
1.154397000000000000e+06
1.156397000000000000e+06
1.159117000000000000e+06
1.160996000000000000e+06
1.163134000000000000e+06
1.164750000000000000e+06
1.166740000000000000e+06
1.169021000000000000e+06
1.171021000000000000e+06
1.173059000000000000e+06
1.174799000000000000e+06
1.176799000000000000e+06
1.179006000000000000e+06
1.181580000000000000e+06
1.183580000000000000e+06
1.185114000000000000e+06
1.187642000000000000e+06
1.189741000000000000e+06
1.191390000000000000e+06
1.193728000000000000e+06
1.196009000000000000e+06
1.197972000000000000e+06
1.199816000000000000e+06
1.201816000000000000e+06
1.203739000000000000e+06
1.205750000000000000e+06
1.208316000000000000e+06
1.210154000000000000e+06
1.212154000000000000e+06
1.214298000000000000e+06
1.216401000000000000e+06
1.218480000000000000e+06
1.220192000000000000e+06
1.222192000000000000e+06
1.223895000000000000e+06
1.226340000000000000e+06
1.228767000000000000e+06
1.230430000000000000e+06
1.232049000000000000e+06
1.234197000000000000e+06
1.236046000000000000e+06
1.238890000000000000e+06
1.240473000000000000e+06
1.242473000000000000e+06
1.244384000000000000e+06
1.246680000000000000e+06
1.249110000000000000e+06
1.250955000000000000e+06
1.252914000000000000e+06
1.254835000000000000e+06
1.256911000000000000e+06
1.258891000000000000e+06
1.261066000000000000e+06
1.262820000000000000e+06
1.265555000000000000e+06
1.267555000000000000e+06
1.269434000000000000e+06
1.271311000000000000e+06
1.273128000000000000e+06
1.275706000000000000e+06
1.277744000000000000e+06
1.279193000000000000e+06
1.281513000000000000e+06
1.283479000000000000e+06
1.285933000000000000e+06
1.288037000000000000e+06
1.289656000000000000e+06
1.292203000000000000e+06
1.293502000000000000e+06
1.295967000000000000e+06
1.298426000000000000e+06
1.300140000000000000e+06
1.302140000000000000e+06
1.304038000000000000e+06
1.305850000000000000e+06
1.308058000000000000e+06
1.310058000000000000e+06
1.312520000000000000e+06
1.314004000000000000e+06
1.315916000000000000e+06
1.317916000000000000e+06
1.320916000000000000e+06
1.322614000000000000e+06
1.324477000000000000e+06
1.326477000000000000e+06
1.328477000000000000e+06
1.330810000000000000e+06
1.332770000000000000e+06
1.334770000000000000e+06
1.336770000000000000e+06
1.338770000000000000e+06
1.341346000000000000e+06
1.343346000000000000e+06
1.345346000000000000e+06
1.347346000000000000e+06
1.349346000000000000e+06
1.350922000000000000e+06
1.352922000000000000e+06
1.354922000000000000e+06
1.357400000000000000e+06
1.359400000000000000e+06
1.361342000000000000e+06
1.363536000000000000e+06
1.365536000000000000e+06
1.367536000000000000e+06
1.369230000000000000e+06
1.371230000000000000e+06
1.373499000000000000e+06
1.375975000000000000e+06
1.377603000000000000e+06
1.379414000000000000e+06
1.381414000000000000e+06
1.384035000000000000e+06
1.386363000000000000e+06
1.388363000000000000e+06
1.390435000000000000e+06
1.391641000000000000e+06
1.394254000000000000e+06
1.396254000000000000e+06
1.398485000000000000e+06
1.400261000000000000e+06
1.402261000000000000e+06
1.404104000000000000e+06
1.406306000000000000e+06
1.408990000000000000e+06
1.410969000000000000e+06
1.412921000000000000e+06
1.414914000000000000e+06
1.416307000000000000e+06
1.418586000000000000e+06
1.421201000000000000e+06
1.423259000000000000e+06
1.424542000000000000e+06
1.426542000000000000e+06
1.428542000000000000e+06
1.431398000000000000e+06
1.433398000000000000e+06
1.435633000000000000e+06
1.437633000000000000e+06
1.439576000000000000e+06
1.441576000000000000e+06
1.443641000000000000e+06
1.445641000000000000e+06
1.447855000000000000e+06
1.449791000000000000e+06
1.451666000000000000e+06
1.453940000000000000e+06
1.455940000000000000e+06
1.457979000000000000e+06
1.459952000000000000e+06
1.461723000000000000e+06
1.463723000000000000e+06
1.465723000000000000e+06
1.467723000000000000e+06
1.470217000000000000e+06
1.471627000000000000e+06
1.474547000000000000e+06
1.476547000000000000e+06
1.477979000000000000e+06
1.479993000000000000e+06
1.482221000000000000e+06
1.484221000000000000e+06
1.486398000000000000e+06
1.488398000000000000e+06
1.490176000000000000e+06
1.492512000000000000e+06
1.494512000000000000e+06
1.496512000000000000e+06
1.498681000000000000e+06
1.500681000000000000e+06
1.502859000000000000e+06
1.504859000000000000e+06
1.506859000000000000e+06
1.509142000000000000e+06
1.511142000000000000e+06
1.513154000000000000e+06
1.514563000000000000e+06
1.516739000000000000e+06
1.518739000000000000e+06
1.521367000000000000e+06
1.523168000000000000e+06
1.525522000000000000e+06
1.527522000000000000e+06
1.529522000000000000e+06
1.531251000000000000e+06
1.533491000000000000e+06
1.535714000000000000e+06
1.537714000000000000e+06
1.539419000000000000e+06
1.541780000000000000e+06
1.543780000000000000e+06
1.546200000000000000e+06
1.547414000000000000e+06
1.549414000000000000e+06
1.551414000000000000e+06
1.553850000000000000e+06
1.555735000000000000e+06
1.557735000000000000e+06
1.559735000000000000e+06
1.562447000000000000e+06
1.564447000000000000e+06
1.565836000000000000e+06
1.568299000000000000e+06
1.570472000000000000e+06
1.572472000000000000e+06
1.574666000000000000e+06
1.576666000000000000e+06
1.578877000000000000e+06
1.580116000000000000e+06
1.582495000000000000e+06
1.584495000000000000e+06
1.586495000000000000e+06
1.588495000000000000e+06
1.590495000000000000e+06
1.592454000000000000e+06
1.594953000000000000e+06
1.596953000000000000e+06
1.598953000000000000e+06
1.600953000000000000e+06
1.602728000000000000e+06
1.604956000000000000e+06
1.607253000000000000e+06
1.608802000000000000e+06
1.611131000000000000e+06
1.613131000000000000e+06
1.615521000000000000e+06
1.617301000000000000e+06
1.619301000000000000e+06
1.621847000000000000e+06
1.623847000000000000e+06
1.625543000000000000e+06
1.627766000000000000e+06
1.629766000000000000e+06
1.631966000000000000e+06
1.633966000000000000e+06
1.635966000000000000e+06
1.638190000000000000e+06
1.639546000000000000e+06
1.642296000000000000e+06
1.644166000000000000e+06
1.646166000000000000e+06
1.648347000000000000e+06
1.650685000000000000e+06
1.652400000000000000e+06
1.653996000000000000e+06
1.655996000000000000e+06
1.658125000000000000e+06
1.660435000000000000e+06
1.662969000000000000e+06
1.664969000000000000e+06
1.666969000000000000e+06
1.668969000000000000e+06
1.670593000000000000e+06
1.673121000000000000e+06
1.675121000000000000e+06
1.677304000000000000e+06
1.679304000000000000e+06
1.681304000000000000e+06
1.683304000000000000e+06
1.684732000000000000e+06
1.687223000000000000e+06
1.689223000000000000e+06
1.691192000000000000e+06
1.693192000000000000e+06
1.694812000000000000e+06
1.696812000000000000e+06
1.699766000000000000e+06
1.701220000000000000e+06
1.703900000000000000e+06
1.705047000000000000e+06
1.707842000000000000e+06
1.709842000000000000e+06
1.711813000000000000e+06
1.713894000000000000e+06
1.715894000000000000e+06
1.717565000000000000e+06
1.720159000000000000e+06
1.721700000000000000e+06
1.724180000000000000e+06
1.726180000000000000e+06
1.728137000000000000e+06
1.729748000000000000e+06
1.731748000000000000e+06
1.733909000000000000e+06
1.735909000000000000e+06
1.737887000000000000e+06
1.740759000000000000e+06
1.742232000000000000e+06
1.744232000000000000e+06
1.746116000000000000e+06
1.748116000000000000e+06
1.750103000000000000e+06
1.752887000000000000e+06
1.754395000000000000e+06
1.756395000000000000e+06
1.759168000000000000e+06
1.760737000000000000e+06
1.762697000000000000e+06
1.764697000000000000e+06
1.767370000000000000e+06
1.769370000000000000e+06
1.770850000000000000e+06
1.773080000000000000e+06
1.775467000000000000e+06
1.777467000000000000e+06
1.778834000000000000e+06
1.781727000000000000e+06
1.782914000000000000e+06
1.785458000000000000e+06
1.787458000000000000e+06
1.789661000000000000e+06
1.791899000000000000e+06
1.793899000000000000e+06
1.795899000000000000e+06
1.797899000000000000e+06
1.799899000000000000e+06
1.801899000000000000e+06
1.804009000000000000e+06
1.806162000000000000e+06
1.807813000000000000e+06
1.810043000000000000e+06
1.811705000000000000e+06
1.813705000000000000e+06
1.815860000000000000e+06
1.818050000000000000e+06
1.820450000000000000e+06
1.822596000000000000e+06
1.824591000000000000e+06
1.826424000000000000e+06
1.827918000000000000e+06
1.830581000000000000e+06
1.832333000000000000e+06
1.834892000000000000e+06
1.836785000000000000e+06
1.838785000000000000e+06
1.840464000000000000e+06
1.843183000000000000e+06
1.845183000000000000e+06
1.847183000000000000e+06
1.848421000000000000e+06
1.850647000000000000e+06
1.852647000000000000e+06
1.854597000000000000e+06
1.856799000000000000e+06
1.859140000000000000e+06
1.860944000000000000e+06
1.862944000000000000e+06
1.865629000000000000e+06
1.867629000000000000e+06
1.869101000000000000e+06
1.871101000000000000e+06
1.873135000000000000e+06
1.875135000000000000e+06
1.877135000000000000e+06
1.879135000000000000e+06
1.881356000000000000e+06
1.883367000000000000e+06
1.885367000000000000e+06
1.887367000000000000e+06
1.889367000000000000e+06
1.891957000000000000e+06
1.894196000000000000e+06
1.896417000000000000e+06
1.898304000000000000e+06
1.900251000000000000e+06
1.902251000000000000e+06
1.903772000000000000e+06
1.906610000000000000e+06
1.908610000000000000e+06
1.909804000000000000e+06
1.912187000000000000e+06
1.914021000000000000e+06
1.916399000000000000e+06
1.918399000000000000e+06
1.920399000000000000e+06
1.922576000000000000e+06
1.924486000000000000e+06
1.926486000000000000e+06
1.928486000000000000e+06
1.930425000000000000e+06
1.932425000000000000e+06
1.934961000000000000e+06
1.937378000000000000e+06
1.939378000000000000e+06
1.941378000000000000e+06
1.942796000000000000e+06
1.945233000000000000e+06
1.947225000000000000e+06
1.948969000000000000e+06
1.950969000000000000e+06
1.952969000000000000e+06
1.955214000000000000e+06
1.957214000000000000e+06
1.959214000000000000e+06
1.961811000000000000e+06
1.963811000000000000e+06
1.965820000000000000e+06
1.967820000000000000e+06
1.969702000000000000e+06
1.972098000000000000e+06
1.973639000000000000e+06
1.975681000000000000e+06
1.977681000000000000e+06
1.979988000000000000e+06
1.981988000000000000e+06
1.984478000000000000e+06
1.985956000000000000e+06
1.988140000000000000e+06
1.989716000000000000e+06
1.991716000000000000e+06
1.994404000000000000e+06
1.996484000000000000e+06
1.998484000000000000e+06
2.000065000000000000e+06
