2.040000000000000000e+03
4.085000000000000000e+03
6.144000000000000000e+03
8.131000000000000000e+03
1.020500000000000000e+04
1.221400000000000000e+04
1.425600000000000000e+04
1.622600000000000000e+04
1.836800000000000000e+04
2.046400000000000000e+04
2.243200000000000000e+04
2.445400000000000000e+04
2.647900000000000000e+04
2.844000000000000000e+04
3.037400000000000000e+04
3.270000000000000000e+04
3.470200000000000000e+04
3.669000000000000000e+04
3.877000000000000000e+04
4.090500000000000000e+04
4.278600000000000000e+04
4.505300000000000000e+04
4.710200000000000000e+04
4.890200000000000000e+04
5.108400000000000000e+04
5.312100000000000000e+04
5.514300000000000000e+04
5.720400000000000000e+04
5.937400000000000000e+04
6.113200000000000000e+04
6.342000000000000000e+04
6.541400000000000000e+04
6.746000000000000000e+04
6.953400000000000000e+04
7.162300000000000000e+04
7.364300000000000000e+04
7.548600000000000000e+04
7.772600000000000000e+04
7.968500000000000000e+04
8.191400000000000000e+04
8.394700000000000000e+04
8.594700000000000000e+04
8.800600000000000000e+04
9.002400000000000000e+04
9.209300000000000000e+04
9.406400000000000000e+04
9.616200000000000000e+04
9.817800000000000000e+04
1.002850000000000000e+05
1.023450000000000000e+05
1.043510000000000000e+05
1.064290000000000000e+05
1.085360000000000000e+05
1.104060000000000000e+05
1.125580000000000000e+05
1.144570000000000000e+05
1.165950000000000000e+05
1.187690000000000000e+05
1.207950000000000000e+05
1.228270000000000000e+05
1.248940000000000000e+05
1.269170000000000000e+05
1.289030000000000000e+05
1.309860000000000000e+05
1.330200000000000000e+05
1.350490000000000000e+05
1.371520000000000000e+05
1.392530000000000000e+05
1.412230000000000000e+05
1.433380000000000000e+05
1.453290000000000000e+05
1.474550000000000000e+05
1.494870000000000000e+05
1.514410000000000000e+05
1.535860000000000000e+05
1.555200000000000000e+05
1.575530000000000000e+05
1.597080000000000000e+05
1.617080000000000000e+05
1.636640000000000000e+05
1.657360000000000000e+05
1.678740000000000000e+05
1.699480000000000000e+05
1.718990000000000000e+05
1.740780000000000000e+05
1.760720000000000000e+05
1.781330000000000000e+05
1.801170000000000000e+05
1.821470000000000000e+05
1.842520000000000000e+05
1.863270000000000000e+05
1.883800000000000000e+05
1.904360000000000000e+05
1.925040000000000000e+05
1.944930000000000000e+05
1.965250000000000000e+05
1.985810000000000000e+05
2.007030000000000000e+05
2.025870000000000000e+05
2.047040000000000000e+05
2.068470000000000000e+05
2.086900000000000000e+05
2.108390000000000000e+05
2.129740000000000000e+05
2.149840000000000000e+05
2.169540000000000000e+05
2.190700000000000000e+05
2.211640000000000000e+05
2.232060000000000000e+05
2.252620000000000000e+05
2.272980000000000000e+05
2.293090000000000000e+05
2.312930000000000000e+05
2.333100000000000000e+05
2.354080000000000000e+05
2.374970000000000000e+05
2.395170000000000000e+05
2.415440000000000000e+05
2.434550000000000000e+05
2.456640000000000000e+05
2.478030000000000000e+05
2.498390000000000000e+05
2.517580000000000000e+05
2.538750000000000000e+05
2.558980000000000000e+05
2.578960000000000000e+05
2.599340000000000000e+05
2.620640000000000000e+05
2.640810000000000000e+05
2.661470000000000000e+05
2.682870000000000000e+05
2.702570000000000000e+05
2.721610000000000000e+05
2.743060000000000000e+05
2.763430000000000000e+05
2.782660000000000000e+05
2.801370000000000000e+05
2.823740000000000000e+05
2.846280000000000000e+05
2.864870000000000000e+05
2.887030000000000000e+05
2.906080000000000000e+05
2.927220000000000000e+05
2.947890000000000000e+05
2.965750000000000000e+05
2.989990000000000000e+05
3.010350000000000000e+05
3.029820000000000000e+05
3.048950000000000000e+05
3.070670000000000000e+05
3.089690000000000000e+05
3.109660000000000000e+05
3.131290000000000000e+05
3.151950000000000000e+05
3.174250000000000000e+05
3.192240000000000000e+05
3.214430000000000000e+05
3.229060000000000000e+05
3.252640000000000000e+05
3.274420000000000000e+05
3.297280000000000000e+05
3.317120000000000000e+05
3.334790000000000000e+05
3.356580000000000000e+05
3.378870000000000000e+05
3.398220000000000000e+05
3.419840000000000000e+05
3.438680000000000000e+05
3.457560000000000000e+05
3.479140000000000000e+05
3.501950000000000000e+05
3.519820000000000000e+05
3.539390000000000000e+05
3.561640000000000000e+05
3.582620000000000000e+05
3.602360000000000000e+05
3.621480000000000000e+05
3.639400000000000000e+05
3.663080000000000000e+05
3.684250000000000000e+05
3.702680000000000000e+05
3.724670000000000000e+05
3.747380000000000000e+05
3.767890000000000000e+05
3.787440000000000000e+05
3.806580000000000000e+05
3.829710000000000000e+05
3.846920000000000000e+05
3.866700000000000000e+05
3.886690000000000000e+05
3.911280000000000000e+05
3.930920000000000000e+05
3.948150000000000000e+05
3.973010000000000000e+05
3.992550000000000000e+05
4.012050000000000000e+05
4.033230000000000000e+05
4.053050000000000000e+05
4.073460000000000000e+05
4.095360000000000000e+05
4.114140000000000000e+05
4.133900000000000000e+05
4.156720000000000000e+05
4.177000000000000000e+05
4.195140000000000000e+05
4.218570000000000000e+05
4.238680000000000000e+05
4.256540000000000000e+05
4.278380000000000000e+05
4.299160000000000000e+05
4.315220000000000000e+05
4.339200000000000000e+05
4.359320000000000000e+05
4.381200000000000000e+05
4.393600000000000000e+05
4.422630000000000000e+05
4.437240000000000000e+05
4.462920000000000000e+05
4.482800000000000000e+05
4.499030000000000000e+05
4.518170000000000000e+05
4.545490000000000000e+05
4.566240000000000000e+05
4.581410000000000000e+05
4.606230000000000000e+05
4.623960000000000000e+05
4.644840000000000000e+05
4.666220000000000000e+05
4.689190000000000000e+05
4.703910000000000000e+05
4.720960000000000000e+05
4.750700000000000000e+05
4.767650000000000000e+05
4.783530000000000000e+05
4.811660000000000000e+05
4.829330000000000000e+05
4.852910000000000000e+05
4.874160000000000000e+05
4.894410000000000000e+05
4.913430000000000000e+05
4.932570000000000000e+05
4.954230000000000000e+05
4.974040000000000000e+05
4.994040000000000000e+05
5.017390000000000000e+05
5.035700000000000000e+05
5.056440000000000000e+05
5.078330000000000000e+05
5.094240000000000000e+05
5.119040000000000000e+05
5.135970000000000000e+05
5.151640000000000000e+05
5.179130000000000000e+05
5.200200000000000000e+05
5.219620000000000000e+05
5.239760000000000000e+05
5.257560000000000000e+05
5.277560000000000000e+05
5.297090000000000000e+05
5.320180000000000000e+05
5.342560000000000000e+05
5.363270000000000000e+05
5.383270000000000000e+05
5.403270000000000000e+05
5.425950000000000000e+05
5.447670000000000000e+05
5.467720000000000000e+05
5.480150000000000000e+05
5.499960000000000000e+05
5.528440000000000000e+05
5.543440000000000000e+05
5.569220000000000000e+05
5.587100000000000000e+05
5.609360000000000000e+05
5.628700000000000000e+05
5.646120000000000000e+05
5.666940000000000000e+05
5.686490000000000000e+05
5.709970000000000000e+05
5.733610000000000000e+05
5.752490000000000000e+05
5.769650000000000000e+05
5.795740000000000000e+05
5.813100000000000000e+05
5.831910000000000000e+05
5.854190000000000000e+05
5.869870000000000000e+05
5.893760000000000000e+05
5.912310000000000000e+05
5.934080000000000000e+05
5.957370000000000000e+05
5.972050000000000000e+05
5.996770000000000000e+05
6.014930000000000000e+05
6.035450000000000000e+05
6.053040000000000000e+05
6.080010000000000000e+05
6.099750000000000000e+05
6.123120000000000000e+05
6.140590000000000000e+05
6.163680000000000000e+05
6.184860000000000000e+05
6.197450000000000000e+05
6.224580000000000000e+05
6.241120000000000000e+05
6.260670000000000000e+05
6.284990000000000000e+05
6.306080000000000000e+05
6.327110000000000000e+05
6.341490000000000000e+05
6.368850000000000000e+05
6.388530000000000000e+05
6.406740000000000000e+05
6.425750000000000000e+05
6.450400000000000000e+05
6.469820000000000000e+05
6.486980000000000000e+05
6.507590000000000000e+05
6.529810000000000000e+05
6.546910000000000000e+05
6.569830000000000000e+05
6.591810000000000000e+05
6.613440000000000000e+05
6.630540000000000000e+05
6.654300000000000000e+05
6.672070000000000000e+05
6.691120000000000000e+05
6.715240000000000000e+05
6.730880000000000000e+05
6.755080000000000000e+05
6.778220000000000000e+05
6.797620000000000000e+05
6.816280000000000000e+05
6.835280000000000000e+05
6.855280000000000000e+05
6.875280000000000000e+05
6.892170000000000000e+05
6.916610000000000000e+05
6.940450000000000000e+05
6.962920000000000000e+05
6.978120000000000000e+05
7.002960000000000000e+05
7.018620000000000000e+05
7.038620000000000000e+05
7.062110000000000000e+05
7.077830000000000000e+05
7.099710000000000000e+05
7.125400000000000000e+05
7.138540000000000000e+05
7.158540000000000000e+05
7.185030000000000000e+05
7.204690000000000000e+05
7.228580000000000000e+05
7.244640000000000000e+05
7.264640000000000000e+05
7.287530000000000000e+05
7.307300000000000000e+05
7.324440000000000000e+05
7.344440000000000000e+05
7.371560000000000000e+05
7.392880000000000000e+05
7.409910000000000000e+05
7.429910000000000000e+05
7.452450000000000000e+05
7.475180000000000000e+05
7.486910000000000000e+05
7.511150000000000000e+05
7.529990000000000000e+05
7.552640000000000000e+05
7.573860000000000000e+05
7.595780000000000000e+05
7.615590000000000000e+05
7.631170000000000000e+05
7.653230000000000000e+05
7.673230000000000000e+05
7.695720000000000000e+05
7.714710000000000000e+05
7.738400000000000000e+05
7.755660000000000000e+05
7.778000000000000000e+05
7.795510000000000000e+05
7.816840000000000000e+05
7.839190000000000000e+05
7.857030000000000000e+05
7.883680000000000000e+05
7.903860000000000000e+05
7.923660000000000000e+05
7.941600000000000000e+05
7.957240000000000000e+05
7.977240000000000000e+05
8.006450000000000000e+05
8.019070000000000000e+05
8.046400000000000000e+05
8.068820000000000000e+05
8.080880000000000000e+05
8.104530000000000000e+05
8.124530000000000000e+05
8.146970000000000000e+05
8.166970000000000000e+05
8.186970000000000000e+05
8.206970000000000000e+05
8.227880000000000000e+05
8.244630000000000000e+05
8.270380000000000000e+05
8.294000000000000000e+05
8.314000000000000000e+05
8.326570000000000000e+05
8.355000000000000000e+05
8.370300000000000000e+05
8.395910000000000000e+05
8.412170000000000000e+05
8.429540000000000000e+05
8.449540000000000000e+05
8.468940000000000000e+05
8.498940000000000000e+05
8.510600000000000000e+05
8.538350000000000000e+05
8.556980000000000000e+05
8.572920000000000000e+05
8.598290000000000000e+05
8.613580000000000000e+05
8.642080000000000000e+05
8.657780000000000000e+05
8.677780000000000000e+05
8.695280000000000000e+05
8.716870000000000000e+05
8.736870000000000000e+05
8.762000000000000000e+05
8.780640000000000000e+05
8.802760000000000000e+05
8.818630000000000000e+05
8.837660000000000000e+05
8.867660000000000000e+05
8.885770000000000000e+05
8.905230000000000000e+05
8.925230000000000000e+05
8.941950000000000000e+05
8.961950000000000000e+05
8.981950000000000000e+05
9.008080000000000000e+05
9.027960000000000000e+05
9.047960000000000000e+05
9.069540000000000000e+05
9.089540000000000000e+05
9.113010000000000000e+05
9.133010000000000000e+05
9.152560000000000000e+05
9.172560000000000000e+05
9.195310000000000000e+05
9.215310000000000000e+05
9.232810000000000000e+05
9.252810000000000000e+05
9.272810000000000000e+05
9.297670000000000000e+05
9.317670000000000000e+05
9.333320000000000000e+05
9.353320000000000000e+05
9.378170000000000000e+05
9.398170000000000000e+05
9.410900000000000000e+05
9.440900000000000000e+05
9.459220000000000000e+05
9.474070000000000000e+05
9.494070000000000000e+05
9.515640000000000000e+05
9.535640000000000000e+05
9.555640000000000000e+05
9.583220000000000000e+05
9.600760000000000000e+05
9.620760000000000000e+05
9.636940000000000000e+05
9.656940000000000000e+05
9.684340000000000000e+05
9.702380000000000000e+05
9.725280000000000000e+05
9.745240000000000000e+05
9.764770000000000000e+05
9.784770000000000000e+05
9.808040000000000000e+05
9.823130000000000000e+05
9.844480000000000000e+05
9.864480000000000000e+05
9.889610000000000000e+05
9.909610000000000000e+05
9.925880000000000000e+05
9.945880000000000000e+05
9.965160000000000000e+05
9.986640000000000000e+05
1.000664000000000000e+06
1.002820000000000000e+06
1.004674000000000000e+06
1.007461000000000000e+06
1.009174000000000000e+06
1.011316000000000000e+06
1.012848000000000000e+06
1.015370000000000000e+06
1.016892000000000000e+06
1.019762000000000000e+06
1.021659000000000000e+06
1.023662000000000000e+06
1.025400000000000000e+06
1.027313000000000000e+06
1.029683000000000000e+06
1.031787000000000000e+06
1.033787000000000000e+06
1.035787000000000000e+06
1.037967000000000000e+06
1.039967000000000000e+06
1.041967000000000000e+06
1.043768000000000000e+06
1.046341000000000000e+06
1.048420000000000000e+06
1.050321000000000000e+06
1.051873000000000000e+06
1.054520000000000000e+06
1.056029000000000000e+06
1.058262000000000000e+06
1.060634000000000000e+06
1.062135000000000000e+06
1.064135000000000000e+06
1.066579000000000000e+06
1.069049000000000000e+06
1.071049000000000000e+06
1.072363000000000000e+06
1.074544000000000000e+06
1.077176000000000000e+06
1.079176000000000000e+06
1.080766000000000000e+06
1.082883000000000000e+06
1.084832000000000000e+06
1.086695000000000000e+06
1.088798000000000000e+06
1.091306000000000000e+06
1.093185000000000000e+06
1.095052000000000000e+06
1.096905000000000000e+06
1.099548000000000000e+06
1.101418000000000000e+06
1.103834000000000000e+06
1.105903000000000000e+06
1.107557000000000000e+06
1.109681000000000000e+06
1.111881000000000000e+06
1.113881000000000000e+06
1.116152000000000000e+06
1.118152000000000000e+06
1.119713000000000000e+06
1.121554000000000000e+06
1.123881000000000000e+06
1.126203000000000000e+06
1.128203000000000000e+06
1.130446000000000000e+06
1.132380000000000000e+06
1.133930000000000000e+06
1.136636000000000000e+06
1.138473000000000000e+06
1.140556000000000000e+06
1.141927000000000000e+06
1.143883000000000000e+06
1.146161000000000000e+06
1.148361000000000000e+06
1.150142000000000000e+06
1.152952000000000000e+06
1.154616000000000000e+06
1.157099000000000000e+06
1.158516000000000000e+06
1.161063000000000000e+06
1.163196000000000000e+06
1.165278000000000000e+06
1.166912000000000000e+06
1.169241000000000000e+06
1.171131000000000000e+06
1.173131000000000000e+06
1.175118000000000000e+06
1.177253000000000000e+06
1.179456000000000000e+06
1.181252000000000000e+06
1.183146000000000000e+06
1.185146000000000000e+06
1.187035000000000000e+06
1.189035000000000000e+06
1.191035000000000000e+06
1.193978000000000000e+06
1.195869000000000000e+06
1.197349000000000000e+06
1.200050000000000000e+06
1.202043000000000000e+06
1.203899000000000000e+06
1.205899000000000000e+06
1.208306000000000000e+06
1.210283000000000000e+06
1.211542000000000000e+06
1.214181000000000000e+06
1.216347000000000000e+06
1.218347000000000000e+06
1.220485000000000000e+06
1.222135000000000000e+06
1.224056000000000000e+06
1.226056000000000000e+06
1.228056000000000000e+06
1.230533000000000000e+06
1.232342000000000000e+06
1.234318000000000000e+06
1.236791000000000000e+06
1.239017000000000000e+06
1.240414000000000000e+06
1.243092000000000000e+06
1.244790000000000000e+06
1.246790000000000000e+06
1.249250000000000000e+06
1.250937000000000000e+06
1.252543000000000000e+06
1.254973000000000000e+06
1.256869000000000000e+06
1.258869000000000000e+06
1.261360000000000000e+06
1.263196000000000000e+06
1.264816000000000000e+06
1.267151000000000000e+06
1.269151000000000000e+06
1.271405000000000000e+06
1.273496000000000000e+06
1.275342000000000000e+06
1.277874000000000000e+06
1.279874000000000000e+06
1.281726000000000000e+06
1.283576000000000000e+06
1.285656000000000000e+06
1.287954000000000000e+06
1.290181000000000000e+06
1.292003000000000000e+06
1.293425000000000000e+06
1.296228000000000000e+06
1.298207000000000000e+06
1.300434000000000000e+06
1.301979000000000000e+06
1.304366000000000000e+06
1.306341000000000000e+06
1.308341000000000000e+06
1.310619000000000000e+06
1.312578000000000000e+06
1.314324000000000000e+06
1.316622000000000000e+06
1.317971000000000000e+06
1.320151000000000000e+06
1.322949000000000000e+06
1.324505000000000000e+06
1.326505000000000000e+06
1.329032000000000000e+06
1.330942000000000000e+06
1.332891000000000000e+06
1.334891000000000000e+06
1.336818000000000000e+06
1.338767000000000000e+06
1.341095000000000000e+06
1.343342000000000000e+06
1.344850000000000000e+06
1.347090000000000000e+06
1.349464000000000000e+06
1.351464000000000000e+06
1.353491000000000000e+06
1.354964000000000000e+06
1.356964000000000000e+06
1.359633000000000000e+06
1.361633000000000000e+06
1.363848000000000000e+06
1.365207000000000000e+06
1.367940000000000000e+06
1.369940000000000000e+06
1.371759000000000000e+06
1.373513000000000000e+06
1.375402000000000000e+06
1.377402000000000000e+06
1.380142000000000000e+06
1.381786000000000000e+06
1.383619000000000000e+06
1.386458000000000000e+06
1.388443000000000000e+06
1.390443000000000000e+06
1.391666000000000000e+06
1.394663000000000000e+06
1.396277000000000000e+06
1.397857000000000000e+06
1.399857000000000000e+06
1.402857000000000000e+06
1.404857000000000000e+06
1.406853000000000000e+06
1.408721000000000000e+06
1.411051000000000000e+06
1.412187000000000000e+06
1.415133000000000000e+06
1.417090000000000000e+06
1.418816000000000000e+06
1.420617000000000000e+06
1.423182000000000000e+06
1.425361000000000000e+06
1.427287000000000000e+06
1.428755000000000000e+06
1.431538000000000000e+06
1.433428000000000000e+06
1.435125000000000000e+06
1.437443000000000000e+06
1.439443000000000000e+06
1.440878000000000000e+06
1.443682000000000000e+06
1.445538000000000000e+06
1.447489000000000000e+06
1.449604000000000000e+06
1.451256000000000000e+06
1.453256000000000000e+06
1.455618000000000000e+06
1.457590000000000000e+06
1.459464000000000000e+06
1.461875000000000000e+06
1.463341000000000000e+06
1.466304000000000000e+06
1.468304000000000000e+06
1.470304000000000000e+06
1.471843000000000000e+06
1.473636000000000000e+06
1.476462000000000000e+06
1.478366000000000000e+06
1.480080000000000000e+06
1.482080000000000000e+06
1.484485000000000000e+06
1.486485000000000000e+06
1.488251000000000000e+06
1.490324000000000000e+06
1.492920000000000000e+06
1.494920000000000000e+06
1.497067000000000000e+06
1.498228000000000000e+06
1.500939000000000000e+06
1.502532000000000000e+06
1.504532000000000000e+06
1.506692000000000000e+06
1.508692000000000000e+06
1.511276000000000000e+06
1.512476000000000000e+06
1.514724000000000000e+06
1.516580000000000000e+06
1.519580000000000000e+06
1.521482000000000000e+06
1.523331000000000000e+06
1.525154000000000000e+06
1.526832000000000000e+06
1.529832000000000000e+06
1.531832000000000000e+06
1.532964000000000000e+06
1.535088000000000000e+06
1.537524000000000000e+06
1.539524000000000000e+06
1.541931000000000000e+06
1.543779000000000000e+06
1.545642000000000000e+06
1.547642000000000000e+06
1.549642000000000000e+06
1.551642000000000000e+06
1.553884000000000000e+06
1.556143000000000000e+06
1.558396000000000000e+06
1.560024000000000000e+06
1.561933000000000000e+06
1.564019000000000000e+06
1.565940000000000000e+06
1.568216000000000000e+06
1.570162000000000000e+06
1.572349000000000000e+06
1.574349000000000000e+06
1.576810000000000000e+06
1.578284000000000000e+06
1.580284000000000000e+06
1.582646000000000000e+06
1.584899000000000000e+06
1.586883000000000000e+06
1.588805000000000000e+06
1.590789000000000000e+06
1.593071000000000000e+06
1.595071000000000000e+06
1.597071000000000000e+06
1.599071000000000000e+06
1.600798000000000000e+06
1.603230000000000000e+06
1.605447000000000000e+06
1.607248000000000000e+06
1.609059000000000000e+06
1.611556000000000000e+06
1.613556000000000000e+06
1.615523000000000000e+06
1.617371000000000000e+06
1.619371000000000000e+06
1.621817000000000000e+06
1.623696000000000000e+06
1.625567000000000000e+06
1.627509000000000000e+06
1.629705000000000000e+06
1.631982000000000000e+06
1.633824000000000000e+06
1.635718000000000000e+06
1.638341000000000000e+06
1.639646000000000000e+06
1.641874000000000000e+06
1.643822000000000000e+06
1.646432000000000000e+06
1.648432000000000000e+06
1.650432000000000000e+06
1.652604000000000000e+06
1.654213000000000000e+06
1.656035000000000000e+06
1.658508000000000000e+06
1.660248000000000000e+06
1.662230000000000000e+06
1.664723000000000000e+06
1.666996000000000000e+06
1.668996000000000000e+06
1.670305000000000000e+06
1.672548000000000000e+06
1.675147000000000000e+06
1.677147000000000000e+06
1.679180000000000000e+06
1.681180000000000000e+06
1.683083000000000000e+06
1.685189000000000000e+06
1.686731000000000000e+06
1.689572000000000000e+06
1.690874000000000000e+06
1.693624000000000000e+06
1.694848000000000000e+06
1.696933000000000000e+06
1.698933000000000000e+06
1.701803000000000000e+06
1.703288000000000000e+06
1.705577000000000000e+06
1.707121000000000000e+06
1.709860000000000000e+06
1.711788000000000000e+06
1.713727000000000000e+06
1.715742000000000000e+06
1.717894000000000000e+06
1.720295000000000000e+06
1.722163000000000000e+06
1.723936000000000000e+06
1.725609000000000000e+06
1.727886000000000000e+06
1.730292000000000000e+06
1.731934000000000000e+06
1.733934000000000000e+06
1.736391000000000000e+06
1.738391000000000000e+06
1.740080000000000000e+06
1.742052000000000000e+06
1.744568000000000000e+06
1.746568000000000000e+06
1.748940000000000000e+06
1.750421000000000000e+06
1.752810000000000000e+06
1.754244000000000000e+06
1.756244000000000000e+06
1.758964000000000000e+06
1.760964000000000000e+06
1.762964000000000000e+06
1.764509000000000000e+06
1.766913000000000000e+06
1.769161000000000000e+06
1.770867000000000000e+06
1.772867000000000000e+06
1.774930000000000000e+06
1.777159000000000000e+06
1.779693000000000000e+06
1.781693000000000000e+06
1.782899000000000000e+06
1.785675000000000000e+06
1.786970000000000000e+06
1.788970000000000000e+06
1.791970000000000000e+06
1.793970000000000000e+06
1.795656000000000000e+06
1.797656000000000000e+06
1.799656000000000000e+06
1.801530000000000000e+06
1.803530000000000000e+06
1.805530000000000000e+06
1.808125000000000000e+06
1.810125000000000000e+06
1.812125000000000000e+06
1.814125000000000000e+06
1.816125000000000000e+06
1.817914000000000000e+06
1.819914000000000000e+06
1.822032000000000000e+06
1.824032000000000000e+06
1.826009000000000000e+06
1.828712000000000000e+06
1.830484000000000000e+06
1.832203000000000000e+06
1.834203000000000000e+06
1.836203000000000000e+06
1.838609000000000000e+06
1.840763000000000000e+06
1.842701000000000000e+06
1.844701000000000000e+06
1.846818000000000000e+06
1.849018000000000000e+06
1.850777000000000000e+06
1.852777000000000000e+06
1.854777000000000000e+06
1.857137000000000000e+06
1.859286000000000000e+06
1.861286000000000000e+06
1.863567000000000000e+06
1.865535000000000000e+06
1.867535000000000000e+06
1.869468000000000000e+06
1.871610000000000000e+06
1.872951000000000000e+06
1.875951000000000000e+06
1.877951000000000000e+06
1.879984000000000000e+06
1.881714000000000000e+06
1.883714000000000000e+06
1.885955000000000000e+06
1.887955000000000000e+06
1.889955000000000000e+06
1.891518000000000000e+06
1.894148000000000000e+06
1.895545000000000000e+06
1.898325000000000000e+06
1.900325000000000000e+06
1.901712000000000000e+06
1.904248000000000000e+06
1.905859000000000000e+06
1.907969000000000000e+06
1.910232000000000000e+06
1.912232000000000000e+06
1.914547000000000000e+06
1.916902000000000000e+06
1.918488000000000000e+06
1.920103000000000000e+06
1.922103000000000000e+06
1.924306000000000000e+06
1.927022000000000000e+06
1.929022000000000000e+06
1.930425000000000000e+06
1.932763000000000000e+06
1.934753000000000000e+06
1.936753000000000000e+06
1.939120000000000000e+06
1.941056000000000000e+06
1.943427000000000000e+06
1.945421000000000000e+06
1.947071000000000000e+06
1.949338000000000000e+06
1.951338000000000000e+06
1.953542000000000000e+06
1.955231000000000000e+06
1.957779000000000000e+06
1.959768000000000000e+06
1.961006000000000000e+06
1.963775000000000000e+06
1.965775000000000000e+06
1.967443000000000000e+06
1.969443000000000000e+06
1.972146000000000000e+06
1.974229000000000000e+06
1.976229000000000000e+06
1.977738000000000000e+06
1.980219000000000000e+06
1.982114000000000000e+06
1.984114000000000000e+06
1.985621000000000000e+06
1.987621000000000000e+06
1.990320000000000000e+06
1.992320000000000000e+06
1.994320000000000000e+06
1.995916000000000000e+06
1.997916000000000000e+06
1.999995000000000000e+06
2.002249000000000000e+06
