-3.440204778778104822e-01
1.131626442125875931e+00
2.544091415877356877e+00
4.601313673514138003e+00
8.588229520028116681e+00
1.538492072416846845e+01
2.348671263678618004e+01
3.379316794390071266e+01
4.383018647544042068e+01
5.359951419002839401e+01
6.459708878538327781e+01
7.285460356424898976e+01
8.337638033811252569e+01
9.290494999599530956e+01
1.026310728693857044e+02
1.136465852324749193e+02
1.192120969292637653e+02
1.266638249711439101e+02
1.328685840236688023e+02
1.383413308617679434e+02
1.443369669918453155e+02
1.509862849449965267e+02
1.520216890219804782e+02
1.511287387230554202e+02
1.532349669462336124e+02
1.569360045604969400e+02
1.581243198926028981e+02
1.571542347987857795e+02
1.567633936755539139e+02
1.574760935350094258e+02
1.580363913190905123e+02
1.608030082464039765e+02
1.619670085796378771e+02
1.596778268441044872e+02
1.614224441979534674e+02
1.627978061563779590e+02
1.633577704213809909e+02
1.652661950140023350e+02
1.626792413853204664e+02
1.655450994098456192e+02
1.675895110928646261e+02
1.659798735875710918e+02
1.654427269067194004e+02
1.650386054232658068e+02
1.629169953366285597e+02
1.638238853200414837e+02
1.663050448210327943e+02
1.649385458327462857e+02
1.665261379720909076e+02
1.685571319215367794e+02
1.694779750185709020e+02
1.715121969886567967e+02
1.739981996549682890e+02
1.763782630625391619e+02
1.770031857596959242e+02
1.759125548543193247e+02
1.787925429498722281e+02
1.805076455387963108e+02
1.844590270240033476e+02
1.870063074482373793e+02
1.903641597920685911e+02
1.927017699504093571e+02
1.932385406821444462e+02
1.971635145064736605e+02
2.004855263156256342e+02
1.997215269850019581e+02
2.014600121372849344e+02
2.029656255115467047e+02
2.056703273180083045e+02
2.046634474061418700e+02
2.088167531150559171e+02
2.135137372054920206e+02
2.169159882560419419e+02
2.188183273933887563e+02
2.288902505667417699e+02
2.342372675883631246e+02
2.402067319183538245e+02
2.469816430501424520e+02
2.495676801120346795e+02
2.585838246332183417e+02
2.681626085830863531e+02
2.668048844114355802e+02
2.738776672239660570e+02
2.820978066654811300e+02
2.925112088882866601e+02
2.976166604666404396e+02
2.938679892718107567e+02
2.991862466967222645e+02
3.064067944653503446e+02
3.089561369134750066e+02
3.179626510528200924e+02
3.220352138916753120e+02
3.298012504305401649e+02
3.372865185361188196e+02
3.557741249707173665e+02
3.730745599966168129e+02
3.770065662156747521e+02
3.844286289737813149e+02
3.892985597571898211e+02
3.962268311587815788e+02
4.126477992470241816e+02
4.250608577859082970e+02
4.376160343166749271e+02
4.497187814240504053e+02
4.617931920536993857e+02
4.630360144989718378e+02
4.818148672200484839e+02
4.885038424943485893e+02
4.991578860102875979e+02
5.105419259513884072e+02
5.169663035626216470e+02
5.214148133872155313e+02
5.222492250627065005e+02
5.145259064096120483e+02
5.189444055977102153e+02
5.335988667254230222e+02
5.505141944631482147e+02
5.533016810366493701e+02
5.580169254952051006e+02
5.620456083853264317e+02
5.589435464779276117e+02
5.732710408991955546e+02
5.870925539962321409e+02
5.922931110116435320e+02
6.022463476405738447e+02
6.026538212881283698e+02
6.116817367011570923e+02
6.303549958796367036e+02
6.400534068377032781e+02
6.427802563358171710e+02
6.464688790836299859e+02
6.548703359479910660e+02
6.598210898556349093e+02
6.634366263758548712e+02
6.732684893330842897e+02
6.732759420346270645e+02
6.851530973627865251e+02
6.948012910168910139e+02
7.035489761401316855e+02
7.256702367109423903e+02
7.083384392450850555e+02
7.171663786694782630e+02
7.318105193027008681e+02
7.497561582865768059e+02
7.682512249613723725e+02
7.844412282003537484e+02
7.965909887431726020e+02
7.965129714973604678e+02
8.125130358314138448e+02
8.092643304520464653e+02
8.120630727066259169e+02
8.182627253695998206e+02
8.314101882688788692e+02
8.358500853769063497e+02
8.320660588800045616e+02
8.364246505822104609e+02
8.384278933013931692e+02
8.455121476177540671e+02
8.385532326303828086e+02
8.573870704966950598e+02
8.747316436191044886e+02
8.842842499060004684e+02
8.981530940792774800e+02
9.099305382731382679e+02
9.319145528452016833e+02
9.422705021154851011e+02
9.447763570158909943e+02
9.440262328845710726e+02
9.466307761690678717e+02
9.460760729167415093e+02
9.611031581838242346e+02
9.586439022675403976e+02
9.593299581173039314e+02
9.591828038974131232e+02
9.387227100071307859e+02
9.477129412625658915e+02
9.457513495455611974e+02
9.330964603011940426e+02
9.374984468742163699e+02
9.582954279993714408e+02
9.667743010091747919e+02
9.626494106673977740e+02
9.687529747354388974e+02
9.571045467328508494e+02
9.591912435461251789e+02
9.601569709890325157e+02
9.605380341071239627e+02
9.775677657860816225e+02
9.965538710739099315e+02
1.011194438749271171e+03
1.007239209751896965e+03
1.006253429365070019e+03
9.972205901256916150e+02
9.963794826064639665e+02
9.902202346971146198e+02
9.983922660643422660e+02
9.980919077888713673e+02
1.013857600891941956e+03
1.020215776978215558e+03
1.023272326315682562e+03
1.033019375915341470e+03
1.034255432484933635e+03
1.023354961979196787e+03
1.037862387276773234e+03
1.045678210106982306e+03
1.056697175129406560e+03
1.059611978873265571e+03
1.077530523794812325e+03
1.075499874206658660e+03
1.058234435426968275e+03
1.079831524692583571e+03
1.079282221682291492e+03
1.090647202388521464e+03
1.096092117117078260e+03
1.092668316455843751e+03
1.101527336206138671e+03
1.113491985959069325e+03
1.123439654406280397e+03
1.129080002333725361e+03
1.136064114315930738e+03
1.147473803657352391e+03
1.150834567079853741e+03
1.150172209891835564e+03
1.135123973484276121e+03
1.143308802266068824e+03
1.133835872966856641e+03
1.139378318195369502e+03
1.138587199506170236e+03
1.152508567654726903e+03
1.151171490322444470e+03
1.176682508095426101e+03
1.167336714381859110e+03
1.163340348673078324e+03
1.169486498127466120e+03
1.168956708571591889e+03
1.167088238586033413e+03
1.183330206736047103e+03
1.193463219038028683e+03
1.214924834509707352e+03
1.219832066875573901e+03
1.223299649744986937e+03
1.220855138590340175e+03
1.219196363817359497e+03
1.213479017456249039e+03
1.216302715916599482e+03
1.224819975890929982e+03
1.228525883590930562e+03
1.215620127938695759e+03
1.207924003235358896e+03
1.215905503612973462e+03
1.202275388084832912e+03
1.205525919300517216e+03
1.187277882297511496e+03
1.171473036222429982e+03
1.169754469436532190e+03
1.165530464863430780e+03
1.161257918686371795e+03
1.167727142182853640e+03
1.183376420174784243e+03
1.195394514289523158e+03
1.188684497108967889e+03
1.197722577906514516e+03
1.200531737234331786e+03
1.182456008280775904e+03
1.171377083562482085e+03
1.140462012443820413e+03
1.143036658737714788e+03
1.124929933116307438e+03
1.112908173675223225e+03
1.107315827699049805e+03
1.098854258985961678e+03
1.076771582193858421e+03
1.077513832174792242e+03
1.065999063116120851e+03
1.075893636192984786e+03
1.080974680315331398e+03
1.060224917031391215e+03
1.045350048127041191e+03
1.048697860796331042e+03
1.055878412851236590e+03
1.055716009857345171e+03
1.052779206768488848e+03
1.068990137666252849e+03
1.054335065435989236e+03
1.073521631450023278e+03
1.078764468314583837e+03
1.086567058348211049e+03
1.087019354454465201e+03
1.086720456986913632e+03
1.069797356272980096e+03
1.024775543266203613e+03
1.013513285025324421e+03
9.917883625772219602e+02
9.858052290502630512e+02
9.939977651820242954e+02
9.972076016770312208e+02
1.005406480560956652e+03
1.014359861326002147e+03
1.025767632040149238e+03
1.035187352750564969e+03
1.010171444302015857e+03
9.937335490544329559e+02
9.777061366866967091e+02
9.810415722032888652e+02
9.826968591784971068e+02
9.815659977792437303e+02
1.005541110653850751e+03
1.015551160616258471e+03
1.019267428747008239e+03
1.012082356462987718e+03
1.009450490427960062e+03
1.010051417654073248e+03
1.007119951993085124e+03
1.014630566230140289e+03
1.001595341664130956e+03
1.014867751204314118e+03
9.803651732195999102e+02
9.902087724546471463e+02
1.001326112201113460e+03
9.962509492857270743e+02
9.950263344030713597e+02
1.020160597112937353e+03
1.034713466233175495e+03
1.029424791989040614e+03
1.016287723043153619e+03
1.021299810475872164e+03
1.022487514170602253e+03
1.036934774019334100e+03
1.025894583820644584e+03
1.029642121269321706e+03
1.039552721136309401e+03
1.056784000880926897e+03
1.074653317003806933e+03
1.082214655534088251e+03
1.098184075466876038e+03
1.098772520263596334e+03
1.096309518352778923e+03
1.098661149383387738e+03
1.080518761627946333e+03
1.071657215800794120e+03
1.038810279193823362e+03
1.032916430256035710e+03
1.024644618282809461e+03
1.021313604900145720e+03
1.020747078217454714e+03
1.025280992804825928e+03
1.027522387505491452e+03
1.021090418964227865e+03
1.022347400685268099e+03
1.028325426987195442e+03
1.017186381212321976e+03
1.018236154181868642e+03
1.035635195847709838e+03
1.057785581023447548e+03
1.061574069114017448e+03
1.078286798970795417e+03
1.081332361812961153e+03
1.050849414030758453e+03
1.064025921004172915e+03
1.049704938061514440e+03
1.034485278846458641e+03
1.023526813433714096e+03
1.021733070396789117e+03
1.028351605447777956e+03
1.048581215689307783e+03
1.002300911049925048e+03
9.996260462434626106e+02
1.029991810124446829e+03
1.049332099278279429e+03
1.049018883199192260e+03
1.078315430220837698e+03
1.109108702861872644e+03
1.123488854420331336e+03
1.126734369907986320e+03
1.131956482542169624e+03
1.144929940624038636e+03
1.140685365499682121e+03
1.158802796799669522e+03
1.170535007279126830e+03
1.190804256493110188e+03
1.193385568916871080e+03
1.214519747479179159e+03
1.204953933721546036e+03
1.234409214019643059e+03
1.250567162674001793e+03
1.233129058726226731e+03
1.221788261360421984e+03
1.207529751483735708e+03
1.210103419702050132e+03
1.207293366500629190e+03
1.206887519994123295e+03
1.233481699497162936e+03
1.233728115369106717e+03
1.225337767540376262e+03
1.214900073378162006e+03
1.218295843773823208e+03
1.221067705086537671e+03
1.218074341550639929e+03
1.212239965832303369e+03
1.243616287232620380e+03
1.239969102641879545e+03
1.255383005915309695e+03
1.219785384587978569e+03
1.219392730227577886e+03
1.205385037185586043e+03
1.215377424667437708e+03
1.194864308048494195e+03
1.192014939312523666e+03
1.190555668431275080e+03
1.196471416717549801e+03
1.214299447930182168e+03
1.215167458826122584e+03
1.202369353175557535e+03
1.161804080927460291e+03
1.171377660366924147e+03
1.181613575140284865e+03
1.163572827066872378e+03
1.168636172854822689e+03
1.193900331376421036e+03
1.183712326001650581e+03
1.189872576426975684e+03
1.217201393977461066e+03
1.218906643628770553e+03
1.216134938286755414e+03
1.196110571768797854e+03
1.184880691801803323e+03
1.183833526624836168e+03
1.212785224325737545e+03
1.215659300266657283e+03
1.216945140236256066e+03
1.200873739828474982e+03
1.201486636279295681e+03
1.185156565587427622e+03
1.189856672825353826e+03
1.186312643831317473e+03
1.191759547414084182e+03
1.198613056215861434e+03
1.197646837726562126e+03
1.188300625353499072e+03
1.211127871735072631e+03
1.215714791110313627e+03
1.215909972111792058e+03
1.208108651789109217e+03
1.179563331937931707e+03
1.176572999967390160e+03
1.193087454817284424e+03
1.222569912124082975e+03
1.213817668189568849e+03
1.214090844128774961e+03
1.237523877485318280e+03
1.224149144359501179e+03
1.185690965724519401e+03
1.190349851292231278e+03
1.163818290266012809e+03
1.153004171132134616e+03
1.158121943371745601e+03
1.167982034783309473e+03
1.176374075232997939e+03
1.205538258959198174e+03
1.186186374361543585e+03
1.151299952353990420e+03
1.155627612787355702e+03
1.156439977459054262e+03
1.173750631934378589e+03
1.178200003099607557e+03
1.175335047083733571e+03
1.187392490144735802e+03
1.201964901124354810e+03
1.200734619150854542e+03
1.196021792489997779e+03
1.209422720507394160e+03
1.211066684670199265e+03
1.200718963678746150e+03
1.211597682688953455e+03
1.219350175105868175e+03
1.232580369872618576e+03
1.245259524988242902e+03
1.244613622723993103e+03
1.245491858416844480e+03
1.240550311862160925e+03
1.241873481454488683e+03
1.263057961836741697e+03
1.237255038540536361e+03
1.245203778920369587e+03
1.266301968847229773e+03
1.289847730338871315e+03
1.301580221979799035e+03
1.292509486333804489e+03
1.295584322832949056e+03
1.295178232439793192e+03
1.303747058657682146e+03
1.306047708929485907e+03
1.311922446559668060e+03
1.308333135100741856e+03
1.317490103817313866e+03
1.334380386267825088e+03
1.364945869220100803e+03
1.365064473246076659e+03
1.384843266169035360e+03
1.362963147178138115e+03
1.361036209261965041e+03
1.365313476155742137e+03
1.354091885768496468e+03
1.354725804336064584e+03
1.347269516637385323e+03
1.336890313929649665e+03
1.333684039296045057e+03
1.332797769405985491e+03
1.341628146083606225e+03
1.347842543208637608e+03
1.348872414298195736e+03
1.334150452469553329e+03
1.342059665027396022e+03
1.343713896885524264e+03
1.356576246174913877e+03
1.330209851684180876e+03
1.326502276765549595e+03
1.340240137584648664e+03
1.335744460981126394e+03
1.332775619907605915e+03
1.324537879503739532e+03
1.317660311476849074e+03
1.322657306294931914e+03
1.341134816458739124e+03
1.324762101369095035e+03
1.322461807030533691e+03
1.315755523120915768e+03
1.318241263791172287e+03
1.314980938674766776e+03
1.325179150738744056e+03
1.307240966082355271e+03
1.312835414057166872e+03
1.322522686091798278e+03
1.318284091219852826e+03
1.320084476117496024e+03
1.339900263980073760e+03
1.339710448030833277e+03
1.352713887465353537e+03
1.350419965212647185e+03
1.349667989338066491e+03
1.368544056174577008e+03
1.374892550820381075e+03
1.384578663105945452e+03
1.382000772316316215e+03
1.365565660804000117e+03
1.335415796502552212e+03
1.330288076962353443e+03
1.344528321634092663e+03
1.358839027149535013e+03
1.356255357301973618e+03
1.363794781759568423e+03
1.379839095770722224e+03
1.379293785680125666e+03
1.381989508044728382e+03
1.380347663084352462e+03
1.379753106484291266e+03
1.370728314723111680e+03
1.383046927879779332e+03
1.380782191975497881e+03
1.391156807124378020e+03
1.380234356360083666e+03
1.393520676602619687e+03
1.393519975023983761e+03
1.400446637690130729e+03
1.395249969997465087e+03
1.406646452951327092e+03
1.406477546235737918e+03
1.408314935083215460e+03
1.418781083090345419e+03
1.413485079688748783e+03
1.415642623697991439e+03
1.388079350106408810e+03
1.397019656970355072e+03
1.401824373044385766e+03
1.387317588838448955e+03
1.376287058744347632e+03
1.357903691475216874e+03
1.357370763305922765e+03
1.326359784143948900e+03
1.338618568606168083e+03
1.336107417269280631e+03
1.348173595269531916e+03
1.348588346122026906e+03
1.350583231619648814e+03
1.340806478333521000e+03
1.339073857268704842e+03
1.331274058053989620e+03
1.333232537042795457e+03
1.355906317866736799e+03
1.362401240850023441e+03
1.359569258668691646e+03
1.370134227859997736e+03
1.353686177205671811e+03
1.356771781814628639e+03
1.357783294484356247e+03
1.354547863485093785e+03
1.358114958701064097e+03
1.381322430299274856e+03
1.384684133929037216e+03
1.390785909035628492e+03
1.390930136862825293e+03
1.390516790477136055e+03
1.383748194748399783e+03
1.384009051402724026e+03
1.401640417679427173e+03
1.402972919038404143e+03
1.413101845343644300e+03
1.414772349220541173e+03
1.409118138483468101e+03
1.435517759632187335e+03
1.391746538510915798e+03
1.398809237349124487e+03
1.426766014953107288e+03
1.426422388970146812e+03
1.444167527319363217e+03
1.451894617491388999e+03
1.449593384181328929e+03
1.479124541476614922e+03
1.474445846355519507e+03
1.444414294638738511e+03
1.456616859818389457e+03
1.451434131592937092e+03
1.457853208156765277e+03
1.467944320862259701e+03
1.462710197139981801e+03
1.461359454299879417e+03
1.467106728489771285e+03
1.437877577954686785e+03
1.430832386901380687e+03
1.445147882607001748e+03
1.454415963129600186e+03
1.452871290158934244e+03
1.437681496741847013e+03
1.422567750377126686e+03
1.377797736356519181e+03
1.380935252265416693e+03
1.379608993051455172e+03
1.394062985826972181e+03
1.372238604006873402e+03
1.351148047242361372e+03
1.347190034689262575e+03
1.330151371165679393e+03
1.331329540491626176e+03
1.323975083860578252e+03
1.316746487470996271e+03
1.331483010325955092e+03
1.311191313633282334e+03
1.300572153000335675e+03
1.288263054398466693e+03
1.293352038735994029e+03
1.304832641979107848e+03
1.285822323573709809e+03
1.307395702653357830e+03
1.316195964636134249e+03
1.335731862185698674e+03
1.334499533758026928e+03
1.341778798687891594e+03
1.332397232175976569e+03
1.323661338841410270e+03
1.322927108519432977e+03
1.325227844759044729e+03
1.345581523301177185e+03
1.337599872372716163e+03
1.310279964371658707e+03
1.291636582900734538e+03
1.306817286249352492e+03
1.314276507145575124e+03
1.322395153167112085e+03
1.318059312813022643e+03
1.323345496132859807e+03
1.301728471731874606e+03
1.299327069347704992e+03
1.292540298533773466e+03
1.299162079534712348e+03
1.294183884650538175e+03
1.290443154909469513e+03
1.289075076025070075e+03
1.303681264451149445e+03
1.332739570849629217e+03
1.346942801733085389e+03
1.357002791767811686e+03
1.350244256935404565e+03
1.378517359919583896e+03
1.373723333819449408e+03
1.394324035863295649e+03
1.397993611414654652e+03
1.416363016867597480e+03
1.420033618622107042e+03
1.427298563528158184e+03
1.428560731769993254e+03
1.427878082996531248e+03
1.437222097610903802e+03
1.440295625679964132e+03
1.419880798241480079e+03
1.439752800211093245e+03
1.449276297107548544e+03
1.445638292916837372e+03
1.439811736130539884e+03
1.443523582200780538e+03
1.452342446546591873e+03
1.452924399008154523e+03
1.471174998518330085e+03
1.477963677136408478e+03
1.492210910136352140e+03
1.479417448381290569e+03
1.496009191695516392e+03
1.502481741223996323e+03
1.484788214036700310e+03
1.519270528957353463e+03
1.532343058769933805e+03
1.548949520830354231e+03
1.566610973096035650e+03
1.581556838596301986e+03
1.584989080908885171e+03
1.594009196698346386e+03
1.619443079844211752e+03
1.624419619123253142e+03
1.647270355889174652e+03
1.629594568515939727e+03
1.618139357490861130e+03
1.602796469044228616e+03
1.602427969204306692e+03
1.597346480178575121e+03
1.586758559393242649e+03
1.546231504950740145e+03
1.552902613828447556e+03
1.544061638835961958e+03
1.544949093901856941e+03
1.547533279252692410e+03
1.516973692278071212e+03
1.504312804641737330e+03
1.497572813572149698e+03
1.516795476459695010e+03
1.515045869174212612e+03
1.506334532325139662e+03
1.508073392125088731e+03
1.500865975487133255e+03
1.519815423697387814e+03
1.526443674354093446e+03
1.501363400228193996e+03
1.500729147514746273e+03
1.493147407111525581e+03
1.506846600755736063e+03
1.514879024087063499e+03
1.506906529980893538e+03
1.516428982124227332e+03
1.504768597801572696e+03
1.480182629053570281e+03
1.449906115659121951e+03
1.436061758112217149e+03
1.424663009036796211e+03
1.421836483101994190e+03
1.395589028664463058e+03
1.380569122231090660e+03
1.390297026702030053e+03
1.398282618457489207e+03
1.389147015091715957e+03
1.389064424933400915e+03
1.374656599340606590e+03
1.385374656020837620e+03
1.393292703180978606e+03
1.396348532829580563e+03
1.405850584955527665e+03
1.404966539480120218e+03
1.400071344392588117e+03
1.399789520048931081e+03
1.399515550917939663e+03
1.393391530693476625e+03
1.392693484487833302e+03
1.385239233747657181e+03
1.361088156964857262e+03
1.356355439547860215e+03
1.340338353125385083e+03
1.313951246290945846e+03
1.311445272895532526e+03
1.321952874102683381e+03
1.329281974795529095e+03
1.302304998344709020e+03
1.318160570921880662e+03
1.316188168064758429e+03
1.302047021625230627e+03
1.316532138004783974e+03
1.325573727739067408e+03
1.331846894126231291e+03
1.345052072185789484e+03
1.357688466482332842e+03
1.353050114608403874e+03
1.361509404048551232e+03
1.384526020108439525e+03
1.391711365590559353e+03
1.375086727367804087e+03
1.384490966436207827e+03
1.395742732655739019e+03
1.412983374092006443e+03
1.389865823849064554e+03
1.392181015275552681e+03
1.387240389358754101e+03
1.407315256515203600e+03
1.371989015339235721e+03
1.353196007987350185e+03
1.334328360083366533e+03
1.326265311281648565e+03
1.321812411539919822e+03
1.318198102237493913e+03
1.327924835138857361e+03
1.315310783348151972e+03
1.308997686795126356e+03
1.343569507307816139e+03
1.351589727363302018e+03
1.367625305103192431e+03
1.370460399879696752e+03
1.367966699653207797e+03
1.363548230782138035e+03
1.380843892195089211e+03
1.383425800526877083e+03
1.394753293222180218e+03
1.390710943904438409e+03
1.395839953398531634e+03
1.391096488069407997e+03
1.389011103858200158e+03
1.390356863150728486e+03
1.382014821062582541e+03
1.387596767690088882e+03
1.395683905073390406e+03
1.378988386243848254e+03
1.386190643176335925e+03
1.382904577836867247e+03
1.384222263482567541e+03
1.384943432865324439e+03
1.382780058358783208e+03
1.412759548196621381e+03
1.409978995584085169e+03
1.408823425129848829e+03
1.400116714861999526e+03
1.424849580129297010e+03
1.432368280327467119e+03
1.420827812964739906e+03
1.429814167705002774e+03
1.430532057965924878e+03
1.439811421618390114e+03
1.422315731509994066e+03
1.410306434425873931e+03
1.408959300193233958e+03
1.379985039296757805e+03
1.387185411964235300e+03
1.391734497746003399e+03
1.394142128430913544e+03
1.400742598064057347e+03
1.383125219216298092e+03
1.368994356398129867e+03
1.356681625734672707e+03
1.305234675223113300e+03
1.301629931275854233e+03
1.232618389904611604e+03
1.222981711283333652e+03
1.226113805315083482e+03
1.241229086662648797e+03
1.224862683708158329e+03
1.221358724992377347e+03
1.215251556820906444e+03
1.225792807302046185e+03
1.205876919003922012e+03
1.216627739104128068e+03
1.203597232639608137e+03
1.208979277930258377e+03
1.173835573391518892e+03
1.191770152114963366e+03
1.225180411181405361e+03
1.229952996730630048e+03
1.196887390939811212e+03
1.206017822625224881e+03
1.216931746585649762e+03
1.249694828466155059e+03
1.266871005600523404e+03
1.284699347780814605e+03
1.299444461851887127e+03
1.294596270538368799e+03
1.291153424657720734e+03
1.292464245486015443e+03
1.287220143631847350e+03
1.298506989179216134e+03
1.266450017706999233e+03
1.296682259329177668e+03
1.323466580476343779e+03
1.314173262290479670e+03
1.349712822157195433e+03
1.364506661073658961e+03
1.385678326756640217e+03
1.401671886748762290e+03
1.412184268783930065e+03
1.412342270269610708e+03
1.397648977554887324e+03
1.428455632372873879e+03
1.390808016516869202e+03
1.376954021023275573e+03
1.359062466646291341e+03
1.366421876113636472e+03
1.369543746496495714e+03
1.379445262138016005e+03
1.383735703380441919e+03
1.383792494485152474e+03
1.363125834139334984e+03
1.367264474342112635e+03
1.372214089978130687e+03
1.394726843015787381e+03
1.390021403892078752e+03
1.375620104938920804e+03
1.378858890653306844e+03
1.387314934099789298e+03
1.363494047298743681e+03
1.373549047764402985e+03
1.364540592740694592e+03
1.336719842023791216e+03
1.308615517859087959e+03
1.313707004443320102e+03
1.321690839356905826e+03
1.296610905883139139e+03
1.310854361396184004e+03
1.311607087650384074e+03
1.299237598252965881e+03
1.271532768433922456e+03
1.303511941666201437e+03
1.320044389754047643e+03
1.314220155404285151e+03
1.316662810238780594e+03
1.313710437911442341e+03
1.316878537558502330e+03
1.329507747921508326e+03
1.323272969513705448e+03
1.343083605180135919e+03
1.375041913038954362e+03
1.350910374319947550e+03
1.358689104043995712e+03
1.375633430856173163e+03
1.364101658112287396e+03
1.375513903526343711e+03
1.386632604470501064e+03
1.411912829332608680e+03
1.427347085625480759e+03
1.397781222550730490e+03
1.409288158277900038e+03
1.382903874438381990e+03
1.381731323951745026e+03
1.390170285586212913e+03
1.368957059680397833e+03
1.387891011884954423e+03
1.402419022139925801e+03
1.410964465919653776e+03
1.430235793627067778e+03
1.412147414191145799e+03
1.409355187148296181e+03
1.424807098585697304e+03
1.414941417824962627e+03
1.388567665963235868e+03
1.403148572672980890e+03
1.404101605469573997e+03
1.394900316443766314e+03
1.395201190996349624e+03
1.328456376723825997e+03
1.308189208975260499e+03
1.323466966679401139e+03
1.306389369345445630e+03
1.295034368202107544e+03
1.283009401544846014e+03
1.291826335510035051e+03
1.288467262955960678e+03
1.290400059288782131e+03
1.294646525767792355e+03
1.241285418140316096e+03
1.240645265257302526e+03
1.248828800519841025e+03
1.251128668870787806e+03
1.264685557833538724e+03
1.293100635452724873e+03
1.264044247113416304e+03
1.259782543024099141e+03
1.279373997756626522e+03
