1.762499909077934301e+00
3.316681289143087241e+00
2.239380156843369996e+00
2.504554282613431049e+00
2.369215412802907039e+00
1.646322713903950907e+00
1.294073008828914517e+00
2.417364719727805422e+00
1.204008623185207183e+00
1.280398571878981429e+00
1.507843253506943926e+00
1.879522193881911774e+00
1.168521976038199517e+00
2.238155774515997454e+00
1.985958060819498883e+00
2.629788480686540364e+00
1.785443427219365553e+00
2.866603677965430919e+00
1.801701633029280991e+00
2.704111203459539148e+00
2.088476795050523194e+00
3.224337024900935766e+00
1.537845716367313820e+00
2.427829390946992572e+00
2.194924204103076093e+00
2.419124168043961465e+00
2.252010377149863185e+00
2.226121288647401997e+00
1.928949229046577507e+00
2.136731516061500358e+00
1.772816502858619359e+00
2.070903789868994593e+00
1.758967211333128056e+00
2.210929315966723596e+00
1.620355213156398744e+00
2.178646715344195073e+00
1.674648857818623160e+00
1.447906310980756839e+00
1.844230826858010319e+00
2.095386890476294450e+00
1.952454039204388092e+00
2.302592351434379125e+00
1.930099069039189708e+00
2.057609426770667937e+00
2.018377118454392161e+00
2.077064189641466996e+00
2.262126751680100245e+00
2.295772690519390924e+00
2.683199769368039611e+00
2.873561726918131498e+00
2.240086962189034914e+00
3.063837984264092817e+00
3.445265155762227582e+00
3.740433075975807320e+00
3.571308563492494148e+00
3.266637106230349641e+00
3.532384279610659927e+00
3.683494807928290538e+00
3.497130592438297825e+00
3.579592584770135311e+00
3.038067322719485208e+00
2.670112787715747338e+00
3.019012301194563985e+00
5.356844602731351657e+00
5.888675068475033747e+00
2.011598332315069015e+00
2.863256227560567524e+00
2.054276850778238739e+00
2.823909130772702891e+00
1.591753423961867142e+00
2.815590006303483328e+00
1.175229494535875885e+00
2.471499711260721543e+00
9.996261523538682026e-01
2.442553523048271558e+00
1.203473097365260758e+00
2.959543730477814272e+00
5.807400166811548914e+00
6.144307204944068346e+00
8.015002721445657841e+00
5.217061307690944005e+00
6.233871069197585157e+00
4.977422140826845087e+00
7.071639029723200132e+00
5.119084500209474697e+00
2.801709779289394131e+00
3.049872096895610785e+00
3.377383801499612481e+00
2.910620667294210762e+00
2.969537621951446216e+00
3.029943532965530650e+00
3.217035143773251171e+00
3.325321738443975494e+00
3.110045330480225356e+00
3.168537566196585331e+00
3.955934138225939201e+00
3.873751612150367230e+00
3.899123774016006738e+00
3.482968752938215395e+00
3.631006730084349599e+00
3.290089428708567798e+00
3.213587396661125695e+00
3.420802113481291151e+00
3.205054602556100640e+00
2.956733365418122261e+00
2.633958421741197764e+00
2.875295952220270568e+00
2.649293685127707576e+00
2.789504727877184287e+00
2.528977064153717258e+00
2.261563286320033228e+00
2.259617352956589720e+00
1.976095673787851004e+00
1.638056983615723272e+00
1.790214807724730628e+00
1.886787904410363037e+00
1.791025802838691172e+00
1.900092455457293772e+00
1.898505559440692991e+00
1.842662698878530625e+00
1.998447862783964801e+00
1.563715870140548247e+00
1.719031803220530064e+00
2.054200779743123206e+00
1.816288178452323043e+00
2.010612813018918921e+00
1.486563426448238134e+00
1.407043274849846481e+00
1.351454449449971396e+00
1.313805577964344273e+00
1.315768561601052156e+00
1.292951421622484220e+00
1.240333823797930890e+00
1.186811805481206239e+00
9.870897693936317996e-01
9.255652375015940292e-01
8.927408788191322220e-01
8.340281431766543019e-01
8.410925637670400024e-01
7.530497584253484922e-01
7.470696096168468747e-01
6.945160971443155029e-01
7.550044277508634050e-01
7.097005430094946998e-01
8.130423313413652764e-01
7.597908155008431530e-01
9.681457614634028097e-01
9.175424099612690121e-01
9.789722752801693906e-01
9.048820266244012034e-01
8.986890247788905661e-01
8.377806345653656672e-01
8.582714949943790472e-01
8.093455940775098334e-01
8.685001541914434409e-01
8.286403451809677412e-01
8.769646871742919902e-01
8.458332005689505051e-01
9.388692869166930244e-01
8.746265523266240072e-01
9.759735327277296868e-01
9.330500499631247946e-01
9.825480294662202185e-01
9.337800531897514356e-01
9.676121071226769788e-01
9.305810091817999785e-01
9.879427268581166821e-01
9.214910980923092243e-01
9.572505071234500562e-01
9.165771590518690948e-01
8.961813855481999269e-01
8.548758068406739907e-01
9.580755136327809840e-01
8.882202639013270229e-01
9.495099849471664299e-01
8.935821902831544428e-01
9.372784975714659739e-01
9.007269062293972173e-01
9.084954092948572812e-01
8.656515205395524104e-01
9.185629422401805355e-01
9.013959682965436704e-01
9.105403484895299160e-01
9.255467298493093020e-01
9.819520100881728997e-01
9.833266989040844175e-01
1.074075171905950477e+00
1.093212421164984738e+00
1.098935140145602896e+00
1.104838219396452992e+00
1.194777855943664147e+00
1.197587649876405758e+00
1.186429684544876517e+00
1.186381589965841643e+00
1.083991063400634447e+00
1.077294447695121837e+00
1.102802999310587451e+00
1.074464680662666982e+00
1.063772148369767967e+00
1.067124137093016900e+00
1.020865026231627448e+00
1.004301954272035058e+00
1.021624119924688712e+00
1.011558226736679389e+00
1.058065180838227759e+00
1.045571491078487902e+00
1.088792665794172665e+00
1.073305212677932774e+00
1.093243837090993154e+00
1.089215203240004426e+00
1.120108323194185962e+00
1.139682820091711957e+00
1.213112761609826507e+00
1.170844116508236832e+00
1.216206998307382880e+00
1.225504858887862092e+00
1.224652774562164925e+00
1.217676393087316677e+00
1.211026085238111838e+00
1.202470298426525863e+00
1.134509821201137747e+00
1.055884956172032707e+00
1.084238759403238994e+00
1.052494364300287089e+00
1.193845733503942519e+00
1.077576413297053781e+00
1.120662433556561144e+00
1.075946729906413379e+00
1.081649578025698055e+00
1.075532175433251192e+00
1.313115880699213367e+00
1.223308759292010217e+00
1.224724515306763628e+00
1.112893032064155019e+00
1.401016005877899318e+00
1.112851752959737262e+00
1.134474472606322060e+00
1.111836531033742359e+00
1.147806597451898281e+00
1.100604862036798526e+00
1.145412505073957199e+00
1.086001444603345245e+00
1.232272195518464120e+00
1.194778015922697056e+00
1.785590358929525889e+00
1.334832418956884981e+00
1.151086708879049958e+00
1.137863238969695434e+00
1.206245827100390855e+00
1.137857509252522492e+00
1.227117496006374653e+00
1.168483560084427886e+00
1.321633601528036994e+00
1.150185593712502063e+00
1.181077192830854106e+00
1.118457790523251782e+00
1.123992194954894774e+00
1.113775016788402406e+00
1.178024354876163748e+00
1.164921136934599089e+00
1.176386182054619534e+00
1.169669856107028671e+00
1.131861754607536241e+00
1.140755100438399783e+00
1.213652852162877549e+00
1.214244595218565426e+00
1.353225515293880798e+00
1.205839402944017813e+00
1.399633237519500639e+00
1.209711064943175929e+00
1.305588659618700076e+00
1.207137115695372298e+00
1.226277322741068154e+00
1.210379305318483256e+00
1.221005135982095480e+00
1.199764910611410107e+00
1.228151059317890592e+00
1.208326064579933634e+00
1.162383517004931255e+00
1.170650170466464912e+00
1.174872712194689583e+00
1.172942337614987229e+00
1.182916049424716398e+00
1.173502015645888408e+00
1.160089880650717609e+00
1.174359916954083705e+00
1.212832053447056468e+00
1.205205758469054533e+00
1.214729008026604662e+00
1.211389291101068189e+00
1.193805573982808177e+00
1.208621038762288658e+00
1.237233824059930321e+00
1.245032200013863166e+00
1.283369125817475531e+00
1.284633636586117067e+00
1.296334256606097579e+00
1.295459848726643104e+00
1.444444708091606078e+00
1.333635325531796312e+00
1.497672139176408734e+00
1.346611787889214096e+00
1.538696635737264895e+00
1.324682146788118686e+00
1.472426265230145415e+00
1.390524694053023813e+00
1.310259577737978409e+00
1.245881479158707172e+00
1.724716316664809845e+00
1.287821228299848464e+00
1.568218298275653177e+00
1.556399469907673527e+00
1.300594547135833112e+00
1.231490292389163077e+00
1.291863119881429434e+00
1.220320373058105590e+00
1.295720935017361963e+00
1.247951054349167865e+00
1.243511580735483291e+00
1.207119218171600394e+00
1.263540815310306709e+00
1.204889587530548756e+00
1.246093798866419133e+00
1.179486659490372569e+00
1.195037290372529704e+00
1.185686789739230917e+00
1.272161026883318335e+00
1.205937240926311382e+00
1.194107394206233019e+00
1.172637326732258511e+00
1.164528739218202658e+00
1.162829442665992641e+00
1.153624506508138525e+00
1.168333154046210742e+00
1.172507309732361058e+00
1.166205700404183920e+00
1.169359407211854496e+00
1.170387920664883064e+00
1.190230971823232231e+00
1.170942967071297636e+00
1.210667294444721209e+00
1.197933321025276943e+00
1.186134507997723020e+00
1.192172481572572273e+00
1.178919414872324989e+00
1.206657060900772294e+00
1.177579348312600027e+00
1.177825852635037585e+00
1.160623904566504994e+00
1.175530205766174507e+00
1.221095740717958344e+00
1.201236287934457136e+00
1.209709259316184449e+00
1.208593582450029125e+00
1.211525488950370599e+00
1.211655421881627337e+00
1.208105679030732293e+00
1.220881920476297067e+00
1.212759687099726813e+00
1.223028653522361120e+00
1.229501533785390954e+00
1.235657766910005284e+00
1.247998983618797464e+00
1.237976905457455867e+00
1.227009758693428765e+00
1.239111212151633890e+00
1.230754119158642412e+00
1.237919822032831130e+00
1.228101874619198286e+00
1.234279206262055117e+00
1.273519192971402925e+00
1.263373357733736713e+00
1.284284993295095267e+00
1.271817421883159271e+00
1.294295739646719845e+00
1.289879251649525216e+00
1.284833058515620463e+00
1.290785833130378757e+00
1.276965773721603803e+00
1.287578997337639919e+00
1.297806247692512516e+00
1.288570439123329248e+00
1.315792906968005216e+00
1.286251591048624299e+00
1.344717841151871429e+00
1.333839063625175125e+00
1.328021148250420502e+00
1.324194227219421371e+00
1.345265442554535618e+00
1.347034078399248047e+00
1.424738743271645403e+00
1.370570287081632976e+00
1.485241763148022809e+00
1.444034298386667414e+00
1.400468161395049371e+00
1.341093820852158336e+00
1.444923709198319584e+00
1.375050877415404882e+00
1.442410604773342930e+00
1.503630900197902909e+00
1.416493009623069899e+00
1.487896861508944513e+00
1.420454756607776092e+00
1.422123818628521219e+00
1.383327283463738233e+00
1.328275310293567824e+00
1.400387060517107152e+00
1.366655734308584780e+00
1.293241526521685891e+00
1.298573844858875725e+00
1.313729589580575174e+00
1.270032507074753569e+00
1.278235940690530592e+00
1.262332563006415054e+00
1.291742114182751866e+00
1.255887770039737283e+00
1.254131436889301066e+00
1.270223399126304997e+00
1.282302360505050531e+00
1.238596907245040679e+00
1.352337442954066660e+00
1.326759120378336654e+00
1.271469676320111653e+00
1.263047577400459698e+00
1.276163801944560694e+00
1.238076717580740338e+00
1.251711675081667252e+00
1.224379952856471832e+00
1.233049043977414883e+00
1.247414508593855054e+00
1.226093015166092259e+00
1.217038095222596539e+00
1.265914439140507053e+00
1.322910263420918442e+00
1.363395859909834362e+00
1.320779306416624443e+00
1.245387875502095731e+00
1.331314863297642370e+00
1.251071719552089956e+00
1.233757417578357440e+00
1.243832914731515915e+00
1.239227934209085280e+00
1.214707322481481055e+00
1.230387190958401211e+00
1.263249886514806963e+00
1.237226483839470648e+00
1.235283159966531930e+00
1.290288197066077780e+00
1.257906833802059809e+00
1.279114242634225240e+00
1.248733648307955413e+00
1.368322616145244197e+00
1.288622072753626613e+00
1.319047107477785197e+00
1.251476480508068034e+00
1.312790793580512094e+00
1.225023899605694355e+00
1.217484701963719607e+00
1.214720779287059349e+00
1.221701223760886412e+00
1.236359884435053402e+00
1.295500580155963588e+00
1.216016207534330817e+00
1.243435064363962450e+00
1.227346194058646978e+00
1.242582717856179242e+00
1.198880912891816530e+00
1.234276770561520298e+00
1.206865737257529991e+00
1.226809919771812085e+00
1.209095937946693899e+00
1.203164867311876884e+00
1.208342419726906591e+00
1.230398290575755116e+00
1.152265149966519076e+00
1.149998229635906366e+00
1.156009208072153793e+00
1.156087994320931456e+00
1.126663314572054819e+00
1.124754504183438364e+00
1.159160217238186519e+00
1.163898668916416135e+00
1.148574480442503765e+00
1.140398076016126305e+00
1.133327210558181308e+00
1.141927983386184842e+00
1.150465613527207109e+00
1.150451931123092075e+00
1.141855010878630949e+00
1.164981824314041070e+00
1.185528277604787517e+00
1.214430417788132877e+00
1.210951447159006378e+00
1.206637886811476434e+00
1.211438819097748532e+00
1.208660206270454784e+00
1.174248479566456282e+00
1.197097069937194558e+00
1.185013289996470709e+00
1.181893936488524366e+00
1.187026000655734936e+00
1.216337505276738451e+00
1.164095181860472783e+00
1.171373126464873904e+00
1.154150892357222569e+00
1.172327430324990871e+00
1.122653590397629797e+00
1.148731699772083781e+00
1.147729549077976863e+00
1.177923684297378149e+00
1.150071871293856685e+00
1.152614794322472269e+00
1.140251833918075830e+00
1.171139966356621542e+00
1.168667028351652259e+00
1.140607464619048717e+00
1.125667809559846910e+00
1.143657161317668480e+00
1.140452082720493587e+00
1.150907258048917248e+00
1.142461215739805080e+00
1.147529143065579404e+00
1.153133082985184688e+00
1.164832197896704002e+00
1.154385785350156457e+00
1.163066472899646264e+00
1.136842332688239754e+00
1.140269847079299348e+00
1.171458676622934680e+00
1.169138113872604912e+00
1.164942624874212962e+00
1.160208085258735089e+00
1.150224146891133170e+00
1.170167574724996884e+00
1.148595442845355974e+00
1.165377347497564164e+00
1.150045143340005849e+00
1.145777855404919165e+00
1.144675882396367195e+00
1.161437818361819030e+00
1.158753005719407092e+00
1.158793471517056695e+00
1.167668405097843420e+00
1.160564692036312184e+00
1.146051572028084609e+00
1.157516197499504296e+00
1.136512851575111505e+00
1.152154951406457073e+00
1.147678574787671657e+00
1.141950134293540309e+00
1.146260968183331785e+00
1.163712219605420595e+00
1.151484930937442641e+00
1.150909857002211822e+00
1.155658424032537823e+00
1.187586480731518623e+00
1.115567192954142639e+00
1.115511506205991488e+00
1.109864032352106067e+00
1.115315721064103593e+00
1.093504917800624421e+00
1.110820314401941511e+00
1.114608254688002731e+00
1.119850824106862763e+00
1.127220145470086310e+00
1.119386278921972400e+00
1.107603661766441316e+00
1.110186669181983277e+00
1.142998993349451320e+00
1.126455591889460539e+00
1.122874428336263053e+00
1.112284632739594104e+00
1.111960187933780819e+00
1.124208109497851105e+00
1.119662016639327629e+00
1.155708643864750362e+00
1.152692116103203546e+00
1.147037517397529127e+00
1.137545414032658853e+00
1.114952723864155004e+00
1.124050826690126348e+00
1.134081820451165123e+00
1.145134559099104221e+00
1.152260408565074723e+00
1.162261252794567046e+00
1.190899407854812297e+00
1.139280276919277357e+00
1.126335644409176107e+00
1.151796245159042664e+00
1.148698415006355500e+00
1.161622608229229803e+00
1.139972775642959180e+00
1.166465488951673901e+00
1.180611286286426864e+00
1.175085663969436256e+00
1.158647347551454265e+00
1.152585850449508120e+00
1.158323524120593140e+00
1.147336883122288986e+00
1.165196021419621752e+00
1.164493065337052879e+00
1.173086293645185574e+00
1.150619467263279239e+00
1.189101023826437675e+00
1.182291108935497270e+00
1.190019534235255305e+00
1.171848733529602837e+00
1.148853789828833349e+00
1.177736726816321688e+00
1.177484918476424447e+00
1.182812011047195133e+00
1.172080227700942778e+00
1.171146725549619960e+00
1.174727713333267420e+00
1.139631758480698309e+00
1.176070693645953069e+00
1.157561587947472992e+00
1.161866881027006748e+00
1.113946240796469755e+00
1.102482071642711503e+00
1.091770482446283719e+00
1.108727957863435254e+00
1.093968822272430197e+00
1.124591089860954796e+00
1.127310330646522196e+00
1.142292227939661231e+00
1.147582198259471831e+00
1.126757336438740209e+00
1.131308671869356131e+00
1.164535165593796995e+00
1.138280685290756322e+00
1.135664682767170364e+00
1.141815269725868776e+00
1.131909140021104543e+00
1.129875025820710199e+00
1.136492009657246616e+00
1.153289400474158510e+00
1.155382653031216567e+00
1.145100681705931711e+00
1.139173949270250841e+00
1.127738109541544409e+00
1.162492792595255731e+00
1.145894973507059156e+00
1.139766183363822405e+00
1.153402987660500312e+00
1.160955229220469898e+00
1.131364931649343486e+00
1.144833585542974319e+00
1.136009436502840364e+00
1.136274909476402861e+00
1.155965641483873263e+00
1.147662266753271876e+00
1.136636294136940784e+00
1.153285284315960446e+00
1.166810821388689412e+00
1.138737838877937669e+00
1.135509785778844316e+00
1.163733029849581380e+00
1.119046986983005088e+00
1.138434164079810573e+00
1.140373412620137028e+00
1.144375950211929949e+00
1.196264709470576504e+00
1.161041126292104986e+00
1.155972570426194501e+00
1.169460780613674977e+00
1.168027145709457537e+00
1.184057705697297846e+00
1.192473864965642560e+00
1.189209434154818279e+00
1.162678327365792352e+00
1.171980135937769951e+00
1.161353126398613433e+00
1.175850343610601145e+00
1.173048605686892065e+00
1.162540051774459293e+00
1.167625765598256038e+00
1.194047663387779679e+00
1.198566978490567703e+00
1.172184390667613929e+00
1.164169013116365115e+00
1.178490089650898742e+00
1.148078874650531045e+00
1.168302346609249254e+00
1.183527202817826529e+00
1.174322538702779806e+00
1.163914378693661211e+00
1.161454082475818606e+00
1.169873314150200905e+00
1.167415118896622417e+00
1.168213459314952685e+00
1.141942786213599570e+00
1.141032745558421935e+00
1.136485144183410734e+00
1.140327461975134238e+00
1.131356046248890745e+00
1.130348442896434769e+00
1.128996732293702454e+00
1.141394764365166736e+00
1.132941949407348048e+00
1.139043120935231412e+00
1.161497470560915568e+00
1.158336883364563752e+00
1.165378334826883133e+00
1.146264683112595550e+00
1.162442825856591311e+00
1.154803592839167115e+00
1.141624256611098343e+00
1.146542388798083678e+00
1.139938659371217300e+00
1.146769826238527301e+00
1.151360555177897371e+00
1.150886043449985241e+00
1.169104084689310152e+00
1.151990718321509011e+00
1.149100748161428820e+00
1.149605497210324012e+00
1.149408563951381135e+00
1.158224946549732071e+00
1.162670490179282590e+00
1.174386988522844399e+00
1.173214999559643479e+00
1.185046742092227934e+00
1.168527281865175960e+00
1.164901109113620548e+00
1.173138509027822574e+00
1.180073293544747992e+00
1.183955071067825937e+00
1.173046416068292963e+00
1.185846319091925505e+00
1.171641153837596594e+00
1.173840014626162498e+00
1.161719547161468746e+00
1.182689548092247467e+00
1.154850911601118080e+00
1.149952205829918306e+00
1.152967395088744462e+00
1.141709416088512841e+00
1.170362118779813221e+00
1.158335320706967542e+00
1.162108805353460950e+00
1.180189999097924769e+00
1.180449484672931426e+00
1.190434744104109432e+00
1.145909654571918512e+00
1.166178581482717469e+00
1.161943947436917535e+00
1.149984713516269297e+00
1.151559280874916213e+00
1.154532993037337141e+00
1.155960953325484653e+00
1.152072253948528413e+00
1.158964496250214582e+00
1.207885514603501909e+00
1.176616657384148557e+00
1.194948440096113451e+00
1.173559671816731820e+00
1.175669119464264112e+00
1.192833829008457913e+00
1.201465757170447901e+00
1.204457864280180424e+00
1.189190057322832006e+00
1.194650411282429214e+00
1.212553463216614169e+00
1.200504095704421514e+00
1.211912098961645423e+00
1.191384378949042366e+00
1.208217084133451857e+00
1.196269248759738613e+00
1.183234819412057437e+00
1.206544013522869330e+00
1.203084596054068145e+00
1.194700851913830908e+00
1.212789593705325242e+00
1.205095461125213152e+00
1.183409303499295184e+00
1.201627357990613154e+00
1.197632336231053030e+00
1.198515075171689759e+00
1.223711562398727803e+00
1.195227389541889895e+00
1.228977557529177922e+00
1.221466354095050777e+00
1.188734769613003284e+00
1.186883776884179564e+00
1.224225570812753183e+00
1.193744586611131808e+00
1.218051131551487254e+00
1.205581321314798560e+00
1.186999519185369056e+00
1.199598324931911542e+00
1.207705967926842927e+00
1.221990282093848856e+00
1.192440147140582773e+00
1.204621034273152036e+00
1.191441173276959864e+00
1.196819093125534250e+00
1.186058349938318379e+00
1.187840720464206079e+00
1.198375951612688173e+00
1.201355091751719950e+00
1.202557290556389713e+00
1.215623205363224990e+00
1.227886196944438790e+00
1.202881417765613969e+00
1.205191849081449940e+00
1.216145866620693683e+00
1.195543464682124135e+00
1.195022997961443290e+00
1.183625877233905443e+00
1.193901343467827836e+00
1.208647461002844592e+00
1.220291583335946672e+00
1.209480006826914256e+00
1.207720936736250028e+00
1.187924098815709373e+00
1.220721007722539664e+00
1.211852883498702127e+00
1.194032948242660153e+00
1.232668819778055536e+00
1.192559926267371173e+00
1.196104485114979354e+00
1.210744956781537374e+00
1.183605631716321493e+00
1.218373223917437631e+00
1.204748787875054239e+00
1.192034099430592908e+00
1.190744355186184045e+00
1.187633539316290898e+00
1.211144986012801628e+00
1.214447504184742010e+00
1.220378078621287443e+00
1.210007651121826511e+00
1.211159824705001942e+00
1.204466931857458123e+00
1.220335619710072539e+00
1.197342569469015183e+00
1.211217647499529537e+00
1.197747888609124844e+00
1.225710598593089173e+00
1.212254876178021634e+00
1.210567252602377408e+00
1.218040508884398632e+00
1.219789818505997214e+00
1.203909476267412515e+00
1.218141774786607678e+00
1.203052793014196320e+00
1.225086705375576956e+00
1.210317592080797366e+00
1.223260010901495720e+00
1.220201638599770266e+00
1.207432241978634746e+00
1.222994653985389979e+00
1.227360947176375783e+00
1.217769632014228387e+00
1.236550428190219098e+00
1.215908473089987396e+00
1.227365772439533265e+00
1.230224713181039986e+00
1.217415801814737408e+00
1.234260286721562405e+00
1.227630903625649861e+00
1.223022311559248010e+00
1.230630849492968748e+00
1.214494753291889939e+00
1.243155042735193172e+00
1.240680741992139291e+00
1.234535344819021274e+00
1.211501036944863108e+00
1.239374116062914144e+00
1.231859146037503683e+00
1.232886424828022243e+00
1.216669207011557896e+00
1.242052585598488523e+00
1.229726442418680898e+00
1.240682238441703555e+00
1.235888551416465031e+00
1.249091683990700252e+00
1.235782720733036300e+00
1.232824131659018940e+00
1.235880728066111711e+00
1.261685421701501664e+00
1.242253835094641268e+00
1.247996826915564794e+00
1.276902738725258502e+00
1.244059965073660567e+00
1.226017915189915986e+00
1.216218003406351000e+00
1.204516957368477081e+00
1.237834867410686046e+00
1.244076600805499089e+00
1.218858010952268422e+00
1.212287935041121534e+00
1.237355402179028285e+00
1.261385103591988743e+00
1.234794754896850977e+00
1.214822738701862415e+00
1.237236196148884693e+00
1.237243479652138323e+00
1.240263327910299695e+00
1.242034616478579601e+00
1.238214116719195790e+00
1.234620394722364400e+00
1.241513662134757556e+00
1.234282973250762083e+00
1.233896131129802232e+00
1.239528675157129278e+00
1.239289938283328452e+00
1.223433983637537859e+00
1.241183291691481116e+00
1.237375586384253934e+00
1.248335060376752459e+00
1.231920802258970715e+00
1.244898962992895930e+00
1.224648659300401787e+00
1.246597753494211647e+00
1.236219843991346101e+00
1.262130335143379245e+00
1.235584929416198241e+00
1.230053775157473162e+00
1.254252836321099629e+00
1.246232650345318493e+00
1.238374311993078791e+00
1.250125040525541742e+00
1.232224571772632338e+00
1.238127096355476464e+00
1.231691584088610458e+00
1.264086809230439368e+00
1.219988960821941415e+00
1.237252200620567955e+00
1.242621076630781252e+00
1.241778536799726718e+00
1.236367108841997409e+00
1.225702447778543869e+00
1.240090051147699102e+00
1.229315733189061621e+00
1.224494562075236326e+00
1.268516147754034984e+00
1.239488622154592212e+00
1.255037819569866819e+00
1.233710625343617640e+00
1.260122054482380793e+00
1.223157546720665012e+00
1.258785114088760260e+00
1.281121579638340835e+00
1.270981951449190239e+00
1.259511799866143145e+00
1.237542701587401206e+00
1.243434102282244380e+00
1.237303649545043349e+00
1.236294229422488122e+00
1.265123650352471429e+00
1.231640639174683916e+00
1.263958498658461993e+00
1.258390008743158095e+00
1.257001779060401114e+00
1.231557186405173976e+00
1.226141010240322293e+00
1.242589168464550031e+00
1.232853832671695571e+00
1.238278278335114502e+00
1.242276888935960777e+00
1.225813640618518496e+00
1.257329083348089904e+00
1.238197514571302005e+00
1.236857682022857841e+00
1.247857962150223265e+00
1.257693211429148139e+00
1.227096289367420656e+00
1.261008185340121823e+00
1.247428103895289020e+00
1.237640370531674527e+00
1.246889475643208733e+00
1.234590224280414983e+00
1.222927833194378255e+00
1.261433856539466714e+00
1.247443762455203498e+00
