2.042000000000000000e+03
4.092000000000000000e+03
6.216000000000000000e+03
8.296000000000000000e+03
1.035100000000000000e+04
1.237300000000000000e+04
1.442800000000000000e+04
1.652000000000000000e+04
1.857000000000000000e+04
2.065400000000000000e+04
2.270500000000000000e+04
2.471200000000000000e+04
2.682300000000000000e+04
2.889500000000000000e+04
3.095400000000000000e+04
3.300500000000000000e+04
3.501900000000000000e+04
3.705400000000000000e+04
3.908200000000000000e+04
4.115800000000000000e+04
4.323800000000000000e+04
4.527500000000000000e+04
4.731000000000000000e+04
4.938700000000000000e+04
5.143200000000000000e+04
5.346400000000000000e+04
5.549600000000000000e+04
5.753600000000000000e+04
5.958600000000000000e+04
6.164000000000000000e+04
6.369000000000000000e+04
6.574000000000000000e+04
6.779900000000000000e+04
6.984700000000000000e+04
7.188200000000000000e+04
7.393000000000000000e+04
7.598300000000000000e+04
7.804100000000000000e+04
8.008700000000000000e+04
8.213800000000000000e+04
8.417900000000000000e+04
8.622700000000000000e+04
8.827700000000000000e+04
9.032500000000000000e+04
9.237100000000000000e+04
9.441400000000000000e+04
9.647700000000000000e+04
9.853900000000000000e+04
1.005990000000000000e+05
1.026500000000000000e+05
1.046910000000000000e+05
1.067380000000000000e+05
1.087780000000000000e+05
1.108110000000000000e+05
1.128530000000000000e+05
1.148930000000000000e+05
1.169420000000000000e+05
1.189850000000000000e+05
1.210430000000000000e+05
1.231040000000000000e+05
1.251410000000000000e+05
1.271910000000000000e+05
1.292240000000000000e+05
1.312960000000000000e+05
1.333430000000000000e+05
1.353990000000000000e+05
1.374500000000000000e+05
1.394880000000000000e+05
1.415420000000000000e+05
1.435880000000000000e+05
1.456510000000000000e+05
1.477200000000000000e+05
1.497660000000000000e+05
1.518250000000000000e+05
1.538780000000000000e+05
1.559190000000000000e+05
1.579730000000000000e+05
1.600130000000000000e+05
1.620610000000000000e+05
1.641060000000000000e+05
1.661510000000000000e+05
1.682040000000000000e+05
1.702570000000000000e+05
1.723090000000000000e+05
1.743500000000000000e+05
1.763910000000000000e+05
1.784400000000000000e+05
1.805000000000000000e+05
1.825610000000000000e+05
1.846060000000000000e+05
1.866580000000000000e+05
1.887110000000000000e+05
1.907570000000000000e+05
1.928050000000000000e+05
1.948630000000000000e+05
1.969080000000000000e+05
1.989600000000000000e+05
2.010130000000000000e+05
2.030630000000000000e+05
2.051180000000000000e+05
2.071670000000000000e+05
2.092160000000000000e+05
2.112650000000000000e+05
2.133060000000000000e+05
2.153510000000000000e+05
2.174030000000000000e+05
2.194520000000000000e+05
2.214940000000000000e+05
2.235460000000000000e+05
2.255910000000000000e+05
2.276390000000000000e+05
2.296780000000000000e+05
2.317280000000000000e+05
2.337830000000000000e+05
2.358290000000000000e+05
2.378710000000000000e+05
2.399330000000000000e+05
2.419780000000000000e+05
2.440290000000000000e+05
2.460670000000000000e+05
2.481170000000000000e+05
2.501820000000000000e+05
2.522270000000000000e+05
2.542700000000000000e+05
2.563050000000000000e+05
2.583530000000000000e+05
2.604070000000000000e+05
2.624430000000000000e+05
2.645020000000000000e+05
2.665540000000000000e+05
2.686050000000000000e+05
2.706550000000000000e+05
2.726950000000000000e+05
2.747370000000000000e+05
2.767810000000000000e+05
2.788170000000000000e+05
2.808530000000000000e+05
2.829000000000000000e+05
2.849390000000000000e+05
2.869920000000000000e+05
2.890420000000000000e+05
2.911050000000000000e+05
2.931470000000000000e+05
2.951840000000000000e+05
2.972480000000000000e+05
2.993020000000000000e+05
3.013500000000000000e+05
3.034090000000000000e+05
3.054570000000000000e+05
3.075030000000000000e+05
3.095350000000000000e+05
3.115920000000000000e+05
3.136500000000000000e+05
3.156920000000000000e+05
3.177380000000000000e+05
3.197920000000000000e+05
3.218370000000000000e+05
3.238750000000000000e+05
3.259200000000000000e+05
3.279790000000000000e+05
3.300140000000000000e+05
3.320560000000000000e+05
3.340950000000000000e+05
3.361450000000000000e+05
3.381800000000000000e+05
3.402360000000000000e+05
3.422990000000000000e+05
3.443600000000000000e+05
3.464010000000000000e+05
3.484560000000000000e+05
3.504960000000000000e+05
3.525600000000000000e+05
3.546040000000000000e+05
3.566570000000000000e+05
3.587140000000000000e+05
3.607560000000000000e+05
3.628100000000000000e+05
3.648500000000000000e+05
3.669100000000000000e+05
3.689640000000000000e+05
3.710030000000000000e+05
3.730420000000000000e+05
3.750790000000000000e+05
3.771170000000000000e+05
3.791660000000000000e+05
3.812090000000000000e+05
3.832520000000000000e+05
3.852930000000000000e+05
3.873420000000000000e+05
3.893910000000000000e+05
3.914350000000000000e+05
3.934970000000000000e+05
3.955370000000000000e+05
3.975920000000000000e+05
3.996330000000000000e+05
4.016740000000000000e+05
4.037210000000000000e+05
4.057680000000000000e+05
4.078070000000000000e+05
4.098440000000000000e+05
4.118950000000000000e+05
4.139450000000000000e+05
4.160010000000000000e+05
4.180630000000000000e+05
4.201100000000000000e+05
4.221430000000000000e+05
4.241850000000000000e+05
4.262280000000000000e+05
4.282990000000000000e+05
4.303570000000000000e+05
4.324060000000000000e+05
4.344560000000000000e+05
4.365030000000000000e+05
4.385570000000000000e+05
4.405980000000000000e+05
4.426260000000000000e+05
4.446690000000000000e+05
4.467120000000000000e+05
4.487420000000000000e+05
4.507950000000000000e+05
4.528280000000000000e+05
4.548840000000000000e+05
4.569370000000000000e+05
4.589890000000000000e+05
4.610480000000000000e+05
4.630930000000000000e+05
4.651320000000000000e+05
4.671840000000000000e+05
4.692230000000000000e+05
4.712630000000000000e+05
4.733000000000000000e+05
4.753460000000000000e+05
4.773820000000000000e+05
4.794290000000000000e+05
4.814780000000000000e+05
4.835250000000000000e+05
4.855630000000000000e+05
4.876130000000000000e+05
4.896700000000000000e+05
4.917220000000000000e+05
4.937850000000000000e+05
4.958320000000000000e+05
4.978720000000000000e+05
4.999030000000000000e+05
5.019600000000000000e+05
5.040070000000000000e+05
5.060490000000000000e+05
5.080980000000000000e+05
5.101630000000000000e+05
5.122040000000000000e+05
5.142590000000000000e+05
5.163050000000000000e+05
5.183490000000000000e+05
5.203710000000000000e+05
5.224260000000000000e+05
5.244760000000000000e+05
5.265180000000000000e+05
5.285920000000000000e+05
5.306390000000000000e+05
5.326900000000000000e+05
5.347550000000000000e+05
5.368120000000000000e+05
5.388310000000000000e+05
5.408780000000000000e+05
5.429310000000000000e+05
5.449730000000000000e+05
5.470450000000000000e+05
5.490910000000000000e+05
5.511570000000000000e+05
5.531910000000000000e+05
5.552470000000000000e+05
5.572930000000000000e+05
5.593410000000000000e+05
5.613600000000000000e+05
5.634200000000000000e+05
5.654840000000000000e+05
5.675200000000000000e+05
5.695550000000000000e+05
5.715530000000000000e+05
5.736070000000000000e+05
5.756540000000000000e+05
5.776850000000000000e+05
5.797360000000000000e+05
5.817590000000000000e+05
5.838310000000000000e+05
5.858720000000000000e+05
5.878950000000000000e+05
5.899370000000000000e+05
5.920340000000000000e+05
5.940800000000000000e+05
5.961480000000000000e+05
5.982340000000000000e+05
6.003040000000000000e+05
6.023490000000000000e+05
6.043880000000000000e+05
6.064250000000000000e+05
6.084440000000000000e+05
6.105060000000000000e+05
6.125480000000000000e+05
6.145810000000000000e+05
6.166430000000000000e+05
6.186810000000000000e+05
6.207370000000000000e+05
6.228200000000000000e+05
6.248650000000000000e+05
6.269100000000000000e+05
6.289260000000000000e+05
6.310050000000000000e+05
6.330250000000000000e+05
6.350690000000000000e+05
6.371290000000000000e+05
6.391830000000000000e+05
6.412330000000000000e+05
6.432700000000000000e+05
6.453250000000000000e+05
6.473750000000000000e+05
6.494110000000000000e+05
6.514520000000000000e+05
6.535310000000000000e+05
6.555860000000000000e+05
6.576510000000000000e+05
6.597120000000000000e+05
6.617520000000000000e+05
6.638150000000000000e+05
6.658810000000000000e+05
6.679110000000000000e+05
6.699750000000000000e+05
6.720490000000000000e+05
6.740910000000000000e+05
6.761270000000000000e+05
6.781880000000000000e+05
6.801960000000000000e+05
6.822340000000000000e+05
6.842650000000000000e+05
6.863080000000000000e+05
6.883690000000000000e+05
6.904140000000000000e+05
6.924910000000000000e+05
6.945720000000000000e+05
6.966170000000000000e+05
6.986880000000000000e+05
7.007430000000000000e+05
7.028060000000000000e+05
7.048350000000000000e+05
7.069050000000000000e+05
7.089680000000000000e+05
7.110140000000000000e+05
7.130510000000000000e+05
7.151120000000000000e+05
7.171520000000000000e+05
7.191750000000000000e+05
7.212130000000000000e+05
7.232730000000000000e+05
7.253550000000000000e+05
7.274170000000000000e+05
7.295030000000000000e+05
7.315720000000000000e+05
7.335930000000000000e+05
7.356270000000000000e+05
7.376900000000000000e+05
7.397380000000000000e+05
7.418120000000000000e+05
7.438560000000000000e+05
7.459100000000000000e+05
7.479660000000000000e+05
7.500230000000000000e+05
7.520740000000000000e+05
7.541080000000000000e+05
7.561560000000000000e+05
7.581570000000000000e+05
7.602170000000000000e+05
7.622540000000000000e+05
7.642780000000000000e+05
7.663180000000000000e+05
7.683630000000000000e+05
7.704260000000000000e+05
7.725050000000000000e+05
7.745630000000000000e+05
7.766080000000000000e+05
7.786460000000000000e+05
7.806880000000000000e+05
7.827320000000000000e+05
7.847970000000000000e+05
7.868230000000000000e+05
7.888520000000000000e+05
7.908970000000000000e+05
7.929320000000000000e+05
7.949820000000000000e+05
7.970350000000000000e+05
7.990950000000000000e+05
8.011420000000000000e+05
8.031900000000000000e+05
8.052250000000000000e+05
8.072820000000000000e+05
8.092980000000000000e+05
8.113660000000000000e+05
8.134210000000000000e+05
8.154830000000000000e+05
8.175600000000000000e+05
8.196260000000000000e+05
8.216930000000000000e+05
8.237260000000000000e+05
8.257790000000000000e+05
8.278390000000000000e+05
8.298890000000000000e+05
8.319350000000000000e+05
8.339860000000000000e+05
8.360350000000000000e+05
8.380790000000000000e+05
8.401400000000000000e+05
8.421710000000000000e+05
8.442260000000000000e+05
8.462840000000000000e+05
8.483530000000000000e+05
8.504240000000000000e+05
8.524920000000000000e+05
8.545560000000000000e+05
8.565920000000000000e+05
8.586250000000000000e+05
8.606480000000000000e+05
8.626750000000000000e+05
8.647260000000000000e+05
8.667970000000000000e+05
8.688350000000000000e+05
8.708910000000000000e+05
8.729550000000000000e+05
8.749950000000000000e+05
8.770360000000000000e+05
8.790970000000000000e+05
8.811460000000000000e+05
8.831820000000000000e+05
8.852260000000000000e+05
8.873010000000000000e+05
8.893230000000000000e+05
8.913590000000000000e+05
8.934370000000000000e+05
8.954680000000000000e+05
8.975240000000000000e+05
8.995940000000000000e+05
9.016360000000000000e+05
9.036940000000000000e+05
9.057150000000000000e+05
9.077470000000000000e+05
9.097970000000000000e+05
9.118500000000000000e+05
9.138820000000000000e+05
9.159250000000000000e+05
9.179920000000000000e+05
9.200290000000000000e+05
9.220560000000000000e+05
9.241050000000000000e+05
9.261570000000000000e+05
9.282090000000000000e+05
9.302600000000000000e+05
9.323020000000000000e+05
9.343460000000000000e+05
9.363690000000000000e+05
9.384460000000000000e+05
9.404730000000000000e+05
9.425370000000000000e+05
9.446020000000000000e+05
9.466420000000000000e+05
9.487190000000000000e+05
9.507560000000000000e+05
9.528080000000000000e+05
9.548240000000000000e+05
9.568910000000000000e+05
9.589590000000000000e+05
9.610200000000000000e+05
9.630670000000000000e+05
9.651080000000000000e+05
9.671680000000000000e+05
9.691980000000000000e+05
9.712390000000000000e+05
9.732690000000000000e+05
9.753040000000000000e+05
9.773520000000000000e+05
9.794060000000000000e+05
9.814540000000000000e+05
9.835120000000000000e+05
9.855750000000000000e+05
9.876120000000000000e+05
9.896690000000000000e+05
9.917170000000000000e+05
9.937810000000000000e+05
9.958400000000000000e+05
9.978810000000000000e+05
9.999210000000000000e+05
1.001985000000000000e+06
1.004045000000000000e+06
1.006105000000000000e+06
1.008150000000000000e+06
1.010192000000000000e+06
1.012229000000000000e+06
1.014280000000000000e+06
1.016312000000000000e+06
1.018360000000000000e+06
1.020437000000000000e+06
1.022475000000000000e+06
1.024508000000000000e+06
1.026550000000000000e+06
1.028581000000000000e+06
1.030657000000000000e+06
1.032689000000000000e+06
1.034746000000000000e+06
1.036768000000000000e+06
1.038827000000000000e+06
1.040885000000000000e+06
1.042924000000000000e+06
1.044980000000000000e+06
1.047038000000000000e+06
1.049104000000000000e+06
1.051163000000000000e+06
1.053201000000000000e+06
1.055240000000000000e+06
1.057287000000000000e+06
1.059337000000000000e+06
1.061407000000000000e+06
1.063446000000000000e+06
1.065498000000000000e+06
1.067540000000000000e+06
1.069582000000000000e+06
1.071632000000000000e+06
1.073682000000000000e+06
1.075730000000000000e+06
1.077781000000000000e+06
1.079853000000000000e+06
1.081904000000000000e+06
1.083970000000000000e+06
1.086016000000000000e+06
1.088080000000000000e+06
1.090128000000000000e+06
1.092151000000000000e+06
1.094182000000000000e+06
1.096238000000000000e+06
1.098255000000000000e+06
1.100304000000000000e+06
1.102345000000000000e+06
1.104417000000000000e+06
1.106488000000000000e+06
1.108553000000000000e+06
1.110646000000000000e+06
1.112681000000000000e+06
1.114760000000000000e+06
1.116835000000000000e+06
1.118906000000000000e+06
1.120974000000000000e+06
1.123021000000000000e+06
1.125073000000000000e+06
1.127111000000000000e+06
1.129145000000000000e+06
1.131226000000000000e+06
1.133268000000000000e+06
1.135336000000000000e+06
1.137403000000000000e+06
1.139432000000000000e+06
1.141492000000000000e+06
1.143551000000000000e+06
1.145622000000000000e+06
1.147691000000000000e+06
1.149747000000000000e+06
1.151811000000000000e+06
1.153856000000000000e+06
1.155900000000000000e+06
1.157944000000000000e+06
1.160003000000000000e+06
1.162041000000000000e+06
1.164124000000000000e+06
1.166165000000000000e+06
1.168239000000000000e+06
1.170296000000000000e+06
1.172317000000000000e+06
1.174333000000000000e+06
1.176383000000000000e+06
1.178405000000000000e+06
1.180454000000000000e+06
1.182522000000000000e+06
1.184575000000000000e+06
1.186664000000000000e+06
1.188683000000000000e+06
1.190750000000000000e+06
1.192794000000000000e+06
1.194852000000000000e+06
1.196867000000000000e+06
1.198903000000000000e+06
1.200941000000000000e+06
1.202964000000000000e+06
1.205002000000000000e+06
1.207047000000000000e+06
1.209069000000000000e+06
1.211107000000000000e+06
1.213162000000000000e+06
1.215203000000000000e+06
1.217240000000000000e+06
1.219337000000000000e+06
1.221364000000000000e+06
1.223386000000000000e+06
1.225410000000000000e+06
1.227453000000000000e+06
1.229490000000000000e+06
1.231562000000000000e+06
1.233641000000000000e+06
1.235719000000000000e+06
1.237790000000000000e+06
1.239793000000000000e+06
1.241841000000000000e+06
1.243887000000000000e+06
1.245887000000000000e+06
1.247955000000000000e+06
1.250020000000000000e+06
1.252021000000000000e+06
1.254069000000000000e+06
1.256157000000000000e+06
1.258223000000000000e+06
1.260245000000000000e+06
1.262322000000000000e+06
1.264355000000000000e+06
1.266410000000000000e+06
1.268487000000000000e+06
1.270513000000000000e+06
1.272552000000000000e+06
1.274579000000000000e+06
1.276647000000000000e+06
1.278663000000000000e+06
1.280714000000000000e+06
1.282753000000000000e+06
1.284830000000000000e+06
1.286855000000000000e+06
1.288893000000000000e+06
1.290944000000000000e+06
1.292998000000000000e+06
1.295052000000000000e+06
1.297103000000000000e+06
1.299111000000000000e+06
1.301198000000000000e+06
1.303275000000000000e+06
1.305371000000000000e+06
1.307428000000000000e+06
1.309472000000000000e+06
1.311514000000000000e+06
1.313566000000000000e+06
1.315621000000000000e+06
1.317657000000000000e+06
1.319698000000000000e+06
1.321765000000000000e+06
1.323830000000000000e+06
1.325904000000000000e+06
1.327930000000000000e+06
1.329950000000000000e+06
1.331999000000000000e+06
1.334086000000000000e+06
1.336175000000000000e+06
1.338221000000000000e+06
1.340295000000000000e+06
1.342323000000000000e+06
1.344355000000000000e+06
1.346364000000000000e+06
1.348418000000000000e+06
1.350459000000000000e+06
1.352523000000000000e+06
1.354585000000000000e+06
1.356600000000000000e+06
1.358640000000000000e+06
1.360659000000000000e+06
1.362681000000000000e+06
1.364768000000000000e+06
1.366769000000000000e+06
1.368844000000000000e+06
1.370852000000000000e+06
1.372915000000000000e+06
1.374949000000000000e+06
1.377008000000000000e+06
1.379068000000000000e+06
1.381085000000000000e+06
1.383133000000000000e+06
1.385164000000000000e+06
1.387194000000000000e+06
1.389221000000000000e+06
1.391253000000000000e+06
1.393332000000000000e+06
1.395355000000000000e+06
1.397413000000000000e+06
1.399496000000000000e+06
1.401563000000000000e+06
1.403647000000000000e+06
1.405667000000000000e+06
1.407719000000000000e+06
1.409775000000000000e+06
1.411832000000000000e+06
1.413860000000000000e+06
1.415904000000000000e+06
1.417947000000000000e+06
1.419988000000000000e+06
1.422055000000000000e+06
1.424094000000000000e+06
1.426121000000000000e+06
1.428159000000000000e+06
1.430159000000000000e+06
1.432231000000000000e+06
1.434263000000000000e+06
1.436332000000000000e+06
1.438414000000000000e+06
1.440465000000000000e+06
1.442527000000000000e+06
1.444576000000000000e+06
1.446609000000000000e+06
1.448640000000000000e+06
1.450677000000000000e+06
1.452723000000000000e+06
1.454750000000000000e+06
1.456807000000000000e+06
1.458884000000000000e+06
1.460948000000000000e+06
1.463030000000000000e+06
1.465076000000000000e+06
1.467158000000000000e+06
1.469181000000000000e+06
1.471266000000000000e+06
1.473331000000000000e+06
1.475366000000000000e+06
1.477450000000000000e+06
1.479507000000000000e+06
1.481569000000000000e+06
1.483627000000000000e+06
1.485713000000000000e+06
1.487763000000000000e+06
1.489784000000000000e+06
1.491825000000000000e+06
1.493897000000000000e+06
1.495974000000000000e+06
1.498057000000000000e+06
1.500089000000000000e+06
1.502122000000000000e+06
1.504169000000000000e+06
1.506200000000000000e+06
1.508260000000000000e+06
1.510291000000000000e+06
1.512295000000000000e+06
1.514329000000000000e+06
1.516403000000000000e+06
1.518495000000000000e+06
1.520508000000000000e+06
1.522582000000000000e+06
1.524626000000000000e+06
1.526713000000000000e+06
1.528732000000000000e+06
1.530772000000000000e+06
1.532839000000000000e+06
1.534861000000000000e+06
1.536938000000000000e+06
1.538951000000000000e+06
1.540985000000000000e+06
1.543025000000000000e+06
1.545110000000000000e+06
1.547136000000000000e+06
1.549201000000000000e+06
1.551260000000000000e+06
1.553311000000000000e+06
1.555374000000000000e+06
1.557382000000000000e+06
1.559409000000000000e+06
1.561418000000000000e+06
1.563493000000000000e+06
1.565568000000000000e+06
1.567637000000000000e+06
1.569699000000000000e+06
1.571741000000000000e+06
1.573779000000000000e+06
1.575797000000000000e+06
1.577841000000000000e+06
1.579859000000000000e+06
1.581958000000000000e+06
1.584027000000000000e+06
1.586076000000000000e+06
1.588151000000000000e+06
1.590245000000000000e+06
1.592283000000000000e+06
1.594298000000000000e+06
1.596359000000000000e+06
1.598423000000000000e+06
1.600498000000000000e+06
1.602517000000000000e+06
1.604548000000000000e+06
1.606575000000000000e+06
1.608632000000000000e+06
1.610720000000000000e+06
1.612781000000000000e+06
1.614826000000000000e+06
1.616821000000000000e+06
1.618840000000000000e+06
1.620862000000000000e+06
1.622954000000000000e+06
1.624996000000000000e+06
1.627069000000000000e+06
1.629091000000000000e+06
1.631137000000000000e+06
1.633187000000000000e+06
1.635220000000000000e+06
1.637280000000000000e+06
1.639362000000000000e+06
1.641394000000000000e+06
1.643470000000000000e+06
1.645487000000000000e+06
1.647537000000000000e+06
1.649569000000000000e+06
1.651625000000000000e+06
1.653688000000000000e+06
1.655756000000000000e+06
1.657771000000000000e+06
1.659777000000000000e+06
1.661852000000000000e+06
1.663900000000000000e+06
1.665956000000000000e+06
1.668006000000000000e+06
1.670038000000000000e+06
1.672119000000000000e+06
1.674144000000000000e+06
1.676130000000000000e+06
1.678138000000000000e+06
1.680237000000000000e+06
1.682328000000000000e+06
1.684365000000000000e+06
1.686347000000000000e+06
1.688408000000000000e+06
1.690486000000000000e+06
1.692489000000000000e+06
1.694583000000000000e+06
1.696624000000000000e+06
1.698698000000000000e+06
1.700715000000000000e+06
1.702711000000000000e+06
1.704763000000000000e+06
1.706812000000000000e+06
1.708826000000000000e+06
1.710892000000000000e+06
1.712940000000000000e+06
1.715026000000000000e+06
1.717066000000000000e+06
1.719057000000000000e+06
1.721109000000000000e+06
1.723125000000000000e+06
1.725179000000000000e+06
1.727203000000000000e+06
1.729246000000000000e+06
1.731290000000000000e+06
1.733349000000000000e+06
1.735421000000000000e+06
1.737532000000000000e+06
1.739584000000000000e+06
1.741640000000000000e+06
1.743733000000000000e+06
1.745840000000000000e+06
1.747883000000000000e+06
1.749912000000000000e+06
1.751926000000000000e+06
1.753937000000000000e+06
1.756009000000000000e+06
1.758017000000000000e+06
1.760055000000000000e+06
1.762094000000000000e+06
1.764093000000000000e+06
1.766156000000000000e+06
1.768196000000000000e+06
1.770241000000000000e+06
1.772277000000000000e+06
1.774364000000000000e+06
1.776445000000000000e+06
1.778486000000000000e+06
1.780490000000000000e+06
1.782521000000000000e+06
1.784559000000000000e+06
1.786635000000000000e+06
1.788660000000000000e+06
1.790706000000000000e+06
1.792755000000000000e+06
1.794772000000000000e+06
1.796797000000000000e+06
1.798873000000000000e+06
1.800931000000000000e+06
1.802930000000000000e+06
1.804969000000000000e+06
1.806902000000000000e+06
1.808917000000000000e+06
1.810981000000000000e+06
1.813035000000000000e+06
1.815060000000000000e+06
1.817068000000000000e+06
1.819066000000000000e+06
1.821126000000000000e+06
1.823156000000000000e+06
1.825238000000000000e+06
1.827288000000000000e+06
1.829356000000000000e+06
1.831358000000000000e+06
1.833381000000000000e+06
1.835470000000000000e+06
1.837534000000000000e+06
1.839607000000000000e+06
1.841658000000000000e+06
1.843715000000000000e+06
1.845729000000000000e+06
1.847731000000000000e+06
1.849784000000000000e+06
1.851812000000000000e+06
1.853865000000000000e+06
1.855958000000000000e+06
1.858023000000000000e+06
1.860104000000000000e+06
1.862180000000000000e+06
1.864243000000000000e+06
1.866316000000000000e+06
1.868350000000000000e+06
1.870329000000000000e+06
1.872362000000000000e+06
1.874360000000000000e+06
1.876458000000000000e+06
1.878485000000000000e+06
1.880551000000000000e+06
1.882573000000000000e+06
1.884636000000000000e+06
1.886675000000000000e+06
1.888762000000000000e+06
1.890777000000000000e+06
1.892840000000000000e+06
1.894866000000000000e+06
1.896931000000000000e+06
1.898975000000000000e+06
1.901058000000000000e+06
1.903121000000000000e+06
1.905175000000000000e+06
1.907157000000000000e+06
1.909200000000000000e+06
1.911272000000000000e+06
1.913268000000000000e+06
1.915304000000000000e+06
1.917318000000000000e+06
1.919350000000000000e+06
1.921343000000000000e+06
1.923454000000000000e+06
1.925438000000000000e+06
1.927523000000000000e+06
1.929616000000000000e+06
1.931616000000000000e+06
1.933668000000000000e+06
1.935751000000000000e+06
1.937774000000000000e+06
1.939826000000000000e+06
1.941871000000000000e+06
1.943863000000000000e+06
1.945979000000000000e+06
1.948041000000000000e+06
1.950102000000000000e+06
1.952177000000000000e+06
1.954250000000000000e+06
1.956220000000000000e+06
1.958180000000000000e+06
1.960242000000000000e+06
1.962255000000000000e+06
1.964271000000000000e+06
1.966277000000000000e+06
1.968347000000000000e+06
1.970368000000000000e+06
1.972367000000000000e+06
1.974426000000000000e+06
1.976485000000000000e+06
1.978595000000000000e+06
1.980656000000000000e+06
1.982717000000000000e+06
1.984722000000000000e+06
1.986696000000000000e+06
1.988775000000000000e+06
1.990795000000000000e+06
1.992844000000000000e+06
1.994871000000000000e+06
1.996864000000000000e+06
1.998922000000000000e+06
2.000989000000000000e+06
