2.038000000000000000e+03
4.094000000000000000e+03
6.136000000000000000e+03
8.183000000000000000e+03
1.020600000000000000e+04
1.226800000000000000e+04
1.431500000000000000e+04
1.608100000000000000e+04
1.842600000000000000e+04
2.042400000000000000e+04
2.239700000000000000e+04
2.456500000000000000e+04
2.653100000000000000e+04
2.863000000000000000e+04
3.067100000000000000e+04
3.270900000000000000e+04
3.474900000000000000e+04
3.675800000000000000e+04
3.889100000000000000e+04
4.067300000000000000e+04
4.285700000000000000e+04
4.497700000000000000e+04
4.703100000000000000e+04
4.905500000000000000e+04
5.112400000000000000e+04
5.321700000000000000e+04
5.514200000000000000e+04
5.723600000000000000e+04
5.934900000000000000e+04
6.130500000000000000e+04
6.341700000000000000e+04
6.539700000000000000e+04
6.735400000000000000e+04
6.946800000000000000e+04
7.155300000000000000e+04
7.362000000000000000e+04
7.576300000000000000e+04
7.775000000000000000e+04
7.977800000000000000e+04
8.180700000000000000e+04
8.382300000000000000e+04
8.590500000000000000e+04
8.795200000000000000e+04
8.996200000000000000e+04
9.203400000000000000e+04
9.414400000000000000e+04
9.622000000000000000e+04
9.819400000000000000e+04
1.000900000000000000e+05
1.023590000000000000e+05
1.044190000000000000e+05
1.064120000000000000e+05
1.083850000000000000e+05
1.104160000000000000e+05
1.126100000000000000e+05
1.146330000000000000e+05
1.166490000000000000e+05
1.186760000000000000e+05
1.206680000000000000e+05
1.228580000000000000e+05
1.248270000000000000e+05
1.268020000000000000e+05
1.288560000000000000e+05
1.309820000000000000e+05
1.329120000000000000e+05
1.351250000000000000e+05
1.371910000000000000e+05
1.391470000000000000e+05
1.412340000000000000e+05
1.433240000000000000e+05
1.452960000000000000e+05
1.473290000000000000e+05
1.494900000000000000e+05
1.514850000000000000e+05
1.535330000000000000e+05
1.555300000000000000e+05
1.576750000000000000e+05
1.597120000000000000e+05
1.617780000000000000e+05
1.636740000000000000e+05
1.657640000000000000e+05
1.678000000000000000e+05
1.697230000000000000e+05
1.718590000000000000e+05
1.739080000000000000e+05
1.760010000000000000e+05
1.780580000000000000e+05
1.800790000000000000e+05
1.822550000000000000e+05
1.842390000000000000e+05
1.862570000000000000e+05
1.883010000000000000e+05
1.904230000000000000e+05
1.923770000000000000e+05
1.944450000000000000e+05
1.966020000000000000e+05
1.986110000000000000e+05
2.006180000000000000e+05
2.027090000000000000e+05
2.047480000000000000e+05
2.067930000000000000e+05
2.088560000000000000e+05
2.108920000000000000e+05
2.128920000000000000e+05
2.148760000000000000e+05
2.170020000000000000e+05
2.189680000000000000e+05
2.211530000000000000e+05
2.228870000000000000e+05
2.252620000000000000e+05
2.272010000000000000e+05
2.291430000000000000e+05
2.312540000000000000e+05
2.334520000000000000e+05
2.353870000000000000e+05
2.373880000000000000e+05
2.395160000000000000e+05
2.416070000000000000e+05
2.436620000000000000e+05
2.456640000000000000e+05
2.476890000000000000e+05
2.497520000000000000e+05
2.517330000000000000e+05
2.538990000000000000e+05
2.558820000000000000e+05
2.579100000000000000e+05
2.600670000000000000e+05
2.619750000000000000e+05
2.639230000000000000e+05
2.661720000000000000e+05
2.680770000000000000e+05
2.703130000000000000e+05
2.722900000000000000e+05
2.743780000000000000e+05
2.763660000000000000e+05
2.785250000000000000e+05
2.805120000000000000e+05
2.825270000000000000e+05
2.845310000000000000e+05
2.865350000000000000e+05
2.885880000000000000e+05
2.908100000000000000e+05
2.926510000000000000e+05
2.947480000000000000e+05
2.968940000000000000e+05
2.988540000000000000e+05
3.009510000000000000e+05
3.029460000000000000e+05
3.049940000000000000e+05
3.070890000000000000e+05
3.091400000000000000e+05
3.111080000000000000e+05
3.132100000000000000e+05
3.150330000000000000e+05
3.174230000000000000e+05
3.192670000000000000e+05
3.213060000000000000e+05
3.234030000000000000e+05
3.255640000000000000e+05
3.275250000000000000e+05
3.296590000000000000e+05
3.316600000000000000e+05
3.337110000000000000e+05
3.358210000000000000e+05
3.377770000000000000e+05
3.398910000000000000e+05
3.418220000000000000e+05
3.438060000000000000e+05
3.459910000000000000e+05
3.478910000000000000e+05
3.501530000000000000e+05
3.520000000000000000e+05
3.542070000000000000e+05
3.560760000000000000e+05
3.579320000000000000e+05
3.604170000000000000e+05
3.624830000000000000e+05
3.642630000000000000e+05
3.662390000000000000e+05
3.684250000000000000e+05
3.703680000000000000e+05
3.726610000000000000e+05
3.743440000000000000e+05
3.766450000000000000e+05
3.783870000000000000e+05
3.807640000000000000e+05
3.829700000000000000e+05
3.849700000000000000e+05
3.868600000000000000e+05
3.890290000000000000e+05
3.910940000000000000e+05
3.931950000000000000e+05
3.950240000000000000e+05
3.972970000000000000e+05
3.992150000000000000e+05
4.012440000000000000e+05
4.034400000000000000e+05
4.053220000000000000e+05
4.073680000000000000e+05
4.094510000000000000e+05
4.112600000000000000e+05
4.136480000000000000e+05
4.151150000000000000e+05
4.176900000000000000e+05
4.196450000000000000e+05
4.216870000000000000e+05
4.234640000000000000e+05
4.251660000000000000e+05
4.275510000000000000e+05
4.299080000000000000e+05
4.317770000000000000e+05
4.338240000000000000e+05
4.359200000000000000e+05
4.380270000000000000e+05
4.403190000000000000e+05
4.418640000000000000e+05
4.443310000000000000e+05
4.463200000000000000e+05
4.481320000000000000e+05
4.500790000000000000e+05
4.523750000000000000e+05
4.542880000000000000e+05
4.559650000000000000e+05
4.587150000000000000e+05
4.602690000000000000e+05
4.624970000000000000e+05
4.646820000000000000e+05
4.665770000000000000e+05
4.689450000000000000e+05
4.709970000000000000e+05
4.727700000000000000e+05
4.746540000000000000e+05
4.768490000000000000e+05
4.789050000000000000e+05
4.810910000000000000e+05
4.832170000000000000e+05
4.853200000000000000e+05
4.866780000000000000e+05
4.894250000000000000e+05
4.912670000000000000e+05
4.934190000000000000e+05
4.953930000000000000e+05
4.974390000000000000e+05
4.993080000000000000e+05
5.012320000000000000e+05
5.032320000000000000e+05
5.058070000000000000e+05
5.077200000000000000e+05
5.094570000000000000e+05
5.120000000000000000e+05
5.135870000000000000e+05
5.157800000000000000e+05
5.177800000000000000e+05
5.200240000000000000e+05
5.220640000000000000e+05
5.241420000000000000e+05
5.256980000000000000e+05
5.282200000000000000e+05
5.302130000000000000e+05
5.320690000000000000e+05
5.344540000000000000e+05
5.361620000000000000e+05
5.383670000000000000e+05
5.401810000000000000e+05
5.426510000000000000e+05
5.446080000000000000e+05
5.465340000000000000e+05
5.480310000000000000e+05
5.508880000000000000e+05
5.526780000000000000e+05
5.546770000000000000e+05
5.568340000000000000e+05
5.590110000000000000e+05
5.607040000000000000e+05
5.631810000000000000e+05
5.652060000000000000e+05
5.666680000000000000e+05
5.693410000000000000e+05
5.713830000000000000e+05
5.731780000000000000e+05
5.750950000000000000e+05
5.773620000000000000e+05
5.792860000000000000e+05
5.815820000000000000e+05
5.829280000000000000e+05
5.856910000000000000e+05
5.877130000000000000e+05
5.892170000000000000e+05
5.916550000000000000e+05
5.938510000000000000e+05
5.950750000000000000e+05
5.975570000000000000e+05
5.995480000000000000e+05
6.018150000000000000e+05
6.032640000000000000e+05
6.058740000000000000e+05
6.080270000000000000e+05
6.099930000000000000e+05
6.119400000000000000e+05
6.142040000000000000e+05
6.163440000000000000e+05
6.180910000000000000e+05
6.205160000000000000e+05
6.225340000000000000e+05
6.237310000000000000e+05
6.266810000000000000e+05
6.286020000000000000e+05
6.305570000000000000e+05
6.323740000000000000e+05
6.341880000000000000e+05
6.365780000000000000e+05
6.386170000000000000e+05
6.408550000000000000e+05
6.428040000000000000e+05
6.446930000000000000e+05
6.471030000000000000e+05
6.487280000000000000e+05
6.508970000000000000e+05
6.527930000000000000e+05
6.549990000000000000e+05
6.571200000000000000e+05
6.591040000000000000e+05
6.613250000000000000e+05
6.631320000000000000e+05
6.652650000000000000e+05
6.672540000000000000e+05
6.696760000000000000e+05
6.716760000000000000e+05
6.735430000000000000e+05
6.755590000000000000e+05
6.774300000000000000e+05
6.791000000000000000e+05
6.819260000000000000e+05
6.839730000000000000e+05
6.859300000000000000e+05
6.879300000000000000e+05
6.901700000000000000e+05
6.920760000000000000e+05
6.936120000000000000e+05
6.960100000000000000e+05
6.976570000000000000e+05
7.003780000000000000e+05
7.022270000000000000e+05
7.041230000000000000e+05
7.065180000000000000e+05
7.084840000000000000e+05
7.098190000000000000e+05
7.121020000000000000e+05
7.146950000000000000e+05
7.167150000000000000e+05
7.179010000000000000e+05
7.207100000000000000e+05
7.229270000000000000e+05
7.244360000000000000e+05
7.270400000000000000e+05
7.288470000000000000e+05
7.309660000000000000e+05
7.325820000000000000e+05
7.350780000000000000e+05
7.370780000000000000e+05
7.390780000000000000e+05
7.413010000000000000e+05
7.428890000000000000e+05
7.453510000000000000e+05
7.471650000000000000e+05
7.486770000000000000e+05
7.511080000000000000e+05
7.533790000000000000e+05
7.554120000000000000e+05
7.570430000000000000e+05
7.594440000000000000e+05
7.612920000000000000e+05
7.636190000000000000e+05
7.654220000000000000e+05
7.672340000000000000e+05
7.697960000000000000e+05
7.720780000000000000e+05
7.740780000000000000e+05
7.754990000000000000e+05
7.775680000000000000e+05
7.799150000000000000e+05
7.816950000000000000e+05
7.838700000000000000e+05
7.857380000000000000e+05
7.877380000000000000e+05
7.905010000000000000e+05
7.922770000000000000e+05
7.944380000000000000e+05
7.964950000000000000e+05
7.986760000000000000e+05
7.998310000000000000e+05
8.024590000000000000e+05
8.048450000000000000e+05
8.066390000000000000e+05
8.080390000000000000e+05
8.109550000000000000e+05
8.129550000000000000e+05
8.149790000000000000e+05
8.165010000000000000e+05
8.190010000000000000e+05
8.204970000000000000e+05
8.229450000000000000e+05
8.249090000000000000e+05
8.269090000000000000e+05
8.289090000000000000e+05
8.314120000000000000e+05
8.333930000000000000e+05
8.354020000000000000e+05
8.371420000000000000e+05
8.392170000000000000e+05
8.410180000000000000e+05
8.435270000000000000e+05
8.454270000000000000e+05
8.476270000000000000e+05
8.491710000000000000e+05
8.518850000000000000e+05
8.539540000000000000e+05
8.559360000000000000e+05
8.577470000000000000e+05
8.598220000000000000e+05
8.617180000000000000e+05
8.639030000000000000e+05
8.658620000000000000e+05
8.679840000000000000e+05
8.703330000000000000e+05
8.717500000000000000e+05
8.736770000000000000e+05
8.763840000000000000e+05
8.784940000000000000e+05
8.805150000000000000e+05
8.818620000000000000e+05
8.844420000000000000e+05
8.867260000000000000e+05
8.886860000000000000e+05
8.906350000000000000e+05
8.924620000000000000e+05
8.941150000000000000e+05
8.968810000000000000e+05
8.987470000000000000e+05
9.010240000000000000e+05
9.024080000000000000e+05
9.052000000000000000e+05
9.072000000000000000e+05
9.088840000000000000e+05
9.113480000000000000e+05
9.129280000000000000e+05
9.148900000000000000e+05
9.173310000000000000e+05
9.187690000000000000e+05
9.207690000000000000e+05
9.233510000000000000e+05
9.255510000000000000e+05
9.269020000000000000e+05
9.296350000000000000e+05
9.310290000000000000e+05
9.329480000000000000e+05
9.357990000000000000e+05
9.370760000000000000e+05
9.399330000000000000e+05
9.419330000000000000e+05
9.436820000000000000e+05
9.455250000000000000e+05
9.479300000000000000e+05
9.497650000000000000e+05
9.521940000000000000e+05
9.541940000000000000e+05
9.561250000000000000e+05
9.581250000000000000e+05
9.599050000000000000e+05
9.619050000000000000e+05
9.637600000000000000e+05
9.661420000000000000e+05
9.681420000000000000e+05
9.703190000000000000e+05
9.727490000000000000e+05
9.748390000000000000e+05
9.768390000000000000e+05
9.785240000000000000e+05
9.809710000000000000e+05
9.824790000000000000e+05
9.844790000000000000e+05
9.870260000000000000e+05
9.881880000000000000e+05
9.908940000000000000e+05
9.929030000000000000e+05
9.946470000000000000e+05
9.972470000000000000e+05
9.987780000000000000e+05
1.001264000000000000e+06
1.002848000000000000e+06
1.005229000000000000e+06
1.007300000000000000e+06
1.009628000000000000e+06
1.011182000000000000e+06
1.013644000000000000e+06
1.015747000000000000e+06
1.017687000000000000e+06
1.019562000000000000e+06
1.021789000000000000e+06
1.023514000000000000e+06
1.025831000000000000e+06
1.027743000000000000e+06
1.029743000000000000e+06
1.031802000000000000e+06
1.034046000000000000e+06
1.035586000000000000e+06
1.038330000000000000e+06
1.040330000000000000e+06
1.041577000000000000e+06
1.043753000000000000e+06
1.045549000000000000e+06
1.048280000000000000e+06
1.049871000000000000e+06
1.052668000000000000e+06
1.054667000000000000e+06
1.056008000000000000e+06
1.058322000000000000e+06
1.060539000000000000e+06
1.062685000000000000e+06
1.064940000000000000e+06
1.066988000000000000e+06
1.068543000000000000e+06
1.070543000000000000e+06
1.072161000000000000e+06
1.075098000000000000e+06
1.076741000000000000e+06
1.078930000000000000e+06
1.081193000000000000e+06
1.082997000000000000e+06
1.085369000000000000e+06
1.086809000000000000e+06
1.088662000000000000e+06
1.091550000000000000e+06
1.093252000000000000e+06
1.095177000000000000e+06
1.097177000000000000e+06
1.099552000000000000e+06
1.101327000000000000e+06
1.103023000000000000e+06
1.105801000000000000e+06
1.107090000000000000e+06
1.109891000000000000e+06
1.111897000000000000e+06
1.113897000000000000e+06
1.115860000000000000e+06
1.117990000000000000e+06
1.119317000000000000e+06
1.121472000000000000e+06
1.123541000000000000e+06
1.126016000000000000e+06
1.128355000000000000e+06
1.129545000000000000e+06
1.131910000000000000e+06
1.133986000000000000e+06
1.135986000000000000e+06
1.138155000000000000e+06
1.140620000000000000e+06
1.142267000000000000e+06
1.143883000000000000e+06
1.146494000000000000e+06
1.148115000000000000e+06
1.150953000000000000e+06
1.152866000000000000e+06
1.154276000000000000e+06
1.156303000000000000e+06
1.158799000000000000e+06
1.160337000000000000e+06
1.163205000000000000e+06
1.164982000000000000e+06
1.166982000000000000e+06
1.169351000000000000e+06
1.170758000000000000e+06
1.173242000000000000e+06
1.175242000000000000e+06
1.176917000000000000e+06
1.179377000000000000e+06
1.180920000000000000e+06
1.183278000000000000e+06
1.185146000000000000e+06
1.187483000000000000e+06
1.189732000000000000e+06
1.191080000000000000e+06
1.193963000000000000e+06
1.195963000000000000e+06
1.197963000000000000e+06
1.199974000000000000e+06
1.201473000000000000e+06
1.203423000000000000e+06
1.205513000000000000e+06
1.208101000000000000e+06
1.209954000000000000e+06
1.211780000000000000e+06
1.214320000000000000e+06
1.215964000000000000e+06
1.217964000000000000e+06
1.219964000000000000e+06
1.222514000000000000e+06
1.223850000000000000e+06
1.226604000000000000e+06
1.228604000000000000e+06
1.230413000000000000e+06
1.232642000000000000e+06
1.234367000000000000e+06
1.236673000000000000e+06
1.238818000000000000e+06
1.241029000000000000e+06
1.243045000000000000e+06
1.244920000000000000e+06
1.247026000000000000e+06
1.249026000000000000e+06
1.251026000000000000e+06
1.253260000000000000e+06
1.255321000000000000e+06
1.256511000000000000e+06
1.259215000000000000e+06
1.261444000000000000e+06
1.263482000000000000e+06
1.265482000000000000e+06
1.267015000000000000e+06
1.269678000000000000e+06
1.271712000000000000e+06
1.272920000000000000e+06
1.275794000000000000e+06
1.277794000000000000e+06
1.279980000000000000e+06
1.281641000000000000e+06
1.283484000000000000e+06
1.285761000000000000e+06
1.287812000000000000e+06
1.289981000000000000e+06
1.292103000000000000e+06
1.294103000000000000e+06
1.295789000000000000e+06
1.297473000000000000e+06
1.299863000000000000e+06
1.302487000000000000e+06
1.303624000000000000e+06
1.305758000000000000e+06
1.308547000000000000e+06
1.309814000000000000e+06
1.312485000000000000e+06
1.314608000000000000e+06
1.315893000000000000e+06
1.318409000000000000e+06
1.320519000000000000e+06
1.322677000000000000e+06
1.324703000000000000e+06
1.327041000000000000e+06
1.329041000000000000e+06
1.331041000000000000e+06
1.332389000000000000e+06
1.334389000000000000e+06
1.337063000000000000e+06
1.339063000000000000e+06
1.341159000000000000e+06
1.343147000000000000e+06
1.345427000000000000e+06
1.347106000000000000e+06
1.349347000000000000e+06
1.351303000000000000e+06
1.353558000000000000e+06
1.355081000000000000e+06
1.357295000000000000e+06
1.359506000000000000e+06
1.361914000000000000e+06
1.363902000000000000e+06
1.365609000000000000e+06
1.367631000000000000e+06
1.370058000000000000e+06
1.371856000000000000e+06
1.373405000000000000e+06
1.376154000000000000e+06
1.377527000000000000e+06
1.379858000000000000e+06
1.382246000000000000e+06
1.384246000000000000e+06
1.386246000000000000e+06
1.388241000000000000e+06
1.389615000000000000e+06
1.392052000000000000e+06
1.394668000000000000e+06
1.396104000000000000e+06
1.398003000000000000e+06
1.400404000000000000e+06
1.402277000000000000e+06
1.404185000000000000e+06
1.406595000000000000e+06
1.408903000000000000e+06
1.410834000000000000e+06
1.412676000000000000e+06
1.414981000000000000e+06
1.417172000000000000e+06
1.418959000000000000e+06
1.421217000000000000e+06
1.423157000000000000e+06
1.424991000000000000e+06
1.427316000000000000e+06
1.429316000000000000e+06
1.431240000000000000e+06
1.432954000000000000e+06
1.434733000000000000e+06
1.437281000000000000e+06
1.439686000000000000e+06
1.441246000000000000e+06
1.443369000000000000e+06
1.445140000000000000e+06
1.447815000000000000e+06
1.449376000000000000e+06
1.451376000000000000e+06
1.453376000000000000e+06
1.455923000000000000e+06
1.457792000000000000e+06
1.459536000000000000e+06
1.461536000000000000e+06
1.463536000000000000e+06
1.465999000000000000e+06
1.467999000000000000e+06
1.470209000000000000e+06
1.472381000000000000e+06
1.473893000000000000e+06
1.476577000000000000e+06
1.478347000000000000e+06
1.480205000000000000e+06
1.482538000000000000e+06
1.484756000000000000e+06
1.486100000000000000e+06
1.488847000000000000e+06
1.490765000000000000e+06
1.492396000000000000e+06
1.494390000000000000e+06
1.497036000000000000e+06
1.498360000000000000e+06
1.501070000000000000e+06
1.502612000000000000e+06
1.504896000000000000e+06
1.506918000000000000e+06
1.508427000000000000e+06
1.511074000000000000e+06
1.512864000000000000e+06
1.515157000000000000e+06
1.516990000000000000e+06
1.518685000000000000e+06
1.520685000000000000e+06
1.522726000000000000e+06
1.525701000000000000e+06
1.527262000000000000e+06
1.529796000000000000e+06
1.531482000000000000e+06
1.533880000000000000e+06
1.535880000000000000e+06
1.537880000000000000e+06
1.539930000000000000e+06
1.541427000000000000e+06
1.543427000000000000e+06
1.545295000000000000e+06
1.548240000000000000e+06
1.550291000000000000e+06
1.551667000000000000e+06
1.553837000000000000e+06
1.555811000000000000e+06
1.558334000000000000e+06
1.560168000000000000e+06
1.562024000000000000e+06
1.564540000000000000e+06
1.566095000000000000e+06
1.568277000000000000e+06
1.570525000000000000e+06
1.572520000000000000e+06
1.574876000000000000e+06
1.576876000000000000e+06
1.578637000000000000e+06
1.580637000000000000e+06
1.582632000000000000e+06
1.584888000000000000e+06
1.586610000000000000e+06
1.588874000000000000e+06
1.591013000000000000e+06
1.592856000000000000e+06
1.594571000000000000e+06
1.597052000000000000e+06
1.599052000000000000e+06
1.601467000000000000e+06
1.603066000000000000e+06
1.605131000000000000e+06
1.607121000000000000e+06
1.609135000000000000e+06
1.611575000000000000e+06
1.613404000000000000e+06
1.615616000000000000e+06
1.617036000000000000e+06
1.619557000000000000e+06
1.621557000000000000e+06
1.624038000000000000e+06
1.625885000000000000e+06
1.627885000000000000e+06
1.629355000000000000e+06
1.631721000000000000e+06
1.633664000000000000e+06
1.635518000000000000e+06
1.637855000000000000e+06
1.640405000000000000e+06
1.642202000000000000e+06
1.644202000000000000e+06
1.646592000000000000e+06
1.648142000000000000e+06
1.650279000000000000e+06
1.652443000000000000e+06
1.654443000000000000e+06
1.656781000000000000e+06
1.658748000000000000e+06
1.660863000000000000e+06
1.662734000000000000e+06
1.664707000000000000e+06
1.666148000000000000e+06
1.668884000000000000e+06
1.670884000000000000e+06
1.672518000000000000e+06
1.674518000000000000e+06
1.677043000000000000e+06
1.679044000000000000e+06
1.681322000000000000e+06
1.683130000000000000e+06
1.685012000000000000e+06
1.687348000000000000e+06
1.689490000000000000e+06
1.691537000000000000e+06
1.693503000000000000e+06
1.695711000000000000e+06
1.697604000000000000e+06
1.699635000000000000e+06
1.701865000000000000e+06
1.703853000000000000e+06
1.705830000000000000e+06
1.708020000000000000e+06
1.709398000000000000e+06
1.711390000000000000e+06
1.714065000000000000e+06
1.715912000000000000e+06
1.717880000000000000e+06
1.720293000000000000e+06
1.722073000000000000e+06
1.723916000000000000e+06
1.725916000000000000e+06
1.728031000000000000e+06
1.729748000000000000e+06
1.732528000000000000e+06
1.733827000000000000e+06
1.736391000000000000e+06
1.737804000000000000e+06
1.740778000000000000e+06
1.742619000000000000e+06
1.744836000000000000e+06
1.746194000000000000e+06
1.748459000000000000e+06
1.750646000000000000e+06
1.752976000000000000e+06
1.755039000000000000e+06
1.756747000000000000e+06
1.758571000000000000e+06
1.760571000000000000e+06
1.762529000000000000e+06
1.765354000000000000e+06
1.766970000000000000e+06
1.769111000000000000e+06
1.770756000000000000e+06
1.772756000000000000e+06
1.774756000000000000e+06
1.777115000000000000e+06
1.779292000000000000e+06
1.781026000000000000e+06
1.783560000000000000e+06
1.785849000000000000e+06
1.787849000000000000e+06
1.789873000000000000e+06
1.791095000000000000e+06
1.793632000000000000e+06
1.795530000000000000e+06
1.798138000000000000e+06
1.800138000000000000e+06
1.801789000000000000e+06
1.803741000000000000e+06
1.806320000000000000e+06
1.807526000000000000e+06
1.809486000000000000e+06
1.811486000000000000e+06
1.814486000000000000e+06
1.815940000000000000e+06
1.818375000000000000e+06
1.820577000000000000e+06
1.822466000000000000e+06
1.824323000000000000e+06
1.826588000000000000e+06
1.828864000000000000e+06
1.830864000000000000e+06
1.832191000000000000e+06
1.834407000000000000e+06
1.836362000000000000e+06
1.838815000000000000e+06
1.841093000000000000e+06
1.842863000000000000e+06
1.845205000000000000e+06
1.846925000000000000e+06
1.848444000000000000e+06
1.851274000000000000e+06
1.853168000000000000e+06
1.854862000000000000e+06
1.857450000000000000e+06
1.858889000000000000e+06
1.861318000000000000e+06
1.863189000000000000e+06
1.865458000000000000e+06
1.867507000000000000e+06
1.869186000000000000e+06
1.871489000000000000e+06
1.873482000000000000e+06
1.875346000000000000e+06
1.878014000000000000e+06
1.879806000000000000e+06
1.881523000000000000e+06
1.883397000000000000e+06
1.885899000000000000e+06
1.887857000000000000e+06
1.890022000000000000e+06
1.892175000000000000e+06
1.894304000000000000e+06
1.895977000000000000e+06
1.898150000000000000e+06
1.900173000000000000e+06
1.902416000000000000e+06
1.904235000000000000e+06
1.906415000000000000e+06
1.908336000000000000e+06
1.910139000000000000e+06
1.912489000000000000e+06
1.914538000000000000e+06
1.916587000000000000e+06
1.918011000000000000e+06
1.920874000000000000e+06
1.922961000000000000e+06
1.925097000000000000e+06
1.926901000000000000e+06
1.928533000000000000e+06
1.931003000000000000e+06
1.932779000000000000e+06
1.934835000000000000e+06
1.937026000000000000e+06
1.939298000000000000e+06
1.940791000000000000e+06
1.943528000000000000e+06
1.945334000000000000e+06
1.947608000000000000e+06
1.949444000000000000e+06
1.951134000000000000e+06
1.953167000000000000e+06
1.955820000000000000e+06
1.957820000000000000e+06
1.959801000000000000e+06
1.961858000000000000e+06
1.963420000000000000e+06
1.965963000000000000e+06
1.967963000000000000e+06
1.970075000000000000e+06
1.972096000000000000e+06
1.974252000000000000e+06
1.975971000000000000e+06
1.978186000000000000e+06
1.980186000000000000e+06
1.981564000000000000e+06
1.983628000000000000e+06
1.986387000000000000e+06
1.988018000000000000e+06
1.990227000000000000e+06
1.992145000000000000e+06
1.994422000000000000e+06
1.996606000000000000e+06
1.998073000000000000e+06
2.000247000000000000e+06
