-2.618407013566056429e-01
5.557545927522432594e-01
4.189022840292992989e+00
8.532698446583685481e+00
1.570302508544293651e+01
1.984515844392825912e+01
2.858741250593555350e+01
4.836271533882464269e+01
5.950335283834589717e+01
8.068073992752879064e+01
1.021660561415833826e+02
1.265355195597532685e+02
1.359584465134111610e+02
1.490781998214845032e+02
1.623806737294965501e+02
1.876802204136051273e+02
2.011632730560798166e+02
2.172417709670588124e+02
2.321032350761223881e+02
2.281443483153091734e+02
2.357976774997037239e+02
2.577708851520835083e+02
2.744048876589610018e+02
2.904969270456877553e+02
2.966373770571348132e+02
3.026126392578975128e+02
3.033854413064843811e+02
3.079128838144015390e+02
3.012145489341205575e+02
3.108336213649571960e+02
3.152871829465535711e+02
3.062236666065278428e+02
3.050938675223920882e+02
3.014769062566817865e+02
3.127859277856365452e+02
3.048514594047319406e+02
3.054183297250625060e+02
3.031658180521079089e+02
3.076640705318672531e+02
3.068856388962717574e+02
3.132467897742570244e+02
3.226015323607974778e+02
3.374526639941798294e+02
3.285389621772505961e+02
3.267758386505723820e+02
3.340990785635403881e+02
3.310731024108856673e+02
3.313125350072620563e+02
3.308892881333422906e+02
3.293107105824198584e+02
3.258954091952896874e+02
3.305371650348403705e+02
3.262318547353965528e+02
3.401828598386439921e+02
3.437880626173696328e+02
3.419063920486958637e+02
3.461775460390101102e+02
3.517956926112335623e+02
3.542912211659545392e+02
3.629786884995942842e+02
3.683109931240661012e+02
3.696255354970141980e+02
3.636256527957926892e+02
3.534510286482998254e+02
3.506355372656381064e+02
3.573214529646937194e+02
3.574044445520040654e+02
3.604468703952931605e+02
3.621836594871713260e+02
3.597675513063202288e+02
3.594984422553790750e+02
3.573768221128063374e+02
3.641604490471474946e+02
3.702486479012451355e+02
3.747923250872765948e+02
3.745921292771334947e+02
3.718409082923841424e+02
3.753699504930650619e+02
3.767139987167385016e+02
3.771891199971081505e+02
3.801536963728163414e+02
3.855300310747378489e+02
3.805959421881114508e+02
3.820577492830874462e+02
3.888294799256810279e+02
3.902686128712302320e+02
3.924903308296927662e+02
3.913575847250330071e+02
3.914421849300184704e+02
3.939368302310767262e+02
3.958840464370218797e+02
4.006868621341689050e+02
4.094903812716413540e+02
4.154663943229881511e+02
4.176247251592326961e+02
4.238399698021997892e+02
4.323613341319353367e+02
4.438672124863098816e+02
4.538375872460795790e+02
4.612980114673279104e+02
4.681489074237766772e+02
4.722283805679313673e+02
4.739644969180885710e+02
4.810080264923292930e+02
4.917012948188859696e+02
4.955753304386734044e+02
5.067479018161486124e+02
5.239343630422341676e+02
5.289350606126112098e+02
5.444571903122194954e+02
5.469830527909731472e+02
5.611076346062642415e+02
5.676571410244873732e+02
5.872194563054205219e+02
5.891774124960713834e+02
5.991816334192136537e+02
6.114457251278812464e+02
6.133555732203388970e+02
6.290731381805230740e+02
6.386945039792251464e+02
6.400329777094334531e+02
6.485233109347724394e+02
6.531810957255306676e+02
6.553884369782703061e+02
6.575814629079782208e+02
6.580195191306628431e+02
6.628850633926110731e+02
6.562693030946699082e+02
6.642466951296034949e+02
6.669986590480236828e+02
6.681092945371113956e+02
6.687645962590868294e+02
6.754267531678955265e+02
6.708236901090655238e+02
6.713867627572871015e+02
6.695504146547449409e+02
6.700525198919089007e+02
6.802312237630634399e+02
6.816763380738194655e+02
6.893797828592619226e+02
6.885657277899722430e+02
6.892179526283736095e+02
7.013368165107912091e+02
7.168435519999032977e+02
7.141017602635402000e+02
7.170946102223174421e+02
7.173474435684975106e+02
7.179538782088795870e+02
7.185613276769449840e+02
7.253142525393637925e+02
7.338697802916825594e+02
7.216169355530300891e+02
7.110980643653912239e+02
7.138550526740664282e+02
7.185753810229516603e+02
7.315506928675445124e+02
7.387294696952703816e+02
7.295221912677135379e+02
7.321978102374849868e+02
7.242138624303937604e+02
7.156574892503640513e+02
7.093638332518349898e+02
7.041621280102419860e+02
7.044058040361877602e+02
6.961240670476182686e+02
7.046137997765271166e+02
7.193971907539250878e+02
7.311251447631674409e+02
7.275432086791403208e+02
7.157908757097743546e+02
7.199274103764972779e+02
7.205434385051179333e+02
7.216924741523803277e+02
7.210411596634180569e+02
7.310274177613043776e+02
7.347240547757688773e+02
7.609291229353528934e+02
7.613278667086425457e+02
7.677881422135209277e+02
7.758994136336920064e+02
7.733899288057467629e+02
7.731601650592624537e+02
7.604828072687773783e+02
7.648544053289095928e+02
7.660472467406552823e+02
7.555890423188777731e+02
7.577368599608402064e+02
7.624532967334830573e+02
7.665653126666975368e+02
7.739971385529981944e+02
7.536735710828127139e+02
7.709608856501309901e+02
7.657424196910848195e+02
7.604889092666446686e+02
7.635398080047885969e+02
7.561072210632524957e+02
7.659687303374993235e+02
7.747801219761157654e+02
7.867358790457059285e+02
8.022507164413918872e+02
8.100888090715270664e+02
8.087908764466354796e+02
7.996181524866677819e+02
8.049037735511274150e+02
8.003727835812341027e+02
8.116540837002138460e+02
8.152381244827431601e+02
8.257433271463612527e+02
8.266202769759744342e+02
8.278908954469615082e+02
8.400210567281351359e+02
8.383450160500492530e+02
8.294468430314794887e+02
8.269979999838709546e+02
8.219902280311831646e+02
8.104198222592818865e+02
8.223964965970382082e+02
8.316208495624229045e+02
8.359719207594915815e+02
8.553396762585880424e+02
8.509068804018379524e+02
8.392500400567250836e+02
8.318844787265860532e+02
8.331287472891855259e+02
8.392052003481221618e+02
8.498772128519577791e+02
8.315988927705343485e+02
8.137547298203586479e+02
8.193935257242710577e+02
8.293040909835992807e+02
8.160164626532947523e+02
8.110425710313069203e+02
7.940106369077002455e+02
7.854044121316914016e+02
7.857262331031411122e+02
7.817808264160584031e+02
7.665043719070107500e+02
7.641399202203912182e+02
7.619599870219551576e+02
7.430473017354690910e+02
7.389968556770119221e+02
7.305135200062895819e+02
7.235993004225176719e+02
7.261033147315658880e+02
7.410450618663609248e+02
7.228481918674049211e+02
7.303149022386568276e+02
7.223674341626035584e+02
7.354371060513390148e+02
7.564883408942233700e+02
7.453014631047251441e+02
7.438187532920088643e+02
7.657254951039820980e+02
7.882734223972738619e+02
7.880773857186192117e+02
7.851902788680756657e+02
7.816218202855993695e+02
7.529689590294127584e+02
7.541399310300007528e+02
7.416658366999133705e+02
7.497456043770040424e+02
7.434942354673640921e+02
7.470957908888839256e+02
7.698511575549852068e+02
7.766811669011926824e+02
7.671141368297295458e+02
7.761086569149906609e+02
8.023968050661729876e+02
8.136010678351848355e+02
8.176520304515460111e+02
8.338791986937368392e+02
8.639567587495690759e+02
8.788036104839936797e+02
9.084052052118599931e+02
9.235653567585342216e+02
9.405776353663053442e+02
9.354272950948200105e+02
9.446559051161841580e+02
9.471583773287624126e+02
9.421752088019973144e+02
9.422591033362733697e+02
9.490121266613500666e+02
9.315624851204173638e+02
9.233333689815306116e+02
9.299309286860366228e+02
9.530187098975045501e+02
9.707431554078649469e+02
9.463769053262764146e+02
9.199269865530282004e+02
9.382754653024879872e+02
9.342222998266132663e+02
9.586203170411012024e+02
9.843858224187492851e+02
9.946720037951345148e+02
1.035856047023811698e+03
1.034791448215709352e+03
1.048078199390631426e+03
1.023518000587267466e+03
1.046215661323078393e+03
1.048592425962920288e+03
1.085409750396434902e+03
1.113049195937882132e+03
1.137058315708578220e+03
1.130472587880777155e+03
1.147342476448132174e+03
1.164139395623357814e+03
1.203362252385877355e+03
1.240136315114534455e+03
1.203006763549926291e+03
1.217568941923369493e+03
1.260410286312943981e+03
1.223457241403456464e+03
1.241644444980900062e+03
1.201982474723652786e+03
1.227637921635155635e+03
1.241057151397295911e+03
1.247569206805114845e+03
1.260021565147952060e+03
1.266970546820643676e+03
1.206109192501447296e+03
1.159698626733666288e+03
1.127968522245969552e+03
1.130323061229353016e+03
1.117151690304318663e+03
1.063998277985578852e+03
1.087966779347395686e+03
1.057642360244348311e+03
1.028713339523876357e+03
1.017327260455346391e+03
1.038635689087858736e+03
9.962488396247932769e+02
9.810401081881464052e+02
9.524017376644493424e+02
9.285260793448452432e+02
9.537500173632959104e+02
9.627173564752807806e+02
9.779152704139047501e+02
9.978744359574224063e+02
9.862416895564892911e+02
9.846862491141529290e+02
9.976124841969980253e+02
1.027464773271699414e+03
1.031054282708406618e+03
1.069045831241969381e+03
1.092207320960452989e+03
1.145039299209894352e+03
1.159015139881851155e+03
1.159309189390600750e+03
1.150594159313588079e+03
1.140597515538471043e+03
1.174338558990052661e+03
1.199918870420107623e+03
1.186412466227985988e+03
1.233396384227002045e+03
1.244680003294763310e+03
1.246269145285175682e+03
1.203080490994736692e+03
1.218661834841065229e+03
1.238703884147647614e+03
1.270520644892566906e+03
1.256800310844827436e+03
1.272636668979951310e+03
1.278895533207089102e+03
1.197059287595471915e+03
1.161457485490448562e+03
1.176240681356645382e+03
1.197795234517192284e+03
1.220099682105903867e+03
1.260819608867963325e+03
1.306868360962273528e+03
1.223464193983621044e+03
1.249207601484495626e+03
1.258047407002694399e+03
1.282776666152261896e+03
1.311631546064727672e+03
1.306377107583634825e+03
1.354481832424490221e+03
1.339128431120327377e+03
1.348069278762530530e+03
1.334204646772812794e+03
1.360451872083799572e+03
1.361802178817284812e+03
1.376122807110486065e+03
1.374521957353258813e+03
1.424209343395958967e+03
1.428556630514429798e+03
1.416293387173677047e+03
1.455268015983854639e+03
1.440292153079862146e+03
1.463164870487695680e+03
1.407861473021927168e+03
1.444550228770710191e+03
1.490591623746778851e+03
1.522442438475909057e+03
1.521855290388519279e+03
1.560442048976948172e+03
1.543655612643208769e+03
1.526850039661298979e+03
1.507654859971782344e+03
1.495748515617934800e+03
1.536925495476111337e+03
1.523801960719765702e+03
1.529200883924273739e+03
1.513784679519309975e+03
1.470221390360998384e+03
1.497547234915182571e+03
1.461033401841353225e+03
1.469266379312298568e+03
1.504800317119033707e+03
1.494170459120832447e+03
1.508918382828553831e+03
1.511914179887818364e+03
1.499431080381129277e+03
1.490525074441855850e+03
1.445581675773688175e+03
1.377655407211016609e+03
1.379548031679006272e+03
1.417384761062914322e+03
1.395908401736324322e+03
1.416498432774658340e+03
1.469820829062198982e+03
1.477515963088067338e+03
1.413308696252118580e+03
1.434822965191526464e+03
1.465340472597921689e+03
1.497972807563109427e+03
1.533449119016711848e+03
1.531081334507700831e+03
1.536588797889469106e+03
1.558709411228004001e+03
1.577758094478554540e+03
1.612491551412592571e+03
1.625104641272139816e+03
1.618301703248717331e+03
1.658295131465593840e+03
1.705341187077745872e+03
1.721445738909440706e+03
1.717193162651505645e+03
1.715983317644651379e+03
1.749894812721337303e+03
1.729168828231086991e+03
1.726956636408466920e+03
1.730592494619451827e+03
1.708407025871765200e+03
1.703515039992838638e+03
1.723356166896002605e+03
1.776759408951991418e+03
1.789569466981683263e+03
1.823090305932391402e+03
1.834641636739512251e+03
1.811982358388561806e+03
1.800310393370842803e+03
1.839275441050868722e+03
1.836915117568862343e+03
1.817589159058627274e+03
1.818866749634571079e+03
1.821930792367682216e+03
1.784376690948392479e+03
1.793411344536372553e+03
1.805282524581167763e+03
1.797096167534382175e+03
1.809896805362320947e+03
1.826913780730768622e+03
1.824500174347124357e+03
1.858414339225520052e+03
1.872931806857726770e+03
1.925453353004217888e+03
1.966341510562368740e+03
1.987118581466234218e+03
1.997622149773295405e+03
2.013473927825564942e+03
2.027298149542864621e+03
2.079835452549219553e+03
2.094989524688667643e+03
2.050200346138567966e+03
2.058412609148502725e+03
2.061920418934267673e+03
2.060538369612954739e+03
2.004275416013906352e+03
1.960752257624606045e+03
1.952480365404391705e+03
1.984337489262770077e+03
2.005821501799317502e+03
2.010149208482525182e+03
2.008297233018769248e+03
2.011819751271184714e+03
2.010263300115523180e+03
2.032328645122279795e+03
2.014204528744229265e+03
1.986193126275716622e+03
1.974598469972789417e+03
1.984363516762359268e+03
2.008065515111120703e+03
2.030964538086214134e+03
1.976086279513328236e+03
1.962835432859315006e+03
1.932718732463927608e+03
1.957096999088993698e+03
1.899969651214425994e+03
1.856633401119135442e+03
1.886998737319552674e+03
1.923971162399169998e+03
1.925377614350893509e+03
1.953293554659216397e+03
1.983452627414777226e+03
1.988336541378541369e+03
2.017150114215917483e+03
2.051499186460822330e+03
2.083540704378781811e+03
2.110353504128785971e+03
2.154420794557991030e+03
2.192215509365638809e+03
2.177213820095953452e+03
2.173903142214483069e+03
2.190780578697334477e+03
2.239216018828737106e+03
2.263728026418685204e+03
2.270020902154252781e+03
2.305226611753244924e+03
2.324623658967294887e+03
2.310275216939206530e+03
2.325697847941231885e+03
2.348598175970482316e+03
2.358446283804072209e+03
2.329784428360816491e+03
2.348246071543267590e+03
2.388195137546166279e+03
2.412822879401022419e+03
2.452712390054247408e+03
2.430140295776488074e+03
2.449560837818733944e+03
2.471125403197333981e+03
2.508346318181803781e+03
2.487799112251558199e+03
2.501969679532360260e+03
2.524194727157881061e+03
2.524626100677631257e+03
2.454090375852893430e+03
2.490368013420999432e+03
2.480806461461724666e+03
2.493605711290172621e+03
2.524347655464362106e+03
2.537841308864578878e+03
2.482335675965162409e+03
2.445601221515498764e+03
2.431800224313582476e+03
2.384750844979601425e+03
2.372927003029617936e+03
2.381259830054234044e+03
2.335270197810131776e+03
2.359603319283118708e+03
2.377400413693445898e+03
2.383111057479206465e+03
2.386720377197787911e+03
2.375842303135967086e+03
2.391190573856905758e+03
2.381799795527849710e+03
2.390557163287682670e+03
2.375707666181230707e+03
2.372529820367749380e+03
2.379083996519715583e+03
2.406027507253554631e+03
2.381959631303688184e+03
2.387887435437482964e+03
2.364131649093053056e+03
2.370744796676327496e+03
2.307827458092991492e+03
2.338232218304867729e+03
2.369125957729822858e+03
2.331260004442819081e+03
2.370371400668941988e+03
2.389089478827712810e+03
2.347819731021555071e+03
2.392040421541872092e+03
2.342126417312305875e+03
2.385638641983700381e+03
2.410395005266226690e+03
2.460683483428460022e+03
2.415741358357960962e+03
2.348572566228921005e+03
2.410875751489326376e+03
2.400499920382863365e+03
2.408719542304731021e+03
2.350188954881290101e+03
2.317460062304054645e+03
2.299327377080177939e+03
2.308958623585409896e+03
2.274672711789068671e+03
2.274148219151278681e+03
2.272697484946335408e+03
2.325587763148340855e+03
2.346497582434147262e+03
2.330640454023298389e+03
2.282089354125775117e+03
2.340122611055348898e+03
2.309640729318207377e+03
2.290416287031671800e+03
2.306498600388642444e+03
2.246479592586545095e+03
2.159308013797331569e+03
2.137948707875228138e+03
2.148937083326012271e+03
2.215784974863026491e+03
2.173140270897421033e+03
2.136708704306020081e+03
2.150722542077490743e+03
2.163525088833819154e+03
2.227304272829258480e+03
2.257621363856905191e+03
2.260074777032622478e+03
2.278002919219428804e+03
2.251854321423173587e+03
2.301947826347361570e+03
2.302550123149810133e+03
2.314861641810772198e+03
2.359284224177341002e+03
2.331858197966390890e+03
2.378058188630194763e+03
2.370692145075131066e+03
2.351660672824717494e+03
2.284460537779539209e+03
2.290067849399168153e+03
2.298535265591929601e+03
2.301245929513908322e+03
2.318509019198477290e+03
2.381014945259893921e+03
2.386614015666330943e+03
2.420076028078291529e+03
2.380615380886572893e+03
2.406325426090896599e+03
2.465451270493907487e+03
2.500116646684113675e+03
2.569460645860951445e+03
2.576631900316387600e+03
2.613830517468837115e+03
2.625076508276943969e+03
2.646114043339854106e+03
2.701339548430582454e+03
2.704211711821903464e+03
2.770646791812896936e+03
2.761632175576458849e+03
2.776733420982038297e+03
2.800295235069447244e+03
2.751204198175806141e+03
2.670870988618648425e+03
2.627681644949925612e+03
2.601801794881357182e+03
2.629014509591867863e+03
2.655199218696511252e+03
2.615684718523099946e+03
2.637272953921497901e+03
2.635278957859330148e+03
2.622457086858174080e+03
2.618249804750064868e+03
2.629544664626328540e+03
2.594344037462718916e+03
2.622700402959162602e+03
2.509810156339645800e+03
2.520089809515197885e+03
2.512423057910626994e+03
2.531442512118640479e+03
2.592206804138607822e+03
2.621952184604844660e+03
2.641151015572035249e+03
2.531597528457042245e+03
2.450969099928649484e+03
2.368540042406863449e+03
2.381770290499689963e+03
2.367500747408549614e+03
2.309012432990759862e+03
2.296077806134605453e+03
2.264576357815161828e+03
2.254928881516963429e+03
2.261283451743929618e+03
2.303916092247035976e+03
2.259877018165692789e+03
2.236166039203754281e+03
2.251232604887583420e+03
2.262307573045540266e+03
2.252616678532758215e+03
2.259773666792819313e+03
2.280685165744113874e+03
2.309931922000340819e+03
2.286114709135811609e+03
2.276187354415200844e+03
2.233689695722978740e+03
2.222019661244116833e+03
2.185592625428899282e+03
2.159695189922861573e+03
2.139242659937075132e+03
2.083814013430366685e+03
2.099750545687646536e+03
2.115520888251990982e+03
2.142585171768643704e+03
2.168803041610975470e+03
2.143731041760032895e+03
2.102651996126690847e+03
2.103737422361427889e+03
2.108400334671368910e+03
2.113717093557804674e+03
2.151777619226661045e+03
2.183339216592231423e+03
2.213599697010385171e+03
2.265523808784628727e+03
2.337023699733952981e+03
2.302401852529141252e+03
2.314393494330149679e+03
2.312725440931947560e+03
2.332392149897812942e+03
2.369519548521603156e+03
2.343967431720063360e+03
2.348091604251847912e+03
2.356813277888665652e+03
2.375313176631788338e+03
2.423632409677662508e+03
2.465324587173772670e+03
2.514449397099807811e+03
2.564069693794383056e+03
2.603678960836249189e+03
2.616079800925148447e+03
2.668840562375260106e+03
2.704492356811940681e+03
2.691077121665757204e+03
2.691943097141441740e+03
2.724102482472080283e+03
2.777521873273709389e+03
2.785843822147506216e+03
2.771633897590644210e+03
2.714443746143082990e+03
2.738614461603372547e+03
2.765377566378896518e+03
2.796406587921806022e+03
2.841198477439971157e+03
2.853896519358218029e+03
2.852752339226647109e+03
2.880871071870209562e+03
2.902435273118497662e+03
2.939829127929487640e+03
2.882801532032772229e+03
2.883087665672169351e+03
2.859848148152286285e+03
2.896646358257988595e+03
2.916397274690432823e+03
2.952016523523848718e+03
2.964763790690196402e+03
2.937983457701941461e+03
2.911392453414886404e+03
2.899084242606078988e+03
2.903397039053161734e+03
2.924566215337328686e+03
2.913685958387472056e+03
2.865278761605872205e+03
2.813923363881187015e+03
2.793156818113593545e+03
2.748509277495833885e+03
2.704964250571919820e+03
2.704873606841393666e+03
2.683645762340548117e+03
2.707452141176740497e+03
2.738142956132177460e+03
2.726125456482825030e+03
2.702817819564750607e+03
2.720335694091120786e+03
2.750367442592194948e+03
2.772631099608658587e+03
2.775340298738993170e+03
2.748930210746004377e+03
2.783543091772504340e+03
2.783420191729969702e+03
2.780802648758854048e+03
2.779310297849063772e+03
2.741435637098667939e+03
2.712561380716758322e+03
2.695001636398062146e+03
2.669393759049907658e+03
2.672027535035337223e+03
2.621709663237616041e+03
2.628896125574779489e+03
2.631034280359002878e+03
2.656241780485162053e+03
2.691567089830809891e+03
2.706126265037777102e+03
2.724717181548904591e+03
2.722843104873848006e+03
2.731724164601186203e+03
2.738531657154258028e+03
2.745754031017659599e+03
2.768988747377901291e+03
2.802753713163042448e+03
2.823699815081410179e+03
2.822746598975522829e+03
2.796041639692299668e+03
2.798123365068058320e+03
2.785497286425770653e+03
2.788062392121229095e+03
2.821073996661109959e+03
2.857038975686333742e+03
2.872985757223837936e+03
2.868114548558496153e+03
2.872232205863493618e+03
2.871773948043865857e+03
2.859733841388018845e+03
2.857483311169717126e+03
2.857482728033610783e+03
2.859423847725206997e+03
2.862097334291725019e+03
2.877686466157464110e+03
2.836237433746137413e+03
2.842952132336176419e+03
2.826883700746089289e+03
2.828700237760148411e+03
2.853279359353539348e+03
2.878914703779784759e+03
2.883067434205715472e+03
2.867178931022424877e+03
2.858535386629289860e+03
2.851010410366087854e+03
2.887896023508903909e+03
2.826113582131717067e+03
2.846247426892698968e+03
2.837721684722629107e+03
2.798915185418644796e+03
2.740078266189772876e+03
2.719974951165371294e+03
2.765910323463452642e+03
2.777657365935032885e+03
2.766427181205926445e+03
2.729298685477817799e+03
2.740914688170190402e+03
2.710670878694483690e+03
2.674058601791004548e+03
2.639507535996365277e+03
2.576702380037569583e+03
2.563810690701428484e+03
2.575564599146715409e+03
2.582686837684027523e+03
2.546769513692218879e+03
2.561071212060895505e+03
2.571491027105357716e+03
2.614174465491090814e+03
2.589339602841203487e+03
2.526194085742481548e+03
2.432312473779796619e+03
2.358613662964449759e+03
2.340203527963859869e+03
2.323708454218167390e+03
2.295575767755554807e+03
2.350533229745534754e+03
2.344973702822592259e+03
2.344869254916492991e+03
2.402699486202045136e+03
2.419391883280898583e+03
2.423984577075758807e+03
2.465676448362712563e+03
2.514460949983898445e+03
2.514408550241818375e+03
2.539287212114693375e+03
2.592933876455257177e+03
2.609522402293571304e+03
2.639106859612469634e+03
2.625894768164627749e+03
2.657835914436721396e+03
2.707746034539088669e+03
2.705477678430726428e+03
2.729421673195013227e+03
2.712097547438600941e+03
2.722002644779341153e+03
2.688424244532651301e+03
2.719303993143937987e+03
2.719737787151900193e+03
2.669473409337199428e+03
2.652031028829121624e+03
2.673609344795191646e+03
2.700423433548943649e+03
2.765612916424397099e+03
2.800114646698530578e+03
2.817825383273206171e+03
2.872851215717426840e+03
2.905674287158863081e+03
2.943843099330133555e+03
2.959539922701284013e+03
2.959474068668000200e+03
2.943758113870725083e+03
2.839769614319672201e+03
2.841200560431849226e+03
2.822926180459312945e+03
2.837607465070191665e+03
2.880744486452251294e+03
2.876655707545463883e+03
2.814907463815512983e+03
2.823870416289906188e+03
2.752964649003813975e+03
2.772568030057101168e+03
2.719809439452850711e+03
2.681837664834101361e+03
2.659553735370915547e+03
2.658941356347824694e+03
2.660132292858807887e+03
2.714277898153117803e+03
2.725941744021965860e+03
2.754985880808691945e+03
2.715697259279927039e+03
2.739419115214556314e+03
2.776383374884304885e+03
2.803170615129508860e+03
2.853521109291905759e+03
2.907084767742808708e+03
2.931770490391866133e+03
2.884811347121535164e+03
2.885368974335635357e+03
2.884663667766272738e+03
2.917514526581125210e+03
2.907328281393438374e+03
2.894745347946450238e+03
2.891136859356233799e+03
2.943141502361726452e+03
2.986736280462072045e+03
2.986421772800351391e+03
3.028377199881770593e+03
3.011957095458144522e+03
3.075172915082447616e+03
3.092967329924947080e+03
3.090997781009994924e+03
3.127434416390314709e+03
3.140192367967621976e+03
3.045957042082687622e+03
3.108919698179009174e+03
3.065224319371674028e+03
3.110234010889831097e+03
3.129767332107683160e+03
3.113071378077389454e+03
3.158102655197430067e+03
3.217620588280241918e+03
3.232604778402182092e+03
3.301732474634016853e+03
3.302193021230790691e+03
3.294165007972418607e+03
3.233869875813270482e+03
3.249786052697523701e+03
3.247452268650467886e+03
3.257160223782673256e+03
3.200029508075523154e+03
3.142617630224465756e+03
3.114820966341338135e+03
3.104514090083974679e+03
3.145828376658656452e+03
3.164869807603639401e+03
3.192685583815546579e+03
3.158189628315120444e+03
3.070734103988687821e+03
3.083836306895320376e+03
3.090581224215865404e+03
3.102516484673480136e+03
3.102601124817801974e+03
3.012355285234387338e+03
3.057198459893614199e+03
2.930884565463820309e+03
2.872198800216154268e+03
2.902414364277060940e+03
2.925781001572532205e+03
2.927067358139606768e+03
2.981860202649897019e+03
2.970424904988436083e+03
3.035350138999638602e+03
3.043456170248938179e+03
3.025324887528705403e+03
3.026047382881060912e+03
3.047655033683503916e+03
3.032285358920501494e+03
3.024874877275872677e+03
3.002263094282920520e+03
2.947146091528587931e+03
2.945699839964838247e+03
2.981172929066861343e+03
2.885180199690119025e+03
2.900232667174005655e+03
2.904935539215241988e+03
