2.042000000000000000e+03
4.092000000000000000e+03
6.166000000000000000e+03
8.224000000000000000e+03
1.030900000000000000e+04
1.232400000000000000e+04
1.441000000000000000e+04
1.643700000000000000e+04
1.848900000000000000e+04
2.054400000000000000e+04
2.268300000000000000e+04
2.469100000000000000e+04
2.682400000000000000e+04
2.892100000000000000e+04
3.103100000000000000e+04
3.304900000000000000e+04
3.520100000000000000e+04
3.727700000000000000e+04
3.932700000000000000e+04
4.137100000000000000e+04
4.341200000000000000e+04
4.546000000000000000e+04
4.764100000000000000e+04
4.953500000000000000e+04
5.169600000000000000e+04
5.369600000000000000e+04
5.578900000000000000e+04
5.787200000000000000e+04
5.998600000000000000e+04
6.200600000000000000e+04
6.405100000000000000e+04
6.607900000000000000e+04
6.810600000000000000e+04
7.016000000000000000e+04
7.215900000000000000e+04
7.415100000000000000e+04
7.615500000000000000e+04
7.824600000000000000e+04
8.032000000000000000e+04
8.240100000000000000e+04
8.444900000000000000e+04
8.651800000000000000e+04
8.854800000000000000e+04
9.063100000000000000e+04
9.269500000000000000e+04
9.472400000000000000e+04
9.679900000000000000e+04
9.888500000000000000e+04
1.009060000000000000e+05
1.029160000000000000e+05
1.049500000000000000e+05
1.069720000000000000e+05
1.090340000000000000e+05
1.111350000000000000e+05
1.132030000000000000e+05
1.152640000000000000e+05
1.172610000000000000e+05
1.193140000000000000e+05
1.213090000000000000e+05
1.233720000000000000e+05
1.253740000000000000e+05
1.274270000000000000e+05
1.294830000000000000e+05
1.315370000000000000e+05
1.336530000000000000e+05
1.357580000000000000e+05
1.378090000000000000e+05
1.398450000000000000e+05
1.419140000000000000e+05
1.439830000000000000e+05
1.460290000000000000e+05
1.480900000000000000e+05
1.501260000000000000e+05
1.521650000000000000e+05
1.541840000000000000e+05
1.563110000000000000e+05
1.582930000000000000e+05
1.603490000000000000e+05
1.623580000000000000e+05
1.644060000000000000e+05
1.665260000000000000e+05
1.686180000000000000e+05
1.707180000000000000e+05
1.727880000000000000e+05
1.747410000000000000e+05
1.767910000000000000e+05
1.788010000000000000e+05
1.808100000000000000e+05
1.828510000000000000e+05
1.849470000000000000e+05
1.870880000000000000e+05
1.890780000000000000e+05
1.910400000000000000e+05
1.931280000000000000e+05
1.950930000000000000e+05
1.971470000000000000e+05
1.991500000000000000e+05
2.012230000000000000e+05
2.033090000000000000e+05
2.053890000000000000e+05
2.073680000000000000e+05
2.094520000000000000e+05
2.114660000000000000e+05
2.135580000000000000e+05
2.157030000000000000e+05
2.177220000000000000e+05
2.198170000000000000e+05
2.218980000000000000e+05
2.239930000000000000e+05
2.260440000000000000e+05
2.280550000000000000e+05
2.300680000000000000e+05
2.321620000000000000e+05
2.342210000000000000e+05
2.362840000000000000e+05
2.383250000000000000e+05
2.403360000000000000e+05
2.424020000000000000e+05
2.444200000000000000e+05
2.464970000000000000e+05
2.486230000000000000e+05
2.506320000000000000e+05
2.526350000000000000e+05
2.547570000000000000e+05
2.568070000000000000e+05
2.588450000000000000e+05
2.609580000000000000e+05
2.629060000000000000e+05
2.649580000000000000e+05
2.670650000000000000e+05
2.691920000000000000e+05
2.713020000000000000e+05
2.733570000000000000e+05
2.753510000000000000e+05
2.773840000000000000e+05
2.794070000000000000e+05
2.815200000000000000e+05
2.836740000000000000e+05
2.858060000000000000e+05
2.879090000000000000e+05
2.899900000000000000e+05
2.920750000000000000e+05
2.940250000000000000e+05
2.961120000000000000e+05
2.982520000000000000e+05
3.003020000000000000e+05
3.024130000000000000e+05
3.044940000000000000e+05
3.065630000000000000e+05
3.086180000000000000e+05
3.107110000000000000e+05
3.127250000000000000e+05
3.147670000000000000e+05
3.168100000000000000e+05
3.187670000000000000e+05
3.208310000000000000e+05
3.228170000000000000e+05
3.247630000000000000e+05
3.268220000000000000e+05
3.288230000000000000e+05
3.309620000000000000e+05
3.329410000000000000e+05
3.349520000000000000e+05
3.369260000000000000e+05
3.389260000000000000e+05
3.410440000000000000e+05
3.430470000000000000e+05
3.451700000000000000e+05
3.471350000000000000e+05
3.491920000000000000e+05
3.511260000000000000e+05
3.531880000000000000e+05
3.552350000000000000e+05
3.573070000000000000e+05
3.593700000000000000e+05
3.613310000000000000e+05
3.632600000000000000e+05
3.653300000000000000e+05
3.674250000000000000e+05
3.696080000000000000e+05
3.715580000000000000e+05
3.735720000000000000e+05
3.756290000000000000e+05
3.775630000000000000e+05
3.795660000000000000e+05
3.816970000000000000e+05
3.837410000000000000e+05
3.857960000000000000e+05
3.877240000000000000e+05
3.897490000000000000e+05
3.918140000000000000e+05
3.938240000000000000e+05
3.958730000000000000e+05
3.980270000000000000e+05
4.001000000000000000e+05
4.021490000000000000e+05
4.041560000000000000e+05
4.062140000000000000e+05
4.082410000000000000e+05
4.102870000000000000e+05
4.124030000000000000e+05
4.145260000000000000e+05
4.165990000000000000e+05
4.185850000000000000e+05
4.206970000000000000e+05
4.227360000000000000e+05
4.247060000000000000e+05
4.266970000000000000e+05
4.286770000000000000e+05
4.307290000000000000e+05
4.328400000000000000e+05
4.348720000000000000e+05
4.369200000000000000e+05
4.389370000000000000e+05
4.410130000000000000e+05
4.431530000000000000e+05
4.452030000000000000e+05
4.471640000000000000e+05
4.492020000000000000e+05
4.513610000000000000e+05
4.533310000000000000e+05
4.553740000000000000e+05
4.575040000000000000e+05
4.594510000000000000e+05
4.614830000000000000e+05
4.635790000000000000e+05
4.655270000000000000e+05
4.675060000000000000e+05
4.695470000000000000e+05
4.715810000000000000e+05
4.736210000000000000e+05
4.756590000000000000e+05
4.778100000000000000e+05
4.798030000000000000e+05
4.818150000000000000e+05
4.838080000000000000e+05
4.857720000000000000e+05
4.877650000000000000e+05
4.898980000000000000e+05
4.919090000000000000e+05
4.940160000000000000e+05
4.961810000000000000e+05
4.981560000000000000e+05
5.001490000000000000e+05
5.021480000000000000e+05
5.041760000000000000e+05
5.061580000000000000e+05
5.081520000000000000e+05
5.102200000000000000e+05
5.122630000000000000e+05
5.142520000000000000e+05
5.162450000000000000e+05
5.183690000000000000e+05
5.203860000000000000e+05
5.224410000000000000e+05
5.243720000000000000e+05
5.263780000000000000e+05
5.283790000000000000e+05
5.303700000000000000e+05
5.324400000000000000e+05
5.344990000000000000e+05
5.366450000000000000e+05
5.387230000000000000e+05
5.407160000000000000e+05
5.428060000000000000e+05
5.449140000000000000e+05
5.470120000000000000e+05
5.491400000000000000e+05
5.511760000000000000e+05
5.532280000000000000e+05
5.552460000000000000e+05
5.572880000000000000e+05
5.592840000000000000e+05
5.613370000000000000e+05
5.633670000000000000e+05
5.653440000000000000e+05
5.674320000000000000e+05
5.694030000000000000e+05
5.714820000000000000e+05
5.735410000000000000e+05
5.755610000000000000e+05
5.774900000000000000e+05
5.794960000000000000e+05
5.815600000000000000e+05
5.835760000000000000e+05
5.856810000000000000e+05
5.876250000000000000e+05
5.896490000000000000e+05
5.917130000000000000e+05
5.936860000000000000e+05
5.958130000000000000e+05
5.978010000000000000e+05
5.998450000000000000e+05
6.017840000000000000e+05
6.039660000000000000e+05
6.059970000000000000e+05
6.079600000000000000e+05
6.100360000000000000e+05
6.121050000000000000e+05
6.140720000000000000e+05
6.161170000000000000e+05
6.181020000000000000e+05
6.201130000000000000e+05
6.221000000000000000e+05
6.240800000000000000e+05
6.260110000000000000e+05
6.280620000000000000e+05
6.301260000000000000e+05
6.322040000000000000e+05
6.341220000000000000e+05
6.362030000000000000e+05
6.383280000000000000e+05
6.404480000000000000e+05
6.424950000000000000e+05
6.446080000000000000e+05
6.465930000000000000e+05
6.486620000000000000e+05
6.508310000000000000e+05
6.529120000000000000e+05
6.550060000000000000e+05
6.570300000000000000e+05
6.590130000000000000e+05
6.609870000000000000e+05
6.630230000000000000e+05
6.649640000000000000e+05
6.670180000000000000e+05
6.690350000000000000e+05
6.709900000000000000e+05
6.729600000000000000e+05
6.750700000000000000e+05
6.771850000000000000e+05
6.791870000000000000e+05
6.811960000000000000e+05
6.831890000000000000e+05
6.851870000000000000e+05
6.872570000000000000e+05
6.892790000000000000e+05
6.913470000000000000e+05
6.933590000000000000e+05
6.953260000000000000e+05
6.972630000000000000e+05
6.992580000000000000e+05
7.012230000000000000e+05
7.033930000000000000e+05
7.054430000000000000e+05
7.075250000000000000e+05
7.096560000000000000e+05
7.116270000000000000e+05
7.137090000000000000e+05
7.155980000000000000e+05
7.176190000000000000e+05
7.195870000000000000e+05
7.216860000000000000e+05
7.238580000000000000e+05
7.259660000000000000e+05
7.280800000000000000e+05
7.302320000000000000e+05
7.322610000000000000e+05
7.344100000000000000e+05
7.363950000000000000e+05
7.384590000000000000e+05
7.404270000000000000e+05
7.425210000000000000e+05
7.446700000000000000e+05
7.468780000000000000e+05
7.489910000000000000e+05
7.509900000000000000e+05
7.528970000000000000e+05
7.550760000000000000e+05
7.572010000000000000e+05
7.592230000000000000e+05
7.613390000000000000e+05
7.633830000000000000e+05
7.653580000000000000e+05
7.674350000000000000e+05
7.695690000000000000e+05
7.717230000000000000e+05
7.737650000000000000e+05
7.758010000000000000e+05
7.779220000000000000e+05
7.801290000000000000e+05
7.822380000000000000e+05
7.842590000000000000e+05
7.861800000000000000e+05
7.883180000000000000e+05
7.904260000000000000e+05
7.925220000000000000e+05
7.944960000000000000e+05
7.965640000000000000e+05
7.987130000000000000e+05
8.007600000000000000e+05
8.028660000000000000e+05
8.049140000000000000e+05
8.070450000000000000e+05
8.091390000000000000e+05
8.113020000000000000e+05
8.132960000000000000e+05
8.152340000000000000e+05
8.172460000000000000e+05
8.192960000000000000e+05
8.212600000000000000e+05
8.233390000000000000e+05
8.253680000000000000e+05
8.274500000000000000e+05
8.294380000000000000e+05
8.313670000000000000e+05
8.333580000000000000e+05
8.353690000000000000e+05
8.374650000000000000e+05
8.394910000000000000e+05
8.415530000000000000e+05
8.435170000000000000e+05
8.455470000000000000e+05
8.475900000000000000e+05
8.496910000000000000e+05
8.517410000000000000e+05
8.538460000000000000e+05
8.558620000000000000e+05
8.579440000000000000e+05
8.600850000000000000e+05
8.621490000000000000e+05
8.641190000000000000e+05
8.660680000000000000e+05
8.681740000000000000e+05
8.702520000000000000e+05
8.722080000000000000e+05
8.742860000000000000e+05
8.762640000000000000e+05
8.781840000000000000e+05
8.802830000000000000e+05
8.822700000000000000e+05
8.842200000000000000e+05
8.862750000000000000e+05
8.883580000000000000e+05
8.904210000000000000e+05
8.923910000000000000e+05
8.945350000000000000e+05
8.965920000000000000e+05
8.985890000000000000e+05
9.007330000000000000e+05
9.028840000000000000e+05
9.048880000000000000e+05
9.069160000000000000e+05
9.089310000000000000e+05
9.110400000000000000e+05
9.131040000000000000e+05
9.150420000000000000e+05
9.171170000000000000e+05
9.191100000000000000e+05
9.211010000000000000e+05
9.230840000000000000e+05
9.251910000000000000e+05
9.272790000000000000e+05
9.293930000000000000e+05
9.314950000000000000e+05
9.334480000000000000e+05
9.354960000000000000e+05
9.375080000000000000e+05
9.396490000000000000e+05
9.416950000000000000e+05
9.437230000000000000e+05
9.456960000000000000e+05
9.477990000000000000e+05
9.498780000000000000e+05
9.518860000000000000e+05
9.539650000000000000e+05
9.560090000000000000e+05
9.581430000000000000e+05
9.602490000000000000e+05
9.621810000000000000e+05
9.642150000000000000e+05
9.661670000000000000e+05
9.682620000000000000e+05
9.703480000000000000e+05
9.724450000000000000e+05
9.744640000000000000e+05
9.765050000000000000e+05
9.784560000000000000e+05
9.805240000000000000e+05
9.825340000000000000e+05
9.846010000000000000e+05
9.866960000000000000e+05
9.887730000000000000e+05
9.908620000000000000e+05
9.928230000000000000e+05
9.948550000000000000e+05
9.969140000000000000e+05
9.989480000000000000e+05
1.000908000000000000e+06
1.002906000000000000e+06
1.004900000000000000e+06
1.006978000000000000e+06
1.009066000000000000e+06
1.011126000000000000e+06
1.013157000000000000e+06
1.015238000000000000e+06
1.017366000000000000e+06
1.019452000000000000e+06
1.021520000000000000e+06
1.023495000000000000e+06
1.025484000000000000e+06
1.027541000000000000e+06
1.029608000000000000e+06
1.031724000000000000e+06
1.033821000000000000e+06
1.035912000000000000e+06
1.037979000000000000e+06
1.039977000000000000e+06
1.042088000000000000e+06
1.044178000000000000e+06
1.046146000000000000e+06
1.048272000000000000e+06
1.050317000000000000e+06
1.052265000000000000e+06
1.054276000000000000e+06
1.056255000000000000e+06
1.058300000000000000e+06
1.060408000000000000e+06
1.062313000000000000e+06
1.064417000000000000e+06
1.066452000000000000e+06
1.068511000000000000e+06
1.070436000000000000e+06
1.072474000000000000e+06
1.074517000000000000e+06
1.076613000000000000e+06
1.078709000000000000e+06
1.080671000000000000e+06
1.082758000000000000e+06
1.084883000000000000e+06
1.086990000000000000e+06
1.089165000000000000e+06
1.091117000000000000e+06
1.093201000000000000e+06
1.095290000000000000e+06
1.097207000000000000e+06
1.099269000000000000e+06
1.101391000000000000e+06
1.103409000000000000e+06
1.105387000000000000e+06
1.107334000000000000e+06
1.109328000000000000e+06
1.111419000000000000e+06
1.113506000000000000e+06
1.115494000000000000e+06
1.117588000000000000e+06
1.119617000000000000e+06
1.121598000000000000e+06
1.123610000000000000e+06
1.125685000000000000e+06
1.127689000000000000e+06
1.129744000000000000e+06
1.131688000000000000e+06
1.133722000000000000e+06
1.135821000000000000e+06
1.137868000000000000e+06
1.140003000000000000e+06
1.141980000000000000e+06
1.144015000000000000e+06
1.146019000000000000e+06
1.147998000000000000e+06
1.149972000000000000e+06
1.151885000000000000e+06
1.154004000000000000e+06
1.156081000000000000e+06
1.158173000000000000e+06
1.160240000000000000e+06
1.162287000000000000e+06
1.164300000000000000e+06
1.166299000000000000e+06
1.168365000000000000e+06
1.170428000000000000e+06
1.172488000000000000e+06
1.174452000000000000e+06
1.176558000000000000e+06
1.178603000000000000e+06
1.180621000000000000e+06
1.182695000000000000e+06
1.184625000000000000e+06
1.186600000000000000e+06
1.188653000000000000e+06
1.190714000000000000e+06
1.192737000000000000e+06
1.194832000000000000e+06
1.196794000000000000e+06
1.198809000000000000e+06
1.200888000000000000e+06
1.202901000000000000e+06
1.204937000000000000e+06
1.206947000000000000e+06
1.208927000000000000e+06
1.210901000000000000e+06
1.212858000000000000e+06
1.214931000000000000e+06
1.216941000000000000e+06
1.218973000000000000e+06
1.221009000000000000e+06
1.223016000000000000e+06
1.225130000000000000e+06
1.227233000000000000e+06
1.229236000000000000e+06
1.231438000000000000e+06
1.233368000000000000e+06
1.235459000000000000e+06
1.237561000000000000e+06
1.239577000000000000e+06
1.241634000000000000e+06
1.243640000000000000e+06
1.245778000000000000e+06
1.247849000000000000e+06
1.249897000000000000e+06
1.252029000000000000e+06
1.254070000000000000e+06
1.256134000000000000e+06
1.258200000000000000e+06
1.260266000000000000e+06
1.262323000000000000e+06
1.264299000000000000e+06
1.266293000000000000e+06
1.268330000000000000e+06
1.270388000000000000e+06
1.272405000000000000e+06
1.274484000000000000e+06
1.276496000000000000e+06
1.278452000000000000e+06
1.280573000000000000e+06
1.282674000000000000e+06
1.284627000000000000e+06
1.286569000000000000e+06
1.288624000000000000e+06
1.290690000000000000e+06
1.292768000000000000e+06
1.294743000000000000e+06
1.296787000000000000e+06
1.298845000000000000e+06
1.300919000000000000e+06
1.302987000000000000e+06
1.305104000000000000e+06
1.307042000000000000e+06
1.309232000000000000e+06
1.311290000000000000e+06
1.313221000000000000e+06
1.315189000000000000e+06
1.317205000000000000e+06
1.319211000000000000e+06
1.321313000000000000e+06
1.323403000000000000e+06
1.325403000000000000e+06
1.327479000000000000e+06
1.329523000000000000e+06
1.331553000000000000e+06
1.333612000000000000e+06
1.335653000000000000e+06
1.337617000000000000e+06
1.339718000000000000e+06
1.341793000000000000e+06
1.343830000000000000e+06
1.345789000000000000e+06
1.347878000000000000e+06
1.349883000000000000e+06
1.351918000000000000e+06
1.353884000000000000e+06
1.355969000000000000e+06
1.357871000000000000e+06
1.359952000000000000e+06
1.362030000000000000e+06
1.364136000000000000e+06
1.366254000000000000e+06
1.368373000000000000e+06
1.370315000000000000e+06
1.372396000000000000e+06
1.374478000000000000e+06
1.376473000000000000e+06
1.378510000000000000e+06
1.380673000000000000e+06
1.382783000000000000e+06
1.384854000000000000e+06
1.386818000000000000e+06
1.388886000000000000e+06
1.391016000000000000e+06
1.393014000000000000e+06
1.395091000000000000e+06
1.397204000000000000e+06
1.399249000000000000e+06
1.401241000000000000e+06
1.403266000000000000e+06
1.405325000000000000e+06
1.407372000000000000e+06
1.409388000000000000e+06
1.411439000000000000e+06
1.413521000000000000e+06
1.415510000000000000e+06
1.417552000000000000e+06
1.419607000000000000e+06
1.421677000000000000e+06
1.423727000000000000e+06
1.425755000000000000e+06
1.427764000000000000e+06
1.429818000000000000e+06
1.431865000000000000e+06
1.433791000000000000e+06
1.435854000000000000e+06
1.437909000000000000e+06
1.440004000000000000e+06
1.442044000000000000e+06
1.444115000000000000e+06
1.446167000000000000e+06
1.448226000000000000e+06
1.450249000000000000e+06
1.452275000000000000e+06
1.454361000000000000e+06
1.456413000000000000e+06
1.458489000000000000e+06
1.460540000000000000e+06
1.462597000000000000e+06
1.464669000000000000e+06
1.466700000000000000e+06
1.468736000000000000e+06
1.470778000000000000e+06
1.472811000000000000e+06
1.474865000000000000e+06
1.476936000000000000e+06
1.478979000000000000e+06
1.481052000000000000e+06
1.483098000000000000e+06
1.485159000000000000e+06
1.487223000000000000e+06
1.489284000000000000e+06
1.491323000000000000e+06
1.493367000000000000e+06
1.495417000000000000e+06
1.497461000000000000e+06
1.499513000000000000e+06
1.501589000000000000e+06
1.503637000000000000e+06
1.505654000000000000e+06
1.507727000000000000e+06
1.509802000000000000e+06
1.511851000000000000e+06
1.513921000000000000e+06
1.515999000000000000e+06
1.518068000000000000e+06
1.520098000000000000e+06
1.522114000000000000e+06
1.524177000000000000e+06
1.526236000000000000e+06
1.528266000000000000e+06
1.530337000000000000e+06
1.532376000000000000e+06
1.534437000000000000e+06
1.536486000000000000e+06
1.538506000000000000e+06
1.540541000000000000e+06
1.542604000000000000e+06
1.544667000000000000e+06
1.546695000000000000e+06
1.548668000000000000e+06
1.550718000000000000e+06
1.552790000000000000e+06
1.554885000000000000e+06
1.556925000000000000e+06
1.558956000000000000e+06
1.560994000000000000e+06
1.563080000000000000e+06
1.565123000000000000e+06
1.567174000000000000e+06
1.569167000000000000e+06
1.571206000000000000e+06
1.573218000000000000e+06
1.575226000000000000e+06
1.577250000000000000e+06
1.579280000000000000e+06
1.581361000000000000e+06
1.583408000000000000e+06
1.585610000000000000e+06
1.587637000000000000e+06
1.589691000000000000e+06
1.591709000000000000e+06
1.593749000000000000e+06
1.595781000000000000e+06
1.597851000000000000e+06
1.600016000000000000e+06
1.602019000000000000e+06
1.604052000000000000e+06
1.606099000000000000e+06
1.608124000000000000e+06
1.610261000000000000e+06
1.612368000000000000e+06
1.614458000000000000e+06
1.616621000000000000e+06
1.618673000000000000e+06
1.620651000000000000e+06
1.622681000000000000e+06
1.624712000000000000e+06
1.626726000000000000e+06
1.628788000000000000e+06
1.630926000000000000e+06
1.632900000000000000e+06
1.634941000000000000e+06
1.636930000000000000e+06
1.638966000000000000e+06
1.641034000000000000e+06
1.643084000000000000e+06
1.645126000000000000e+06
1.647183000000000000e+06
1.649243000000000000e+06
1.651316000000000000e+06
1.653403000000000000e+06
1.655444000000000000e+06
1.657468000000000000e+06
1.659553000000000000e+06
1.661606000000000000e+06
1.663620000000000000e+06
1.665712000000000000e+06
1.667690000000000000e+06
1.669691000000000000e+06
1.671750000000000000e+06
1.673756000000000000e+06
1.675805000000000000e+06
1.677844000000000000e+06
1.679855000000000000e+06
1.681885000000000000e+06
1.683906000000000000e+06
1.685892000000000000e+06
1.687935000000000000e+06
1.690024000000000000e+06
1.692054000000000000e+06
1.694115000000000000e+06
1.696200000000000000e+06
1.698222000000000000e+06
1.700251000000000000e+06
1.702221000000000000e+06
1.704304000000000000e+06
1.706352000000000000e+06
1.708384000000000000e+06
1.710455000000000000e+06
1.712583000000000000e+06
1.714634000000000000e+06
1.716771000000000000e+06
1.718691000000000000e+06
1.720741000000000000e+06
1.722795000000000000e+06
1.724720000000000000e+06
1.726686000000000000e+06
1.728751000000000000e+06
1.730919000000000000e+06
1.732952000000000000e+06
1.734956000000000000e+06
1.737023000000000000e+06
1.738948000000000000e+06
1.741009000000000000e+06
1.743138000000000000e+06
1.745176000000000000e+06
1.747111000000000000e+06
1.749285000000000000e+06
1.751313000000000000e+06
1.753357000000000000e+06
1.755423000000000000e+06
1.757495000000000000e+06
1.759470000000000000e+06
1.761470000000000000e+06
1.763413000000000000e+06
1.765451000000000000e+06
1.767520000000000000e+06
1.769734000000000000e+06
1.771756000000000000e+06
1.773671000000000000e+06
1.775623000000000000e+06
1.777864000000000000e+06
1.779811000000000000e+06
1.781934000000000000e+06
1.783835000000000000e+06
1.785889000000000000e+06
1.788143000000000000e+06
1.790205000000000000e+06
1.792309000000000000e+06
1.794349000000000000e+06
1.796576000000000000e+06
1.798610000000000000e+06
1.800700000000000000e+06
1.802721000000000000e+06
1.804946000000000000e+06
1.807039000000000000e+06
1.809092000000000000e+06
1.811144000000000000e+06
1.813215000000000000e+06
1.815261000000000000e+06
1.817427000000000000e+06
1.819566000000000000e+06
1.821609000000000000e+06
1.823660000000000000e+06
1.825634000000000000e+06
1.827665000000000000e+06
1.829727000000000000e+06
1.831857000000000000e+06
1.833904000000000000e+06
1.835966000000000000e+06
1.838044000000000000e+06
1.840104000000000000e+06
1.842146000000000000e+06
1.844221000000000000e+06
1.846250000000000000e+06
1.848290000000000000e+06
1.850478000000000000e+06
1.852510000000000000e+06
1.854522000000000000e+06
1.856557000000000000e+06
1.858568000000000000e+06
1.860618000000000000e+06
1.862783000000000000e+06
1.864820000000000000e+06
1.866863000000000000e+06
1.869087000000000000e+06
1.871032000000000000e+06
1.873082000000000000e+06
1.875103000000000000e+06
1.877194000000000000e+06
1.879349000000000000e+06
1.881489000000000000e+06
1.883588000000000000e+06
1.885587000000000000e+06
1.887602000000000000e+06
1.889677000000000000e+06
1.891721000000000000e+06
1.893866000000000000e+06
1.896049000000000000e+06
1.898023000000000000e+06
1.900189000000000000e+06
1.902167000000000000e+06
1.904241000000000000e+06
1.906445000000000000e+06
1.908397000000000000e+06
1.910642000000000000e+06
1.912745000000000000e+06
1.914834000000000000e+06
1.916940000000000000e+06
1.918960000000000000e+06
1.921198000000000000e+06
1.923230000000000000e+06
1.925334000000000000e+06
1.927327000000000000e+06
1.929307000000000000e+06
1.931348000000000000e+06
1.933496000000000000e+06
1.935682000000000000e+06
1.937622000000000000e+06
1.939724000000000000e+06
1.941729000000000000e+06
1.943773000000000000e+06
1.945787000000000000e+06
1.947910000000000000e+06
1.950028000000000000e+06
1.952105000000000000e+06
1.954130000000000000e+06
1.956144000000000000e+06
1.958186000000000000e+06
1.960224000000000000e+06
1.962139000000000000e+06
1.964281000000000000e+06
1.966384000000000000e+06
1.968572000000000000e+06
1.970514000000000000e+06
1.972445000000000000e+06
1.974553000000000000e+06
1.976611000000000000e+06
1.978696000000000000e+06
1.980784000000000000e+06
1.982837000000000000e+06
1.984866000000000000e+06
1.986884000000000000e+06
1.988862000000000000e+06
1.990876000000000000e+06
1.992931000000000000e+06
1.994998000000000000e+06
1.996994000000000000e+06
1.999085000000000000e+06
2.001160000000000000e+06
